9.999977946281433105e-01 5.272628040984272957e-04 -2.066934946924448013e-03 -4.690293967723846436e-02 -5.296505987644195557e-04 9.999992251396179199e-01 -1.154865254648029804e-03 -2.839927934110164642e-02 2.066324232146143913e-03 1.155957928858697414e-03 9.999971985816955566e-01 8.586941957473754883e-01
9.999909996986389160e-01 1.048972131684422493e-03 -4.131348337978124619e-03 -9.374345839023590088e-02 -1.058513997122645378e-03 9.999967813491821289e-01 -2.308103954419493675e-03 -5.676063895225524902e-02 4.128913395106792450e-03 2.312456257641315460e-03 9.999888539314270020e-01 1.716275334358215332e+00
9.999797344207763672e-01 1.566466060467064381e-03 -6.198571994900703430e-03 -1.406429111957550049e-01 -1.587952021509408951e-03 9.999927878379821777e-01 -3.462706226855516434e-03 -8.515761047601699829e-02 6.193102803081274033e-03 3.472479525953531265e-03 9.999749660491943359e-01 2.574964523315429688e+00
9.999637603759765625e-01 2.078471006825566292e-03 -8.263498544692993164e-03 -1.874857991933822632e-01 -2.116663847118616104e-03 9.999871850013732910e-01 -4.615826532244682312e-03 -1.135201901197433472e-01 8.253797888755798340e-03 4.633150063455104828e-03 9.999553561210632324e-01 3.432648658752441406e+00
9.999434351921081543e-01 2.586171962320804596e-03 -1.033094152808189392e-02 -2.343818098306655884e-01 -2.645880682393908501e-03 9.999798536300659180e-01 -5.770164076238870621e-03 -1.419149935245513916e-01 1.031581312417984009e-02 5.797171499580144882e-03 9.999302029609680176e-01 4.291336059570312500e+00
9.999186396598815918e-01 3.088362747803330421e-03 -1.239599380642175674e-02 -2.812195420265197754e-01 -3.174349665641784668e-03 9.999710321426391602e-01 -6.922976113855838776e-03 -1.702743023633956909e-01 1.237425394356250763e-02 6.961761508136987686e-03 9.998993873596191406e-01 5.148987770080566406e+00
9.998893141746520996e-01 3.586305072531104088e-03 -1.446384470909833908e-02 -3.281177878379821777e-01 -3.703403053805232048e-03 9.999606609344482422e-01 -8.077186532318592072e-03 -1.986702978610992432e-01 1.443430408835411072e-02 8.129855617880821228e-03 9.998630285263061523e-01 6.007778644561767578e+00
9.998553395271301270e-01 4.078705329447984695e-03 -1.652913540601730347e-02 -3.749546706676483154e-01 -4.231669008731842041e-03 9.999485015869140625e-01 -9.229795075953006744e-03 -2.270289808511734009e-01 1.649063453078269958e-02 9.298403747379779816e-03 9.998210072517395020e-01 6.865478515625000000e+00
9.998169541358947754e-01 4.566670861095190048e-03 -1.859652809798717499e-02 -4.218366742134094238e-01 -4.760342184454202652e-03 9.999347925186157227e-01 -1.038342155516147614e-02 -2.554151117801666260e-01 1.854788139462471008e-02 1.047004479914903641e-02 9.997734427452087402e-01 7.724038124084472656e+00
9.997740387916564941e-01 5.049868021160364151e-03 -2.066463977098464966e-02 -4.687328338623046875e-01 -5.289071705192327499e-03 9.999195933341979980e-01 -1.153730228543281555e-02 -2.838095724582672119e-01 2.060470171272754669e-02 1.164399459958076477e-02 9.997202754020690918e-01 8.582887649536132812e+00
9.997265934944152832e-01 5.527315195649862289e-03 -2.272923104465007782e-02 -5.155473947525024414e-01 -5.816780496388673782e-03 9.999026656150817871e-01 -1.268908195197582245e-02 -3.121546506881713867e-01 2.265685796737670898e-02 1.281782425940036774e-02 9.996616244316101074e-01 9.440277099609375000e+00
9.996746778488159180e-01 6.000540219247341156e-03 -2.479693293571472168e-02 -5.624309778213500977e-01 -6.345159839838743210e-03 9.998841881752014160e-01 -1.384246163070201874e-02 -3.405415415763854980e-01 2.471097745001316071e-02 1.399530563503503799e-02 9.995971322059631348e-01 1.029896163940429688e+01
9.996184110641479492e-01 6.468772422522306442e-03 -2.686441503465175629e-02 -6.093087792396545410e-01 -6.873365957289934158e-03 9.998641014099121094e-01 -1.499561127275228500e-02 -3.689249753952026367e-01 2.676374278962612152e-02 1.517453510314226151e-02 9.995271563529968262e-01 1.115757274627685547e+01
9.995563626289367676e-01 7.058450020849704742e-03 -2.894214540719985962e-02 -6.562052965164184570e-01 -7.530450355261564255e-03 9.998401403427124023e-01 -1.623192243278026581e-02 -3.973963558673858643e-01 2.882292121648788452e-02 1.644266396760940552e-02 9.994497895240783691e-01 1.201541328430175781e+01
9.995097517967224121e-01 5.595310591161251068e-03 -3.081451356410980225e-02 -7.018789052963256836e-01 -6.093683652579784393e-03 9.998519420623779297e-01 -1.610315218567848206e-02 -4.239118397235870361e-01 3.071983344852924347e-02 1.628303341567516327e-02 9.993958473205566406e-01 1.286965179443359375e+01
9.994229674339294434e-01 7.842767983675003052e-03 -3.306168317794799805e-02 -7.498242855072021484e-01 -8.456091396510601044e-03 9.997942447662353516e-01 -1.845198124647140503e-02 -4.540038406848907471e-01 3.291014581918716431e-02 1.872089505195617676e-02 9.992834925651550293e-01 1.373146247863769531e+01
9.993591308593750000e-01 8.704386651515960693e-03 -3.473401442170143127e-02 -7.992512583732604980e-01 -9.439424611628055573e-03 9.997340440750122070e-01 -2.105422131717205048e-02 -4.840769469738006592e-01 3.454150259494781494e-02 2.136859670281410217e-02 9.991753697395324707e-01 1.460026359558105469e+01
9.992486238479614258e-01 1.235688291490077972e-02 -3.674850612878799438e-02 -8.546643853187561035e-01 -1.320676505565643311e-02 9.996490478515625000e-01 -2.297477237880229950e-02 -5.155069231986999512e-01 3.645170852541923523e-02 2.344282902777194977e-02 9.990609884262084961e-01 1.547957324981689453e+01
9.991829991340637207e-01 1.352279353886842728e-02 -3.809784725308418274e-02 -9.072870016098022461e-01 -1.439161412417888641e-02 9.996405839920043945e-01 -2.262373454868793488e-02 -5.464704632759094238e-01 3.777821734547615051e-02 2.315352670848369598e-02 9.990184903144836426e-01 1.636940383911132812e+01
9.991246461868286133e-01 1.328777521848678589e-02 -3.967998176813125610e-02 -9.609165191650390625e-01 -1.412604469805955887e-02 9.996814727783203125e-01 -2.092052623629570007e-02 -5.783594250679016113e-01 3.938936442136764526e-02 2.146271988749504089e-02 9.989941716194152832e-01 1.726896667480468750e+01
9.990609884262084961e-01 1.351433619856834412e-02 -4.118031263351440430e-02 -1.011589288711547852e+00 -1.432436704635620117e-02 9.997085928916931152e-01 -1.943894289433956146e-02 -6.092401742935180664e-01 4.090562090277671814e-02 2.001055888831615448e-02 9.989632964134216309e-01 1.817318725585937500e+01
9.990179538726806641e-01 1.304822694510221481e-02 -4.235655814409255981e-02 -1.066256284713745117e+00 -1.386113557964563370e-02 9.997243881225585938e-01 -1.895579136908054352e-02 -6.387361288070678711e-01 4.209804907441139221e-02 1.952430419623851776e-02 9.989233613014221191e-01 1.908411788940429688e+01
9.989388585090637207e-01 1.325999572873115540e-02 -4.411965236067771912e-02 -1.118651270866394043e+00 -1.413496956229209900e-02 9.997086524963378906e-01 -1.957870274782180786e-02 -6.686217188835144043e-01 4.384784772992134094e-02 2.018159069120883942e-02 9.988349676132202148e-01 1.999722671508789062e+01
9.989124536514282227e-01 1.152857486158609390e-02 -4.518865793943405151e-02 -1.171840190887451172e+00 -1.247780304402112961e-02 9.997064471244812012e-01 -2.077977173030376434e-02 -6.990775465965270996e-01 4.493654146790504456e-02 2.132104709744453430e-02 9.987630248069763184e-01 2.091368675231933594e+01
9.988804459571838379e-01 1.128892507404088974e-02 -4.595005139708518982e-02 -1.224279284477233887e+00 -1.218136772513389587e-02 9.997419118881225586e-01 -1.918759942054748535e-02 -7.287418842315673828e-01 4.572270065546035767e-02 1.972587965428829193e-02 9.987600445747375488e-01 2.184042549133300781e+01
9.988597631454467773e-01 1.299421582370996475e-02 -4.594916105270385742e-02 -1.280807375907897949e+00 -1.370811555534601212e-02 9.997899532318115234e-01 -1.525610219687223434e-02 -7.604715228080749512e-01 4.574237391352653503e-02 1.586863212287425995e-02 9.988278150558471680e-01 2.277432441711425781e+01
9.988880157470703125e-01 1.379030570387840271e-02 -4.509496688842773438e-02 -1.334841370582580566e+00 -1.432562712579965591e-02 9.998307824134826660e-01 -1.156850066035985947e-02 -7.929671406745910645e-01 4.493148624897003174e-02 1.220170687884092331e-02 9.989162087440490723e-01 2.370953369140625000e+01
9.989652633666992188e-01 1.285173557698726654e-02 -4.363581910729408264e-02 -1.385747313499450684e+00 -1.325690839439630508e-02 9.998718500137329102e-01 -9.007756598293781281e-03 -8.209241628646850586e-01 4.351830482482910156e-02 9.576970711350440979e-03 9.990072846412658691e-01 2.465175247192382812e+01
9.990301728248596191e-01 1.265253592282533646e-02 -4.218322038650512695e-02 -1.436633229255676270e+00 -1.299412082880735397e-02 9.998852610588073730e-01 -7.831281982362270355e-03 -8.456204533576965332e-01 4.208378121256828308e-02 8.371856063604354858e-03 9.990795850753784180e-01 2.559694290161132812e+01
9.990749359130859375e-01 1.289592683315277100e-02 -4.103309661149978638e-02 -1.487044095993041992e+00 -1.333351340144872665e-02 9.998573064804077148e-01 -1.040437724441289902e-02 -8.702121973037719727e-01 4.089883714914321899e-02 1.094190962612628937e-02 9.991040229797363281e-01 2.654471206665039062e+01
9.990971088409423828e-01 1.391010638326406479e-02 -4.015465453267097473e-02 -1.538025140762329102e+00 -1.455022860318422318e-02 9.997713565826416016e-01 -1.568742841482162476e-02 -8.971115946769714355e-01 3.993340209126472473e-02 1.625756360590457916e-02 9.990706443786621094e-01 2.749627113342285156e+01
9.991537928581237793e-01 1.320645771920681000e-02 -3.896502032876014709e-02 -1.586550951004028320e+00 -1.396347396075725555e-02 9.997180700302124023e-01 -1.921474188566207886e-02 -9.254147410392761230e-01 3.870671242475509644e-02 1.974261179566383362e-02 9.990561008453369141e-01 2.845466041564941406e+01
9.992108941078186035e-01 1.079096645116806030e-02 -3.823583945631980896e-02 -1.633363008499145508e+00 -1.148633379489183426e-02 9.997721314430236816e-01 -1.800793595612049103e-02 -9.555627107620239258e-01 3.803730756044387817e-02 1.843291148543357849e-02 9.991068243980407715e-01 2.942293167114257812e+01
9.992219209671020508e-01 9.086316451430320740e-03 -3.839228674769401550e-02 -1.680971145629882812e+00 -9.596342220902442932e-03 9.998681545257568359e-01 -1.311391312628984451e-02 -9.838373661041259766e-01 3.827146440744400024e-02 1.347211096435785294e-02 9.991770386695861816e-01 3.039839363098144531e+01
9.992108941078186035e-01 5.838120821863412857e-03 -3.929762169718742371e-02 -1.728893280029296875e+00 -6.198786199092864990e-03 9.999400973320007324e-01 -9.054940193891525269e-03 -1.011771798133850098e+00 3.924359008669853210e-02 9.291360154747962952e-03 9.991869330406188965e-01 3.137765693664550781e+01
9.991834163665771484e-01 -1.840282347984611988e-03 -4.037462174892425537e-02 -1.768976092338562012e+00 1.460460945963859558e-03 9.999549388885498047e-01 -9.427291341125965118e-03 -1.036362648010253906e+00 4.039409756660461426e-02 9.360583499073982239e-03 9.991403818130493164e-01 3.235713958740234375e+01
9.991067647933959961e-01 -4.894794430583715439e-03 -4.198474809527397156e-02 -1.815834164619445801e+00 4.337056539952754974e-03 9.999017715454101562e-01 -1.335777062922716141e-02 -1.059788703918457031e+00 4.205263033509254456e-02 1.316368021070957184e-02 9.990290999412536621e-01 3.333630752563476562e+01
9.990445971488952637e-01 -4.076714161783456802e-03 -4.352239519357681274e-02 -1.870663166046142578e+00 3.306524129584431648e-03 9.998373985290527344e-01 -1.774634048342704773e-02 -1.088015675544738770e+00 4.359422624111175537e-02 1.758541725575923920e-02 9.988950490951538086e-01 3.432020568847656250e+01
9.989623427391052246e-01 -3.501085564494132996e-03 -4.541813582181930542e-02 -1.929780125617980957e+00 2.639057580381631851e-03 9.998159408569335938e-01 -1.901940070092678070e-02 -1.129879593849182129e+00 4.548322409391403198e-02 1.887975260615348816e-02 9.987871050834655762e-01 3.533096694946289062e+01
9.989128112792968750e-01 -3.564846003428101540e-03 -4.648700356483459473e-02 -1.993747949600219727e+00 2.782286843284964561e-03 9.998539090156555176e-01 -1.688160747289657593e-02 -1.194547653198242188e+00 4.654651507735252380e-02 1.673386804759502411e-02 9.987764358520507812e-01 3.638750457763671875e+01
9.988710880279541016e-01 -2.386238193139433861e-04 -4.750924929976463318e-02 -2.061111927032470703e+00 -4.155042988713830709e-04 9.999055862426757812e-01 -1.375167537480592728e-02 -1.249880552291870117e+00 4.751366004347801208e-02 1.375585515052080154e-02 9.987762570381164551e-01 3.742849349975585938e+01
9.988088011741638184e-01 2.162324790333514102e-06 -4.880145192146301270e-02 -2.126952409744262695e+00 -6.260546506382524967e-04 9.999186396598815918e-01 -1.276296377182006836e-02 -1.305051445960998535e+00 4.880435392260551453e-02 1.277828495949506760e-02 9.987269639968872070e-01 3.847149658203125000e+01
9.987595677375793457e-01 8.809236460365355015e-04 -4.979299381375312805e-02 -2.190966844558715820e+00 -1.403572037816047668e-03 9.999447464942932129e-01 -1.045675203204154968e-02 -1.349141359329223633e+00 4.978786036372184753e-02 1.051364839076995850e-02 9.987047314643859863e-01 3.950363540649414062e+01
9.987572431564331055e-01 4.894232843071222305e-04 -4.984526708722114563e-02 -2.256114721298217773e+00 -8.212508400902152061e-04 9.999781250953674316e-01 -6.632563658058643341e-03 -1.393046379089355469e+00 4.984763264656066895e-02 6.665234919637441635e-03 9.987348318099975586e-01 4.053853607177734375e+01
9.987135529518127441e-01 6.466503720730543137e-03 -5.030151456594467163e-02 -2.329939842224121094e+00 -6.722290068864822388e-03 9.999658465385437012e-01 -4.912109579890966415e-03 -1.426812291145324707e+00 5.027434229850769043e-02 5.243950523436069489e-03 9.987217783927917480e-01 4.156109237670898438e+01
9.987147450447082520e-01 6.952183321118354797e-03 -5.021497979760169983e-02 -2.399727821350097656e+00 -7.192787714302539825e-03 9.999640583992004395e-01 -4.606958478689193726e-03 -1.460730433464050293e+00 5.018549039959907532e-02 4.962231032550334930e-03 9.987276196479797363e-01 4.258301162719726562e+01
9.987087249755859375e-01 6.676285993307828903e-03 -5.037159845232963562e-02 -2.465213775634765625e+00 -7.007027044892311096e-03 9.999554157257080078e-01 -6.387268658727407455e-03 -1.489500403404235840e+00 5.032918229699134827e-02 6.731990724802017212e-03 9.987100362777709961e-01 4.359300613403320312e+01
9.987016320228576660e-01 8.983152918517589569e-03 -5.015068873763084412e-02 -2.535885095596313477e+00 -9.456409141421318054e-03 9.999133944511413574e-01 -9.202702902257442474e-03 -1.522849559783935547e+00 5.006564036011695862e-02 9.665016084909439087e-03 9.986991286277770996e-01 4.459788513183593750e+01
9.986537694931030273e-01 8.808472193777561188e-03 -5.112439021468162537e-02 -2.600016117095947266e+00 -9.296281263232231140e-03 9.999140501022338867e-01 -9.307491593062877655e-03 -1.559884428977966309e+00 5.104245990514755249e-02 9.770247153937816620e-03 9.986487030982971191e-01 4.559880447387695312e+01
9.986016154289245605e-01 6.863748654723167419e-03 -5.242779478430747986e-02 -2.661880731582641602e+00 -7.280257996171712875e-03 9.999439120292663574e-01 -7.755753118544816971e-03 -1.593755245208740234e+00 5.237591266632080078e-02 8.126611821353435516e-03 9.985944032669067383e-01 4.659801101684570312e+01
9.985544085502624512e-01 7.061954122036695480e-03 -5.329344794154167175e-02 -2.728913545608520508e+00 -7.431571371853351593e-03 9.999501705169677734e-01 -6.738964468240737915e-03 -1.629816293716430664e+00 5.324640125036239624e-02 7.125284057110548019e-03 9.985560178756713867e-01 4.759273529052734375e+01
9.985158443450927734e-01 9.830439463257789612e-03 -5.357608944177627563e-02 -2.800793647766113281e+00 -1.032224949449300766e-02 9.999075531959533691e-01 -8.909512311220169067e-03 -1.664528489112854004e+00 5.348564311861991882e-02 9.449322707951068878e-03 9.985239505767822266e-01 4.857854843139648438e+01
9.984689950942993164e-01 1.023790426552295685e-02 -5.436633899807929993e-02 -2.871335744857788086e+00 -1.103265583515167236e-02 9.998368620872497559e-01 -1.433650497347116470e-02 -1.697620630264282227e+00 5.421334877610206604e-02 1.491435524076223373e-02 9.984180331230163574e-01 4.955599212646484375e+01
9.984389543533325195e-01 1.064895465970039368e-02 -5.483888089656829834e-02 -2.937934637069702148e+00 -1.149471383541822433e-02 9.998200535774230957e-01 -1.512828469276428223e-02 -1.729012370109558105e+00 5.467031523585319519e-02 1.573500782251358032e-02 9.983804821968078613e-01 5.053771972656250000e+01
9.984278082847595215e-01 1.026893500238656998e-02 -5.511221662163734436e-02 -3.002462625503540039e+00 -1.093896757811307907e-02 9.998703002929687500e-01 -1.186762284487485886e-02 -1.766741275787353516e+00 5.498548969626426697e-02 1.245182566344738007e-02 9.984097480773925781e-01 5.151844024658203125e+01
9.984360337257385254e-01 7.566180080175399780e-03 -5.540071055293083191e-02 -3.065843820571899414e+00 -8.064137771725654602e-03 9.999295473098754883e-01 -8.767985738813877106e-03 -1.798993229866027832e+00 5.533402413129806519e-02 9.201011620461940765e-03 9.984257221221923828e-01 5.249499893188476562e+01
9.984289407730102539e-01 6.348759401589632034e-03 -5.568046867847442627e-02 -3.130184173583984375e+00 -6.799444090574979782e-03 9.999461174011230469e-01 -7.906103506684303284e-03 -1.830049991607666016e+00 5.563273280858993530e-02 8.272252976894378662e-03 9.984173178672790527e-01 5.346496200561523438e+01
9.984329938888549805e-01 3.282952355220913887e-03 -5.587138608098030090e-02 -3.191519498825073242e+00 -3.779815277084708214e-03 9.999547600746154785e-01 -8.787428028881549835e-03 -1.858397126197814941e+00 5.584724247455596924e-02 8.984789252281188965e-03 9.983991980552673340e-01 5.442802429199218750e+01
9.984073042869567871e-01 -1.460343919461593032e-04 -5.642639473080635071e-02 -3.248811006546020508e+00 -4.510423459578305483e-04 9.999446272850036621e-01 -1.056599151343107224e-02 -1.886486530303955078e+00 5.643094703555107117e-02 1.057453453540802002e-02 9.983509182929992676e-01 5.539177703857421875e+01
9.983371496200561523e-01 -1.591212698258459568e-03 -5.763219669461250305e-02 -3.310921669006347656e+00 1.036672620102763176e-03 9.999534487724304199e-01 -9.648447856307029724e-03 -1.913840413093566895e+00 5.765057355165481567e-02 9.572568349540233612e-03 9.982913136482238770e-01 5.635038757324218750e+01
9.982644915580749512e-01 -4.382863175123929977e-03 -5.873398482799530029e-02 -3.371513843536376953e+00 4.075194709002971649e-03 9.999777674674987793e-01 -5.354808177798986435e-03 -1.938228368759155273e+00 5.876014009118080139e-02 5.106065887957811356e-03 9.982594847679138184e-01 5.731251144409179688e+01
9.982272982597351074e-01 -5.964740645140409470e-03 -5.922695994377136230e-02 -3.438993930816650391e+00 5.986826028674840927e-03 9.999824166297912598e-01 1.974762853933498263e-04 -1.956762671470642090e+00 5.922947451472282410e-02 -5.518071120604872704e-04 9.982447028160095215e-01 5.827400588989257812e+01
9.982026219367980957e-01 -4.407760221511125565e-03 -5.977460741996765137e-02 -3.511313199996948242e+00 4.547823220491409302e-03 9.999876022338867188e-01 2.208857564255595207e-03 -1.975961685180664062e+00 5.977089703083038330e-02 -2.476831432431936264e-03 9.982095956802368164e-01 5.922540283203125000e+01
9.981164932250976562e-01 -2.919495338574051857e-03 -6.128512695431709290e-02 -3.579193592071533203e+00 2.920398488640785217e-03 9.999961256980895996e-01 -7.230616029119119048e-05 -1.998110651969909668e+00 6.129048392176628113e-02 -1.069117279257625341e-04 9.981203675270080566e-01 6.016633605957031250e+01
9.980247020721435547e-01 -1.762041472829878330e-03 -6.280676275491714478e-02 -3.641784429550170898e+00 1.227081054821610451e-03 9.999630451202392578e-01 -8.552514016628265381e-03 -2.021538257598876953e+00 6.282467395067214966e-02 8.458448573946952820e-03 9.979892373085021973e-01 6.109126281738281250e+01
9.979551434516906738e-01 -9.592084679752588272e-04 -6.391831487417221069e-02 -3.703383922576904297e+00 5.000297096557915211e-05 9.998993277549743652e-01 -1.422088872641324997e-02 -2.049158096313476562e+00 6.393034011125564575e-02 1.418851781636476517e-02 9.978540539741516113e-01 6.200632858276367188e+01
9.978647232055664062e-01 4.204990807920694351e-03 -6.518611311912536621e-02 -3.776035070419311523e+00 -5.092665087431669235e-03 9.998969435691833496e-01 -1.345487125217914581e-02 -2.078108072280883789e+00 6.512615829706192017e-02 1.375802792608737946e-02 9.977827668190002441e-01 6.291679000854492188e+01
9.977909326553344727e-01 7.492619100958108902e-03 -6.601521372795104980e-02 -3.843940019607543945e+00 -8.206463418900966644e-03 9.999111890792846680e-01 -1.054641325026750565e-02 -2.112092971801757812e+00 6.593301892280578613e-02 1.106478925794363022e-02 9.977631568908691406e-01 6.381519699096679688e+01
9.976767897605895996e-01 1.025448832660913467e-02 -6.735522300004959106e-02 -3.912601947784423828e+00 -1.087085623294115067e-02 9.999027848243713379e-01 -8.789172396063804626e-03 -2.145351886749267578e+00 6.726294755935668945e-02 9.500906802713871002e-03 9.976905584335327148e-01 6.469786071777343750e+01
9.975911974906921387e-01 1.034502871334552765e-02 -6.859622150659561157e-02 -3.978227853775024414e+00 -1.103362068533897400e-02 9.998930096626281738e-01 -9.665439836680889130e-03 -2.173833847045898438e+00 6.849286705255508423e-02 1.039897650480270386e-02 9.975978732109069824e-01 6.556671905517578125e+01
9.974619150161743164e-01 1.183547731488943100e-02 -7.021662592887878418e-02 -4.046625137329101562e+00 -1.248181238770484924e-02 9.998841881752014160e-01 -8.772236295044422150e-03 -2.201408147811889648e+00 7.011036574840545654e-02 9.626356884837150574e-03 9.974932670593261719e-01 6.642162322998046875e+01
9.973399043083190918e-01 1.318380795419216156e-02 -7.169364392757415771e-02 -4.114441871643066406e+00 -1.380053628236055374e-02 9.998723268508911133e-01 -8.112828247249126434e-03 -2.230821132659912109e+00 7.158194482326507568e-02 9.080602787435054779e-03 9.973939657211303711e-01 6.726454925537109375e+01
9.972261190414428711e-01 1.296774856746196747e-02 -7.329825311899185181e-02 -4.179994106292724609e+00 -1.352354604750871658e-02 9.998839497566223145e-01 -7.090920582413673401e-03 -2.258365392684936523e+00 7.320202142000198364e-02 8.062452077865600586e-03 9.972850084304809570e-01 6.809327697753906250e+01
9.971243739128112793e-01 1.256612688302993774e-02 -7.473755627870559692e-02 -4.244855880737304688e+00 -1.307765673846006393e-02 9.998947381973266602e-01 -6.357732228934764862e-03 -2.283309221267700195e+00 7.465259730815887451e-02 7.316790986806154251e-03 9.971830248832702637e-01 6.890994262695312500e+01
9.969897866249084473e-01 1.489953789860010147e-02 -7.609373331069946289e-02 -4.313020706176757812e+00 -1.525783259421586990e-02 9.998757243156433105e-01 -4.127927124500274658e-03 -2.307843923568725586e+00 7.602625340223312378e-02 5.276484414935112000e-03 9.970921874046325684e-01 6.971423339843750000e+01
9.968774914741516113e-01 1.677181757986545563e-02 -7.716622948646545410e-02 -4.381934165954589844e+00 -1.677984185516834259e-02 9.998595714569091797e-01 5.454456550069153309e-04 -2.329474925994873047e+00 7.716872543096542358e-02 7.510801660828292370e-04 9.970178604125976562e-01 7.050796508789062500e+01
9.966889023780822754e-01 1.928865909576416016e-02 -7.899331301450729370e-02 -4.445508480072021484e+00 -1.916704326868057251e-02 9.998141527175903320e-01 2.298765815794467926e-03 -2.355389356613159180e+00 7.902758568525314331e-02 -7.771014934405684471e-04 9.968723654747009277e-01 7.128434753417968750e+01
9.964964389801025391e-01 2.232346311211585999e-02 -8.060564100742340088e-02 -4.514873981475830078e+00 -2.246989123523235321e-02 9.997475743293762207e-01 -9.091930696740746498e-04 -2.382088899612426758e+00 8.056925237178802490e-02 2.717196242883801460e-03 9.967454671859741211e-01 7.203732299804687500e+01
9.963710308074951172e-01 2.284028753638267517e-02 -8.199947327375411987e-02 -4.580208778381347656e+00 -2.361079305410385132e-02 9.996861815452575684e-01 -8.438417688012123108e-03 -2.409728765487670898e+00 8.178635686635971069e-02 1.034386828541755676e-02 9.965962767601013184e-01 7.276786041259765625e+01
9.962566494941711426e-01 2.164990641176700592e-02 -8.369450271129608154e-02 -4.644340991973876953e+00 -2.291194163262844086e-02 9.996379613876342773e-01 -1.414701621979475021e-02 -2.432979583740234375e+00 8.336194604635238647e-02 1.601164042949676514e-02 9.963908195495605469e-01 7.348061370849609375e+01
9.962038397789001465e-01 2.236699871718883514e-02 -8.413328230381011963e-02 -4.709492206573486328e+00 -2.381964214146137238e-02 9.995838999748229980e-01 -1.630111783742904663e-02 -2.459520816802978516e+00 8.373717963695526123e-02 1.824324205517768860e-02 9.963209033012390137e-01 7.417536163330078125e+01
9.960876107215881348e-01 2.480835840106010437e-02 -8.482126146554946899e-02 -4.775728225708007812e+00 -2.599151432514190674e-02 9.995798468589782715e-01 -1.287206448614597321e-02 -2.490274429321289062e+00 8.446953445672988892e-02 1.502635050565004349e-02 9.963128566741943359e-01 7.485144042968750000e+01
9.959532022476196289e-01 2.606960013508796692e-02 -8.601340651512145996e-02 -4.837512969970703125e+00 -2.697550691664218903e-02 9.995924830436706543e-01 -9.385082870721817017e-03 -2.525952577590942383e+00 8.573663979768753052e-02 1.166738662868738174e-02 9.962494373321533203e-01 7.550740051269531250e+01
9.959077835083007812e-01 2.291064895689487457e-02 -8.742660284042358398e-02 -4.891887187957763672e+00 -2.409592084586620331e-02 9.996317028999328613e-01 -1.252424623817205429e-02 -2.556651592254638672e+00 8.711077272891998291e-02 1.457965746521949768e-02 9.960919022560119629e-01 7.613823699951171875e+01
9.960429072380065918e-01 1.503550633788108826e-02 -8.759637922048568726e-02 -4.937674045562744141e+00 -1.662405021488666534e-02 9.997102022171020508e-01 -1.743140071630477905e-02 -2.585466623306274414e+00 8.731344342231750488e-02 1.881861314177513123e-02 9.960032105445861816e-01 7.675004577636718750e+01
9.961637854576110840e-01 1.044108439236879349e-02 -8.688677847385406494e-02 -4.985834121704101562e+00 -1.249961275607347488e-02 9.996536374092102051e-01 -2.317957580089569092e-02 -2.616739511489868164e+00 8.661972731351852417e-02 2.417665161192417145e-02 9.959479570388793945e-01 7.734403991699218750e+01
9.963976144790649414e-01 1.211155485361814499e-02 -8.393970131874084473e-02 -5.039035320281982422e+00 -1.415017154067754745e-02 9.996185302734375000e-01 -2.373245917260646820e-02 -2.646045923233032227e+00 8.362504839897155762e-02 2.483469434082508087e-02 9.961877465248107910e-01 7.792529296875000000e+01
9.966396689414978027e-01 1.770655438303947449e-02 -7.997745275497436523e-02 -5.092728137969970703e+00 -1.941061019897460938e-02 9.996001720428466797e-01 -2.057726308703422546e-02 -2.675696611404418945e+00 7.958716154098510742e-02 2.206053398549556732e-02 9.965837001800537109e-01 7.849457550048828125e+01
9.970123767852783203e-01 1.664849556982517242e-02 -7.543118298053741455e-02 -5.133796691894531250e+00 -1.801934652030467987e-02 9.996843934059143066e-01 -1.752685941755771637e-02 -2.701837301254272461e+00 7.512161880731582642e-02 1.883371360599994659e-02 9.969964623451232910e-01 7.904946136474609375e+01
9.974636435508728027e-01 1.217038277536630630e-02 -7.013511657714843750e-02 -5.159767150878906250e+00 -1.315797772258520126e-02 9.998207688331604004e-01 -1.363334711641073227e-02 -2.729204177856445312e+00 6.996252387762069702e-02 1.452155783772468567e-02 9.974439144134521484e-01 7.959223175048828125e+01
9.980244636535644531e-01 7.887790910899639130e-03 -6.233722344040870667e-02 -5.183351993560791016e+00 -8.483527228236198425e-03 9.999210834503173828e-01 -9.294845163822174072e-03 -2.756797075271606445e+00 6.226434931159019470e-02 9.805264882743358612e-03 9.980115294456481934e-01 8.012297058105468750e+01
9.985958933830261230e-01 1.068616099655628204e-02 -5.189262703061103821e-02 -5.208263397216796875e+00 -1.122423633933067322e-02 9.998863935470581055e-01 -1.008571684360504150e-02 -2.780018568038940430e+00 5.178491398692131042e-02 1.065395865589380264e-02 9.986013174057006836e-01 8.063446807861328125e+01
9.991831183433532715e-01 1.624762453138828278e-02 -3.701410070061683655e-02 -5.235203266143798828e+00 -1.664992049336433411e-02 9.998056292533874512e-01 -1.058171968907117844e-02 -2.801723480224609375e+00 3.683935850858688354e-02 1.118934154510498047e-02 9.992583990097045898e-01 8.113529968261718750e+01
9.995882511138916016e-01 2.136934734880924225e-02 -1.917546242475509644e-02 -5.248885631561279297e+00 -2.156765758991241455e-02 9.997157454490661621e-01 -1.018473226577043533e-02 -2.822084426879882812e+00 1.895622909069061279e-02 1.059410907328128815e-02 9.997639656066894531e-01 8.162277984619140625e+01
9.997990131378173828e-01 1.993350684642791748e-02 2.394834766164422035e-03 -5.236821174621582031e+00 -1.990893669426441193e-02 9.997525215148925781e-01 -9.958363138139247894e-03 -2.839859485626220703e+00 -2.589127514511346817e-03 9.908674284815788269e-03 9.999473094940185547e-01 8.209692382812500000e+01
9.994841217994689941e-01 1.619026623666286469e-02 2.775772102177143097e-02 -5.207461833953857422e+00 -1.594015583395957947e-02 9.998307824134826660e-01 -9.213416837155818939e-03 -2.859302520751953125e+00 -2.789840847253799438e-02 8.766182698309421539e-03 9.995720982551574707e-01 8.255585479736328125e+01
9.982820153236389160e-01 1.472503691911697388e-02 5.672386661171913147e-02 -5.163535594940185547e+00 -1.430197712033987045e-02 9.998671412467956543e-01 -7.860666140913963318e-03 -2.878000020980834961e+00 -5.682893097400665283e-02 7.035871967673301697e-03 9.983589053153991699e-01 8.300837707519531250e+01
9.959143996238708496e-01 1.420073583722114563e-02 8.918604999780654907e-02 -5.105612754821777344e+00 -1.367076579481363297e-02 9.998853802680969238e-01 -6.553208455443382263e-03 -2.895746946334838867e+00 -8.926390111446380615e-02 5.307206418365240097e-03 9.959936141967773438e-01 8.345444488525390625e+01
9.920012354850769043e-01 1.389450579881668091e-02 1.254662275314331055e-01 -5.029552936553955078e+00 -1.324779447168111801e-02 9.998946785926818848e-01 -5.989389494061470032e-03 -2.911914110183715820e+00 -1.255305409431457520e-01 4.279363434761762619e-03 9.920804500579833984e-01 8.388520050048828125e+01
9.859904646873474121e-01 1.389746554195880890e-02 1.662253588438034058e-01 -4.934642314910888672e+00 -1.302722375839948654e-02 9.998954534530639648e-01 -6.326179951429367065e-03 -2.926163196563720703e+00 -1.662907451391220093e-01 4.072117619216442108e-03 9.860684275627136230e-01 8.431329345703125000e+01
9.775150418281555176e-01 1.346780359745025635e-02 2.104375809431076050e-01 -4.817289352416992188e+00 -1.236252859234809875e-02 9.999023079872131348e-01 -6.568219512701034546e-03 -2.942360401153564453e+00 -2.104998230934143066e-01 3.819025587290525436e-03 9.775864481925964355e-01 8.472859954833984375e+01
9.660759568214416504e-01 1.536345481872558594e-02 2.578026056289672852e-01 -4.680929183959960938e+00 -1.364879216998815536e-02 9.998714923858642578e-01 -8.440673351287841797e-03 -2.961850166320800781e+00 -2.578929960727691650e-01 4.635688383132219315e-03 9.661620259284973145e-01 8.511809539794921875e+01
9.507400989532470703e-01 1.607588678598403931e-02 3.095735013484954834e-01 -4.519183158874511719e+00 -1.319934800267219543e-02 9.998482465744018555e-01 -1.138550788164138794e-02 -2.980540513992309570e+00 -3.097028732299804688e-01 6.738515105098485947e-03 9.508092999458312988e-01 8.550160980224609375e+01
9.313827157020568848e-01 1.599264703691005707e-02 3.636915683746337891e-01 -4.336333751678466797e+00 -1.189424004405736923e-02 9.998381733894348145e-01 -1.350669935345649719e-02 -2.995226860046386719e+00 -3.638414144515991211e-01 8.254131302237510681e-03 9.314245581626892090e-01 8.585359954833984375e+01
9.076310396194458008e-01 1.642665639519691467e-02 4.194486737251281738e-01 -4.130078315734863281e+00 -1.094471104443073273e-02 9.998205900192260742e-01 -1.547316648066043854e-02 -3.006840467453002930e+00 -4.196195900440216064e-01 9.453272446990013123e-03 9.076506495475769043e-01 8.619987487792968750e+01
8.794218301773071289e-01 1.652576588094234467e-02 4.757576286792755127e-01 -3.903857707977294922e+00 -9.196139872074127197e-03 9.998005628585815430e-01 -1.773059926927089691e-02 -3.018346548080444336e+00 -4.759480655193328857e-01 1.121768914163112640e-02 8.794015049934387207e-01 8.652572631835937500e+01
8.470025062561035156e-01 1.463491749018430710e-02 5.313887596130371094e-01 -3.656369447708129883e+00 -4.923158325254917145e-03 9.997941255569458008e-01 -1.968845911324024200e-02 -3.030933380126953125e+00 -5.315613150596618652e-01 1.406021974980831146e-02 8.469012975692749023e-01 8.681196594238281250e+01
8.111530542373657227e-01 1.400218810886144638e-02 5.846671462059020996e-01 -3.393057823181152344e+00 -2.515162108466029167e-03 9.997876882553100586e-01 -2.045491896569728851e-02 -3.048135280609130859e+00 -5.848224163055419922e-01 1.512162107974290848e-02 8.110178112983703613e-01 8.709541320800781250e+01
7.722944021224975586e-01 1.213858742266893387e-02 6.351495385169982910e-01 -3.115382194519042969e+00 -7.698179979342967272e-05 9.998192191123962402e-01 -1.901492848992347717e-02 -3.063352584838867188e+00 -6.352589726448059082e-01 1.463623624294996262e-02 7.721589803695678711e-01 8.734487152099609375e+01
7.306837439537048340e-01 1.139091607183218002e-02 6.826218366622924805e-01 -2.817789554595947266e+00 -2.280137414345517755e-04 9.998648166656494141e-01 -1.644129678606987000e-02 -3.074578523635864258e+00 -6.827100515365600586e-01 1.185779646039009094e-02 7.305906414985656738e-01 8.759388732910156250e+01
6.869084239006042480e-01 1.002391614019870758e-02 7.266756892204284668e-01 -2.508123636245727539e+00 1.641963026486337185e-03 9.998809695243835449e-01 -1.534512639045715332e-02 -3.084456205368041992e+00 -7.267351150512695312e-01 1.173390354961156845e-02 6.868134737014770508e-01 8.781995391845703125e+01
6.415609121322631836e-01 8.605926297605037689e-03 7.670246362686157227e-01 -2.182592868804931641e+00 5.801421590149402618e-03 9.998541474342346191e-01 -1.607098989188671112e-02 -3.093147039413452148e+00 -7.670430541038513184e-01 1.476036477833986282e-02 6.414223313331604004e-01 8.800806427001953125e+01
5.961034893989562988e-01 5.416606552898883820e-03 8.028901219367980957e-01 -1.847631454467773438e+00 1.299428567290306091e-02 9.997813105583190918e-01 -1.639269106090068817e-02 -3.103541135787963867e+00 -8.027957677841186523e-01 2.020512148737907410e-02 5.959085226058959961e-01 8.818806457519531250e+01
5.506438016891479492e-01 6.831854116171598434e-03 8.347131609916687012e-01 -1.511051893234252930e+00 1.267700083553791046e-02 9.997828006744384766e-01 -1.654581353068351746e-02 -3.116583347320556641e+00 -8.346400856971740723e-01 1.969351619482040405e-02 5.504474043846130371e-01 8.834378814697265625e+01
5.045003294944763184e-01 9.750763885676860809e-03 8.633572459220886230e-01 -1.165576934814453125e+00 8.935043588280677795e-03 9.998237490653991699e-01 -1.651301421225070953e-02 -3.127438783645629883e+00 -8.633646368980407715e-01 1.604685373604297638e-02 5.043305158615112305e-01 8.850234222412109375e+01
4.602985382080078125e-01 1.148165762424468994e-02 8.876907229423522949e-01 -8.110692501068115234e-01 8.704925887286663055e-03 9.998099803924560547e-01 -1.744513399899005890e-02 -3.138048171997070312e+00 -8.877217173576354980e-01 1.575929857790470123e-02 4.601180553436279297e-01 8.864205169677734375e+01
4.188674986362457275e-01 9.627258405089378357e-03 9.079969525337219238e-01 -4.500209093093872070e-01 1.561953872442245483e-02 9.997195005416870117e-01 -1.780470274388790131e-02 -3.146275997161865234e+00 -9.079135060310363770e-01 2.164257876574993134e-02 4.186066091060638428e-01 8.874841308593750000e+01
3.806253969669342041e-01 1.378839020617306232e-03 9.247290492057800293e-01 -7.268217206001281738e-02 3.173821792006492615e-02 9.993903636932373047e-01 -1.455335132777690887e-02 -3.150474548339843750e+00 -9.241850972175598145e-01 3.488967940211296082e-02 3.803566396236419678e-01 8.884042358398437500e+01
3.461083769798278809e-01 -2.337047364562749863e-03 9.381924271583557129e-01 3.020955920219421387e-01 3.764518350362777710e-02 9.992262721061706543e-01 -1.139810401946306229e-02 -3.156602382659912109e+00 -9.374399185180664062e-01 3.926403447985649109e-02 3.459355235099792480e-01 8.893094635009765625e+01
3.138410449028015137e-01 1.002445002086460590e-03 9.494757056236267090e-01 6.763500571250915527e-01 3.611676022410392761e-02 9.992631673812866211e-01 -1.299260556697845459e-02 -3.166851282119750977e+00 -9.487895369529724121e-01 3.836880624294281006e-02 3.135805726051330566e-01 8.902362060546875000e+01
2.833113074302673340e-01 8.752379566431045532e-03 9.589886665344238281e-01 1.050895929336547852e+00 2.492285147309303284e-02 9.995534420013427734e-01 -1.648500561714172363e-02 -3.185189962387084961e+00 -9.587054252624511719e-01 2.856955491006374359e-02 2.829736471176147461e-01 8.912550354003906250e+01
2.551134228706359863e-01 1.327094901353120804e-02 9.668207168579101562e-01 1.434588789939880371e+00 1.946176216006278992e-02 9.996327161788940430e-01 -1.885605975985527039e-02 -3.206009864807128906e+00 -9.667166471481323242e-01 2.362579479813575745e-02 2.547657489776611328e-01 8.921095275878906250e+01
2.298763245344161987e-01 1.514278072863817215e-02 9.731026887893676758e-01 1.832913517951965332e+00 2.080760151147842407e-02 9.995738267898559570e-01 -2.046941407024860382e-02 -3.222121477127075195e+00 -9.729995727539062500e-01 2.495265938341617584e-02 2.294676750898361206e-01 8.927739715576171875e+01
2.067350745201110840e-01 1.580714061856269836e-02 9.782698750495910645e-01 2.240748643875122070e+00 2.747070603072643280e-02 9.993814229965209961e-01 -2.195306122303009033e-02 -3.234225511550903320e+00 -9.780125021934509277e-01 3.141082450747489929e-02 2.061814814805984497e-01 8.932977294921875000e+01
1.870149672031402588e-01 2.174819633364677429e-02 9.821169376373291016e-01 2.662754774093627930e+00 3.631719574332237244e-02 9.989183545112609863e-01 -2.903531491756439209e-02 -3.232200145721435547e+00 -9.816871881484985352e-01 4.109516367316246033e-02 1.860326826572418213e-01 8.937235260009765625e+01
1.677054762840270996e-01 2.973018214106559753e-02 9.853894710540771484e-01 3.089766502380371094e+00 3.891935944557189941e-02 9.985663294792175293e-01 -3.675114735960960388e-02 -3.233120679855346680e+00 -9.850701689720153809e-01 4.451112449169158936e-02 1.663174927234649658e-01 8.941923522949218750e+01
1.501195579767227173e-01 3.105640225112438202e-02 9.881805777549743652e-01 3.536776542663574219e+00 3.662411868572235107e-02 9.986458420753479004e-01 -3.694864362478256226e-02 -3.247019290924072266e+00 -9.879909753799438477e-01 4.173507168889045715e-02 1.487893015146255493e-01 8.947250366210937500e+01
1.346625387668609619e-01 2.612446807324886322e-02 9.905476570129394531e-01 4.002133846282958984e+00 3.409400582313537598e-02 9.989383816719055176e-01 -3.098031878471374512e-02 -3.269709110260009766e+00 -9.903069734573364258e-01 3.794064372777938843e-02 1.336407810449600220e-01 8.952088928222656250e+01
1.200339272618293762e-01 2.244061976671218872e-02 9.925167560577392578e-01 4.475777626037597656e+00 3.438491374254226685e-02 9.990507364273071289e-01 -2.674638666212558746e-02 -3.292082548141479492e+00 -9.921758770942687988e-01 3.733503073453903198e-02 1.191616654396057129e-01 8.955635833740234375e+01
1.066450253129005432e-01 2.015683054924011230e-02 9.940934181213378906e-01 4.962467670440673828e+00 3.689265996217727661e-02 9.990258812904357910e-01 -2.421414665877819061e-02 -3.311663866043090820e+00 -9.936146140098571777e-01 3.925398737192153931e-02 1.058099642395973206e-01 8.958371734619140625e+01
9.481661021709442139e-02 1.910258084535598755e-02 9.953120946884155273e-01 5.460055828094482422e+00 4.091013222932815552e-02 9.988966584205627441e-01 -2.306815981864929199e-02 -3.327584743499755859e+00 -9.946562647819519043e-01 4.290241375565528870e-02 9.394226968288421631e-02 8.960360717773437500e+01
