9.999782443046569824e-01 -6.527474615722894669e-03 9.747070726007223129e-04 3.779913240578025579e-04 6.529960315674543381e-03 9.999753832817077637e-01 -2.569139236584305763e-03 -1.352897658944129944e-02 -9.579131146892905235e-04 2.575448015704751015e-03 9.999962449073791504e-01 8.886967897415161133e-01
9.999767541885375977e-01 -6.790760904550552368e-03 -5.785799585282802582e-04 -4.648146568797528744e-05 6.790290586650371552e-03 9.999765753746032715e-01 -8.108299225568771362e-04 -2.794782258570194244e-02 5.840726080350577831e-04 8.068820461630821228e-04 9.999995231628417969e-01 1.796161651611328125e+00
9.999738335609436035e-01 -7.171699777245521545e-03 -9.202103246934711933e-04 -8.830410661175847054e-04 7.172440178692340851e-03 9.999738931655883789e-01 8.046681177802383900e-04 -3.790795058012008667e-02 9.144155774265527725e-04 -8.112475625239312649e-04 9.999992847442626953e-01 2.681013345718383789e+00
9.999637603759765625e-01 -7.872786372900009155e-03 -3.231306094676256180e-03 -1.422611880116164684e-03 7.886298000812530518e-03 9.999600648880004883e-01 4.190317355096340179e-03 -4.751173406839370728e-02 3.198188031092286110e-03 -4.215649329125881195e-03 9.999860525131225586e-01 3.583402395248413086e+00
9.999409914016723633e-01 -9.782198816537857056e-03 -4.726406652480363846e-03 -4.791119135916233063e-03 9.811005555093288422e-03 9.999331831932067871e-01 6.110953632742166519e-03 -5.705472081899642944e-02 4.666312597692012787e-03 -6.156965158879756927e-03 9.999701976776123047e-01 4.502404689788818359e+00
9.999649524688720703e-01 -8.370942436158657074e-03 -3.607408143579959869e-04 -5.319780670106410980e-03 8.373624645173549652e-03 9.999310970306396484e-01 8.222434669733047485e-03 -6.313221156597137451e-02 2.918867394328117371e-04 -8.225167170166969299e-03 9.999662041664123535e-01 5.368831157684326172e+00
9.999583959579467773e-01 -8.659138344228267670e-03 -2.901831641793251038e-03 -8.618403226137161255e-03 8.687165565788745880e-03 9.999142885208129883e-01 9.789424017071723938e-03 -6.180700659751892090e-02 2.816815627738833427e-03 -9.814225137233734131e-03 9.999479055404663086e-01 6.295738220214843750e+00
9.999514818191528320e-01 -8.109675720334053040e-03 -5.603965371847152710e-03 -1.221429277211427689e-02 8.174682036042213440e-03 9.998983144760131836e-01 1.167630217969417572e-02 -6.223164498805999756e-02 5.508705973625183105e-03 -1.172154676169157028e-02 9.999161958694458008e-01 7.188937187194824219e+00
9.999570846557617188e-01 -7.719077169895172119e-03 -5.136261694133281708e-03 -1.472824253141880035e-02 7.787737529724836349e-03 9.998785853385925293e-01 1.348498556762933731e-02 -6.263395398855209351e-02 5.031548440456390381e-03 -1.352440658956766129e-02 9.998959898948669434e-01 8.112404823303222656e+00
9.999312162399291992e-01 -8.567845448851585388e-03 -8.015325292944908142e-03 -1.970636472105979919e-02 8.697105571627616882e-03 9.998302459716796875e-01 1.623330824077129364e-02 -6.141188740730285645e-02 7.874882780015468597e-03 -1.630190201103687286e-02 9.998362064361572266e-01 8.983177185058593750e+00
9.998852014541625977e-01 -9.110027924180030823e-03 -1.211071852594614029e-02 -2.271411940455436707e-02 9.360354393720626831e-03 9.997401833534240723e-01 2.077650092542171478e-02 -5.605404451489448547e-02 1.191829983144998550e-02 -2.088747732341289520e-02 9.997109174728393555e-01 9.890514373779296875e+00
9.998772144317626953e-01 -1.085532642900943756e-02 -1.130709797143936157e-02 -2.395056560635566711e-02 1.109824236482381821e-02 9.997039437294006348e-01 2.164722234010696411e-02 -4.815643280744552612e-02 1.106876507401466370e-02 -2.177005633711814880e-02 9.997018575668334961e-01 1.080216789245605469e+01
9.998331069946289062e-01 -1.130946353077888489e-02 -1.435472629964351654e-02 -3.325787186622619629e-02 1.163804065436124802e-02 9.996672272682189941e-01 2.301664091646671295e-02 -4.263919591903686523e-02 1.408964674919843674e-02 -2.317986264824867249e-02 9.996321201324462891e-01 1.171939754486083984e+01
9.999558329582214355e-01 -9.303750470280647278e-03 1.395413652062416077e-03 -4.047155752778053284e-02 9.264344349503517151e-03 9.996190667152404785e-01 2.599367499351501465e-02 -3.787054121494293213e-02 -1.636718399822711945e-03 -2.597960084676742554e-02 9.996612668037414551e-01 1.254461002349853516e+01
9.999490976333618164e-01 -9.901429526507854462e-03 1.959846355020999908e-03 -4.160772264003753662e-02 9.843129664659500122e-03 9.995648264884948730e-01 2.780406177043914795e-02 -2.545708045363426208e-02 -2.234291052445769310e-03 -2.778335846960544586e-02 9.996116161346435547e-01 1.345725250244140625e+01
9.999634027481079102e-01 -8.481989614665508270e-03 1.145883346907794476e-03 -4.208533465862274170e-02 8.443766273558139801e-03 9.995133876800537109e-01 3.002414293587207794e-02 -1.758992113173007965e-02 -1.399987726472318172e-03 -3.001337312161922455e-02 9.995486736297607422e-01 1.422569274902343750e+01
9.999557137489318848e-01 -9.286402724683284760e-03 -1.517183263786137104e-03 -3.964336588978767395e-02 9.328999556601047516e-03 9.994752407073974609e-01 3.101605176925659180e-02 -3.895587287843227386e-03 1.228362438268959522e-03 -3.102883882820606232e-02 9.995178580284118652e-01 1.506151866912841797e+01
9.999253153800964355e-01 -1.192526519298553467e-02 2.655148971825838089e-03 -3.772892802953720093e-02 1.182798296213150024e-02 9.993498921394348145e-01 3.405207023024559021e-02 6.979330442845821381e-03 -3.059500828385353088e-03 -3.401812911033630371e-02 9.994166493415832520e-01 1.574421310424804688e+01
9.999080300331115723e-01 -1.355232018977403641e-02 -4.438569303601980209e-04 -2.910512499511241913e-02 1.355932932347059250e-02 9.991518855094909668e-01 3.887529671192169189e-02 1.670670136809349060e-02 -8.336687460541725159e-05 -3.887774422764778137e-02 9.992440938949584961e-01 1.632766914367675781e+01
9.999246597290039062e-01 -1.215912774205207825e-02 1.678331289440393448e-03 -2.174571156501770020e-02 1.208316721022129059e-02 9.991427063941955566e-01 3.959205746650695801e-02 2.016439288854598999e-02 -2.158294897526502609e-03 -3.956879675388336182e-02 9.992146492004394531e-01 1.677091598510742188e+01
9.999243617057800293e-01 -8.486075326800346375e-03 8.896710351109504700e-03 -1.925581321120262146e-02 8.107623085379600525e-03 9.990952610969543457e-01 4.174456372857093811e-02 2.247201651334762573e-02 -9.242909029126167297e-03 -4.166927933692932129e-02 9.990888237953186035e-01 1.722316360473632812e+01
9.998622536659240723e-01 -6.058723665773868561e-03 1.544691435992717743e-02 -1.550706010311841965e-02 5.378732457756996155e-03 9.990305304527282715e-01 4.368893429636955261e-02 2.397595159709453583e-02 -1.569663919508457184e-02 -4.359983652830123901e-02 9.989258646965026855e-01 1.754209518432617188e+01
9.997532963752746582e-01 -2.742092357948422432e-03 2.203692495822906494e-02 -1.300063170492649078e-02 1.788895344361662865e-03 9.990665316581726074e-01 4.315844550728797913e-02 2.957032993435859680e-02 -2.213470079004764557e-02 -4.310838505625724792e-02 9.988252520561218262e-01 1.800376701354980469e+01
9.998426437377929688e-01 -3.142056288197636604e-03 1.745146140456199646e-02 -2.861097455024719238e-03 2.349140122532844543e-03 9.989718198776245117e-01 4.527161270380020142e-02 4.476070404052734375e-02 -1.757576689124107361e-02 -4.522350430488586426e-02 9.988223314285278320e-01 1.852779769897460938e+01
9.997630119323730469e-01 -1.566297258250415325e-03 2.170651406049728394e-02 -3.693182952702045441e-04 5.904909921810030937e-04 9.989917278289794922e-01 4.488825052976608276e-02 4.437181353569030762e-02 -2.175493910908699036e-02 -4.486480727791786194e-02 9.987562298774719238e-01 1.890403938293457031e+01
9.997279047966003418e-01 -3.518846584483981133e-03 2.305308356881141663e-02 1.187912002205848694e-02 2.453596564009785652e-03 9.989348649978637695e-01 4.607495665550231934e-02 2.322802133858203888e-02 -2.319066226482391357e-02 -4.600586742162704468e-02 9.986720085144042969e-01 1.889798164367675781e+01
9.996653795242309570e-01 -3.981496207416057587e-03 2.555227652192115784e-02 2.989653497934341431e-03 2.736047841608524323e-03 9.988148212432861328e-01 4.859235137701034546e-02 2.782879024744033813e-02 -2.571546658873558044e-02 -4.850619286298751831e-02 9.984918236732482910e-01 1.902774429321289062e+01
9.995794892311096191e-01 3.081471426412463188e-03 2.882678247988224030e-02 1.259875204414129257e-02 -4.484905861318111420e-03 9.988008737564086914e-01 4.874781519174575806e-02 2.296072989702224731e-02 -2.864200808107852936e-02 -4.885661602020263672e-02 9.983950853347778320e-01 1.924323844909667969e+01
9.996983408927917480e-01 5.796312820166349411e-03 2.385943010449409485e-02 1.277486979961395264e-02 -7.142160553485155106e-03 9.983646869659423828e-01 5.671427026391029358e-02 2.596800588071346283e-02 -2.349168621003627777e-02 -5.686758458614349365e-02 9.981053471565246582e-01 1.958865547180175781e+01
9.996585845947265625e-01 8.840785361826419830e-03 2.458080835640430450e-02 3.422082960605621338e-02 -1.026855688542127609e-02 9.982297420501708984e-01 5.857873708009719849e-02 1.320251636207103729e-02 -2.401942200958728790e-02 -5.881116539239883423e-02 9.979801177978515625e-01 1.966416168212890625e+01
9.998368620872497559e-01 7.099354639649391174e-03 1.659884303808212280e-02 1.945023424923419952e-02 -8.189180865883827209e-03 9.977500438690185547e-01 6.653843075037002563e-02 1.126683130860328674e-02 -1.608911901712417603e-02 -6.666352599859237671e-02 9.976457953453063965e-01 1.979311370849609375e+01
9.996924400329589844e-01 1.131752505898475647e-02 2.206093631684780121e-02 3.209073096513748169e-03 -1.282421220093965530e-02 9.975065588951110840e-01 6.939686834812164307e-02 4.918252117931842804e-03 -2.122053317725658417e-02 -6.965845823287963867e-02 9.973451495170593262e-01 1.992465209960937500e+01
9.998061060905456543e-01 1.480681914836168289e-02 1.297151669859886169e-02 -1.310612633824348450e-02 -1.575369387865066528e-02 9.969661235809326172e-01 7.622377574443817139e-02 -7.234351709485054016e-03 -1.180353481322526932e-02 -7.641336321830749512e-02 9.970063567161560059e-01 2.005300331115722656e+01
9.997715353965759277e-01 1.291144546121358871e-02 1.702756620943546295e-02 -1.646852679550647736e-02 -1.426645927131175995e-02 9.965285658836364746e-01 8.201827108860015869e-02 -9.940636344254016876e-03 -1.590948738157749176e-02 -8.224247395992279053e-02 9.964853525161743164e-01 2.022377967834472656e+01
9.998767971992492676e-01 1.141731720417737961e-02 1.075928565114736557e-02 -3.337937593460083008e-02 -1.227254793047904968e-02 9.964657425880432129e-01 8.309717476367950439e-02 -2.210465818643569946e-02 -9.772516787052154541e-03 -8.321899175643920898e-02 9.964833855628967285e-01 2.029797554016113281e+01
9.998357892036437988e-01 1.682355999946594238e-02 6.716958247125148773e-03 -4.257119446992874146e-02 -1.736226864159107208e-02 9.957528114318847656e-01 9.041378647089004517e-02 -4.364103078842163086e-03 -5.167350638657808304e-03 -9.051557630300521851e-02 9.958816766738891602e-01 2.059191322326660156e+01
9.998098611831665039e-01 1.949011720716953278e-02 4.180725663900375366e-04 -5.017095431685447693e-02 -1.943829841911792755e-02 9.950639605522155762e-01 9.731193631887435913e-02 -7.888436317443847656e-03 1.480611972510814667e-03 -9.730157256126403809e-02 9.952539205551147461e-01 2.074823760986328125e+01
9.996881484985351562e-01 2.478271164000034332e-02 3.039008472114801407e-03 -3.642625361680984497e-02 -2.496073767542839050e-02 9.949588179588317871e-01 9.712745994329452515e-02 -2.646972425282001495e-02 -6.166070234030485153e-04 -9.717304259538650513e-02 9.952673912048339844e-01 2.078294563293457031e+01
9.994933009147644043e-01 2.880639396607875824e-02 1.352718658745288849e-02 -2.448232658207416534e-02 -2.999258227646350861e-02 9.947617650032043457e-01 9.772060811519622803e-02 -4.856790974736213684e-02 -1.064135320484638214e-02 -9.807683527469635010e-02 9.951220154762268066e-01 2.086480522155761719e+01
9.993212819099426270e-01 3.387153893709182739e-02 1.446456927806138992e-02 -1.805884391069412231e-02 -3.515433520078659058e-02 9.943360090255737305e-01 1.002992764115333557e-01 -3.063244000077247620e-02 -1.098535396158695221e-02 -1.007397249341011047e-01 9.948521852493286133e-01 2.120934295654296875e+01
9.994451999664306641e-01 3.128344565629959106e-02 1.140859909355640411e-02 -8.367732167243957520e-03 -3.229738399386405945e-02 9.941092729568481445e-01 1.034576967358589172e-01 -4.795990884304046631e-03 -8.104883134365081787e-03 -1.037687957286834717e-01 9.945684075355529785e-01 2.155186271667480469e+01
9.994739294052124023e-01 3.148184716701507568e-02 7.764076814055442810e-03 -8.568629622459411621e-03 -3.215437009930610657e-02 9.931744933128356934e-01 1.121181026101112366e-01 3.276336938142776489e-02 -4.181399010121822357e-03 -1.123088002204895020e-01 9.936645627021789551e-01 2.199971199035644531e+01
9.994316697120666504e-01 3.211812302470207214e-02 1.021354552358388901e-02 -1.282918266952037811e-02 -3.307545930147171021e-02 9.929075241088867188e-01 1.141953915357589722e-01 6.983602046966552734e-02 -6.473366171121597290e-03 -1.144683361053466797e-01 9.934058189392089844e-01 2.240744972229003906e+01
9.993706345558166504e-01 3.430787846446037292e-02 8.987980894744396210e-03 -1.618614792823791504e-02 -3.512866795063018799e-02 9.924133419990539551e-01 1.178205236792564392e-01 1.115409880876541138e-01 -4.877620842307806015e-03 -1.180621385574340820e-01 9.929942488670349121e-01 2.281771087646484375e+01
9.992143511772155762e-01 3.583175688982009888e-02 -1.691986992955207825e-02 -6.532114744186401367e-02 -3.351936489343643188e-02 9.920413494110107422e-01 1.213688403367996216e-01 1.194717213511466980e-01 2.113407850265502930e-02 -1.207063719630241394e-01 9.924632310867309570e-01 2.292498779296875000e+01
9.990205764770507812e-01 3.867022693157196045e-02 -2.149440906941890717e-02 -6.972952187061309814e-02 -3.559699654579162598e-02 9.910667538642883301e-01 1.285282820463180542e-01 1.152349486947059631e-01 2.627262100577354431e-02 -1.276372820138931274e-01 9.914728403091430664e-01 2.299900054931640625e+01
9.983791708946228027e-01 3.958839550614356995e-02 -4.088201373815536499e-02 -9.257032722234725952e-02 -3.395084291696548462e-02 9.908785223960876465e-01 1.304111480712890625e-01 1.080060303211212158e-01 4.567189514636993408e-02 -1.288118064403533936e-01 9.906167387962341309e-01 2.308998870849609375e+01
9.984828233718872070e-01 3.713519126176834106e-02 -4.065027087926864624e-02 -1.005488559603691101e-01 -3.171633556485176086e-02 9.914382100105285645e-01 1.266663819551467896e-01 1.212973147630691528e-01 4.500602185726165771e-02 -1.251849532127380371e-01 9.911120533943176270e-01 2.333073997497558594e+01
9.977439045906066895e-01 4.193661734461784363e-02 -5.242004990577697754e-02 -1.307585984468460083e-01 -3.506178036332130432e-02 9.914351701736450195e-01 1.258058100938796997e-01 1.151545271277427673e-01 5.724695697426795959e-02 -1.236840710043907166e-01 9.906688928604125977e-01 2.343758964538574219e+01
9.962918758392333984e-01 4.571113735437393188e-02 -7.288590073585510254e-02 -1.712338030338287354e-01 -3.609458729624748230e-02 9.910926818847656250e-01 1.281896382570266724e-01 1.147143468260765076e-01 7.809638977050781250e-02 -1.250835359096527100e-01 9.890676140785217285e-01 2.351814270019531250e+01
9.958838224411010742e-01 4.634834825992584229e-02 -7.788822054862976074e-02 -2.029965966939926147e-01 -3.574699535965919495e-02 9.905545115470886230e-01 1.323781609535217285e-01 1.280387789011001587e-01 8.328805118799209595e-02 -1.290490329265594482e-01 9.881342053413391113e-01 2.374076271057128906e+01
9.954258799552917480e-01 5.418388545513153076e-02 -7.868152111768722534e-02 -2.165693938732147217e-01 -4.334168508648872375e-02 9.901005625724792480e-01 1.335008591413497925e-01 1.160297766327857971e-01 8.513622730970382690e-02 -1.294800639152526855e-01 9.879202842712402344e-01 2.380675506591796875e+01
9.932022094726562500e-01 6.655030697584152222e-02 -9.549780189990997314e-02 -2.544041872024536133e-01 -5.302311480045318604e-02 9.890416264533996582e-01 1.377868801355361938e-01 1.096975207328796387e-01 1.036210805177688599e-01 -1.317866891622543335e-01 9.858472347259521484e-01 2.390101051330566406e+01
9.915990233421325684e-01 7.209374755620956421e-02 -1.073934733867645264e-01 -2.911462485790252686e-01 -5.658710747957229614e-02 9.883878827095031738e-01 1.410222351551055908e-01 9.695821255445480347e-02 1.163132563233375549e-01 -1.337604671716690063e-01 9.841641783714294434e-01 2.396043205261230469e+01
9.905528426170349121e-01 7.528973370790481567e-02 -1.146127209067344666e-01 -3.203091323375701904e-01 -5.808148533105850220e-02 9.874740839004516602e-01 1.467016935348510742e-01 9.286898374557495117e-02 1.242222562432289124e-01 -1.386589407920837402e-01 9.825183153152465820e-01 2.400124168395996094e+01
9.876639842987060547e-01 7.718595117330551147e-02 -1.362414211034774780e-01 -3.984411358833312988e-01 -5.610150843858718872e-02 9.867370128631591797e-01 1.523237377405166626e-01 1.086296960711479187e-01 1.461917459964752197e-01 -1.428013592958450317e-01 9.788950085639953613e-01 2.417111015319824219e+01
9.838694334030151367e-01 7.554312795400619507e-02 -1.621537208557128906e-01 -4.697336256504058838e-01 -5.010864883661270142e-02 9.865524768829345703e-01 1.555739641189575195e-01 1.130071878433227539e-01 1.717257350683212280e-01 -1.449391990900039673e-01 9.744241833686828613e-01 2.421775817871093750e+01
9.820078611373901367e-01 7.278680801391601562e-02 -1.742479056119918823e-01 -5.179096460342407227e-01 -4.435814917087554932e-02 9.858245253562927246e-01 1.618095487356185913e-01 1.319788992404937744e-01 1.835554838180541992e-01 -1.511689871549606323e-01 9.713160991668701172e-01 2.438398742675781250e+01
9.809698462486267090e-01 7.245066016912460327e-02 -1.801356077194213867e-01 -5.763589739799499512e-01 -4.234130680561065674e-02 9.852675199508666992e-01 1.656959056854248047e-01 1.526437252759933472e-01 1.894865632057189941e-01 -1.549155712127685547e-01 9.695852994918823242e-01 2.453096008300781250e+01
9.783778190612792969e-01 7.438637316226959229e-02 -1.929853111505508423e-01 -6.485592722892761230e-01 -4.106929153203964233e-02 9.843764901161193848e-01 1.712198257446289062e-01 1.759683340787887573e-01 2.027066498994827271e-01 -1.595919579267501831e-01 9.661470651626586914e-01 2.471290588378906250e+01
9.742017388343811035e-01 7.528201490640640259e-02 -2.127519696950912476e-01 -7.521219849586486816e-01 -3.760781511664390564e-02 9.836945533752441406e-01 1.758710145950317383e-01 2.023438513278961182e-01 2.225228995084762573e-01 -1.633327603340148926e-01 9.611480832099914551e-01 2.492611885070800781e+01
9.694585204124450684e-01 7.906502485275268555e-02 -2.321606576442718506e-01 -7.668915987014770508e-01 -3.741822764277458191e-02 9.832112193107604980e-01 1.785927116870880127e-01 1.922478228807449341e-01 2.423834353685379028e-01 -1.644512414932250977e-01 9.561410546302795410e-01 2.495718955993652344e+01
9.654152393341064453e-01 8.484712988138198853e-02 -2.465237677097320557e-01 -8.299803733825683594e-01 -4.002191498875617981e-02 9.825853109359741211e-01 1.814501434564590454e-01 1.940284669399261475e-01 2.576261758804321289e-01 -1.653084456920623779e-01 9.519987106323242188e-01 2.501120567321777344e+01
9.587954282760620117e-01 8.885137736797332764e-02 -2.698450684547424316e-01 -8.741824626922607422e-01 -3.681650012731552124e-02 9.806854724884033203e-01 1.920945197343826294e-01 1.738337874412536621e-01 2.817010283470153809e-01 -1.742446571588516235e-01 9.435480833053588867e-01 2.498205757141113281e+01
9.582843184471130371e-01 9.121400862932205200e-02 -2.708702683448791504e-01 -9.171754717826843262e-01 -3.884448856115341187e-02 9.804793000221252441e-01 1.927467733621597290e-01 1.839262396097183228e-01 2.831639051437377930e-01 -1.741844713687896729e-01 9.431211948394775391e-01 2.511685752868652344e+01
9.545915722846984863e-01 9.487699717283248901e-02 -2.824053168296813965e-01 -1.010786175727844238e+00 -4.015939682722091675e-02 9.802618026733398438e-01 1.935815662145614624e-01 2.147323936223983765e-01 2.951975762844085693e-01 -1.734501868486404419e-01 9.395600557327270508e-01 2.531843948364257812e+01
9.506537914276123047e-01 9.707357734441757202e-02 -2.946752309799194336e-01 -1.046116352081298828e+00 -3.922301530838012695e-02 9.797739982604980469e-01 1.962249875068664551e-01 2.096675634384155273e-01 3.077633976936340332e-01 -1.749840676784515381e-01 9.352335929870605469e-01 2.537723922729492188e+01
9.494705200195312500e-01 9.764613211154937744e-02 -2.982789874076843262e-01 -1.120428204536437988e+00 -3.789146617054939270e-02 9.790827035903930664e-01 1.999027580022811890e-01 2.262412309646606445e-01 3.115595281124114990e-01 -1.784996539354324341e-01 9.333103299140930176e-01 2.553287315368652344e+01
9.451915621757507324e-01 1.060788109898567200e-01 -3.088033795356750488e-01 -1.195105552673339844e+00 -4.401950910687446594e-02 9.785192012786865234e-01 2.014008462429046631e-01 2.452794313430786133e-01 3.235343694686889648e-01 -1.767691075801849365e-01 9.295578598976135254e-01 2.565703582763671875e+01
9.361562132835388184e-01 1.084515526890754700e-01 -3.344385623931884766e-01 -1.318090319633483887e+00 -4.031635075807571411e-02 9.780742526054382324e-01 2.043163031339645386e-01 2.833023369312286377e-01 3.492641448974609375e-01 -1.777887493371963501e-01 9.200028777122497559e-01 2.583709716796875000e+01
9.300517439842224121e-01 1.152844354510307312e-01 -3.488734066486358643e-01 -1.481400966644287109e+00 -4.142777621746063232e-02 9.763495326042175293e-01 2.121913135051727295e-01 3.372421264648437500e-01 3.650846779346466064e-01 -1.828959584236145020e-01 9.128317832946777344e-01 2.614751243591308594e+01
9.230931401252746582e-01 1.192977875471115112e-01 -3.656043708324432373e-01 -1.622771978378295898e+00 -3.970897197723388672e-02 9.751545786857604980e-01 2.179369330406188965e-01 3.847969472408294678e-01 3.825200796127319336e-01 -1.866583973169326782e-01 9.048959612846374512e-01 2.639037322998046875e+01
9.212470054626464844e-01 1.224446445703506470e-01 -3.692029118537902832e-01 -1.740143656730651855e+00 -4.141403734683990479e-02 9.746430516242980957e-01 2.198987752199172974e-01 4.200625121593475342e-01 3.867664039134979248e-01 -1.872909814119338989e-01 9.029582142829895020e-01 2.658378219604492188e+01
9.009258151054382324e-01 1.203477233648300171e-01 -4.169515967369079590e-01 -1.879733681678771973e+00 -2.473654597997665405e-02 9.734573960304260254e-01 2.275266349315643311e-01 4.665842056274414062e-01 4.332669079303741455e-01 -1.946707516908645630e-01 8.799902200698852539e-01 2.677598953247070312e+01
8.919285535812377930e-01 1.272085160017013550e-01 -4.339134097099304199e-01 -2.082241773605346680e+00 -2.391532436013221741e-02 9.715402722358703613e-01 2.356632351875305176e-01 5.376849770545959473e-01 4.515427052974700928e-01 -1.998176723718643188e-01 8.695870637893676758e-01 2.705000877380371094e+01
8.896924853324890137e-01 1.298547536134719849e-01 -4.377035200595855713e-01 -2.357300758361816406e+00 -2.563185058534145355e-02 9.713938832283020020e-01 2.360859513282775879e-01 6.613786816596984863e-01 4.558393657207489014e-01 -1.988248229026794434e-01 8.675705790519714355e-01 2.755609321594238281e+01
8.865281343460083008e-01 1.326479464769363403e-01 -4.432512223720550537e-01 -2.684062480926513672e+00 -2.534639276564121246e-02 9.705058336257934570e-01 2.397406101226806641e-01 8.185746669769287109e-01 4.619789719581604004e-01 -2.013020515441894531e-01 8.637432456016540527e-01 2.816215896606445312e+01
8.855807185173034668e-01 1.339651942253112793e-01 -4.447463750839233398e-01 -3.072034358978271484e+00 -2.556436136364936829e-02 9.701110720634460449e-01 2.413101345300674438e-01 1.013124823570251465e+00 4.637805223464965820e-01 -2.023300379514694214e-01 8.625367283821105957e-01 2.891105270385742188e+01
8.834360241889953613e-01 1.358569562435150146e-01 -4.484226107597351074e-01 -3.464545965194702148e+00 -2.558715827763080597e-02 9.696013927459716797e-01 2.433474212884902954e-01 1.210989713668823242e+00 4.678516387939453125e-01 -2.035081088542938232e-01 8.600573539733886719e-01 2.964595222473144531e+01
8.811506628990173340e-01 1.377355456352233887e-01 -4.523290991783142090e-01 -3.860539674758911133e+00 -2.432363480329513550e-02 9.685696959495544434e-01 2.475491762161254883e-01 1.409169316291809082e+00 4.722086191177368164e-01 -2.071259319782257080e-01 8.568063974380493164e-01 3.037643051147460938e+01
8.800987005233764648e-01 1.383209228515625000e-01 -4.541946649551391602e-01 -4.290541648864746094e+00 -2.298164553940296173e-02 9.679115414619445801e-01 2.502369582653045654e-01 1.634277939796447754e+00 4.742332994937896729e-01 -2.097951918840408325e-01 8.550369143486022949e-01 3.118528366088867188e+01
8.799619078636169434e-01 1.383069157600402832e-01 -4.544638991355895996e-01 -4.719374179840087891e+00 -2.279877476394176483e-02 9.678717255592346191e-01 2.504077553749084473e-01 1.855212688446044922e+00 4.744958877563476562e-01 -2.099881917238235474e-01 8.548438549041748047e-01 3.198575401306152344e+01
8.786985874176025391e-01 1.396806240081787109e-01 -4.564836919307708740e-01 -5.194602966308593750e+00 -2.239743620157241821e-02 9.672443866729736328e-01 2.528561055660247803e-01 2.104732990264892578e+00 4.768503904342651367e-01 -2.119603455066680908e-01 8.530450463294982910e-01 3.287605285644531250e+01
8.778299093246459961e-01 1.407827883958816528e-01 -4.578144550323486328e-01 -5.647494316101074219e+00 -2.170258201658725739e-02 9.665369391441345215e-01 2.556069493293762207e-01 2.340708255767822266e+00 4.784796535968780518e-01 -2.144438028335571289e-01 8.515106439590454102e-01 3.372167587280273438e+01
8.752717971801757812e-01 1.416639834642410278e-01 -4.624174237251281738e-01 -6.104642868041992188e+00 -1.953818835318088531e-02 9.657144546508789062e-01 2.588693201541900635e-01 2.585034370422363281e+00 4.832356870174407959e-01 -2.175463587045669556e-01 8.480307459831237793e-01 3.457513046264648438e+01
8.741056919097900391e-01 1.446545422077178955e-01 -4.636955261230468750e-01 -6.509831905364990234e+00 -2.131492272019386292e-02 9.651297926902770996e-01 2.609015107154846191e-01 2.800733089447021484e+00 4.852669537067413330e-01 -2.181720435619354248e-01 8.467090725898742676e-01 3.532682800292968750e+01
8.748046755790710449e-01 1.437417864799499512e-01 -4.626600146293640137e-01 -6.927102088928222656e+00 -1.996433176100254059e-02 9.648562073707580566e-01 2.620179057121276855e-01 3.021876811981201172e+00 4.840632975101470947e-01 -2.199779599905014038e-01 8.469307422637939453e-01 3.610445785522460938e+01
8.767210245132446289e-01 1.422403156757354736e-01 -4.594856798648834229e-01 -7.364894390106201172e+00 -1.896349713206291199e-02 9.647535681724548340e-01 2.624697685241699219e-01 3.257511854171752930e+00 4.806242287158966064e-01 -2.213994860649108887e-01 8.485174775123596191e-01 3.691796875000000000e+01
8.731174468994140625e-01 1.432180851697921753e-01 -4.659975767135620117e-01 -7.777528762817382812e+00 -1.666921004652976990e-02 9.640857577323913574e-01 2.650664150714874268e-01 3.481524229049682617e+00 4.872239232063293457e-01 -2.236664444208145142e-01 8.441478013992309570e-01 3.768068313598632812e+01
8.762699961662292480e-01 1.420167684555053711e-01 -4.604142010211944580e-01 -8.210855484008789062e+00 -1.691518165171146393e-02 9.640522599220275879e-01 2.651727497577667236e-01 3.710762500762939453e+00 4.815222620964050293e-01 -2.245750874280929565e-01 8.471727967262268066e-01 3.848201751708984375e+01
8.778613209724426270e-01 1.423628181219100952e-01 -4.572651386260986328e-01 -8.676103591918945312e+00 -1.748985424637794495e-02 9.636889100074768066e-01 2.664532363414764404e-01 3.966752767562866211e+00 4.785942733287811279e-01 -2.259116619825363159e-01 8.484756350517272949e-01 3.935762023925781250e+01
8.753010034561157227e-01 1.462374478578567505e-01 -4.609358012676239014e-01 -9.095205307006835938e+00 -1.658157818019390106e-02 9.616943597793579102e-01 2.736212313175201416e-01 4.198067188262939453e+00 4.832929372787475586e-01 -2.318580746650695801e-01 8.441973924636840820e-01 4.013100051879882812e+01
8.738363385200500488e-01 1.458477377891540527e-01 -4.638292193412780762e-01 -9.505087852478027344e+00 -1.467916928231716156e-02 9.614292979240417480e-01 2.746594548225402832e-01 4.431959152221679688e+00 4.859973490238189697e-01 -2.331989556550979614e-01 8.422732949256896973e-01 4.087999725341796875e+01
8.757722973823547363e-01 1.440856754779815674e-01 -4.607182443141937256e-01 -9.928694725036621094e+00 -1.329084485769271851e-02 9.612495899200439453e-01 2.753581404685974121e-01 4.671080112457275391e+00 4.825402796268463135e-01 -2.350278794765472412e-01 8.437512516975402832e-01 4.165673446655273438e+01
8.761184215545654297e-01 1.448061615228652954e-01 -4.598334133625030518e-01 -1.032020568847656250e+01 -1.411802414804697037e-02 9.611204266548156738e-01 2.757674455642700195e-01 4.895025730133056641e+00 4.818879961967468262e-01 -2.351131737232208252e-01 8.441001772880554199e-01 4.237698364257812500e+01
8.753788471221923828e-01 1.449733972549438477e-01 -4.611872434616088867e-01 -1.074377250671386719e+01 -1.229754649102687836e-02 9.603453278541564941e-01 2.785408794879913330e-01 5.134013175964355469e+00 4.832799434661865234e-01 -2.381574958562850952e-01 8.424493074417114258e-01 4.316301727294921875e+01
8.750910162925720215e-01 1.454491317272186279e-01 -4.615836441516876221e-01 -1.125015258789062500e+01 -1.084093935787677765e-02 9.594206213951110840e-01 2.817692458629608154e-01 5.430753231048583984e+00 4.838359057903289795e-01 -2.415698915719985962e-01 8.411576151847839355e-01 4.409366989135742188e+01
8.751463890075683594e-01 1.414830088615417480e-01 -4.627099633216857910e-01 -1.183552360534667969e+01 -4.890295676887035370e-03 9.588313102722167969e-01 2.839329540729522705e-01 5.766313552856445312e+00 4.838324487209320068e-01 -2.462202906608581543e-01 8.398101329803466797e-01 4.516898727416992188e+01
8.776510357856750488e-01 1.378555446863174438e-01 -4.590464532375335693e-01 -1.242993545532226562e+01 -1.048920443281531334e-03 9.582946896553039551e-01 2.857785820960998535e-01 6.107865333557128906e+00 4.792979061603546143e-01 -2.503325343132019043e-01 8.411934971809387207e-01 4.627495956420898438e+01
8.774029016494750977e-01 1.363532990217208862e-01 -4.599685370922088623e-01 -1.304869651794433594e+01 1.386245829053223133e-03 9.580354690551757812e-01 2.866448163986206055e-01 6.468551158905029297e+00 4.797511398792266846e-01 -2.521407902240753174e-01 8.403946757316589355e-01 4.741033172607421875e+01
8.779867887496948242e-01 1.399399489164352417e-01 -4.577719569206237793e-01 -1.361083984375000000e+01 -1.151717035099864006e-03 9.569278955459594727e-01 2.903219461441040039e-01 6.802118778228759766e+00 4.786824285984039307e-01 -2.543717622756958008e-01 8.403317928314208984e-01 4.843636703491210938e+01
8.763051033020019531e-01 1.376779377460479736e-01 -4.616636931896209717e-01 -1.419987201690673828e+01 3.593813627958297729e-03 9.563989639282226562e-01 2.920400798320770264e-01 7.156763076782226562e+00 4.817421436309814453e-01 -2.575754523277282715e-01 8.376029729843139648e-01 4.952198791503906250e+01
8.754377961158752441e-01 1.397113651037216187e-01 -4.626971781253814697e-01 -1.477945232391357422e+01 4.081526305526494980e-03 9.551396369934082031e-01 2.961266338825225830e-01 7.506531238555908203e+00 4.833126366138458252e-01 -2.611290812492370605e-01 8.355954885482788086e-01 5.056665802001953125e+01
8.752403259277343750e-01 1.388991773128509521e-01 -4.633148312568664551e-01 -1.536576366424560547e+01 6.126006133854389191e-03 9.546200633049011230e-01 2.977621853351593018e-01 7.861724376678466797e+00 4.836485683917999268e-01 -2.634518742561340332e-01 8.346714377403259277e-01 5.161800003051757812e+01
8.729934096336364746e-01 1.376992762088775635e-01 -4.678896367549896240e-01 -1.594973945617675781e+01 1.074067130684852600e-02 9.536578059196472168e-01 3.007001876831054688e-01 8.222898483276367188e+00 4.876128435134887695e-01 -2.675348818302154541e-01 8.310584425926208496e-01 5.267003631591796875e+01
8.725332617759704590e-01 1.359390467405319214e-01 -4.692606031894683838e-01 -1.652898788452148438e+01 1.175537053495645523e-02 9.543892145156860352e-01 2.983324825763702393e-01 8.571745872497558594e+00 4.884122908115386963e-01 -2.658215165138244629e-01 8.311387896537780762e-01 5.368785476684570312e+01
8.734909892082214355e-01 1.337123066186904907e-01 -4.681171476840972900e-01 -1.711750221252441406e+01 1.409660745412111282e-02 9.541929960250854492e-01 2.988580465316772461e-01 8.936492919921875000e+00 4.866351187229156494e-01 -2.676488757133483887e-01 8.315947055816650391e-01 5.474258041381835938e+01
8.727907538414001465e-01 1.338537186384201050e-01 -4.693811237812042236e-01 -1.770452117919921875e+01 1.511997915804386139e-02 9.537854194641113281e-01 3.001064062118530273e-01 9.294759750366210938e+00 4.878593087196350098e-01 -2.690272927284240723e-01 8.304318189620971680e-01 5.579634094238281250e+01
8.727339506149291992e-01 1.336504817008972168e-01 -4.695445895195007324e-01 -1.826114273071289062e+01 1.498173736035823822e-02 9.540112614631652832e-01 2.993946075439453125e-01 9.637319564819335938e+00 4.879651665687561035e-01 -2.683265805244445801e-01 8.305963277816772461e-01 5.679405593872070312e+01
8.723755478858947754e-01 1.320116668939590454e-01 -4.706728756427764893e-01 -1.881882095336914062e+01 1.739682443439960480e-02 9.538508057594299316e-01 2.997750639915466309e-01 9.973779678344726562e+00 4.885255992412567139e-01 -2.697047889232635498e-01 8.298201560974121094e-01 5.779194259643554688e+01
8.725869059562683105e-01 1.315600126981735229e-01 -4.704074263572692871e-01 -1.937485885620117188e+01 1.934225112199783325e-02 9.529836177825927734e-01 3.024023771286010742e-01 1.032067108154296875e+01 4.880747497081756592e-01 -2.729712426662445068e-01 8.290169835090637207e-01 5.879104232788085938e+01
8.708215355873107910e-01 1.335518509149551392e-01 -4.731096923351287842e-01 -1.993900489807128906e+01 1.887919381260871887e-02 9.525951147079467773e-01 3.036531209945678711e-01 1.066955947875976562e+01 4.912355542182922363e-01 -2.733597457408905029e-01 8.270196318626403809e-01 5.979000473022460938e+01
8.655655980110168457e-01 1.337679624557495117e-01 -4.825984835624694824e-01 -2.053773307800292969e+01 2.884114533662796021e-02 9.487506747245788574e-01 3.147053420543670654e-01 1.103337383270263672e+01 4.999632835388183594e-01 -2.863169908523559570e-01 8.173485994338989258e-01 6.083473587036132812e+01
8.654125928878784180e-01 1.329594850540161133e-01 -4.830959737300872803e-01 -2.112584304809570312e+01 3.089195676147937775e-02 9.481573700904846191e-01 3.162948787212371826e-01 1.140867424011230469e+01 5.001055002212524414e-01 -2.886495590209960938e-01 8.164406418800354004e-01 6.183565139770507812e+01
8.660049438476562500e-01 1.327359527349472046e-01 -4.820949137210845947e-01 -2.172768974304199219e+01 3.061559982597827911e-02 9.482392668724060059e-01 3.160761296749114990e-01 1.178771877288818359e+01 4.990961551666259766e-01 -2.884832918643951416e-01 8.171167373657226562e-01 6.285394668579101562e+01
8.650572299957275391e-01 1.340192854404449463e-01 -4.834394156932830811e-01 -2.227968025207519531e+01 3.243164345622062683e-02 9.467003941535949707e-01 3.204772174358367920e-01 1.213078594207763672e+01 5.006225705146789551e-01 -2.929100394248962402e-01 8.146042227745056152e-01 6.378954696655273438e+01
8.631056547164916992e-01 1.318681389093399048e-01 -4.875020384788513184e-01 -2.283900451660156250e+01 3.751820698380470276e-02 9.458975195884704590e-01 3.222876489162445068e-01 1.248451042175292969e+01 5.036265850067138672e-01 -2.964586913585662842e-01 8.114627003669738770e-01 6.472605133056640625e+01
8.641953468322753906e-01 1.321545988321304321e-01 -4.854896962642669678e-01 -2.341916656494140625e+01 3.824515268206596375e-02 9.448457360267639160e-01 3.252735435962677002e-01 1.285098934173583984e+01 5.016994476318359375e-01 -2.996677458286285400e-01 8.114777803421020508e-01 6.569303894042968750e+01
8.632964491844177246e-01 1.323966383934020996e-01 -4.870206713676452637e-01 -2.400978660583496094e+01 3.857870772480964661e-02 9.448434710502624512e-01 3.252406120300292969e-01 1.323451900482177734e+01 5.032193064689636230e-01 -2.995679080486297607e-01 8.105730414390563965e-01 6.669600677490234375e+01
8.643265962600708008e-01 1.316768378019332886e-01 -4.853860139846801758e-01 -2.460189819335937500e+01 3.936165198683738708e-02 9.444448351860046387e-01 3.263027667999267578e-01 1.361233615875244141e+01 5.013871192932128906e-01 -3.011379539966583252e-01 8.111264705657958984e-01 6.768567657470703125e+01
8.640573024749755859e-01 1.321690529584884644e-01 -4.857315719127655029e-01 -2.519770431518554688e+01 4.077008366584777832e-02 9.433722496032714844e-01 3.292194902896881104e-01 1.399347782135009766e+01 5.017385482788085938e-01 -3.042679727077484131e-01 8.097398877143859863e-01 6.868156433105468750e+01
8.674972057342529297e-01 1.352064311504364014e-01 -4.787135422229766846e-01 -2.579860115051269531e+01 3.725495189428329468e-02 9.419903159141540527e-01 3.335642516613006592e-01 1.438706970214843750e+01 4.960438311100006104e-01 -3.072006702423095703e-01 8.121376633644104004e-01 6.970410156250000000e+01
8.694688677787780762e-01 1.348076462745666504e-01 -4.752363562583923340e-01 -2.638606262207031250e+01 3.629037737846374512e-02 9.420116543769836426e-01 3.336102664470672607e-01 1.479071331024169922e+01 4.926517009735107422e-01 -3.073104321956634521e-01 8.141584396362304688e-01 7.074008178710937500e+01
8.712421655654907227e-01 1.337424963712692261e-01 -4.722805619239807129e-01 -2.698046875000000000e+01 3.617056086659431458e-02 9.420549273490905762e-01 3.335011303424835205e-01 1.519477844238281250e+01 4.895177781581878662e-01 -3.076430857181549072e-01 8.159212470054626465e-01 7.177788543701171875e+01
8.732432126998901367e-01 1.336267441511154175e-01 -4.686034619808197021e-01 -2.753736686706542969e+01 3.599414601922035217e-02 9.413482546806335449e-01 3.355095982551574707e-01 1.558394527435302734e+01 4.859523773193359375e-01 -3.098486065864562988e-01 8.172169923782348633e-01 7.276469421386718750e+01
8.730785846710205078e-01 1.356069445610046387e-01 -4.683412015438079834e-01 -2.801999282836914062e+01 3.479187563061714172e-02 9.407691955566406250e-01 3.372560143470764160e-01 1.591351222991943359e+01 4.863354563713073730e-01 -3.107456266880035400e-01 8.166482448577880859e-01 7.361248779296875000e+01
8.748281002044677734e-01 1.349831521511077881e-01 -4.652465283870697021e-01 -2.849657440185546875e+01 3.361018374562263489e-02 9.411677122116088867e-01 3.362624645233154297e-01 1.624913597106933594e+01 4.832650125026702881e-01 -3.098090291023254395e-01 8.188239336013793945e-01 7.446380615234375000e+01
8.750194311141967773e-01 1.345442980527877808e-01 -4.650138020515441895e-01 -2.898236846923828125e+01 3.442815318703651428e-02 9.408709406852722168e-01 3.370096385478973389e-01 1.659062004089355469e+01 4.828608930110931396e-01 -3.108997046947479248e-01 8.186489939689636230e-01 7.532171630859375000e+01
8.754764199256896973e-01 1.349989473819732666e-01 -4.640208184719085693e-01 -2.952372741699218750e+01 3.420596942305564880e-02 9.404696226119995117e-01 3.381506204605102539e-01 1.697200012207031250e+01 4.820476174354553223e-01 -3.119153380393981934e-01 8.187419176101684570e-01 7.629241943359375000e+01
8.739481568336486816e-01 1.301758140325546265e-01 -4.682604372501373291e-01 -3.010486030578613281e+01 4.089796170592308044e-02 9.403477311134338379e-01 3.377462923526763916e-01 1.738509750366210938e+01 4.842941761016845703e-01 -3.143238127231597900e-01 8.164919018745422363e-01 7.732598114013671875e+01
8.743336200714111328e-01 1.285460740327835083e-01 -4.679910838603973389e-01 -3.067675781250000000e+01 4.287512972950935364e-02 9.400557875633239746e-01 3.383133411407470703e-01 1.778100776672363281e+01 4.834267199039459229e-01 -3.158640563488006592e-01 8.164116144180297852e-01 7.831565856933593750e+01
