9.999993443489074707e-01 6.428988999687135220e-04 9.235866018570959568e-04 1.252481248229742050e-02 -6.439480348490178585e-04 9.999991655349731445e-01 1.136136008426547050e-03 -2.594718337059020996e-02 -9.228553972207009792e-04 -1.136729959398508072e-03 9.999989271163940430e-01 1.511380910873413086e+00
9.999961853027343750e-01 -2.603030297905206680e-03 -8.418745128437876701e-04 1.458986289799213409e-02 2.602393971756100655e-03 9.999963641166687012e-01 -7.561416132375597954e-04 -4.427417740225791931e-02 8.438398363068699837e-04 7.539479993283748627e-04 9.999993443489074707e-01 3.218391180038452148e+00
9.999908208847045898e-01 -3.684393130242824554e-03 -2.153839450329542160e-03 2.008997648954391479e-02 3.683373797684907913e-03 9.999932050704956055e-01 -4.770973464474081993e-04 -6.454404443502426147e-02 2.155582653358578682e-03 4.691597423516213894e-04 9.999975562095642090e-01 4.761901378631591797e+00
9.999791979789733887e-01 -5.400648340582847595e-03 -3.498430363833904266e-03 1.833672262728214264e-02 5.408620927482843399e-03 9.999828934669494629e-01 2.273222198709845543e-03 -8.655104041099548340e-02 3.486093599349260330e-03 -2.292096382007002831e-03 9.999912381172180176e-01 6.234067916870117188e+00
9.999208450317382812e-01 -1.088114362210035324e-02 -6.303628906607627869e-03 1.718556135892868042e-02 1.089090853929519653e-02 9.999396800994873047e-01 1.516457181423902512e-03 -1.058456972241401672e-01 6.286747753620147705e-03 -1.584989018738269806e-03 9.999788999557495117e-01 7.766436100006103516e+00
9.999051094055175781e-01 -1.257211249321699142e-02 -5.622412078082561493e-03 1.974913105368614197e-02 1.258474402129650116e-02 9.999184608459472656e-01 2.216522581875324249e-03 -1.295949816703796387e-01 5.594087298959493637e-03 -2.287068404257297516e-03 9.999816417694091797e-01 9.161674499511718750e+00
9.999431371688842773e-01 -9.713871404528617859e-03 -4.376747645437717438e-03 1.627242751419544220e-02 9.727498516440391541e-03 9.999479651451110840e-01 3.102551680058240891e-03 -1.493605077266693115e-01 4.346382338553667068e-03 -3.144949674606323242e-03 9.999855160713195801e-01 1.066275024414062500e+01
9.998905658721923828e-01 -1.409165374934673309e-02 -4.480345174670219421e-03 2.209409698843955994e-02 1.412021182477474213e-02 9.998798370361328125e-01 6.406808272004127502e-03 -1.699311286211013794e-01 4.389524925500154495e-03 -6.469369865953922272e-03 9.999693036079406738e-01 1.221488857269287109e+01
9.998387694358825684e-01 -1.650222577154636383e-02 -7.072797045111656189e-03 1.860098913311958313e-02 1.656135357916355133e-02 9.998278021812438965e-01 8.383839391171932220e-03 -1.768999248743057251e-01 6.933227647095918655e-03 -8.499621413648128510e-03 9.999397397041320801e-01 1.376677513122558594e+01
9.996152520179748535e-01 -2.354116924107074738e-02 -1.466402038931846619e-02 -1.801036298274993896e-03 2.368022687733173370e-02 9.996756315231323242e-01 9.382194839417934418e-03 -1.835903078317642212e-01 1.443839445710182190e-02 -9.725831449031829834e-03 9.998483657836914062e-01 1.533383560180664062e+01
9.995195269584655762e-01 -2.379399910569190979e-02 -1.985829509794712067e-02 -1.976935938000679016e-02 2.404380217194557190e-02 9.996336698532104492e-01 1.243640296161174774e-02 -1.920077204704284668e-01 1.955510675907135010e-02 -1.290789619088172913e-02 9.997253417968750000e-01 1.694045829772949219e+01
9.993689656257629395e-01 -2.585517428815364838e-02 -2.435043826699256897e-02 -5.327945947647094727e-02 2.616951800882816315e-02 9.995772242546081543e-01 1.267984881997108459e-02 -1.973537206649780273e-01 2.401230111718177795e-02 -1.330908574163913727e-02 9.996229410171508789e-01 1.854124069213867188e+01
9.993550777435302734e-01 -2.739013917744159698e-02 -2.321460470557212830e-02 -8.550144731998443604e-02 2.772892452776432037e-02 9.995118975639343262e-01 1.439922302961349487e-02 -1.960754841566085815e-01 2.280887402594089508e-02 -1.503365300595760345e-02 9.996266365051269531e-01 2.018314743041992188e+01
9.993945956230163574e-01 -2.804884687066078186e-02 -2.057606354355812073e-02 -1.170715987682342529e-01 2.836224250495433807e-02 9.994838237762451172e-01 1.510044652968645096e-02 -1.956708282232284546e-01 2.014189027249813080e-02 -1.567488908767700195e-02 9.996740818023681641e-01 2.174043846130371094e+01
9.992781877517700195e-01 -2.960370108485221863e-02 -2.379963919520378113e-02 -1.420131176710128784e-01 2.997070923447608948e-02 9.994351863861083984e-01 1.521443575620651245e-02 -2.024524658918380737e-01 2.333578839898109436e-02 -1.591674610972404480e-02 9.996008276939392090e-01 2.321458816528320312e+01
9.992733597755432129e-01 -2.838340960443019867e-02 -2.543273381888866425e-02 -1.809059977531433105e-01 2.881594374775886536e-02 9.994436502456665039e-01 1.680468395352363586e-02 -2.054127007722854614e-01 2.494160458445549011e-02 -1.752534322440624237e-02 9.995351433753967285e-01 2.467850494384765625e+01
9.992978572845458984e-01 -2.968172729015350342e-02 -2.285569906234741211e-02 -2.122689485549926758e-01 3.006728366017341614e-02 9.994083046913146973e-01 1.671407371759414673e-02 -2.046898305416107178e-01 2.234606817364692688e-02 -1.738955080509185791e-02 9.995989203453063965e-01 2.620895767211914062e+01
9.988741874694824219e-01 -3.407301381230354309e-02 -3.299953788518905640e-02 -2.416210770606994629e-01 3.469682484865188599e-02 9.992264509201049805e-01 1.851871237158775330e-02 -2.000347673892974854e-01 3.234301880002021790e-02 -1.964284852147102356e-02 9.992836713790893555e-01 2.775391387939453125e+01
9.988866448402404785e-01 -3.603227064013481140e-02 -3.044231422245502472e-02 -2.673835754394531250e-01 3.668962046504020691e-02 9.990994334220886230e-01 2.131732739508152008e-02 -2.000011056661605835e-01 2.964678220450878143e-02 -2.241051569581031799e-02 9.993090033531188965e-01 2.927441024780273438e+01
9.987714290618896484e-01 -3.639142587780952454e-02 -3.362756967544555664e-02 -3.035287559032440186e-01 3.711078315973281860e-02 9.990901947021484375e-01 2.102064900100231171e-02 -1.946299076080322266e-01 3.283199667930603027e-02 -2.224277332425117493e-02 9.992131590843200684e-01 3.071666908264160156e+01
9.986761212348937988e-01 -3.840321302413940430e-02 -3.421609476208686829e-02 -3.511358499526977539e-01 3.922673687338829041e-02 9.989486336708068848e-01 2.373045682907104492e-02 -1.793727725744247437e-01 3.326879441738128662e-02 -2.504123002290725708e-02 9.991324543952941895e-01 3.216849136352539062e+01
9.985244870185852051e-01 -3.857554122805595398e-02 -3.821550682187080383e-02 -4.003340601921081543e-01 3.953055292367935181e-02 9.989166855812072754e-01 2.455724589526653290e-02 -1.705447733402252197e-01 3.722679987549781799e-02 -2.603169530630111694e-02 9.989674687385559082e-01 3.363331604003906250e+01
9.985679388046264648e-01 -3.914243355393409729e-02 -3.646363317966461182e-02 -4.479593932628631592e-01 4.013940319418907166e-02 9.988287687301635742e-01 2.702215313911437988e-02 -1.632979214191436768e-01 3.536321595311164856e-02 -2.844708971679210663e-02 9.989693164825439453e-01 3.522364044189453125e+01
9.984612464904785156e-01 -4.275375977158546448e-02 -3.531153127551078796e-02 -5.043395161628723145e-01 4.368660598993301392e-02 9.987049102783203125e-01 2.608169987797737122e-02 -1.411883383989334106e-01 3.415071219205856323e-02 -2.758421376347541809e-02 9.990356564521789551e-01 3.673950576782226562e+01
9.981714487075805664e-01 -4.478302970528602600e-02 -4.059411212801933289e-02 -5.585650801658630371e-01 4.587992280721664429e-02 9.985954761505126953e-01 2.650358527898788452e-02 -1.333151310682296753e-01 3.935018926858901978e-02 -2.831758372485637665e-02 9.988238215446472168e-01 3.825641250610351562e+01
9.979972839355468750e-01 -4.667824506759643555e-02 -4.268608242273330688e-02 -6.088651418685913086e-01 4.790799692273139954e-02 9.984522461891174316e-01 2.825378254055976868e-02 -1.060474514961242676e-01 4.130117967724800110e-02 -3.024221025407314301e-02 9.986885786056518555e-01 3.976475524902343750e+01
9.978094696998596191e-01 -4.727325588464736938e-02 -4.627170413732528687e-02 -6.712815165519714355e-01 4.873988404870033264e-02 9.983274340629577637e-01 3.109717741608619690e-02 -7.969628274440765381e-02 4.472424462437629700e-02 -3.328434005379676819e-02 9.984443783760070801e-01 4.122219085693359375e+01
9.976595640182495117e-01 -4.996448010206222534e-02 -4.667549207806587219e-02 -7.434254884719848633e-01 5.156688764691352844e-02 9.980981945991516113e-01 3.378066420555114746e-02 -5.044265836477279663e-02 4.489888995885848999e-02 -3.610851243138313293e-02 9.983384013175964355e-01 4.268857574462890625e+01
9.975371360778808594e-01 -5.168103799223899841e-02 -4.741737619042396545e-02 -8.117486238479614258e-01 5.351918190717697144e-02 9.978302717208862305e-01 3.835005685687065125e-02 -2.383521199226379395e-02 4.533251747488975525e-02 -4.079334437847137451e-02 9.981383085250854492e-01 4.411272811889648438e+01
9.973613619804382324e-01 -5.405258014798164368e-02 -4.845868051052093506e-02 -8.826597929000854492e-01 5.594626441597938538e-02 9.976870417594909668e-01 3.861180692911148071e-02 1.578062772750854492e-02 4.625952616333961487e-02 -4.122100770473480225e-02 9.980781674385070801e-01 4.562099456787109375e+01
9.970533251762390137e-01 -5.758966505527496338e-02 -5.067177861928939819e-02 -9.513455033302307129e-01 5.955987423658370972e-02 9.974910020828247070e-01 3.826971352100372314e-02 5.165690183639526367e-02 4.834069684147834778e-02 -4.117495194077491760e-02 9.979814291000366211e-01 4.701589965820312500e+01
9.968195557594299316e-01 -6.045826151967048645e-02 -5.191439017653465271e-02 -1.020388722419738770e+00 6.239044666290283203e-02 9.973865151405334473e-01 3.643993288278579712e-02 8.317627012729644775e-02 4.957560822367668152e-02 -3.956300020217895508e-02 9.979860782623291016e-01 4.847549819946289062e+01
9.968189001083374023e-01 -6.063517183065414429e-02 -5.172047019004821777e-02 -1.088967442512512207e+00 6.264106184244155884e-02 9.973093271255493164e-01 3.808477893471717834e-02 1.078378558158874512e-01 4.927201941609382629e-02 -4.120344668626785278e-02 9.979347586631774902e-01 4.982307815551757812e+01
9.964534640312194824e-01 -6.539951264858245850e-02 -5.294265225529670715e-02 -1.162511348724365234e+00 6.780698150396347046e-02 9.966819286346435547e-01 4.502969235181808472e-02 1.525388807058334351e-01 4.982205107808113098e-02 -4.845986887812614441e-02 9.975814223289489746e-01 5.116881179809570312e+01
9.963373541831970215e-01 -6.776063889265060425e-02 -5.215225741267204285e-02 -1.224108576774597168e+00 7.021645456552505493e-02 9.964339137077331543e-01 4.679165035486221313e-02 1.983055174350738525e-01 4.879562929272651672e-02 -5.028221011161804199e-02 9.975419640541076660e-01 5.249761199951171875e+01
9.963626861572265625e-01 -6.955570727586746216e-02 -4.922249540686607361e-02 -1.284097075462341309e+00 7.180681079626083374e-02 9.963783025741577148e-01 4.554518312215805054e-02 2.388979196548461914e-01 4.587628319859504700e-02 -4.891402646899223328e-02 9.977484941482543945e-01 5.377166748046875000e+01
9.961083531379699707e-01 -7.155650109052658081e-02 -5.145154893398284912e-02 -1.346774339675903320e+00 7.402910292148590088e-02 9.961065053939819336e-01 4.787307232618331909e-02 2.823089063167572021e-01 4.782557860016822815e-02 -5.149567872285842896e-02 9.975270032882690430e-01 5.505045700073242188e+01
9.962158203125000000e-01 -7.242313027381896973e-02 -4.804437607526779175e-02 -1.399231910705566406e+00 7.492961734533309937e-02 9.958007931709289551e-01 5.259928852319717407e-02 3.202389478683471680e-01 4.403320699930191040e-02 -5.600019544363021851e-02 9.974589347839355469e-01 5.629487609863281250e+01
9.960031509399414062e-01 -7.345147430896759033e-02 -5.081224068999290466e-02 -1.457763195037841797e+00 7.619306445121765137e-02 9.956133961677551270e-01 5.430371686816215515e-02 3.728161156177520752e-01 4.660063982009887695e-02 -5.795821920037269592e-02 9.972304105758666992e-01 5.752611541748046875e+01
9.959736466407775879e-01 -7.305596768856048584e-02 -5.194844678044319153e-02 -1.517721652984619141e+00 7.588143646717071533e-02 9.956169724464416504e-01 5.467300117015838623e-02 4.166593849658966064e-01 4.772655293345451355e-02 -5.839479342103004456e-02 9.971516728401184082e-01 5.878997802734375000e+01
9.957882165908813477e-01 -7.675018906593322754e-02 -5.014541372656822205e-02 -1.573156118392944336e+00 7.963430136442184448e-02 9.951180815696716309e-01 5.829902365803718567e-02 4.592131972312927246e-01 4.542613402009010315e-02 -6.204678118228912354e-02 9.970385432243347168e-01 5.996391296386718750e+01
9.957907795906066895e-01 -7.777458429336547852e-02 -4.848867654800415039e-02 -1.625996589660644531e+00 8.055040985345840454e-02 9.950505495071411133e-01 5.819389224052429199e-02 5.142769813537597656e-01 4.372265934944152832e-02 -6.185472756624221802e-02 9.971266388893127441e-01 6.116034698486328125e+01
9.959026575088500977e-01 -7.810682803392410278e-02 -4.556806385517120361e-02 -1.677427172660827637e+00 8.070705831050872803e-02 9.950301647186279297e-01 5.832502245903015137e-02 5.616021156311035156e-01 4.078599810600280762e-02 -6.176371499896049500e-02 9.972566962242126465e-01 6.239147186279296875e+01
9.961567521095275879e-01 -7.701934128999710083e-02 -4.170043021440505981e-02 -1.715057730674743652e+00 7.939031720161437988e-02 9.951229691505432129e-01 5.854925140738487244e-02 6.141142249107360840e-01 3.698761388659477234e-02 -6.163484975695610046e-02 9.974127411842346191e-01 6.360387420654296875e+01
9.964686632156372070e-01 -7.962976396083831787e-02 -2.661891281604766846e-02 -1.724259495735168457e+00 8.115383237600326538e-02 9.947616457939147949e-01 6.216111779212951660e-02 6.634563207626342773e-01 2.152958512306213379e-02 -6.410183757543563843e-02 9.977106451988220215e-01 6.470555114746093750e+01
9.964494705200195312e-01 -8.248921483755111694e-02 -1.683007366955280304e-02 -1.717052578926086426e+00 8.338682353496551514e-02 9.945621490478515625e-01 6.239716336131095886e-02 7.181605696678161621e-01 1.159145310521125793e-02 -6.357903778553009033e-02 9.979090094566345215e-01 6.573952484130859375e+01
9.965646266937255859e-01 -8.212459087371826172e-02 -1.066529192030429840e-02 -1.709842920303344727e+00 8.263915032148361206e-02 9.945470690727233887e-01 6.362083554267883301e-02 7.741681933403015137e-01 5.382294300943613052e-03 -6.428364664316177368e-02 9.979166984558105469e-01 6.679211425781250000e+01
9.965470433235168457e-01 -8.284238725900650024e-02 -5.511258263140916824e-03 -1.697599411010742188e+00 8.302540332078933716e-02 9.944577217102050781e-01 6.450876593589782715e-02 8.254843354225158691e-01 1.366492360830307007e-04 -6.474360078573226929e-02 9.979014396667480469e-01 6.783275604248046875e+01
9.960270524024963379e-01 -8.868101239204406738e-02 8.061310276389122009e-03 -1.678369045257568359e+00 8.794713765382766724e-02 9.938722252845764160e-01 6.696334481239318848e-02 8.820781707763671875e-01 -1.395028736442327499e-02 -6.598834693431854248e-02 9.977223873138427734e-01 6.886537933349609375e+01
9.956514835357666016e-01 -9.156587719917297363e-02 1.711666770279407501e-02 -1.637805581092834473e+00 9.024193137884140015e-02 9.936948418617248535e-01 6.654178351163864136e-02 9.438194632530212402e-01 -2.310169301927089691e-02 -6.470779329538345337e-02 9.976363778114318848e-01 6.992984008789062500e+01
9.954350590705871582e-01 -9.222038835287094116e-02 2.457020245492458344e-02 -1.593044877052307129e+00 9.033649414777755737e-02 9.935114383697509766e-01 6.910189986228942871e-02 9.966443181037902832e-01 -3.078337199985980988e-02 -6.656686961650848389e-02 9.973065257072448730e-01 7.088388061523437500e+01
9.951206445693969727e-01 -9.449572116136550903e-02 2.836892381310462952e-02 -1.542177677154541016e+00 9.229235351085662842e-02 9.932045340538024902e-01 7.090540230274200439e-02 1.059149622917175293e+00 -3.487639129161834717e-02 -6.794118881225585938e-02 9.970790743827819824e-01 7.186666107177734375e+01
9.950311183929443359e-01 -9.371788054704666138e-02 3.360647708177566528e-02 -1.498254418373107910e+00 9.110143035650253296e-02 9.932078719139099121e-01 7.238319516181945801e-02 1.110564470291137695e+00 -4.016180709004402161e-02 -6.896191835403442383e-02 9.968100786209106445e-01 7.271804809570312500e+01
9.944695830345153809e-01 -9.517857432365417480e-02 4.439312219619750977e-02 -1.429684996604919434e+00 9.171929210424423218e-02 9.930054545402526855e-01 7.435318082571029663e-02 1.172509670257568359e+00 -5.115943029522895813e-02 -6.987024843692779541e-02 9.962428808212280273e-01 7.367736053466796875e+01
9.942378401756286621e-01 -9.423889219760894775e-02 5.108328536152839661e-02 -1.374013066291809082e+00 9.022520482540130615e-02 9.930265545845031738e-01 7.588337361812591553e-02 1.219597935676574707e+00 -5.787820741534233093e-02 -7.083711028099060059e-02 9.958067536354064941e-01 7.449271392822265625e+01
9.933202862739562988e-01 -9.534880518913269043e-02 6.498298048973083496e-02 -1.300330638885498047e+00 9.033557772636413574e-02 9.929957389831542969e-01 7.615464180707931519e-02 1.275993227958679199e+00 -7.178906351327896118e-02 -6.977567076683044434e-02 9.949756860733032227e-01 7.533483886718750000e+01
9.928560256958007812e-01 -9.508811682462692261e-02 7.207332551479339600e-02 -1.220839500427246094e+00 8.932644128799438477e-02 9.928371906280517578e-01 7.934533059597015381e-02 1.325908064842224121e+00 -7.910185307264328003e-02 -7.234042882919311523e-02 9.942377209663391113e-01 7.610927581787109375e+01
9.912694692611694336e-01 -9.721796959638595581e-02 8.906719088554382324e-02 -1.146849155426025391e+00 9.006423503160476685e-02 9.926287531852722168e-01 8.110039681196212769e-02 1.370803475379943848e+00 -9.629503637552261353e-02 -7.237058132886886597e-02 9.927178025245666504e-01 7.675520324707031250e+01
9.901488423347473145e-01 -9.735211730003356934e-02 1.006341949105262756e-01 -1.054004430770874023e+00 8.903012424707412720e-02 9.924702048301696777e-01 8.412608504295349121e-02 1.418378353118896484e+00 -1.080662459135055542e-01 -7.433787733316421509e-02 9.913598895072937012e-01 7.748405456542968750e+01
9.899984598159790039e-01 -9.728883206844329834e-02 1.021631136536598206e-01 -9.701200127601623535e-01 8.849813044071197510e-02 9.922418594360351562e-01 8.732110261917114258e-02 1.472435712814331055e+00 -1.098658293485641479e-01 -7.740652561187744141e-02 9.909271597862243652e-01 7.825222015380859375e+01
9.896790981292724609e-01 -9.724851697683334351e-02 1.052493602037429810e-01 -8.575214147567749023e-01 8.774439990520477295e-02 9.919363856315612793e-01 9.145431220531463623e-02 1.535392403602600098e+00 -1.132944151759147644e-01 -8.127539604902267456e-02 9.902310967445373535e-01 7.905418395996093750e+01
9.884721636772155762e-01 -9.672952443361282349e-02 1.164719387888908386e-01 -7.482138276100158691e-01 8.590286970138549805e-02 9.917982220649719238e-01 9.464564919471740723e-02 1.596354365348815918e+00 -1.246716305613517761e-01 -8.354932069778442383e-02 9.886735677719116211e-01 7.983620452880859375e+01
9.861196279525756836e-01 -9.889794141054153442e-02 1.333673447370529175e-01 -6.077431440353393555e-01 8.642998337745666504e-02 9.915979504585266113e-01 9.625057131052017212e-02 1.663360714912414551e+00 -1.417656987905502319e-01 -8.338765054941177368e-02 9.863812327384948730e-01 8.063893890380859375e+01
9.854266643524169922e-01 -9.817070513963699341e-02 1.389113366603851318e-01 -5.048993229866027832e-01 8.492416143417358398e-02 9.915287494659423828e-01 9.828232228755950928e-02 1.719691276550292969e+00 -1.473829448223114014e-01 -8.505309373140335083e-02 9.854152202606201172e-01 8.130152130126953125e+01
9.842423200607299805e-01 -9.923822432756423950e-02 1.463501900434494019e-01 -3.857532739639282227e-01 8.515256643295288086e-02 9.913806319236755371e-01 9.956998378038406372e-02 1.777808547019958496e+00 -1.549697816371917725e-01 -8.553889393806457520e-02 9.842085242271423340e-01 8.198734283447265625e+01
9.832499623298645020e-01 -1.008135154843330383e-01 1.518410891294479370e-01 -2.596296072006225586e-01 8.601322025060653687e-02 9.911527633666992188e-01 1.010865718126296997e-01 1.842454433441162109e+00 -1.606885045766830444e-01 -8.633301407098770142e-02 9.832216501235961914e-01 8.270544433593750000e+01
9.823628067970275879e-01 -9.900736808776855469e-02 1.586203128099441528e-01 -1.244577318429946899e-01 8.348082751035690308e-02 9.913025498390197754e-01 1.017384901642799377e-01 1.903023838996887207e+00 -1.673134714365005493e-01 -8.670233935117721558e-02 9.820834398269653320e-01 8.340911102294921875e+01
9.799276590347290039e-01 -9.953986108303070068e-02 1.727229505777359009e-01 2.015841007232666016e-02 8.227952569723129272e-02 9.911283850669860840e-01 1.043798252940177917e-01 1.960154056549072266e+00 -1.815804541110992432e-01 -8.807310461997985840e-02 9.794236421585083008e-01 8.403405761718750000e+01
9.785594940185546875e-01 -9.529968351125717163e-02 1.825895607471466064e-01 1.617864519357681274e-01 7.707241922616958618e-02 9.915384054183959961e-01 1.044602021574974060e-01 2.027874708175659180e+00 -1.909994781017303467e-01 -8.814790099859237671e-02 9.776237010955810547e-01 8.474385833740234375e+01
9.748827219009399414e-01 -9.438868612051010132e-02 2.017278522253036499e-01 3.197546005249023438e-01 7.419646531343460083e-02 9.916551113128662109e-01 1.054299846291542053e-01 2.087876319885253906e+00 -2.099957317113876343e-01 -8.781437575817108154e-02 9.737501740455627441e-01 8.540101623535156250e+01
9.702098965644836426e-01 -9.615880250930786133e-02 2.223646342754364014e-01 5.058136582374572754e-01 7.376017421483993530e-02 9.915252923965454102e-01 1.069460883736610413e-01 2.158620357513427734e+00 -2.307638525962829590e-01 -8.735848963260650635e-02 9.690797328948974609e-01 8.613180541992187500e+01
9.683703780174255371e-01 -9.709965437650680542e-02 2.298483848571777344e-01 7.091505527496337891e-01 7.340745627880096436e-02 9.912734627723693848e-01 1.094925925135612488e-01 2.235232830047607422e+00 -2.384741902351379395e-01 -8.915678411722183228e-02 9.670470952987670898e-01 8.690262603759765625e+01
9.651996493339538574e-01 -9.764012694358825684e-02 2.426022142171859741e-01 9.143822193145751953e-01 7.246356457471847534e-02 9.912159442901611328e-01 1.106364056468009949e-01 2.312692403793334961e+00 -2.512736320495605469e-01 -8.920639008283615112e-02 9.637960195541381836e-01 8.761658477783203125e+01
9.595665335655212402e-01 -9.618759155273437500e-02 2.645371556282043457e-01 1.117921829223632812e+00 6.856264919042587280e-02 9.913665056228637695e-01 1.117677688598632812e-01 2.379223585128784180e+00 -2.730038464069366455e-01 -8.911122381687164307e-02 9.578763246536254883e-01 8.828740692138671875e+01
9.559292793273925781e-01 -9.429691731929779053e-02 2.780416905879974365e-01 1.335142374038696289e+00 6.518664956092834473e-02 9.915494918823242188e-01 1.121638491749763489e-01 2.453164577484130859e+00 -2.862686812877655029e-01 -8.909608423709869385e-02 9.539974331855773926e-01 8.898162841796875000e+01
9.524903297424316406e-01 -9.637544304132461548e-02 2.889181673526763916e-01 1.605374097824096680e+00 6.575129926204681396e-02 9.913130402565002441e-01 1.139102801680564880e-01 2.535215854644775391e+00 -2.973864078521728516e-01 -8.950168639421463013e-02 9.505522847175598145e-01 8.977573394775390625e+01
9.475693106651306152e-01 -9.918132424354553223e-02 3.037685751914978027e-01 1.892895221710205078e+00 6.584907323122024536e-02 9.908165931701660156e-01 1.180962771177291870e-01 2.625161886215209961e+00 -3.126918077468872070e-01 -9.190151840448379517e-02 9.453977346420288086e-01 9.059175109863281250e+01
9.448111653327941895e-01 -1.023602709174156189e-01 3.112137317657470703e-01 2.232437133789062500e+00 6.829088181257247925e-02 9.906040430068969727e-01 1.184924840927124023e-01 2.732370138168334961e+00 -3.204183876514434814e-01 -9.069996327161788940e-02 9.429233670234680176e-01 9.153992462158203125e+01
9.412683844566345215e-01 -9.977103769779205322e-02 3.225822746753692627e-01 2.539946556091308594e+00 6.390131264925003052e-02 9.907203316688537598e-01 1.199597492814064026e-01 2.828514099121093750e+00 -3.315572142601013184e-01 -9.230088442564010620e-02 9.389085769653320312e-01 9.239936065673828125e+01
9.357092380523681641e-01 -9.984072297811508179e-02 3.383487462997436523e-01 2.844363451004028320e+00 6.179136410355567932e-02 9.906731843948364258e-01 1.214450076222419739e-01 2.922459602355957031e+00 -3.473180830478668213e-01 -9.273017942905426025e-02 9.331507086753845215e-01 9.315771484375000000e+01
9.343226552009582520e-01 -9.964402019977569580e-02 3.422164320945739746e-01 3.167510032653808594e+00 6.040986627340316772e-02 9.905071854591369629e-01 1.234768405556678772e-01 3.019937992095947266e+00 -3.512715101242065430e-01 -9.469395875930786133e-02 9.314721226692199707e-01 9.399329376220703125e+01
9.285926818847656250e-01 -1.028082892298698425e-01 3.565752804279327393e-01 3.519313097000122070e+00 6.108847260475158691e-02 9.900993108749389648e-01 1.263802796602249146e-01 3.126613140106201172e+00 -3.660378456115722656e-01 -9.557315707206726074e-02 9.256786704063415527e-01 9.488203430175781250e+01
9.248668551445007324e-01 -1.067127287387847900e-01 3.650116920471191406e-01 3.895077228546142578e+00 6.391323357820510864e-02 9.897869825363159180e-01 1.274250298738479614e-01 3.231386899948120117e+00 -3.748816847801208496e-01 -9.452208876609802246e-02 9.222408533096313477e-01 9.577215576171875000e+01
9.169949293136596680e-01 -1.114407926797866821e-01 3.830157220363616943e-01 4.302348613739013672e+00 6.435097754001617432e-02 9.889344573020935059e-01 1.336710304021835327e-01 3.351166725158691406e+00 -3.936738073825836182e-01 -9.792820364236831665e-02 9.140185117721557617e-01 9.670636749267578125e+01
9.144818186759948730e-01 -1.132855117321014404e-01 3.884444832801818848e-01 4.682964324951171875e+00 6.533739715814590454e-02 9.887519478797912598e-01 1.345401406288146973e-01 3.468236207962036133e+00 -3.993166387081146240e-01 -9.765455871820449829e-02 9.115967750549316406e-01 9.755538940429687500e+01
9.105857610702514648e-01 -1.148107945919036865e-01 3.970538079738616943e-01 5.000249862670898438e+00 6.644589453935623169e-02 9.888139963150024414e-01 1.335380524396896362e-01 3.561787843704223633e+00 -4.079438745975494385e-01 -9.521526098251342773e-02 9.080278873443603516e-01 9.822848510742187500e+01
9.053647518157958984e-01 -1.133405268192291260e-01 4.092289209365844727e-01 5.299821853637695312e+00 6.257438659667968750e-02 9.888100624084472656e-01 1.354243606328964233e-01 3.649582624435424805e+00 -4.199986159801483154e-01 -9.700119495391845703e-02 9.023251533508300781e-01 9.887313842773437500e+01
9.013710618019104004e-01 -1.138570308685302734e-01 4.178116917610168457e-01 5.652259349822998047e+00 6.236512213945388794e-02 9.888900518417358398e-01 1.349361836910247803e-01 3.742514371871948242e+00 -4.285331070423126221e-01 -9.557069838047027588e-02 8.984566926956176758e-01 9.958213806152343750e+01
8.994172811508178711e-01 -1.163778081536293030e-01 4.213130176067352295e-01 6.058412075042724609e+00 6.310612708330154419e-02 9.883785843849182129e-01 1.382974982261657715e-01 3.856580257415771484e+00 -4.325113296508789062e-01 -9.779971837997436523e-02 8.963080048561096191e-01 1.004276046752929688e+02
8.983954787254333496e-01 -1.178860068321228027e-01 4.230703115463256836e-01 6.489623069763183594e+00 6.394725292921066284e-02 9.881486296653747559e-01 1.395487189292907715e-01 3.982095479965209961e+00 -4.345069825649261475e-01 -9.831574559211730957e-02 8.952857255935668945e-01 1.013283767700195312e+02
8.961663246154785156e-01 -1.191908493638038635e-01 4.274103045463562012e-01 6.947467327117919922e+00 6.474066525697708130e-02 9.880622625350952148e-01 1.397943049669265747e-01 4.110728740692138672e+00 -4.389699995517730713e-01 -9.760810434818267822e-02 8.931835293769836426e-01 1.022585678100585938e+02
8.941546678543090820e-01 -1.199549734592437744e-01 4.313911497592926025e-01 7.391252994537353516e+00 6.454660743474960327e-02 9.879153370857238770e-01 1.409177631139755249e-01 4.244331359863281250e+00 -4.430815279483795166e-01 -9.815742820501327515e-02 8.910907506942749023e-01 1.031728973388671875e+02
8.926291465759277344e-01 -1.208688765764236450e-01 4.342855811119079590e-01 7.818145751953125000e+00 6.325308978557586670e-02 9.874360561370849609e-01 1.448095589876174927e-01 4.364133358001708984e+00 -4.463320672512054443e-01 -1.017913222312927246e-01 8.890585303306579590e-01 1.040337448120117188e+02
8.937404751777648926e-01 -1.274935603141784668e-01 4.300853610038757324e-01 8.280274391174316406e+00 6.856148689985275269e-02 9.863202571868896484e-01 1.499080955982208252e-01 4.505083560943603516e+00 -4.433140754699707031e-01 -1.044916361570358276e-01 8.902544379234313965e-01 1.049678573608398438e+02
8.931720256805419922e-01 -1.302281320095062256e-01 4.304468333721160889e-01 8.768627166748046875e+00 7.091771811246871948e-02 9.859652519226074219e-01 1.511421650648117065e-01 4.657135009765625000e+00 -4.440884292125701904e-01 -1.044696420431137085e-01 8.898710012435913086e-01 1.059478073120117188e+02
8.946153521537780762e-01 -1.305569410324096680e-01 4.273385703563690186e-01 9.210138320922851562e+00 7.081738859415054321e-02 9.857028722763061523e-01 1.528904885053634644e-01 4.797077655792236328e+00 -4.411896169185638428e-01 -1.065151840448379517e-01 8.910695910453796387e-01 1.068577804565429688e+02
8.937631845474243164e-01 -1.322875916957855225e-01 4.285877346992492676e-01 9.711593627929687500e+00 7.209448516368865967e-02 9.854642152786254883e-01 1.538291275501251221e-01 4.955798625946044922e+00 -4.427074193954467773e-01 -1.065879911184310913e-01 8.903078436851501465e-01 1.078767166137695312e+02
8.932762742042541504e-01 -1.329598724842071533e-01 4.293940663337707520e-01 1.019780921936035156e+01 7.153187692165374756e-02 9.851273298263549805e-01 1.562309861183166504e-01 5.111122608184814453e+00 -4.437801539897918701e-01 -1.088420599699020386e-01 8.895006775856018066e-01 1.088581771850585938e+02
8.890948295593261719e-01 -1.330544501543045044e-01 4.379576444625854492e-01 1.066846275329589844e+01 7.063557207584381104e-02 9.852403998374938965e-01 1.559257954359054565e-01 5.263586997985839844e+00 -4.522400200366973877e-01 -1.076974347233772278e-01 8.853694796562194824e-01 1.098030471801757812e+02
8.884001970291137695e-01 -1.344122588634490967e-01 4.389514923095703125e-01 1.114174365997314453e+01 7.095339149236679077e-02 9.848899841308593750e-01 1.579816639423370361e-01 5.411954879760742188e+00 -4.535534679889678955e-01 -1.092058420181274414e-01 8.845124244689941406e-01 1.107347488403320312e+02
8.878280520439147949e-01 -1.367754638195037842e-01 4.393789470195770264e-01 1.159288406372070312e+01 7.240720838308334351e-02 9.844357371330261230e-01 1.601385623216629028e-01 5.563338279724121094e+00 -4.544433057308197021e-01 -1.103613004088401794e-01 8.839120864868164062e-01 1.116286239624023438e+02
8.879804611206054688e-01 -1.416516453027725220e-01 4.375219345092773438e-01 1.205418014526367188e+01 7.553467154502868652e-02 9.833845496177673340e-01 1.650767922401428223e-01 5.715970993041992188e+00 -4.536356031894683838e-01 -1.135368794202804565e-01 8.839247822761535645e-01 1.125332031250000000e+02
8.876184821128845215e-01 -1.437726020812988281e-01 4.375646114349365234e-01 1.248608016967773438e+01 7.792958617210388184e-02 9.832146167755126953e-01 1.649757921695709229e-01 5.866273403167724609e+00 -4.539388120174407959e-01 -1.123363152146339417e-01 8.839225172996520996e-01 1.133879165649414062e+02
8.866002559661865234e-01 -1.449622213840484619e-01 4.392332732677459717e-01 1.292791271209716797e+01 7.827417552471160889e-02 9.829457998275756836e-01 1.664083451032638550e-01 6.019598007202148438e+00 -4.558653533458709717e-01 -1.131570488214492798e-01 8.828256726264953613e-01 1.142677536010742188e+02
8.868284821510314941e-01 -1.482773423194885254e-01 4.376631379127502441e-01 1.339585208892822266e+01 8.131752908229827881e-02 9.824169278144836426e-01 1.680640429258346558e-01 6.178426742553710938e+00 -4.548876881599426270e-01 -1.134542748332023621e-01 8.832917213439941406e-01 1.151949386596679688e+02
8.861703872680664062e-01 -1.491547524929046631e-01 4.386967420578002930e-01 1.393055725097656250e+01 8.111841231584548950e-02 9.820922017097473145e-01 1.700467169284820557e-01 6.369630813598632812e+00 -4.562038481235504150e-01 -1.151039674878120422e-01 8.823990225791931152e-01 1.162462005615234375e+02
8.866175413131713867e-01 -1.507152318954467773e-01 4.372577071189880371e-01 1.450425052642822266e+01 8.073641359806060791e-02 9.813347458839416504e-01 1.745418012142181396e-01 6.573132038116455078e+00 -4.554022252559661865e-01 -1.194491609930992126e-01 8.822355866432189941e-01 1.173991699218750000e+02
8.873172402381896973e-01 -1.524346768856048584e-01 4.352377653121948242e-01 1.498743915557861328e+01 8.204515278339385986e-02 9.809147119522094727e-01 1.762836873531341553e-01 6.747836589813232422e+00 -4.538028240203857422e-01 -1.207103505730628967e-01 8.828878402709960938e-01 1.183764953613281250e+02
8.882451653480529785e-01 -1.549869626760482788e-01 4.324346482753753662e-01 1.550184345245361328e+01 8.472295850515365601e-02 9.804881215095520020e-01 1.773866117000579834e-01 6.933267593383789062e+00 -4.514895975589752197e-01 -1.209255903959274292e-01 8.840435743331909180e-01 1.194014663696289062e+02
8.903539180755615234e-01 -1.566543281078338623e-01 4.274686276912689209e-01 1.601922225952148438e+01 8.762215077877044678e-02 9.803459048271179199e-01 1.767631322145462036e-01 7.138711452484130859e+00 -4.467577636241912842e-01 -1.199259608983993530e-01 8.865800499916076660e-01 1.204765930175781250e+02
8.897412419319152832e-01 -1.607609689235687256e-01 4.272195398807525635e-01 1.658599853515625000e+01 9.132574498653411865e-02 9.797003865242004395e-01 1.784592717885971069e-01 7.347037792205810547e+00 -4.472363889217376709e-01 -1.197663694620132446e-01 8.863602876663208008e-01 1.216096038818359375e+02
8.894274234771728516e-01 -1.645148992538452148e-01 4.264431893825531006e-01 1.718623733520507812e+01 9.447887539863586426e-02 9.790033698081970215e-01 1.806301772594451904e-01 7.572012424468994141e+00 -4.472056031227111816e-01 -1.203674972057342529e-01 8.862943649291992188e-01 1.228346481323242188e+02
8.896738290786743164e-01 -1.676064878702163696e-01 4.247218668460845947e-01 1.770038604736328125e+01 9.673105180263519287e-02 9.782636761665344238e-01 1.834240406751632690e-01 7.773602962493896484e+00 -4.462329745292663574e-01 -1.221037060022354126e-01 8.865470290184020996e-01 1.239056472778320312e+02
8.904564380645751953e-01 -1.719710826873779297e-01 4.213233292102813721e-01 1.823439598083496094e+01 1.005338504910469055e-01 9.773111343383789062e-01 1.864321231842041016e-01 7.994667053222656250e+00 -4.438248872756958008e-01 -1.236523538827896118e-01 8.875406980514526367e-01 1.250172119140625000e+02
8.905302286148071289e-01 -1.765484213829040527e-01 4.192691743373870850e-01 1.878308868408203125e+01 1.039773449301719666e-01 9.762195348739624023e-01 1.902239024639129639e-01 8.227615356445312500e+00 -4.428824484348297119e-01 -1.258055567741394043e-01 8.877089023590087891e-01 1.261698760986328125e+02
8.929199576377868652e-01 -1.795373708009719849e-01 4.128684699535369873e-01 1.926916885375976562e+01 1.068749427795410156e-01 9.753615856170654297e-01 1.929986774921417236e-01 8.437196731567382812e+00 -4.373464882373809814e-01 -1.282069981098175049e-01 8.901067376136779785e-01 1.272022933959960938e+02
8.951622843742370605e-01 -1.846333295106887817e-01 4.057032167911529541e-01 1.979989433288574219e+01 1.120983511209487915e-01 9.741753935813903809e-01 1.960029453039169312e-01 8.661989212036132812e+00 -4.314147830009460449e-01 -1.299756914377212524e-01 8.927410244941711426e-01 1.283452148437500000e+02
8.960794210433959961e-01 -1.863687187433242798e-01 4.028752148151397705e-01 2.035276603698730469e+01 1.126279607415199280e-01 9.733507037162780762e-01 1.997604370117187500e-01 8.912471771240234375e+00 -4.293679594993591309e-01 -1.336261183023452759e-01 8.931887149810791016e-01 1.295590972900390625e+02
8.986418247222900391e-01 -1.855314373970031738e-01 3.975184559822082520e-01 2.091395950317382812e+01 1.127943396568298340e-01 9.734192490577697754e-01 1.993320286273956299e-01 9.177521705627441406e+00 -4.239344596862792969e-01 -1.342901885509490967e-01 8.956810832023620605e-01 1.307908477783203125e+02
8.975058197975158691e-01 -1.930389553308486938e-01 3.965086936950683594e-01 2.147543144226074219e+01 1.171795427799224854e-01 9.711757302284240723e-01 2.075753211975097656e-01 9.438402175903320312e+00 -4.251497387886047363e-01 -1.398372799158096313e-01 8.942550420761108398e-01 1.320120086669921875e+02
8.973852992057800293e-01 -1.936790347099304199e-01 3.964693844318389893e-01 2.195978355407714844e+01 1.174526140093803406e-01 9.709507226943969727e-01 2.084714770317077637e-01 9.675209999084472656e+00 -4.253287911415100098e-01 -1.405127942562103271e-01 8.940640091896057129e-01 1.331013946533203125e+02
8.972770571708679199e-01 -1.966608166694641113e-01 3.952445983886718750e-01 2.242604064941406250e+01 1.198255419731140137e-01 9.701787233352661133e-01 2.107035070657730103e-01 9.901946067810058594e+00 -4.248949885368347168e-01 -1.416989564895629883e-01 8.940830826759338379e-01 1.341306610107421875e+02
8.976528048515319824e-01 -2.015124410390853882e-01 3.919337987899780273e-01 2.292230033874511719e+01 1.224700585007667542e-01 9.683712124824523926e-01 2.173919081687927246e-01 1.015592956542968750e+01 -4.233445227146148682e-01 -1.471422314643859863e-01 8.939393162727355957e-01 1.352588806152343750e+02
8.957638740539550781e-01 -2.011202424764633179e-01 3.964313268661499023e-01 2.341281509399414062e+01 1.217193752527236938e-01 9.686864018440246582e-01 2.164072394371032715e-01 1.040219116210937500e+01 -4.275414347648620605e-01 -1.455963402986526489e-01 8.921933770179748535e-01 1.363466033935546875e+02
8.959262371063232422e-01 -2.024471163749694824e-01 3.953877687454223633e-01 2.392874526977539062e+01 1.226895228028297424e-01 9.682601690292358398e-01 2.177626937627792358e-01 1.065846729278564453e+01 -4.269236028194427490e-01 -1.465892940759658813e-01 8.923266530036926270e-01 1.374732360839843750e+02
8.974719047546386719e-01 -2.035778760910034180e-01 3.912804722785949707e-01 2.440797042846679688e+01 1.233075410127639771e-01 9.675453305244445801e-01 2.205726802349090576e-01 1.090315055847167969e+01 -4.234852790832519531e-01 -1.497098505496978760e-01 8.934462666511535645e-01 1.385274963378906250e+02
8.978317379951477051e-01 -2.077943533658981323e-01 3.882265388965606689e-01 2.488517570495605469e+01 1.275710612535476685e-01 9.665898084640502930e-01 2.223304063081741333e-01 1.115771293640136719e+01 -4.214547872543334961e-01 -1.500887274742126465e-01 8.943423628807067871e-01 1.396155853271484375e+02
8.973588943481445312e-01 -2.094167172908782959e-01 3.884480595588684082e-01 2.540843582153320312e+01 1.287496685981750488e-01 9.661753177642822266e-01 2.234497815370559692e-01 1.143318843841552734e+01 -4.221030175685882568e-01 -1.505019962787628174e-01 8.939670920372009277e-01 1.407865600585937500e+02
8.972153663635253906e-01 -2.103448510169982910e-01 3.882780969142913818e-01 2.590403747558593750e+01 1.295024603605270386e-01 9.659386873245239258e-01 2.240370213985443115e-01 1.170456123352050781e+01 -4.221778213977813721e-01 -1.507263928651809692e-01 8.938939571380615234e-01 1.419107666015625000e+02
8.985347151756286621e-01 -2.127133011817932129e-01 3.839123547077178955e-01 2.639847183227539062e+01 1.318463385105133057e-01 9.651259183883666992e-01 2.261626869440078735e-01 1.197244358062744141e+01 -4.186315238475799561e-01 -1.525975018739700317e-01 8.952433466911315918e-01 1.430481567382812500e+02
8.980333805084228516e-01 -2.137293964624404907e-01 3.845205008983612061e-01 2.690118026733398438e+01 1.326378583908081055e-01 9.649228453636169434e-01 2.265658080577850342e-01 1.225298976898193359e+01 -4.194563627243041992e-01 -1.524616032838821411e-01 8.948803544044494629e-01 1.442002716064453125e+02
