9.999924302101135254e-01 1.176233869045972824e-03 -3.708141390234231949e-03 -4.880215972661972046e-03 -1.173062250018119812e-03 9.999989271163940430e-01 8.572130464017391205e-04 -2.335015870630741119e-02 3.709145821630954742e-03 -8.528558537364006042e-04 9.999927282333374023e-01 1.191013336181640625e+00
9.999711513519287109e-01 1.478060497902333736e-03 -7.446376606822013855e-03 -1.309076417237520218e-02 -1.464368309825658798e-03 9.999971985816955566e-01 1.843727543018758297e-03 -4.279147461056709290e-02 7.449081167578697205e-03 -1.832769019529223442e-03 9.999705553054809570e-01 2.374938488006591797e+00
9.999471306800842285e-01 1.699325744993984699e-03 -1.013921946287155151e-02 -2.731845155358314514e-02 -1.688816933892667294e-03 9.999979734420776367e-01 1.044857315719127655e-03 -6.225654110312461853e-02 1.014097593724727631e-02 -1.027677441015839577e-03 9.999480247497558594e-01 3.535152196884155273e+00
9.998964667320251465e-01 1.249921973794698715e-03 -1.433436572551727295e-02 -4.428756237030029297e-02 -1.236645621247589588e-03 9.999987483024597168e-01 9.349794709123671055e-04 -8.206672966480255127e-02 1.433551870286464691e-02 -9.171550627797842026e-04 9.998967647552490234e-01 4.722446918487548828e+00
9.998638629913330078e-01 -2.032362826867029071e-04 -1.649431139230728149e-02 -6.465421617031097412e-02 2.092199138132855296e-04 9.999998807907104492e-01 3.610389539971947670e-04 -1.022083312273025513e-01 1.649423874914646149e-02 -3.644403186626732349e-04 9.998638033866882324e-01 5.855753898620605469e+00
9.997711181640625000e-01 6.412302609533071518e-04 -2.137930504977703094e-02 -8.816339075565338135e-02 -6.873329984955489635e-04 9.999973773956298828e-01 -2.149038715288043022e-03 -1.171910688281059265e-01 2.137787640094757080e-02 2.163243014365434647e-03 9.997690320014953613e-01 6.720213890075683594e+00
9.995813369750976562e-01 -2.668528177309781313e-04 -2.892864122986793518e-02 -1.141794100403785706e-01 2.006513095693662763e-04 9.999972581863403320e-01 -2.291239099577069283e-03 -1.343743652105331421e-01 2.892918139696121216e-02 2.284475602209568024e-03 9.995787143707275391e-01 7.594963550567626953e+00
9.993595480918884277e-01 -1.418514410033822060e-03 -3.575304523110389709e-02 -1.504030525684356689e-01 1.361711765639483929e-03 9.999976754188537598e-01 -1.613009488210082054e-03 -1.524852514266967773e-01 3.575525805354118347e-02 1.563290017656981945e-03 9.993591904640197754e-01 8.485358238220214844e+00
9.990151524543762207e-01 -2.251869067549705505e-03 -4.430960863828659058e-02 -1.910399645566940308e-01 2.263834234327077866e-03 9.999972581863403320e-01 2.198234433308243752e-04 -1.679688990116119385e-01 4.430900141596794128e-02 -3.199193160980939865e-04 9.990176558494567871e-01 9.232526779174804688e+00
9.987815618515014648e-01 -4.281860019546002150e-04 -4.934575408697128296e-02 -2.333183735609054565e-01 3.707456635311245918e-04 9.999991059303283691e-01 -1.173190190456807613e-03 -1.854611635208129883e-01 4.934622719883918762e-02 1.153465011157095432e-03 9.987808465957641602e-01 1.009284019470214844e+01
9.985104203224182129e-01 8.182441815733909607e-04 -5.455197766423225403e-02 -2.821940481662750244e-01 -9.064381592907011509e-04 9.999982118606567383e-01 -1.591970329172909260e-03 -2.007888257503509521e-01 5.455059185624122620e-02 1.639047404751181602e-03 9.985094070434570312e-01 1.094655895233154297e+01
9.982915520668029785e-01 4.152922774665057659e-04 -5.842484533786773682e-02 -3.191075921058654785e-01 -6.387853063642978668e-04 9.999924302101135254e-01 -3.806652966886758804e-03 -2.129016965627670288e-01 5.842283368110656738e-02 3.837470663711428642e-03 9.982842803001403809e-01 1.155804252624511719e+01
9.978794455528259277e-01 1.021149335429072380e-03 -6.507886201143264771e-02 -3.583607077598571777e-01 -1.282930141314864159e-03 9.999911189079284668e-01 -3.980818670243024826e-03 -2.270344197750091553e-01 6.507423520088195801e-02 4.055869765579700470e-03 9.978719353675842285e-01 1.212850666046142578e+01
9.974060654640197754e-01 1.302205375395715237e-03 -7.196548581123352051e-02 -4.120913147926330566e-01 -1.650126068852841854e-03 9.999871253967285156e-01 -4.775263369083404541e-03 -2.404251843690872192e-01 7.195835560560226440e-02 4.881630185991525650e-03 9.973954558372497559e-01 1.279316616058349609e+01
9.972420930862426758e-01 7.101945084286853671e-05 -7.421486079692840576e-02 -4.700666666030883789e-01 -4.279532295186072588e-04 9.999882578849792480e-01 -4.793529398739337921e-03 -2.591767013072967529e-01 7.421367615461349487e-02 4.812070168554782867e-03 9.972304701805114746e-01 1.354546737670898438e+01
9.971842765808105469e-01 -6.498392322100698948e-04 -7.498545199632644653e-02 -5.346890687942504883e-01 2.691299596335738897e-04 9.999868273735046387e-01 -5.087057594209909439e-03 -2.790583372116088867e-01 7.498780637979507446e-02 5.052553489804267883e-03 9.971713423728942871e-01 1.437431144714355469e+01
9.969255924224853516e-01 -5.497914971783757210e-04 -7.834982872009277344e-02 -6.134180426597595215e-01 1.774041447788476944e-04 9.999884366989135742e-01 -4.759722854942083359e-03 -3.051833808422088623e-01 7.835156470537185669e-02 4.731190390884876251e-03 9.969142675399780273e-01 1.531669807434082031e+01
9.970180988311767578e-01 -6.051842356100678444e-04 -7.716257870197296143e-02 -6.913819909095764160e-01 2.418718358967453241e-04 9.999886155128479004e-01 -4.717620555311441422e-03 -3.286526203155517578e-01 7.716457545757293701e-02 4.684890154749155045e-03 9.970070719718933105e-01 1.635160255432128906e+01
9.968883395195007324e-01 -1.019478309899568558e-03 -7.881747186183929443e-02 -7.519482374191284180e-01 6.190890562720596790e-04 9.999865293502807617e-01 -5.104184150695800781e-03 -3.487550020217895508e-01 7.882163673639297485e-02 5.039507057517766953e-03 9.968757033348083496e-01 1.713135719299316406e+01
9.967814683914184570e-01 -8.901388500817120075e-04 -8.015949279069900513e-02 -8.184912800788879395e-01 4.303740279283374548e-04 9.999831318855285645e-01 -5.752678494900465012e-03 -3.706614971160888672e-01 8.016329258680343628e-02 5.699664354324340820e-03 9.967651367187500000e-01 1.796515274047851562e+01
9.966470599174499512e-01 -4.126030544284731150e-04 -8.181714266538619995e-02 -8.897050619125366211e-01 -4.408299355418421328e-05 9.999842047691345215e-01 -5.579865071922540665e-03 -3.927050530910491943e-01 8.181817829608917236e-02 5.564762745052576065e-03 9.966314435005187988e-01 1.881329536437988281e+01
9.968920350074768066e-01 -3.773113712668418884e-04 -7.877631485462188721e-02 -9.903785586357116699e-01 -2.244698553113266826e-04 9.999706149101257324e-01 -7.630093023180961609e-03 -4.257075190544128418e-01 7.877691090106964111e-02 7.624061778187751770e-03 9.968628287315368652e-01 2.005810546875000000e+01
9.969992637634277344e-01 -2.635875716805458069e-04 -7.740751653909683228e-02 -1.080839276313781738e+00 -4.287393239792436361e-04 9.999598264694213867e-01 -8.927145972847938538e-03 -4.571422338485717773e-01 7.740679383277893066e-02 8.933546021580696106e-03 9.969592690467834473e-01 2.122965240478515625e+01
9.971686601638793945e-01 -3.166474634781479836e-04 -7.519401609897613525e-02 -1.173927068710327148e+00 -3.657591296359896660e-04 9.999586343765258789e-01 -9.061312302947044373e-03 -4.930669665336608887e-01 7.519380748271942139e-02 9.063159115612506866e-03 9.971274733543395996e-01 2.241907501220703125e+01
9.973629117012023926e-01 -8.208961226046085358e-04 -7.256793975830078125e-02 -1.261483311653137207e+00 2.671161018952261657e-05 9.999398589134216309e-01 -1.094429660588502884e-02 -5.264343619346618652e-01 7.257259637117385864e-02 1.091349776834249496e-02 9.973031282424926758e-01 2.360492324829101562e+01
9.974998831748962402e-01 5.021278630010783672e-04 -7.066280394792556763e-02 -1.322027325630187988e+00 -1.252416870556771755e-03 9.999430775642395020e-01 -1.057395990937948227e-02 -5.509235262870788574e-01 7.065351307392120361e-02 1.063602417707443237e-02 9.974439144134521484e-01 2.444534111022949219e+01
9.976418018341064453e-01 4.063121741637587547e-05 -6.863181293010711670e-02 -1.378007054328918457e+00 -8.762627840042114258e-04 9.999256134033203125e-01 -1.214550621807575226e-02 -5.761596560478210449e-01 6.862625479698181152e-02 1.217700447887182236e-02 9.975678324699401855e-01 2.525471115112304688e+01
9.977397918701171875e-01 -2.046596346190199256e-04 -6.719139218330383301e-02 -1.452433466911315918e+00 -6.327736773528158665e-04 9.999221563339233398e-01 -1.244188006967306137e-02 -6.130108237266540527e-01 6.718873977661132812e-02 1.245627645403146744e-02 9.976622462272644043e-01 2.632155990600585938e+01
9.977990388870239258e-01 -4.090482252649962902e-04 -6.630451232194900513e-02 -1.529868125915527344e+00 -4.493982414714992046e-04 9.999160766601562500e-01 -1.293159555643796921e-02 -6.532617807388305664e-01 6.630426645278930664e-02 1.293293200433254242e-02 9.977153539657592773e-01 2.744711685180664062e+01
9.978206157684326172e-01 -9.139836765825748444e-04 -6.597419828176498413e-02 -1.609886884689331055e+00 -2.133257112291175872e-05 9.998993277549743652e-01 -1.417490374296903610e-02 -6.944197416305541992e-01 6.598053872585296631e-02 1.414542086422443390e-02 9.977203607559204102e-01 2.858648490905761719e+01
9.978806376457214355e-01 -2.232223749160766602e-03 -6.502857059240341187e-02 -1.680347084999084473e+00 1.225435989908874035e-03 9.998785853385925293e-01 -1.551801525056362152e-02 -7.326955795288085938e-01 6.505534052848815918e-02 1.540544163435697556e-02 9.977624416351318359e-01 2.962688064575195312e+01
9.980309009552001953e-01 -2.825183793902397156e-03 -6.265567988157272339e-02 -1.751611828804016113e+00 1.781405182555317879e-03 9.998585581779479980e-01 -1.670858636498451233e-02 -7.744415998458862305e-01 6.269405037164688110e-02 1.656407304108142853e-02 9.978950619697570801e-01 3.071812057495117188e+01
9.981238842010498047e-01 -1.952954335138201714e-03 -6.119122356176376343e-02 -1.821835041046142578e+00 8.765374659560620785e-04 9.998442530632019043e-01 -1.761296018958091736e-02 -8.171077370643615723e-01 6.121611967682838440e-02 1.752628199756145477e-02 9.979704022407531738e-01 3.179173660278320312e+01
9.981384873390197754e-01 -4.937744233757257462e-04 -6.098141893744468689e-02 -1.891245722770690918e+00 -6.555842119269073009e-04 9.998223185539245605e-01 -1.882625743746757507e-02 -8.615040183067321777e-01 6.097991019487380981e-02 1.883119344711303711e-02 9.979611039161682129e-01 3.290670394897460938e+01
9.982367157936096191e-01 -9.408197365701198578e-04 -5.934693664312362671e-02 -1.957878351211547852e+00 -2.089919726131483912e-04 9.998122453689575195e-01 -1.936524733901023865e-02 -9.042025804519653320e-01 5.935404077172279358e-02 1.934350654482841492e-02 9.980493187904357910e-01 3.397911453247070312e+01
9.983791708946228027e-01 -9.817765094339847565e-04 -5.690019577741622925e-02 -2.018824577331542969e+00 -2.259866887470707297e-04 9.997746944427490234e-01 -2.121571265161037445e-02 -9.487860798835754395e-01 5.690823122859001160e-02 2.119418606162071228e-02 9.981541633605957031e-01 3.503845596313476562e+01
9.984238743782043457e-01 -7.351312669925391674e-04 -5.611322820186614990e-02 -2.087167739868164062e+00 -4.690308123826980591e-04 9.997697472572326660e-01 -2.144335955381393433e-02 -1.000041007995605469e+00 5.611610040068626404e-02 2.143588475883007050e-02 9.981938004493713379e-01 3.618278503417968750e+01
9.985260367393493652e-01 -2.543074660934507847e-04 -5.426860228180885315e-02 -2.148941993713378906e+00 -9.079692536033689976e-04 9.997705221176147461e-01 -2.139142155647277832e-02 -1.047513484954833984e+00 5.426161736249923706e-02 2.140917256474494934e-02 9.982968568801879883e-01 3.726374435424804688e+01
9.985194206237792969e-01 6.737834773957729340e-04 -5.438700318336486816e-02 -2.210632085800170898e+00 -1.816719654016196728e-03 9.997782707214355469e-01 -2.096820995211601257e-02 -1.095212578773498535e+00 5.436084792017936707e-02 2.103597857058048248e-02 9.982993602752685547e-01 3.837874984741210938e+01
9.986132383346557617e-01 1.271342625841498375e-03 -5.262512713670730591e-02 -2.271378040313720703e+00 -2.430157735943794250e-03 9.997556209564208984e-01 -2.196210063993930817e-02 -1.143220067024230957e+00 5.258437618613243103e-02 2.205954119563102722e-02 9.983724355697631836e-01 3.946974563598632812e+01
9.985427260398864746e-01 1.744189765304327011e-03 -5.393312126398086548e-02 -2.332822322845458984e+00 -2.969706896692514420e-03 9.997388124465942383e-01 -2.265116013586521149e-02 -1.191125273704528809e+00 5.387955158948898315e-02 2.277832850813865662e-02 9.982872605323791504e-01 4.058209991455078125e+01
9.986104369163513184e-01 2.461970550939440727e-03 -5.263605341315269470e-02 -2.393780708312988281e+00 -3.713828977197408676e-03 9.997120499610900879e-01 -2.369876578450202942e-02 -1.240173339843750000e+00 5.256257951259613037e-02 2.386132813990116119e-02 9.983322024345397949e-01 4.164820861816406250e+01
9.987403750419616699e-01 1.609787112101912498e-03 -5.014327168464660645e-02 -2.452280044555664062e+00 -2.870988799259066582e-03 9.996808767318725586e-01 -2.509016171097755432e-02 -1.290751814842224121e+00 5.008690431714057922e-02 2.520253323018550873e-02 9.984265565872192383e-01 4.272879409790039062e+01
9.987636804580688477e-01 1.872461172752082348e-03 -4.966719448566436768e-02 -2.510503292083740234e+00 -3.185120644047856331e-03 9.996472001075744629e-01 -2.636320330202579498e-02 -1.344967603683471680e+00 4.960032925009727478e-02 2.648882381618022919e-02 9.984175562858581543e-01 4.385419845581054688e+01
9.989040493965148926e-01 1.031324965879321098e-03 -4.678624123334884644e-02 -2.560518503189086914e+00 -2.286989241838455200e-03 9.996382594108581543e-01 -2.679281868040561676e-02 -1.396080374717712402e+00 4.674170166254043579e-02 2.687047049403190613e-02 9.985452890396118164e-01 4.488497924804687500e+01
9.989873766899108887e-01 3.297349321655929089e-04 -4.498191550374031067e-02 -2.614126682281494141e+00 -1.597966067492961884e-03 9.996019601821899414e-01 -2.816129662096500397e-02 -1.450927615165710449e+00 4.495473951101303101e-02 2.820467576384544373e-02 9.985905289649963379e-01 4.598022842407226562e+01
9.990462064743041992e-01 7.849957328289747238e-04 -4.364908114075660706e-02 -2.662722826004028320e+00 -2.014198573306202888e-03 9.996022582054138184e-01 -2.812427654862403870e-02 -1.505523562431335449e+00 4.360966011881828308e-02 2.818538807332515717e-02 9.986507296562194824e-01 4.704923629760742188e+01
9.990819096565246582e-01 8.523061987943947315e-04 -4.282293096184730530e-02 -2.711323499679565430e+00 -2.122890437021851540e-03 9.995583891868591309e-01 -2.963404729962348938e-02 -1.561623096466064453e+00 4.277877882122993469e-02 2.969776839017868042e-02 9.986428022384643555e-01 4.818377685546875000e+01
9.991732239723205566e-01 1.991709461435675621e-03 -4.059655591845512390e-02 -2.759631633758544922e+00 -3.232911694794893265e-03 9.995284080505371094e-01 -3.053151443600654602e-02 -1.621066451072692871e+00 4.051661863923072815e-02 3.063753806054592133e-02 9.987087845802307129e-01 4.934152984619140625e+01
9.991676211357116699e-01 1.847367268055677414e-03 -4.074056819081306458e-02 -2.806915283203125000e+00 -3.114393912255764008e-03 9.995126128196716309e-01 -3.105848655104637146e-02 -1.679592132568359375e+00 4.066335409879684448e-02 3.115954063832759857e-02 9.986866116523742676e-01 5.046201705932617188e+01
9.992296099662780762e-01 1.529379747807979584e-03 -3.920460119843482971e-02 -2.852817535400390625e+00 -2.710927743464708328e-03 9.995430111885070801e-01 -3.010268136858940125e-02 -1.740494012832641602e+00 3.914066404104232788e-02 3.018579632043838501e-02 9.987773299217224121e-01 5.157348251342773438e+01
9.993249177932739258e-01 1.284869387745857239e-03 -3.670383989810943604e-02 -2.897071361541748047e+00 -2.463667420670390129e-03 9.994818568229675293e-01 -3.208946809172630310e-02 -1.799806356430053711e+00 3.664360940456390381e-02 3.215825930237770081e-02 9.988104701042175293e-01 5.269075393676757812e+01
9.992990493774414062e-01 2.704317914322018623e-03 -3.732555359601974487e-02 -2.942568778991699219e+00 -3.933975473046302795e-03 9.994505047798156738e-01 -3.291022405028343201e-02 -1.861554861068725586e+00 3.721606358885765076e-02 3.303402289748191833e-02 9.987607002258300781e-01 5.383444976806640625e+01
9.993595480918884277e-01 2.157850656658411026e-03 -3.570627421140670776e-02 -2.984727382659912109e+00 -3.395463805645704269e-03 9.993941187858581543e-01 -3.463684022426605225e-02 -1.925334095954895020e+00 3.560991957783699036e-02 3.473592922091484070e-02 9.987615346908569336e-01 5.497771072387695312e+01
9.993929862976074219e-01 9.027764899656176567e-04 -3.481389954686164856e-02 -3.024003267288208008e+00 -2.156658330932259560e-03 9.993495345115661621e-01 -3.599616140127182007e-02 -1.987786412239074707e+00 3.475878015160560608e-02 3.604942187666893005e-02 9.987449645996093750e-01 5.609438705444335938e+01
9.993826150894165039e-01 1.463084947317838669e-03 -3.509122505784034729e-02 -3.064218759536743164e+00 -2.739588031545281410e-03 9.993350505828857422e-01 -3.635641559958457947e-02 -2.055154800415039062e+00 3.501472249627113342e-02 3.643013909459114075e-02 9.987221956253051758e-01 5.722677993774414062e+01
9.993790388107299805e-01 1.889053266495466232e-03 -3.517333790659904480e-02 -3.103190660476684570e+00 -3.207277273759245872e-03 9.992929697036743164e-01 -3.745946288108825684e-02 -2.119714021682739258e+00 3.507772833108901978e-02 3.754904866218566895e-02 9.986785650253295898e-01 5.835192108154296875e+01
9.994127750396728516e-01 2.125211525708436966e-03 -3.418533131480216980e-02 -3.144988298416137695e+00 -3.408982185646891594e-03 9.992892742156982422e-01 -3.753907606005668640e-02 -2.187242269515991211e+00 3.408128023147583008e-02 3.763360530138015747e-02 9.987099170684814453e-01 5.950201797485351562e+01
9.993871450424194336e-01 2.851963276043534279e-03 -3.487472236156463623e-02 -3.183144569396972656e+00 -4.192328546196222305e-03 9.992527961730957031e-01 -3.842132911086082458e-02 -2.253377199172973633e+00 3.473911434412002563e-02 3.854402527213096619e-02 9.986525177955627441e-01 6.063120651245117188e+01
9.994397163391113281e-01 3.401780268177390099e-03 -3.328289464116096497e-02 -3.224022626876831055e+00 -4.765147808939218521e-03 9.991489648818969727e-01 -4.096999391913414001e-02 -2.323437690734863281e+00 3.311522677540779114e-02 4.110567271709442139e-02 9.986054897308349609e-01 6.177289581298828125e+01
9.994865655899047852e-01 4.354107659310102463e-03 -3.172973915934562683e-02 -3.262270927429199219e+00 -5.681682843714952469e-03 9.991067647933959961e-01 -4.187095165252685547e-02 -2.396684646606445312e+00 3.151911497116088867e-02 4.202976822853088379e-02 9.986186623573303223e-01 6.290965270996093750e+01
9.995210170745849609e-01 4.835914820432662964e-03 -3.055391460657119751e-02 -3.298610687255859375e+00 -6.170715205371379852e-03 9.990235567092895508e-01 -4.374476149678230286e-02 -2.470011949539184570e+00 3.031256422400474548e-02 4.391237720847129822e-02 9.985750317573547363e-01 6.404876708984375000e+01
9.996092915534973145e-01 4.504069685935974121e-03 -2.757028862833976746e-02 -3.329429149627685547e+00 -5.779303610324859619e-03 9.989083409309387207e-01 -4.635066166520118713e-02 -2.541712522506713867e+00 2.733145467936992645e-02 4.649191722273826599e-02 9.985442757606506348e-01 6.512736511230468750e+01
9.995725154876708984e-01 4.181700292974710464e-03 -2.892096154391765594e-02 -3.361369371414184570e+00 -5.509859416633844376e-03 9.989261627197265625e-01 -4.599786922335624695e-02 -2.616836309432983398e+00 2.869758568704128265e-02 4.613758623600006104e-02 9.985224008560180664e-01 6.625099945068359375e+01
9.996100664138793945e-01 3.932482097297906876e-03 -2.762685716152191162e-02 -3.394754886627197266e+00 -5.245995707809925079e-03 9.988508820533752441e-01 -4.763467609882354736e-02 -2.694573640823364258e+00 2.740781754255294800e-02 4.776106402277946472e-02 9.984822869300842285e-01 6.737647247314453125e+01
9.996252655982971191e-01 5.165269598364830017e-03 -2.686074189841747284e-02 -3.426802873611450195e+00 -6.476738490164279938e-03 9.987791180610656738e-01 -4.896955937147140503e-02 -2.773524284362792969e+00 2.657503634691238403e-02 4.912521690130233765e-02 9.984385967254638672e-01 6.852266693115234375e+01
9.996298551559448242e-01 5.452346988022327423e-03 -2.663343399763107300e-02 -3.459079504013061523e+00 -6.755087524652481079e-03 9.987722635269165039e-01 -4.907157644629478455e-02 -2.854141473770141602e+00 2.633320912718772888e-02 4.923336207866668701e-02 9.984396696090698242e-01 6.966446685791015625e+01
9.996351599693298340e-01 6.119750905781984329e-03 -2.628581598401069641e-02 -3.488836288452148438e+00 -7.432106882333755493e-03 9.987152814865112305e-01 -5.012275651097297668e-02 -2.932750940322875977e+00 2.594533562660217285e-02 5.029986798763275146e-02 9.983966946601867676e-01 7.078719329833984375e+01
9.996396303176879883e-01 6.069056224077939987e-03 -2.612847648561000824e-02 -3.522932529449462891e+00 -7.368593011051416397e-03 9.987253546714782715e-01 -4.993126541376113892e-02 -3.014976024627685547e+00 2.579216659069061279e-02 5.010583996772766113e-02 9.984104037284851074e-01 7.191712188720703125e+01
9.996583461761474609e-01 6.579202599823474884e-03 -2.527662366628646851e-02 -3.552716732025146484e+00 -7.895918563008308411e-03 9.985973834991455078e-01 -5.235099047422409058e-02 -3.097359895706176758e+00 2.489677257835865021e-02 5.253272131085395813e-02 9.983084201812744141e-01 7.303817749023437500e+01
9.996662735939025879e-01 6.240986287593841553e-03 -2.504841610789299011e-02 -3.583957433700561523e+00 -7.559497375041246414e-03 9.985713958740234375e-01 -5.289413779973983765e-02 -3.181564807891845703e+00 2.468254975974559784e-02 5.306587368249893188e-02 9.982855319976806641e-01 7.416371917724609375e+01
9.996420145034790039e-01 7.129787933081388474e-03 -2.576860785484313965e-02 -3.615471601486206055e+00 -8.477333933115005493e-03 9.985811710357666016e-01 -5.256929621100425720e-02 -3.267915248870849609e+00 2.535726688802242279e-02 5.276896059513092041e-02 9.982843995094299316e-01 7.529203033447265625e+01
9.996262788772583008e-01 7.471475284546613693e-03 -2.627697028219699860e-02 -3.647133111953735352e+00 -8.811578154563903809e-03 9.986463785171508789e-01 -5.125911533832550049e-02 -3.350695133209228516e+00 2.585845068097114563e-02 5.147153139114379883e-02 9.983392357826232910e-01 7.641687011718750000e+01
9.996362924575805664e-01 7.618042640388011932e-03 -2.584967575967311859e-02 -3.678502082824707031e+00 -8.978004567325115204e-03 9.985588192939758301e-01 -5.290925502777099609e-02 -3.433023452758789062e+00 2.540938742458820343e-02 5.312212556600570679e-02 9.982643127441406250e-01 7.752267456054687500e+01
9.996753931045532227e-01 6.731328088790178299e-03 -2.455287240445613861e-02 -3.709617853164672852e+00 -8.057214319705963135e-03 9.984915256500244141e-01 -5.430875718593597412e-02 -3.516653299331665039e+00 2.415029890835285187e-02 5.448899045586585999e-02 9.982218742370605469e-01 7.863714599609375000e+01
9.996556639671325684e-01 7.151145488023757935e-03 -2.522936463356018066e-02 -3.740113973617553711e+00 -8.520605042576789856e-03 9.984719157218933105e-01 -5.459763482213020325e-02 -3.604093790054321289e+00 2.480041235685348511e-02 5.479383468627929688e-02 9.981892108917236328e-01 7.976303863525390625e+01
9.996727705001831055e-01 6.221889518201351166e-03 -2.479409240186214447e-02 -3.768374681472778320e+00 -7.581072859466075897e-03 9.984514713287353516e-01 -5.510781705379486084e-02 -3.688778400421142578e+00 2.441285923123359680e-02 5.527777969837188721e-02 9.981720447540283203e-01 8.088720703125000000e+01
9.996660947799682617e-01 6.305934861302375793e-03 -2.503938227891921997e-02 -3.798807382583618164e+00 -7.690524216741323471e-03 9.984238743782043457e-01 -5.559129640460014343e-02 -3.776910543441772461e+00 2.464939653873443604e-02 5.576533079147338867e-02 9.981391429901123047e-01 8.200208282470703125e+01
9.996644258499145508e-01 6.446743384003639221e-03 -2.507100440561771393e-02 -3.830444812774658203e+00 -7.831986062228679657e-03 9.984248876571655273e-01 -5.555341765284538269e-02 -3.865207910537719727e+00 2.467340975999832153e-02 5.573115870356559753e-02 9.981404542922973633e-01 8.312285614013671875e+01
9.996853470802307129e-01 6.998698692768812180e-03 -2.406868897378444672e-02 -3.860894918441772461e+00 -8.353486657142639160e-03 9.983586668968200684e-01 -5.665697157382965088e-02 -3.955540180206298828e+00 2.363269217312335968e-02 5.684022605419158936e-02 9.981030821800231934e-01 8.426755523681640625e+01
9.996923804283142090e-01 7.581865880638360977e-03 -2.359419874846935272e-02 -3.887356758117675781e+00 -8.928371593356132507e-03 9.983055591583251953e-01 -5.749797448515892029e-02 -4.039064407348632812e+00 2.311831153929233551e-02 5.769097059965133667e-02 9.980663061141967773e-01 8.534121704101562500e+01
9.997082352638244629e-01 7.667872123420238495e-03 -2.288472466170787811e-02 -3.916742563247680664e+00 -9.002719074487686157e-03 9.982285499572753906e-01 -5.880843102931976318e-02 -4.127328872680664062e+00 2.239328250288963318e-02 5.899732187390327454e-02 9.980064630508422852e-01 8.642987823486328125e+01
9.996967911720275879e-01 7.568843662738800049e-03 -2.341236732900142670e-02 -3.942815542221069336e+00 -8.938087150454521179e-03 9.982211589813232422e-01 -5.894355475902557373e-02 -4.218135356903076172e+00 2.292461879551410675e-02 5.913496762514114380e-02 9.979862570762634277e-01 8.755892944335937500e+01
9.997112154960632324e-01 7.571009453386068344e-03 -2.278802171349525452e-02 -3.973263978958129883e+00 -8.922430686652660370e-03 9.981704354286193848e-01 -5.979927256703376770e-02 -4.309966564178466797e+00 2.229362167418003082e-02 5.998534709215164185e-02 9.979498386383056641e-01 8.868718719482421875e+01
9.997187852859497070e-01 7.460450287908315659e-03 -2.249086648225784302e-02 -4.002385139465332031e+00 -8.803316392004489899e-03 9.981465935707092285e-01 -6.021239235997200012e-02 -4.404250621795654297e+00 2.200000360608100891e-02 6.039346754550933838e-02 9.979317784309387207e-01 8.981841278076171875e+01
9.997695088386535645e-01 7.788947783410549164e-03 -1.998710073530673981e-02 -4.028672218322753906e+00 -9.022221900522708893e-03 9.980118274688720703e-01 -6.237478554248809814e-02 -4.498478412628173828e+00 1.946156285703182220e-02 6.254074722528457642e-02 9.978522062301635742e-01 9.094738006591796875e+01
9.997842907905578613e-01 7.398072630167007446e-03 -1.938806846737861633e-02 -4.050514221191406250e+00 -8.635355159640312195e-03 9.978781938552856445e-01 -6.453084200620651245e-02 -4.592706203460693359e+00 1.886956207454204559e-02 6.468435376882553101e-02 9.977269172668457031e-01 9.206839752197265625e+01
9.997974038124084473e-01 7.691720966249704361e-03 -1.858175545930862427e-02 -4.075954437255859375e+00 -8.901675231754779816e-03 9.977840185165405273e-01 -6.593604385852813721e-02 -4.698278427124023438e+00 1.803345233201980591e-02 6.608810275793075562e-02 9.976503849029541016e-01 9.331262969970703125e+01
9.997984766960144043e-01 7.698157802224159241e-03 -1.851993612945079803e-02 -4.098590850830078125e+00 -8.902174420654773712e-03 9.977907538414001465e-01 -6.583406031131744385e-02 -4.803263664245605469e+00 1.797225512564182281e-02 6.598566472530364990e-02 9.976582527160644531e-01 9.453823089599609375e+01
9.998226165771484375e-01 8.474232628941535950e-03 -1.679713279008865356e-02 -4.120447635650634766e+00 -9.567234665155410767e-03 9.977671504020690918e-01 -6.609688699245452881e-02 -4.911180973052978516e+00 1.619954220950603485e-02 6.624586135149002075e-02 9.976713657379150391e-01 9.577835083007812500e+01
9.998604655265808105e-01 9.236199781298637390e-03 -1.389051973819732666e-02 -4.140250682830810547e+00 -1.014083344489336014e-02 9.977325797080993652e-01 -6.653276085853576660e-02 -5.020744323730468750e+00 1.324454881250858307e-02 6.666433811187744141e-02 9.976871013641357422e-01 9.703860473632812500e+01
9.998686909675598145e-01 9.188600815832614899e-03 -1.331705227494239807e-02 -4.157419204711914062e+00 -1.003553438931703568e-02 9.978350996971130371e-01 -6.499357521533966064e-02 -5.126959323883056641e+00 1.269105542451143265e-02 6.511867791414260864e-02 9.977963566780090332e-01 9.827433776855468750e+01
9.998883008956909180e-01 8.572282269597053528e-03 -1.221017166972160339e-02 -4.175596714019775391e+00 -9.368005208671092987e-03 9.977304339408874512e-01 -6.667780876159667969e-02 -5.214437961578369141e+00 1.161091309040784836e-02 6.678473949432373047e-02 9.976993799209594727e-01 9.930371093750000000e+01
9.999026656150817871e-01 8.553961291909217834e-03 -1.098126266151666641e-02 -4.193497657775878906e+00 -9.269081987440586090e-03 9.977221488952636719e-01 -6.681559234857559204e-02 -5.323784351348876953e+00 1.038474403321743011e-02 6.691087782382965088e-02 9.977044463157653809e-01 1.005466156005859375e+02
9.999140501022338867e-01 8.889541961252689362e-03 -9.585437364876270294e-03 -4.202210426330566406e+00 -9.526497684419155121e-03 9.975991249084472656e-01 -6.859339028596878052e-02 -5.410006999969482422e+00 8.952692151069641113e-03 6.867882609367370605e-02 9.975981712341308594e-01 1.015640792846679688e+02
9.999316930770874023e-01 8.571453392505645752e-03 -7.883103564381599426e-03 -4.209059238433837891e+00 -9.100968018174171448e-03 9.975200295448303223e-01 -6.979081034660339355e-02 -5.495111465454101562e+00 7.265377789735794067e-03 6.985779851675033569e-02 9.975300431251525879e-01 1.025549468994140625e+02
9.999415278434753418e-01 8.248384110629558563e-03 -6.925613619387149811e-03 -4.218962669372558594e+00 -8.717548102140426636e-03 9.974595308303833008e-01 -7.069797813892364502e-02 -5.585433959960937500e+00 6.324908696115016937e-03 7.075423002243041992e-02 9.974732398986816406e-01 1.035629959106445312e+02
9.999452829360961914e-01 8.643816225230693817e-03 -5.805511958897113800e-03 -4.224804401397705078e+00 -9.038512594997882843e-03 9.973772168159484863e-01 -7.180945575237274170e-02 -5.671207427978515625e+00 5.169611424207687378e-03 7.185801118612289429e-02 9.974009990692138672e-01 1.045367202758789062e+02
9.999297857284545898e-01 1.051543094217777252e-02 -5.371552426367998123e-03 -4.231956958770751953e+00 -1.087715104222297668e-02 9.973115324974060059e-01 -7.246448844671249390e-02 -5.763275623321533203e+00 4.595148842781782150e-03 7.251784205436706543e-02 9.973560571670532227e-01 1.055643768310546875e+02
9.999261498451232910e-01 1.086540427058935165e-02 -5.352368578314781189e-03 -4.237811565399169922e+00 -1.123028062283992767e-02 9.972198009490966797e-01 -7.366354763507843018e-02 -5.849094390869140625e+00 4.537136293947696686e-03 7.371822744607925415e-02 9.972683191299438477e-01 1.064737777709960938e+02
9.999428391456604004e-01 9.877547621726989746e-03 -3.953726030886173248e-03 -4.241736412048339844e+00 -1.014022994786500931e-02 9.972720146179199219e-01 -7.311309128999710083e-02 -5.936025619506835938e+00 3.220794722437858582e-03 7.314902544021606445e-02 9.973153471946716309e-01 1.073771438598632812e+02
9.999541044235229492e-01 9.136543609201908112e-03 -2.667353954166173935e-03 -4.244043350219726562e+00 -9.310643188655376434e-03 9.971486330032348633e-01 -7.488480955362319946e-02 -6.017093181610107422e+00 1.975591992959380150e-03 7.490622997283935547e-02 9.971881508827209473e-01 1.082473373413085938e+02
9.999590516090393066e-01 8.792143315076828003e-03 -1.867229817435145378e-03 -4.248428344726562500e+00 -8.908350951969623566e-03 9.970849156379699707e-01 -7.577616721391677856e-02 -6.105470657348632812e+00 1.195583725348114967e-03 7.578970491886138916e-02 9.971226453781127930e-01 1.091622009277343750e+02
9.999635815620422363e-01 8.451688103377819061e-03 4.712519003078341484e-04 -4.248635768890380859e+00 -8.390978910028934479e-03 9.970425367355346680e-01 -7.639040797948837280e-02 -6.185987472534179688e+00 -1.115454477258026600e-03 7.638368755578994751e-02 9.970774054527282715e-01 1.100165252685546875e+02
9.999744296073913574e-01 7.000965997576713562e-03 9.381038253195583820e-04 -4.249542236328125000e+00 -6.908308714628219604e-03 9.970265626907348633e-01 -7.674640417098999023e-02 -6.268862247467041016e+00 -1.472581876441836357e-03 7.673797756433486938e-02 9.970497488975524902e-01 1.108615493774414062e+02
9.999840855598449707e-01 5.109413992613554001e-03 2.120051532983779907e-03 -4.249708175659179688e+00 -4.928277805447578430e-03 9.969347715377807617e-01 -7.807927578687667847e-02 -6.353813171386718750e+00 -2.512461040169000626e-03 7.806760072708129883e-02 9.969444274902343750e-01 1.117337341308593750e+02
9.999689459800720215e-01 6.440099328756332397e-03 -4.403241910040378571e-03 -4.257071971893310547e+00 -6.777285132557153702e-03 9.966563582420349121e-01 -8.142305910587310791e-02 -6.412715435028076172e+00 3.864179132506251335e-03 8.145038783550262451e-02 9.966694116592407227e-01 1.123227920532226562e+02
9.999580979347229004e-01 6.470430176705121994e-03 -6.387528963387012482e-03 -4.260379314422607422e+00 -6.984674371778964996e-03 9.964346289634704590e-01 -8.407573401927947998e-02 -6.483521938323974609e+00 5.820781923830509186e-03 8.411684632301330566e-02 9.964383244514465332e-01 1.130027923583984375e+02
9.999715685844421387e-01 4.094800911843776703e-03 -6.239406298846006393e-03 -4.264661788940429688e+00 -4.609829280525445938e-03 9.963783025741577148e-01 -8.490282297134399414e-02 -6.553952217102050781e+00 5.869182758033275604e-03 8.492918312549591064e-02 9.963691234588623047e-01 1.136546554565429688e+02
9.999441504478454590e-01 6.124468985944986343e-03 -8.545795455574989319e-03 -4.274083137512207031e+00 -6.846284028142690659e-03 9.961699843406677246e-01 -8.716612309217453003e-02 -6.631881237030029297e+00 7.979251444339752197e-03 8.721977472305297852e-02 9.961565136909484863e-01 1.143702697753906250e+02
9.999796748161315918e-01 6.262302398681640625e-03 4.822229966521263123e-04 -4.272241592407226562e+00 -6.196664646267890930e-03 9.961947202682495117e-01 -8.693101257085800171e-02 -6.722275733947753906e+00 -1.024744473397731781e-03 8.692627400159835815e-02 9.962136149406433105e-01 1.152462387084960938e+02
9.998171329498291016e-01 6.558977067470550537e-03 1.792954839766025543e-02 -4.245559692382812500e+00 -4.937705583870410919e-03 9.960175156593322754e-01 -8.901705592870712280e-02 -6.778324127197265625e+00 -1.844197884202003479e-02 8.891225606203079224e-02 9.958681464195251465e-01 1.157533111572265625e+02
9.995670914649963379e-01 6.974412593990564346e-03 2.856160514056682587e-02 -4.216158866882324219e+00 -4.297052510082721710e-03 9.956797957420349121e-01 -9.274932742118835449e-02 -6.840825557708740234e+00 -2.908506616950035095e-02 9.258645027875900269e-02 9.952791929244995117e-01 1.163157653808593750e+02
9.992190599441528320e-01 7.267301436513662338e-03 3.882381692528724670e-02 -4.187311649322509766e+00 -3.619399853050708771e-03 9.956389069557189941e-01 -9.321639686822891235e-02 -6.909958839416503906e+00 -3.933191671967506409e-02 9.300307929515838623e-02 9.948881268501281738e-01 1.169244766235351562e+02
9.986680150032043457e-01 6.558792665600776672e-03 5.116552114486694336e-02 -4.146054744720458984e+00 -1.754670403897762299e-03 9.956287145614624023e-01 -9.337870776653289795e-02 -6.981244087219238281e+00 -5.155429989099502563e-02 9.316455572843551636e-02 9.943146109580993652e-01 1.175220870971679688e+02
9.980369806289672852e-01 7.110276259481906891e-03 6.221247836947441101e-02 -4.110434532165527344e+00 -1.217514392919838428e-03 9.955474734306335449e-01 -9.424924850463867188e-02 -7.038044452667236328e+00 -6.260560452938079834e-02 9.398849308490753174e-02 9.936024546623229980e-01 1.179767379760742188e+02
9.974253177642822266e-01 4.208579659461975098e-03 7.158020138740539551e-02 -4.061305999755859375e+00 2.701003802940249443e-03 9.953618645668029785e-01 -9.615910798311233521e-02 -7.102196693420410156e+00 -7.165288925170898438e-02 9.610489010810852051e-02 9.927883744239807129e-01 1.185300598144531250e+02
9.965876340866088867e-01 3.539079101756215096e-03 8.245740830898284912e-02 -4.000219345092773438e+00 4.460874013602733612e-03 9.953096508979797363e-01 -9.663306921720504761e-02 -7.180776119232177734e+00 -8.241264522075653076e-02 9.667117893695831299e-02 9.918981194496154785e-01 1.191780471801757812e+02
9.948073029518127441e-01 6.197551847435534000e-04 1.017680615186691284e-01 -3.942256212234497070e+00 9.619611315429210663e-03 9.949311614036560059e-01 -1.000929102301597595e-01 -7.232178688049316406e+00 -1.013142690062522888e-01 1.005521565675735474e-01 9.897593855857849121e-01 1.196018142700195312e+02
9.923124909400939941e-01 1.342515228316187859e-03 1.237444430589675903e-01 -3.867506265640258789e+00 1.138238795101642609e-02 9.947119355201721191e-01 -1.020674854516983032e-01 -7.291013717651367188e+00 -1.232271194458007812e-01 1.026913896203041077e-01 9.870503544807434082e-01 1.200665512084960938e+02
9.894451498985290527e-01 2.003314904868602753e-03 1.448886394500732422e-01 -3.781224727630615234e+00 1.303001120686531067e-02 9.946230649948120117e-01 -1.027341112494468689e-01 -7.350142478942871094e+00 -1.443154215812683105e-01 1.035377234220504761e-01 9.840995073318481445e-01 1.205178222656250000e+02
9.859482645988464355e-01 -5.850663001183420420e-05 1.670465022325515747e-01 -3.681252717971801758e+00 1.759610325098037720e-02 9.944725036621093750e-01 -1.035079881548881531e-01 -7.411962509155273438e+00 -1.661171615123748779e-01 1.049929261207580566e-01 9.805001020431518555e-01 1.209995574951171875e+02
9.833552837371826172e-01 2.339329948881641030e-04 1.816886365413665771e-01 -3.546844959259033203e+00 1.867675222456455231e-02 9.945711493492126465e-01 -1.023648604750633240e-01 -7.494306564331054688e+00 -1.807262599468231201e-01 1.040544211864471436e-01 9.780130982398986816e-01 1.216551589965820312e+02
9.810155034065246582e-01 -7.043713121674954891e-04 1.939244270324707031e-01 -3.402223825454711914e+00 2.115088142454624176e-02 9.944160580635070801e-01 -1.033850908279418945e-01 -7.579516887664794922e+00 -1.927687972784042358e-01 1.055240705609321594e-01 9.755530953407287598e-01 1.223349990844726562e+02
9.801640510559082031e-01 9.435694664716720581e-05 1.981842070817947388e-01 -3.267238616943359375e+00 2.149064838886260986e-02 9.940521121025085449e-01 -1.067599952220916748e-01 -7.662792205810546875e+00 -1.970155686140060425e-01 1.089014410972595215e-01 9.743327498435974121e-01 1.229694747924804688e+02
9.794895052909851074e-01 -2.482494164723902941e-04 2.014915347099304199e-01 -3.150369882583618164e+00 2.231102809309959412e-02 9.939830899238586426e-01 -1.072335243225097656e-01 -7.737496852874755859e+00 -2.002526372671127319e-01 1.095296293497085571e-01 9.736021757125854492e-01 1.235364761352539062e+02
9.785299897193908691e-01 -1.893362961709499359e-03 2.060923427343368530e-01 -3.023663997650146484e+00 2.471922524273395538e-02 9.938173294067382812e-01 -1.082370579242706299e-01 -7.818369865417480469e+00 -2.046132832765579224e-01 1.110076904296875000e-01 9.725275039672851562e-01 1.241254272460937500e+02
9.771341085433959961e-01 -2.936370670795440674e-03 2.126001119613647461e-01 -2.856478452682495117e+00 2.675424888730049133e-02 9.936547279357910156e-01 -1.092413812875747681e-01 -7.921167850494384766e+00 -2.109304070472717285e-01 1.124314889311790466e-01 9.710131883621215820e-01 1.248726043701171875e+02
9.786463379859924316e-01 -3.356829518452286720e-03 2.055201977491378784e-01 -2.765018463134765625e+00 2.701054885983467102e-02 9.932960271835327148e-01 -1.123949512839317322e-01 -7.978665351867675781e+00 -2.037651836872100830e-01 1.155461743474006653e-01 9.721769094467163086e-01 1.253098602294921875e+02
9.762508273124694824e-01 -1.855974085628986359e-03 2.166314423084259033e-01 -2.635290861129760742e+00 2.699017710983753204e-02 9.932140111923217773e-01 -1.131220161914825439e-01 -8.050604820251464844e+00 -2.149515300989151001e-01 1.162824481725692749e-01 9.696768522262573242e-01 1.258385925292968750e+02
9.729032516479492188e-01 -1.851123059168457985e-03 2.312017828226089478e-01 -2.478923320770263672e+00 2.831330336630344391e-02 9.933953285217285156e-01 -1.111893877387046814e-01 -8.130821228027343750e+00 -2.294690608978271484e-01 1.147226542234420776e-01 9.665306806564331055e-01 1.264226608276367188e+02
