9.999993443489074707e-01 1.150704338215291500e-03 1.179310220322804525e-05 -4.043081775307655334e-03 -1.150705269537866116e-03 9.999993443489074707e-01 9.026220504892989993e-05 -3.231485560536384583e-02 -1.169105144072091207e-05 -9.027547639561817050e-05 1.000000000000000000e+00 1.886770725250244141e+00
9.999545812606811523e-01 7.851712289266288280e-04 -9.500119835138320923e-03 -1.508687715977430344e-02 -8.066061418503522873e-04 9.999971389770507812e-01 -2.253520069643855095e-03 -6.064081937074661255e-02 9.498322382569313049e-03 2.261082408949732780e-03 9.999523162841796875e-01 3.174301862716674805e+00
9.997668266296386719e-01 1.486254273913800716e-03 -2.154192887246608734e-02 -4.553211480379104614e-02 -1.517740194685757160e-03 9.999978542327880859e-01 -1.445597968995571136e-03 -8.964087814092636108e-02 2.153973281383514404e-02 1.477955607697367668e-03 9.997668862342834473e-01 4.500890731811523438e+00
9.999212026596069336e-01 -3.709773882292211056e-04 -1.254272833466529846e-02 -6.055021658539772034e-02 3.538866003509610891e-04 9.999990463256835938e-01 -1.365234260447323322e-03 -1.246271580457687378e-01 1.254322379827499390e-02 1.360693597234785557e-03 9.999203681945800781e-01 5.670921325683593750e+00
9.999626874923706055e-01 -2.232374623417854309e-03 -8.336348459124565125e-03 -6.990329176187515259e-02 2.227563643828034401e-03 9.999974370002746582e-01 -5.868371808901429176e-04 -1.529619991779327393e-01 8.337637409567832947e-03 5.682546179741621017e-04 9.999650120735168457e-01 6.949563026428222656e+00
9.998050928115844727e-01 -3.896508365869522095e-03 -1.935170218348503113e-02 -9.835041314363479614e-02 3.879043739289045334e-03 9.999921321868896484e-01 -9.402399882674217224e-04 -1.898213773965835571e-01 1.935521140694618225e-02 8.650067029520869255e-04 9.998122453689575195e-01 7.992551326751708984e+00
9.995796084403991699e-01 -6.215143948793411255e-03 -2.831660956144332886e-02 -1.308344006538391113e-01 6.288070231676101685e-03 9.999772310256958008e-01 2.486379351466894150e-03 -2.223461121320724487e-01 2.830050513148307800e-02 -2.663383260369300842e-03 9.995958209037780762e-01 8.797243118286132812e+00
9.961478114128112793e-01 -6.764962337911128998e-03 -8.742723613977432251e-02 -2.483523488044738770e-01 6.981659214943647385e-03 9.999732971191406250e-01 2.172831213101744652e-03 -2.528561055660247803e-01 8.741019666194915771e-02 -2.774840220808982849e-03 9.961684346199035645e-01 9.735263824462890625e+00
9.917360544204711914e-01 -7.437569089233875275e-03 -1.280781477689743042e-01 -4.007617235183715820e-01 7.930614054203033447e-03 9.999629855155944824e-01 3.339869435876607895e-03 -2.771416902542114258e-01 1.280485689640045166e-01 -4.327998962253332138e-03 9.917583465576171875e-01 1.079720592498779297e+01
9.844923019409179688e-01 -6.050915922969579697e-03 -1.753224432468414307e-01 -7.089129090309143066e-01 6.826406810432672501e-03 9.999693632125854492e-01 3.820369485765695572e-03 -3.072881698608398438e-01 1.752939671277999878e-01 -4.957939963787794113e-03 9.845035672187805176e-01 1.262567996978759766e+01
9.810475707054138184e-01 -5.123220384120941162e-03 -1.936983764171600342e-01 -8.608332872390747070e-01 6.394610274583101273e-03 9.999618530273437500e-01 5.939017049968242645e-03 -3.384930491447448730e-01 1.936605870723724365e-01 -7.065079174935817719e-03 9.810430407524108887e-01 1.335906600952148438e+01
9.767084121704101562e-01 -5.754501558840274811e-03 -2.144926786422729492e-01 -9.832987189292907715e-01 7.402867078781127930e-03 9.999487996101379395e-01 6.882376503199338913e-03 -3.655140101909637451e-01 2.144421339035034180e-01 -8.309933356940746307e-03 9.767012000083923340e-01 1.381630229949951172e+01
9.759766459465026855e-01 -4.935220349580049515e-03 -2.178184092044830322e-01 -1.006941556930541992e+00 6.820173468440771103e-03 9.999454021453857422e-01 7.902781479060649872e-03 -3.935808539390563965e-01 2.177675515413284302e-01 -9.198495186865329742e-03 9.759571552276611328e-01 1.392965793609619141e+01
9.790503382682800293e-01 -5.824714433401823044e-03 -2.035338282585144043e-01 -1.042824268341064453e+00 7.745880167931318283e-03 9.999325275421142578e-01 8.643667213618755341e-03 -4.194938540458679199e-01 2.034697830677032471e-01 -1.003913860768079758e-02 9.790295362472534180e-01 1.420479488372802734e+01
9.834266901016235352e-01 -4.948503803461790085e-03 -1.812373250722885132e-01 -1.102577924728393555e+00 6.187204737216234207e-03 9.999610781669616699e-01 6.269905716180801392e-03 -4.407047033309936523e-01 1.811992824077606201e-01 -7.287351414561271667e-03 9.834191203117370605e-01 1.463677501678466797e+01
9.908730387687683105e-01 -6.929406896233558655e-03 -1.346180289983749390e-01 -1.130320787429809570e+00 8.040057495236396790e-03 9.999378323554992676e-01 7.708408869802951813e-03 -4.553677737712860107e-01 1.345562785863876343e-01 -8.720397949218750000e-03 9.908672571182250977e-01 1.517744350433349609e+01
9.922724366188049316e-01 -6.182539742439985275e-03 -1.239216625690460205e-01 -1.143507599830627441e+00 7.190235890448093414e-03 9.999445080757141113e-01 7.686050143092870712e-03 -4.848513901233673096e-01 1.238672956824302673e-01 -8.517687208950519562e-03 9.922619462013244629e-01 1.543523216247558594e+01
9.950720667839050293e-01 -3.458842867985367775e-03 -9.909068048000335693e-02 -1.153605818748474121e+00 4.069135524332523346e-03 9.999738335609436035e-01 5.957434885203838348e-03 -5.037558078765869141e-01 9.906751662492752075e-02 -6.331290118396282196e-03 9.950603246688842773e-01 1.578512096405029297e+01
9.969367980957031250e-01 -2.993541304022073746e-03 -7.815001159906387329e-02 -1.138644576072692871e+00 3.755835816264152527e-03 9.999466538429260254e-01 9.608980268239974976e-03 -5.285724401473999023e-01 7.811710238456726074e-02 -9.873064234852790833e-03 9.968950152397155762e-01 1.597589683532714844e+01
9.982420802116394043e-01 -1.541256555356085300e-03 -5.924378335475921631e-02 -1.138183832168579102e+00 2.181181218475103378e-03 9.999397993087768555e-01 1.073821727186441422e-02 -5.512377619743347168e-01 5.922369286417961121e-02 -1.084855664521455765e-02 9.981855154037475586e-01 1.633589363098144531e+01
9.998078942298889160e-01 -3.961960319429636002e-03 -1.917965710163116455e-02 -1.105272889137268066e+00 4.140915814787149429e-03 9.999480247497558594e-01 9.299178607761859894e-03 -5.716703534126281738e-01 1.914183422923088074e-02 -9.376807138323783875e-03 9.997725486755371094e-01 1.678102111816406250e+01
9.989335536956787109e-01 -7.005594670772552490e-03 4.562888294458389282e-02 -1.029998064041137695e+00 6.588890217244625092e-03 9.999350309371948242e-01 9.276731871068477631e-03 -5.812035799026489258e-01 -4.569090157747268677e-02 -8.966187946498394012e-03 9.989150166511535645e-01 1.736754798889160156e+01
9.948814511299133301e-01 -8.588395081460475922e-03 1.006790548563003540e-01 -9.208090901374816895e-01 7.848151028156280518e-03 9.999389052391052246e-01 7.746424060314893723e-03 -5.910474061965942383e-01 -1.007394492626190186e-01 -6.916621234267950058e-03 9.948883652687072754e-01 1.810504341125488281e+01
9.912577867507934570e-01 -5.503564141690731049e-03 1.318206638097763062e-01 -8.330743908882141113e-01 4.525359719991683960e-03 9.999595880508422852e-01 7.719248533248901367e-03 -6.086239218711853027e-01 -1.318578422069549561e-01 -7.055222988128662109e-03 9.912430644035339355e-01 1.849451065063476562e+01
9.805381894111633301e-01 -8.862760849297046661e-03 1.961252093315124512e-01 -6.534216403961181641e-01 7.267601788043975830e-03 9.999339580535888672e-01 8.851626887917518616e-03 -6.236729025840759277e-01 -1.961907744407653809e-01 -7.253992371261119843e-03 9.805383682250976562e-01 1.919952964782714844e+01
9.725438952445983887e-01 -9.206701070070266724e-03 2.325344085693359375e-01 -4.790886044502258301e-01 7.058615796267986298e-03 9.999238848686218262e-01 1.006817817687988281e-02 -6.398751139640808105e-01 -2.326095104217529297e-01 -8.150369860231876373e-03 9.725354313850402832e-01 1.980030250549316406e+01
9.632945060729980469e-01 -7.913514040410518646e-03 2.683277726173400879e-01 -2.624199390411376953e-01 6.027587223798036575e-03 9.999504685401916504e-01 7.851549424231052399e-03 -6.519446372985839844e-01 -2.683767676353454590e-01 -5.945976823568344116e-03 9.632950425148010254e-01 2.049416160583496094e+01
9.475643038749694824e-01 -1.269841287285089493e-02 3.193105459213256836e-01 2.166286110877990723e-02 1.066681183874607086e-02 9.999096393585205078e-01 8.110545575618743896e-03 -6.740942001342773438e-01 -3.193848729133605957e-01 -4.279231186956167221e-03 9.476147294044494629e-01 2.124271392822265625e+01
9.298817515373229980e-01 -1.478913333266973495e-02 3.675592839717864990e-01 5.521224737167358398e-01 1.144369784742593765e-02 9.998703002929687500e-01 1.127964537590742111e-02 -6.901891827583312988e-01 -3.676786422729492188e-01 -6.282493472099304199e-03 9.299309849739074707e-01 2.259125137329101562e+01
9.173452258110046387e-01 -1.579774357378482819e-02 3.977772295475006104e-01 1.187514543533325195e+00 1.209784299135208130e-02 9.998564124107360840e-01 1.180958934128284454e-02 -6.960592865943908691e-01 -3.979069590568542480e-01 -6.021216977387666702e-03 9.174052476882934570e-01 2.407257843017578125e+01
9.092578887939453125e-01 -1.580116525292396545e-02 4.159313738346099854e-01 1.823911547660827637e+00 1.292317267507314682e-02 9.998684525489807129e-01 9.733799844980239868e-03 -7.093650102615356445e-01 -4.160307645797729492e-01 -3.475372446700930595e-03 9.093431234359741211e-01 2.546352577209472656e+01
9.045283794403076172e-01 -1.619584113359451294e-02 4.261040389537811279e-01 2.407927989959716797e+00 1.309134718030691147e-02 9.998614788055419922e-01 1.021371968090534210e-02 -7.240993976593017578e-01 -4.262107312679290771e-01 -3.660315182060003281e-03 9.046157598495483398e-01 2.670106506347656250e+01
9.004232883453369141e-01 -1.817019656300544739e-02 4.346334338188171387e-01 2.949668645858764648e+00 1.492279581725597382e-02 9.998287558555603027e-01 1.088332571089267731e-02 -7.402366399765014648e-01 -4.347570836544036865e-01 -3.313640598207712173e-03 9.005408883094787598e-01 2.781424331665039062e+01
8.963964581489562988e-01 -1.851318776607513428e-02 4.428647756576538086e-01 3.595559358596801758e+00 1.587917096912860870e-02 9.998266696929931641e-01 9.655212052166461945e-03 -7.584438323974609375e-01 -4.429670870304107666e-01 -1.622558454982936382e-03 8.965355753898620605e-01 2.911487770080566406e+01
8.922501206398010254e-01 -1.844852045178413391e-02 4.511629343032836914e-01 4.260578155517578125e+00 1.582842506468296051e-02 9.998281598091125488e-01 9.580669924616813660e-03 -7.727530598640441895e-01 -4.512624442577362061e-01 -1.407141215167939663e-03 8.923893570899963379e-01 3.043359565734863281e+01
8.858745098114013672e-01 -1.901283115148544312e-02 4.635336101055145264e-01 4.843018531799316406e+00 1.580535620450973511e-02 9.998160600662231445e-01 1.080347783863544464e-02 -7.897782921791076660e-01 -4.636540412902832031e-01 -2.244196832180023193e-03 8.860126137733459473e-01 3.153656768798828125e+01
8.699412345886230469e-01 -2.104985341429710388e-02 4.927043914794921875e-01 5.494903564453125000e+00 1.746808737516403198e-02 9.997762441635131836e-01 1.187109202146530151e-02 -7.999523878097534180e-01 -4.928443431854248047e-01 -1.720536500215530396e-03 8.701148629188537598e-01 3.267403411865234375e+01
8.566424250602722168e-01 -2.231322787702083588e-02 5.154262185096740723e-01 6.201506614685058594e+00 1.863007619976997375e-02 9.997498393058776855e-01 1.231667585670948029e-02 -8.167828917503356934e-01 -5.155724287033081055e-01 -9.485434275120496750e-04 8.568444252014160156e-01 3.383484649658203125e+01
8.400910496711730957e-01 -2.235846780240535736e-02 5.419827699661254883e-01 6.934156417846679688e+00 1.865685731172561646e-02 9.997491836547851562e-01 1.232402492314577103e-02 -8.251515626907348633e-01 -5.421227812767028809e-01 -2.415940980426967144e-04 8.402981162071228027e-01 3.497444534301757812e+01
8.228710889816284180e-01 -2.091282792389392853e-02 5.678415298461914062e-01 7.683540821075439453e+00 1.788269542157649994e-02 9.997797608375549316e-01 1.090634707361459732e-02 -8.329398632049560547e-01 -5.679449439048767090e-01 1.180035993456840515e-03 8.230644464492797852e-01 3.606273269653320312e+01
7.965385317802429199e-01 -2.072598785161972046e-02 6.042307615280151367e-01 8.516558647155761719e+00 1.875934004783630371e-02 9.997773766517639160e-01 9.563961997628211975e-03 -8.469075560569763184e-01 -6.042949557304382324e-01 3.716924926266074181e-03 7.967507243156433105e-01 3.715412139892578125e+01
7.770048975944519043e-01 -2.169862762093544006e-02 6.291188001632690430e-01 9.349046707153320312e+00 2.179431170225143433e-02 9.997329115867614746e-01 7.563830353319644928e-03 -8.616002202033996582e-01 -6.291154026985168457e-01 7.834101095795631409e-03 7.772710919380187988e-01 3.817259979248046875e+01
7.530871629714965820e-01 -2.169896848499774933e-02 6.575612425804138184e-01 1.021412849426269531e+01 2.264929376542568207e-02 9.997176527976989746e-01 7.050222251564264297e-03 -8.748174309730529785e-01 -6.575291156768798828e-01 9.583891369402408600e-03 7.533668279647827148e-01 3.915059280395507812e+01
7.278977036476135254e-01 -2.204427868127822876e-02 6.853297948837280273e-01 1.109573173522949219e+01 2.384199947118759155e-02 9.996914267539978027e-01 6.833122111856937408e-03 -8.963221907615661621e-01 -6.852695345878601074e-01 1.136584393680095673e-02 7.281994819641113281e-01 4.007704925537109375e+01
7.134892940521240234e-01 -2.180723845958709717e-02 7.003251910209655762e-01 1.177072906494140625e+01 2.296777628362178802e-02 9.997053146362304688e-01 7.730050012469291687e-03 -9.168013930320739746e-01 -7.002879977226257324e-01 1.056963019073009491e-02 7.137807011604309082e-01 4.076114273071289062e+01
6.949402093887329102e-01 -2.057927101850509644e-02 7.187715172767639160e-01 1.225504875183105469e+01 2.393166534602642059e-02 9.996975064277648926e-01 5.484319292008876801e-03 -9.374217987060546875e-01 -7.186676263809204102e-01 1.339015271514654160e-02 6.952232718467712402e-01 4.120488739013671875e+01
6.723991036415100098e-01 -2.378545701503753662e-02 7.398049831390380859e-01 1.278157329559326172e+01 2.528804726898670197e-02 9.996371865272521973e-01 9.155343286693096161e-03 -9.589804410934448242e-01 -7.397550940513610840e-01 1.255221106112003326e-02 6.727574467658996582e-01 4.165514373779296875e+01
6.498724222183227539e-01 -2.246030420064926147e-02 7.597098350524902344e-01 1.331407642364501953e+01 2.645961940288543701e-02 9.996248483657836914e-01 6.919089239090681076e-03 -9.836063385009765625e-01 -7.595810294151306152e-01 1.560514513403177261e-02 6.502236723899841309e-01 4.208156967163085938e+01
6.302384734153747559e-01 -2.213469333946704865e-02 7.760844826698303223e-01 1.387450027465820312e+01 2.802692539989948273e-02 9.995895028114318848e-01 5.749316886067390442e-03 -1.005348682403564453e+00 -7.758939862251281738e-01 1.812786236405372620e-02 6.306009292602539062e-01 4.250890350341796875e+01
6.033598184585571289e-01 -2.382001653313636780e-02 7.971116304397583008e-01 1.493795490264892578e+01 2.918927930295467377e-02 9.995424747467041016e-01 7.774911820888519287e-03 -1.027775883674621582e+00 -7.969330549240112305e-01 1.857608929276466370e-02 6.037798523902893066e-01 4.330716323852539062e+01
5.881125330924987793e-01 -2.419899590313434601e-02 8.084153532981872559e-01 1.593741703033447266e+01 3.094137459993362427e-02 9.994925260543823242e-01 7.409185636788606644e-03 -1.051000952720642090e+00 -8.081853389739990234e-01 2.065609768033027649e-02 5.885636210441589355e-01 4.403414916992187500e+01
5.728435516357421875e-01 -2.471876144409179688e-02 8.192902207374572754e-01 1.693788528442382812e+01 3.224969282746315002e-02 9.994496703147888184e-01 7.605511229485273361e-03 -1.068999171257019043e+00 -8.190282583236694336e-01 2.206514589488506317e-02 5.733263492584228516e-01 4.472461318969726562e+01
5.594909191131591797e-01 -2.400364726781845093e-02 8.284871578216552734e-01 1.794670486450195312e+01 3.229189291596412659e-02 9.994516372680664062e-01 7.149726152420043945e-03 -1.085783362388610840e+00 -8.282054066658020020e-01 2.275327034294605255e-02 5.599600672721862793e-01 4.540264511108398438e+01
5.382969379425048828e-01 -2.415456250309944153e-02 8.424072265625000000e-01 1.944704055786132812e+01 3.288357332348823547e-02 9.994286894798278809e-01 7.644314318895339966e-03 -1.106928348541259766e+00 -8.421116471290588379e-01 2.358651347458362579e-02 5.387845635414123535e-01 4.636384201049804688e+01
5.222374796867370605e-01 -2.385423704981803894e-02 8.524646162986755371e-01 2.111340141296386719e+01 3.261681273579597473e-02 9.994347691535949707e-01 7.985107600688934326e-03 -1.121819257736206055e+00 -8.521744012832641602e-01 2.363462001085281372e-02 5.227211713790893555e-01 4.739636230468750000e+01
5.074874758720397949e-01 -2.261019498109817505e-02 8.613606691360473633e-01 2.259354019165039062e+01 3.350820764899253845e-02 9.994160532951354980e-01 6.492041517049074173e-03 -1.136397480964660645e+00 -8.610056042671203613e-01 2.556808665394783020e-02 5.079495310783386230e-01 4.827302932739257812e+01
5.051375627517700195e-01 -2.244473062455654144e-02 8.627451658248901367e-01 2.404384803771972656e+01 3.421838954091072083e-02 9.993953108787536621e-01 5.964860320091247559e-03 -1.156268596649169922e+00 -8.623585104942321777e-01 2.650873921811580658e-02 5.056008100509643555e-01 4.912521743774414062e+01
5.044299364089965820e-01 -2.335326559841632843e-02 8.631350398063659668e-01 2.597321510314941406e+01 3.376121073961257935e-02 9.994019269943237305e-01 7.309546694159507751e-03 -1.180417776107788086e+00 -8.627905845642089844e-01 2.545338682830333710e-02 5.049173831939697266e-01 5.025568771362304688e+01
4.981842339038848877e-01 -2.479923702776432037e-02 8.667148351669311523e-01 2.727724647521972656e+01 3.281298652291297913e-02 9.994128346443176270e-01 9.735343046486377716e-03 -1.203954339027404785e+00 -8.664483428001403809e-01 2.358955331146717072e-02 4.987061023712158203e-01 5.100146865844726562e+01
4.973563849925994873e-01 -2.736397832632064819e-02 8.671130537986755371e-01 2.902424621582031250e+01 3.324743732810020447e-02 9.993681311607360840e-01 1.246766373515129089e-02 -1.227638721466064453e+00 -8.669072389602661133e-01 2.262844145298004150e-02 4.979525208473205566e-01 5.200917434692382812e+01
4.832775294780731201e-01 -2.813965082168579102e-02 8.750132322311401367e-01 3.074961662292480469e+01 3.341439738869667053e-02 9.993466734886169434e-01 1.368305087089538574e-02 -1.233151674270629883e+00 -8.748275041580200195e-01 2.262535318732261658e-02 4.839026033878326416e-01 5.297412109375000000e+01
4.798963367938995361e-01 -3.008766472339630127e-02 8.768074512481689453e-01 3.240908813476562500e+01 3.535294160246849060e-02 9.992619752883911133e-01 1.494025532156229019e-02 -1.245295882225036621e+00 -8.766108155250549316e-01 2.382798120379447937e-02 4.806063771247863770e-01 5.388443756103515625e+01
4.787518680095672607e-01 -3.080739267170429230e-02 8.774079084396362305e-01 3.420228958129882812e+01 3.708596900105476379e-02 9.992005228996276855e-01 1.484805811196565628e-02 -1.248226761817932129e+00 -8.771648406982421875e-01 2.543102391064167023e-02 4.795121848583221436e-01 5.486528396606445312e+01
4.751770794391632080e-01 -3.025333397090435028e-02 8.793683052062988281e-01 3.576446914672851562e+01 3.760579600930213928e-02 9.991925954818725586e-01 1.405499037355184555e-02 -1.254897952079772949e+00 -8.790843486785888672e-01 2.639077417552471161e-02 4.759316444396972656e-01 5.570661163330078125e+01
4.720052182674407959e-01 -3.051457740366458893e-02 8.810657858848571777e-01 3.712821197509765625e+01 3.796729072928428650e-02 9.991759657859802246e-01 1.426532957702875137e-02 -1.268815636634826660e+00 -8.807758688926696777e-01 2.671841345727443695e-02 4.727753400802612305e-01 5.643800354003906250e+01
4.648219645023345947e-01 -3.118168003857135773e-02 8.848532438278198242e-01 3.838302230834960938e+01 3.857836127281188965e-02 9.991426467895507812e-01 1.494360156357288361e-02 -1.277945756912231445e+00 -8.845613598823547363e-01 2.719011157751083374e-02 4.656268954277038574e-01 5.709955978393554688e+01
4.649183154106140137e-01 -3.082798421382904053e-02 8.848150968551635742e-01 3.987857818603515625e+01 3.837084025144577026e-02 9.991550445556640625e-01 1.465011574327945709e-02 -1.284584403038024902e+00 -8.845197558403015137e-01 2.713999338448047638e-02 4.657087922096252441e-01 5.788408279418945312e+01
4.650768935680389404e-01 -3.279584646224975586e-02 8.846609592437744141e-01 4.130033874511718750e+01 3.964710235595703125e-02 9.990813732147216797e-01 1.619466207921504974e-02 -1.297466158866882324e+00 -8.843801021575927734e-01 2.754248864948749542e-02 4.659503102302551270e-01 5.863508605957031250e+01
4.593640863895416260e-01 -3.241335228085517883e-02 8.876547813415527344e-01 4.262783813476562500e+01 4.004402086138725281e-02 9.990725517272949219e-01 1.575896702706813812e-02 -1.299811959266662598e+00 -8.873429894447326660e-01 2.830617129802703857e-02 4.602363705635070801e-01 5.932262802124023438e+01
4.580588638782501221e-01 -3.240928053855895996e-02 8.883291482925415039e-01 4.391805648803710938e+01 4.082633182406425476e-02 9.990465044975280762e-01 1.539689954370260239e-02 -1.304748535156250000e+00 -8.879818320274353027e-01 2.921454608440399170e-02 4.589456319808959961e-01 5.999166488647460938e+01
4.576574862003326416e-01 -3.188493102788925171e-02 8.885549306869506836e-01 4.534494018554687500e+01 4.170613363385200500e-02 9.990255236625671387e-01 1.436796132475137711e-02 -1.314782857894897461e+00 -8.881478905677795410e-01 3.048260323703289032e-02 4.585416615009307861e-01 6.072998046875000000e+01
4.609922766685485840e-01 -3.045298904180526733e-02 8.868797421455383301e-01 4.701292419433593750e+01 4.135720431804656982e-02 9.990612268447875977e-01 1.280787214636802673e-02 -1.319730877876281738e+00 -8.864379525184631348e-01 3.077453374862670898e-02 4.618193209171295166e-01 6.159555053710937500e+01
4.839079976081848145e-01 -3.108551166951656342e-02 8.745648264884948730e-01 4.842608261108398438e+01 4.243604093790054321e-02 9.990256428718566895e-01 1.202892977744340897e-02 -1.337937235832214355e+00 -8.740873932838439941e-01 3.129217028617858887e-02 4.847560524940490723e-01 6.237504577636718750e+01
4.976264238357543945e-01 -3.278185054659843445e-02 8.667699098587036133e-01 5.009288787841796875e+01 4.249566420912742615e-02 9.990058541297912598e-01 1.338565908372402191e-02 -1.352497220039367676e+00 -8.663477897644042969e-01 3.017290681600570679e-02 4.985252320766448975e-01 6.332660675048828125e+01
5.393521785736083984e-01 -3.352583944797515869e-02 8.414106369018554688e-01 5.146283721923828125e+01 4.078485816717147827e-02 9.990733265876770020e-01 1.366438902914524078e-02 -1.368675827980041504e+00 -8.410899043083190918e-01 2.694689482450485229e-02 5.402202606201171875e-01 6.420095062255859375e+01
5.784799456596374512e-01 -3.135792911052703857e-02 8.150914907455444336e-01 5.283768463134765625e+01 4.075677320361137390e-02 9.991226196289062500e-01 9.512342512607574463e-03 -1.380293726921081543e+00 -8.146755099296569824e-01 2.771779894828796387e-02 5.792511105537414551e-01 6.516966247558593750e+01
6.178537011146545410e-01 -3.043079189956188202e-02 7.857016921043395996e-01 5.415284729003906250e+01 4.077564179897308350e-02 9.991450905799865723e-01 6.632775999605655670e-03 -1.397308349609375000e+00 -7.852326631546020508e-01 2.793940715491771698e-02 6.185670495033264160e-01 6.618848419189453125e+01
6.512084603309631348e-01 -3.079288266599178314e-02 7.582715153694152832e-01 5.545286560058593750e+01 4.175852984189987183e-02 9.991154074668884277e-01 4.710878245532512665e-03 -1.419795989990234375e+00 -7.577465772628784180e-01 2.859654650092124939e-02 6.519190073013305664e-01 6.729789733886718750e+01
6.834450364112854004e-01 -3.074903599917888641e-02 7.293515205383300781e-01 5.666485977172851562e+01 4.026037454605102539e-02 9.991782307624816895e-01 4.398433957248926163e-03 -1.444725632667541504e+00 -7.288882136344909668e-01 2.635788172483444214e-02 6.841222047805786133e-01 6.842460632324218750e+01
7.024406194686889648e-01 -3.028745204210281372e-02 7.110949158668518066e-01 5.791276550292968750e+01 3.993378952145576477e-02 9.991961717605590820e-01 3.110660240054130554e-03 -1.470307111740112305e+00 -7.106182575225830078e-01 2.621166780591011047e-02 7.030864357948303223e-01 6.964155578613281250e+01
7.168074250221252441e-01 -2.945583499968051910e-02 6.966459155082702637e-01 5.910231018066406250e+01 4.006750136613845825e-02 9.991950988769531250e-01 1.021218486130237579e-03 -1.501473546028137207e+00 -6.961160302162170410e-01 2.718085423111915588e-02 7.174116969108581543e-01 7.085292816162109375e+01
7.236899733543395996e-01 -2.989250980317592621e-02 6.894746422767639160e-01 6.044227600097656250e+01 4.119057208299636841e-02 9.991499185562133789e-01 8.395209442824125290e-05 -1.533209919929504395e+00 -6.888918280601501465e-01 2.833911590278148651e-02 7.243070602416992188e-01 7.224931335449218750e+01
7.371585369110107422e-01 -2.988295443356037140e-02 6.750556826591491699e-01 6.198667144775390625e+01 3.992519155144691467e-02 9.992010593414306641e-01 6.338353268802165985e-04 -1.580122351646423340e+00 -6.745360493659973145e-01 2.648450806736946106e-02 7.377637624740600586e-01 7.391851043701171875e+01
7.478845715522766113e-01 -3.010189905762672424e-02 6.631428003311157227e-01 6.328789520263671875e+01 4.255858063697814941e-02 9.990890622138977051e-01 -2.645625732839107513e-03 -1.617202281951904297e+00 -6.624597907066345215e-01 3.020106256008148193e-02 7.484855055809020996e-01 7.537721252441406250e+01
7.598916888236999512e-01 -3.008490614593029022e-02 6.493498682975769043e-01 6.471128082275390625e+01 4.253169149160385132e-02 9.990876317024230957e-01 -3.483524080365896225e-03 -1.663419604301452637e+00 -6.486533284187316895e-01 3.026507794857025146e-02 7.604790925979614258e-01 7.702703857421875000e+01
7.707774639129638672e-01 -3.031143918633460999e-02 6.363795399665832520e-01 6.594529724121093750e+01 4.349276795983314514e-02 9.990392923355102539e-01 -5.092771258205175400e-03 -1.709024190902709961e+00 -6.356143951416015625e-01 3.160333260893821716e-02 7.713565826416015625e-01 7.850469970703125000e+01
7.800310254096984863e-01 -3.275105729699134827e-02 6.248795986175537109e-01 6.716707611083984375e+01 4.660941660404205322e-02 9.988946914672851562e-01 -5.828232038766145706e-03 -1.760004878044128418e+00 -6.239986419677734375e-01 3.367151319980621338e-02 7.806966304779052734e-01 8.001556396484375000e+01
7.907021641731262207e-01 -3.305877000093460083e-02 6.113041043281555176e-01 6.841799926757812500e+01 4.579999670386314392e-02 9.989355206489562988e-01 -5.219317972660064697e-03 -1.813218235969543457e+00 -6.104814410209655762e-01 3.212469071149826050e-02 7.913758754730224609e-01 8.162583160400390625e+01
8.008621931076049805e-01 -3.578254207968711853e-02 5.977749824523925781e-01 6.961440277099609375e+01 4.822323843836784363e-02 9.988234639167785645e-01 -4.817432723939418793e-03 -1.861381053924560547e+00 -5.968998670578002930e-01 3.268478810787200928e-02 8.016467690467834473e-01 8.321643066406250000e+01
8.121487498283386230e-01 -3.667598590254783630e-02 5.822927355766296387e-01 7.074829864501953125e+01 4.918719083070755005e-02 9.987717866897583008e-01 -5.695394705981016159e-03 -1.912947177886962891e+00 -5.813692808151245117e-01 3.326689451932907104e-02 8.129565715789794922e-01 8.478404235839843750e+01
8.225207328796386719e-01 -3.703305125236511230e-02 5.675243735313415527e-01 7.187837982177734375e+01 4.864891245961189270e-02 9.988001585006713867e-01 -5.332161672413349152e-03 -1.960730075836181641e+00 -5.666465163230895996e-01 3.199529647827148438e-02 8.233367204666137695e-01 8.640792083740234375e+01
8.320175409317016602e-01 -3.924777358770370483e-02 5.533553361892700195e-01 7.299068450927734375e+01 4.925677925348281860e-02 9.987793564796447754e-01 -3.221507649868726730e-03 -2.013607501983642578e+00 -5.525539517402648926e-01 2.993688359856605530e-02 8.329364657402038574e-01 8.805580902099609375e+01
8.423469662666320801e-01 -4.059693962335586548e-02 5.374003648757934570e-01 7.411299896240234375e+01 4.951654374599456787e-02 9.987692832946777344e-01 -2.164370380342006683e-03 -2.055683851242065430e+00 -5.366515517234802246e-01 2.843338809907436371e-02 8.433219194412231445e-01 8.978686523437500000e+01
8.485089540481567383e-01 -4.082921892404556274e-02 5.275994539260864258e-01 7.511534118652343750e+01 5.051352083683013916e-02 9.987138509750366211e-01 -3.950855694711208344e-03 -2.099922418594360352e+00 -5.267600417137145996e-01 3.000327572226524353e-02 8.494815230369567871e-01 9.139386749267578125e+01
8.549816608428955078e-01 -4.057461395859718323e-02 5.170643925666809082e-01 7.612344360351562500e+01 4.985557124018669128e-02 9.987464547157287598e-01 -4.064970184117555618e-03 -2.146366119384765625e+00 -5.162517428398132324e-01 2.925405092537403107e-02 8.559342622756958008e-01 9.305392456054687500e+01
8.583861589431762695e-01 -3.947201743721961975e-02 5.114788413047790527e-01 7.703376007080078125e+01 4.939572513103485107e-02 9.987605810165405273e-01 -5.821398459374904633e-03 -2.189101219177246094e+00 -5.106155276298522949e-01 3.026191703975200653e-02 8.592736124992370605e-01 9.458039855957031250e+01
8.567190170288085938e-01 -3.932791575789451599e-02 5.142773985862731934e-01 7.786301422119140625e+01 4.890369996428489685e-02 9.987887740135192871e-01 -5.087648984044790268e-03 -2.228162050247192383e+00 -5.134549140930175781e-01 2.950879186391830444e-02 8.576062321662902832e-01 9.596897125244140625e+01
8.560379743576049805e-01 -3.878251090645790100e-02 5.154514908790588379e-01 7.873755645751953125e+01 4.851122200489044189e-02 9.988061189651489258e-01 -5.415159743279218674e-03 -2.265330553054809570e+00 -5.146266818046569824e-01 2.964080497622489929e-02 8.568990230560302734e-01 9.742307281494140625e+01
8.537049293518066406e-01 -3.842530399560928345e-02 5.193329453468322754e-01 7.973171234130859375e+01 4.810447245836257935e-02 9.988270401954650879e-01 -5.173575598746538162e-03 -2.309861660003662109e+00 -5.185256004333496094e-01 2.939898334443569183e-02 8.545536994934082031e-01 9.905612945556640625e+01
8.512318730354309082e-01 -3.737656399607658386e-02 5.234524607658386230e-01 8.081331634521484375e+01 4.702511802315711975e-02 9.988785982131958008e-01 -5.147845949977636337e-03 -2.356270551681518555e+00 -5.226736664772033691e-01 2.899746224284172058e-02 8.520366549491882324e-01 1.008259277343750000e+02
8.509323000907897949e-01 -3.783773258328437805e-02 5.239062905311584473e-01 8.182823944091796875e+01 4.825644567608833313e-02 9.988136291503906250e-01 -6.241865456104278564e-03 -2.405324459075927734e+00 -5.230490565299987793e-01 3.059329837560653687e-02 8.517504334449768066e-01 1.024802703857421875e+02
8.506863713264465332e-01 -3.736368939280509949e-02 5.243400335311889648e-01 8.269560241699218750e+01 4.783051460981369019e-02 9.988330602645874023e-01 -6.424586754292249680e-03 -2.445703506469726562e+00 -5.234884619712829590e-01 3.054502978920936584e-02 8.514823317527770996e-01 1.038824996948242188e+02
8.507387042045593262e-01 -3.802836686372756958e-02 5.242074131965637207e-01 8.359613037109375000e+01 4.769508168101310730e-02 9.988479018211364746e-01 -4.943614359945058823e-03 -2.488468408584594727e+00 -5.234158635139465332e-01 2.920810133218765259e-02 8.515738248825073242e-01 1.053466186523437500e+02
8.496597409248352051e-01 -3.907870501279830933e-02 5.258774757385253906e-01 8.447933959960937500e+01 4.861521720886230469e-02 9.988064169883728027e-01 -4.324806854128837585e-03 -2.533762931823730469e+00 -5.250811576843261719e-01 2.924050204455852509e-02 8.505468964576721191e-01 1.067757720947265625e+02
8.466848731040954590e-01 -3.877319768071174622e-02 5.306761860847473145e-01 8.541334533691406250e+01 4.822092130780220032e-02 9.988270401954650879e-01 -3.957595676183700562e-03 -2.578292131423950195e+00 -5.299006700515747070e-01 2.894077077507972717e-02 8.475629091262817383e-01 1.082675857543945312e+02
8.432520031929016113e-01 -3.931851312518119812e-02 5.360746383666992188e-01 8.632010650634765625e+01 4.912524297833442688e-02 9.987826943397521973e-01 -4.018667154014110565e-03 -2.619011640548706055e+00 -5.352644324302673340e-01 2.972378209233283997e-02 8.441585302352905273e-01 1.097030258178710938e+02
8.419718146324157715e-01 -4.030308499932289124e-02 5.380102396011352539e-01 8.722415161132812500e+01 4.974883422255516052e-02 9.987552762031555176e-01 -3.037462476640939713e-03 -2.662247896194458008e+00 -5.372185707092285156e-01 2.932306192815303802e-02 8.429303169250488281e-01 1.111276168823242188e+02
8.436278104782104492e-01 -4.061080142855644226e-02 5.353866219520568848e-01 8.807733917236328125e+01 4.981585592031478882e-02 9.987527728080749512e-01 -2.737973118200898170e-03 -2.696206331253051758e+00 -5.346081256866455078e-01 2.898079343140125275e-02 8.446001410484313965e-01 1.124685592651367188e+02
8.446568250656127930e-01 -4.012770578265190125e-02 5.337982773780822754e-01 8.893225097656250000e+01 4.987611621618270874e-02 9.987460970878601074e-01 -3.841895610094070435e-03 -2.734830141067504883e+00 -5.329751968383789062e-01 2.986909076571464539e-02 8.456006050109863281e-01 1.138149566650390625e+02
8.464932441711425781e-01 -3.869436308741569519e-02 5.309877395629882812e-01 8.981658935546875000e+01 4.863722622394561768e-02 9.988033175468444824e-01 -4.751538857817649841e-03 -2.772674798965454102e+00 -5.301688313484191895e-01 2.984814159572124481e-02 8.473636507987976074e-01 1.152282791137695312e+02
8.452443480491638184e-01 -3.807004168629646301e-02 5.330185294151306152e-01 9.070461273193359375e+01 4.883758351206779480e-02 9.987862110137939453e-01 -6.108332425355911255e-03 -2.811109304428100586e+00 -5.321393609046936035e-01 3.119460493326187134e-02 8.460789918899536133e-01 1.166392211914062500e+02
8.456965088844299316e-01 -3.912344574928283691e-02 5.322243571281433105e-01 9.158235168457031250e+01 5.015090107917785645e-02 9.987201094627380371e-01 -6.273779552429914474e-03 -2.848951101303100586e+00 -5.312981009483337402e-01 3.199749439954757690e-02 8.465775251388549805e-01 1.180287475585937500e+02
8.465938568115234375e-01 -3.916137665510177612e-02 5.307930707931518555e-01 9.246605682373046875e+01 5.007807537913322449e-02 9.987243413925170898e-01 -6.187643855810165405e-03 -2.890500068664550781e+00 -5.298739671707153320e-01 3.181976452469825745e-02 8.474763035774230957e-01 1.194417495727539062e+02
8.489976525306701660e-01 -4.034626483917236328e-02 5.268502235412597656e-01 9.334065246582031250e+01 5.169748142361640930e-02 9.986376166343688965e-01 -6.832540035247802734e-03 -2.937176465988159180e+00 -5.258571505546569824e-01 3.303790092468261719e-02 8.499281406402587891e-01 1.208501129150390625e+02
8.493062853813171387e-01 -4.068006202578544617e-02 5.263270139694213867e-01 9.425447845458984375e+01 5.259360745549201965e-02 9.985846281051635742e-01 -7.686416618525981903e-03 -2.985620975494384766e+00 -5.252697467803955078e-01 3.420982509851455688e-02 8.502449393272399902e-01 1.223324508666992188e+02
8.512908816337585449e-01 -4.138584434986114502e-02 5.230556130409240723e-01 9.511089324951171875e+01 5.306344479322433472e-02 9.985622167587280273e-01 -7.353052496910095215e-03 -3.033264160156250000e+00 -5.219996571540832520e-01 3.401498869061470032e-02 8.522642850875854492e-01 1.237305374145507812e+02
8.565443158149719238e-01 -4.246352240443229675e-02 5.143197774887084961e-01 9.611058807373046875e+01 5.480692908167839050e-02 9.984559416770935059e-01 -8.839952759444713593e-03 -3.085852861404418945e+00 -5.131506919860839844e-01 3.576036915183067322e-02 8.575503826141357422e-01 1.253898925781250000e+02
8.605933785438537598e-01 -4.146829992532730103e-02 5.075977444648742676e-01 9.705397033691406250e+01 5.459496006369590759e-02 9.984461665153503418e-01 -1.099328137934207916e-02 -3.135241031646728516e+00 -5.063535571098327637e-01 3.717330843210220337e-02 8.615214228630065918e-01 1.269884490966796875e+02
8.641626238822937012e-01 -4.153257608413696289e-02 5.014917850494384766e-01 9.792123413085937500e+01 5.529825389385223389e-02 9.983884096145629883e-01 -1.260440144687891006e-02 -3.190426588058471680e+00 -5.001605153083801270e-01 3.862415626645088196e-02 8.650680184364318848e-01 1.284854736328125000e+02
8.669905662536621094e-01 -4.149834811687469482e-02 4.965895116329193115e-01 9.875144195556640625e+01 5.541849881410598755e-02 9.983723759651184082e-01 -1.332384068518877029e-02 -3.242770910263061523e+00 -4.952287971973419189e-01 3.907217830419540405e-02 8.678806424140930176e-01 1.299351501464843750e+02
8.731432557106018066e-01 -4.147401452064514160e-02 4.856918454170227051e-01 9.963226318359375000e+01 5.543779581785202026e-02 9.983562231063842773e-01 -1.441092789173126221e-02 -3.298365116119384766e+00 -4.842962324619293213e-01 3.950878232717514038e-02 8.740086555480957031e-01 1.315139312744140625e+02
8.811419606208801270e-01 -4.318201541900634766e-02 4.708714187145233154e-01 1.005814819335937500e+02 5.700017139315605164e-02 9.982577562332153320e-01 -1.511759404093027115e-02 -3.366677045822143555e+00 -4.693986773490905762e-01 4.016079381108283997e-02 8.820696473121643066e-01 1.332767486572265625e+02
8.886444568634033203e-01 -4.306905344128608704e-02 4.565651118755340576e-01 1.014437255859375000e+02 5.628877133131027222e-02 9.982939958572387695e-01 -1.538688316941261292e-02 -3.428933143615722656e+00 -4.551239311695098877e-01 3.937325626611709595e-02 8.895542621612548828e-01 1.349468994140625000e+02
8.944913744926452637e-01 -4.263596981763839722e-02 4.450425207614898682e-01 1.022882080078125000e+02 5.554918572306632996e-02 9.983256459236145020e-01 -1.600672490894794464e-02 -3.490711688995361328e+00 -4.436152875423431396e-01 3.903993219137191772e-02 8.953636884689331055e-01 1.366332244873046875e+02
9.013720154762268066e-01 -4.267014935612678528e-02 4.309329986572265625e-01 1.030358276367187500e+02 5.624423548579216003e-02 9.982379674911499023e-01 -1.880106329917907715e-02 -3.548251628875732422e+00 -4.293718039989471436e-01 4.118455946445465088e-02 9.021853208541870117e-01 1.381943511962890625e+02
9.085645079612731934e-01 -4.396427422761917114e-02 4.154191315174102783e-01 1.038496780395507812e+02 5.725331604480743408e-02 9.981655478477478027e-01 -1.958187855780124664e-02 -3.622499465942382812e+00 -4.137965440750122070e-01 4.157583415508270264e-02 9.094165563583374023e-01 1.399595947265625000e+02
9.157625436782836914e-01 -4.402391612529754639e-02 3.992946743965148926e-01 1.046392211914062500e+02 5.757496878504753113e-02 9.980966448783874512e-01 -2.200093306601047516e-02 -3.698663234710693359e+00 -3.975664675235748291e-01 4.313731938600540161e-02 9.165558815002441406e-01 1.417486724853515625e+02
9.285116195678710938e-01 -4.387287050485610962e-02 3.686959445476531982e-01 1.052974243164062500e+02 5.658960714936256409e-02 9.981130957603454590e-01 -2.374314703047275543e-02 -3.772545099258422852e+00 -3.669588863849639893e-01 4.291046038269996643e-02 9.292439818382263184e-01 1.433806304931640625e+02
9.426900148391723633e-01 -4.329081624746322632e-02 3.308424949645996094e-01 1.058057098388671875e+02 5.555820837616920471e-02 9.980688095092773438e-01 -2.770782634615898132e-02 -3.846877098083496094e+00 -3.290043473243713379e-01 4.450122267007827759e-02 9.432763457298278809e-01 1.448305206298828125e+02
9.564242959022521973e-01 -4.587810486555099487e-02 2.883451581001281738e-01 1.062806701660156250e+02 5.598282441496849060e-02 9.980673789978027344e-01 -2.689091861248016357e-02 -3.920669794082641602e+00 -2.865543961524963379e-01 4.186181724071502686e-02 9.571460485458374023e-01 1.463686218261718750e+02
9.659249782562255859e-01 -4.581719636917114258e-02 2.547251582145690918e-01 1.067076187133789062e+02 5.525571480393409729e-02 9.980186820030212402e-01 -3.001834638416767120e-02 -3.998518466949462891e+00 -2.528452277183532715e-01 4.307080805301666260e-02 9.665446877479553223e-01 1.479460449218750000e+02
