9.999989867210388184e-01 -1.191341783851385117e-03 7.475883467122912407e-04 3.973779384978115559e-04 1.191527815535664558e-03 9.999992847442626953e-01 -2.485962759237736464e-04 -1.454729866236448288e-02 -7.472916040569543839e-04 2.494867949280887842e-04 9.999997019767761230e-01 8.801588416099548340e-01
9.999957680702209473e-01 -2.567382063716650009e-03 1.351550221443176270e-03 1.222959719598293304e-03 2.567335963249206543e-03 9.999966621398925781e-01 3.583048237487673759e-05 -3.023691102862358093e-02 -1.351637765765190125e-03 -3.236049087718129158e-05 9.999991059303283691e-01 1.792931437492370605e+00
9.999927878379821777e-01 -3.612183034420013428e-03 1.123426831327378750e-03 1.924562500789761543e-03 3.612028667703270912e-03 9.999934434890747070e-01 1.394716673530638218e-04 -4.659918323159217834e-02 -1.123923342674970627e-03 -1.354128762613981962e-04 9.999993443489074707e-01 2.745509386062622070e+00
9.999884963035583496e-01 -4.772630985826253891e-03 4.270927165634930134e-04 1.989454030990600586e-03 4.772458225488662720e-03 9.999884963035583496e-01 4.061809158883988857e-04 -6.305208802223205566e-02 -4.290264332666993141e-04 -4.041380598209798336e-04 9.999998211860656738e-01 3.737834692001342773e+00
9.999799728393554688e-01 -6.172731984406709671e-03 1.371742459014058113e-03 2.339021535590291023e-03 6.171683780848979950e-03 9.999806880950927734e-01 7.669664919376373291e-04 -8.132670074701309204e-02 -1.376450294628739357e-03 -7.584854029119014740e-04 9.999987483024597168e-01 4.746642112731933594e+00
9.999677538871765137e-01 -7.759009953588247299e-03 2.057024277746677399e-03 4.635551013052463531e-03 7.756633684039115906e-03 9.999693036079406738e-01 1.160470186732709408e-03 -9.902288764715194702e-02 -2.065965207293629646e-03 -1.144477399066090584e-03 9.999971985816955566e-01 5.749289989471435547e+00
9.999552965164184570e-01 -9.119635447859764099e-03 2.469081198796629906e-03 5.499844904989004135e-03 9.113854728639125824e-03 9.999557733535766602e-01 2.342221094295382500e-03 -1.161930561065673828e-01 -2.490332350134849548e-03 -2.319613937288522720e-03 9.999942183494567871e-01 6.748946666717529297e+00
9.999433755874633789e-01 -1.039767730981111526e-02 2.258278895169496536e-03 7.291709072887897491e-03 1.039165072143077850e-02 9.999424815177917480e-01 2.664320636540651321e-03 -1.309420764446258545e-01 -2.285851864144206047e-03 -2.640702761709690094e-03 9.999939203262329102e-01 7.709874629974365234e+00
9.999200105667114258e-01 -1.214987505227327347e-02 3.526996355503797531e-03 1.029703207314014435e-02 1.213820278644561768e-02 9.999209046363830566e-01 3.312101121991872787e-03 -1.456143110990524292e-01 -3.566958941519260406e-03 -3.269024658948183060e-03 9.999883174896240234e-01 8.748745918273925781e+00
9.998947978019714355e-01 -1.351602282375097275e-02 5.269530694931745529e-03 1.377473957836627960e-02 1.349068153649568558e-02 9.998974800109863281e-01 4.814891610294580460e-03 -1.580414772033691406e-01 -5.334068089723587036e-03 -4.743295256048440933e-03 9.999745488166809082e-01 9.771577835083007812e+00
9.998682141304016113e-01 -1.502807158976793289e-02 6.138979922980070114e-03 1.963186636567115784e-02 1.499785296618938446e-02 9.998754262924194336e-01 4.938722122460603714e-03 -1.722143441438674927e-01 -6.212433334439992905e-03 -4.845999646931886673e-03 9.999690055847167969e-01 1.077992916107177734e+01
9.998415708541870117e-01 -1.648280583322048187e-02 6.716577336192131042e-03 2.575732208788394928e-02 1.644662581384181976e-02 9.998502731323242188e-01 5.406024865806102753e-03 -1.830545812845230103e-01 -6.804676260799169540e-03 -5.294703412801027298e-03 9.999628663063049316e-01 1.182473182678222656e+01
9.998204708099365234e-01 -1.765297725796699524e-02 6.878288462758064270e-03 3.108798712491989136e-02 1.761322841048240662e-02 9.998282194137573242e-01 5.796880926936864853e-03 -1.924627572298049927e-01 -6.979437544941902161e-03 -5.674691405147314072e-03 9.999595284461975098e-01 1.275000286102294922e+01
9.997910857200622559e-01 -1.875700429081916809e-02 8.116389624774456024e-03 3.722824528813362122e-02 1.870668306946754456e-02 9.998057484626770020e-01 6.231873761862516403e-03 -2.019675672054290771e-01 -8.231702260673046112e-03 -6.078740581870079041e-03 9.999476671218872070e-01 1.362417221069335938e+01
9.997634291648864746e-01 -1.991436444222927094e-02 8.740944787859916687e-03 4.542373120784759521e-02 1.986014470458030701e-02 9.997834563255310059e-01 6.246268749237060547e-03 -2.141556590795516968e-01 -8.863440714776515961e-03 -6.071194075047969818e-03 9.999423027038574219e-01 1.457545852661132812e+01
9.997321367263793945e-01 -2.102354541420936584e-02 9.673130698502063751e-03 5.269258096814155579e-02 2.095930837094783783e-02 9.997581243515014648e-01 6.694768555462360382e-03 -2.229672223329544067e-01 -9.811536408960819244e-03 -6.490232888609170914e-03 9.999307990074157715e-01 1.540043544769287109e+01
9.997010231018066406e-01 -2.237891778349876404e-02 9.845979511737823486e-03 6.143567711114883423e-02 2.230761386454105377e-02 9.997247457504272461e-01 7.292858324944972992e-03 -2.343263626098632812e-01 -1.000647339969873428e-02 -7.071037776768207550e-03 9.999249577522277832e-01 1.636658477783203125e+01
9.996623396873474121e-01 -2.348217554390430450e-02 1.111878082156181335e-02 7.030045986175537109e-02 2.339702658355236053e-02 9.996965527534484863e-01 7.727199234068393707e-03 -2.452310919761657715e-01 -1.129685621708631516e-02 -7.464444264769554138e-03 9.999083876609802246e-01 1.722017288208007812e+01
9.996242523193359375e-01 -2.464253827929496765e-02 1.199578307569026947e-02 7.908649742603302002e-02 2.455036900937557220e-02 9.996685385704040527e-01 7.771042641252279282e-03 -2.535853385925292969e-01 -1.218330208212137222e-02 -7.473621983081102371e-03 9.998979568481445312e-01 1.792713928222656250e+01
9.995627403259277344e-01 -2.593812160193920135e-02 1.419073529541492462e-02 8.824371546506881714e-02 2.582057751715183258e-02 9.996314048767089844e-01 8.404574356973171234e-03 -2.605150640010833740e-01 -1.440350152552127838e-02 -8.034486323595046997e-03 9.998641014099121094e-01 1.863754272460937500e+01
9.995017647743225098e-01 -2.734950371086597443e-02 1.575265452265739441e-02 1.020247712731361389e-01 2.721326239407062531e-02 9.995909929275512695e-01 8.799116127192974091e-03 -2.676995098590850830e-01 -1.598686352372169495e-02 -8.366050198674201965e-03 9.998372793197631836e-01 1.947056388854980469e+01
9.994435906410217285e-01 -2.849289029836654663e-02 1.734016835689544678e-02 1.158487126231193542e-01 2.834107913076877594e-02 9.995583891868591309e-01 8.938490413129329681e-03 -2.747441828250885010e-01 -1.758719608187675476e-02 -8.442075923085212708e-03 9.998098015785217285e-01 2.023431396484375000e+01
9.993949532508850098e-01 -2.953141741454601288e-02 1.837763935327529907e-02 1.339651644229888916e-01 2.936325967311859131e-02 9.995250701904296875e-01 9.353674016892910004e-03 -2.834246456623077393e-01 -1.864514313638210297e-02 -8.808384649455547333e-03 9.997875094413757324e-01 2.121669387817382812e+01
9.993528127670288086e-01 -3.034920431673526764e-02 1.931345090270042419e-02 1.503102183341979980e-01 3.017817251384258270e-02 9.995032548904418945e-01 9.086292237043380737e-03 -2.914342582225799561e-01 -1.957962475717067719e-02 -8.497565984725952148e-03 9.997723102569580078e-01 2.200610160827636719e+01
9.992788434028625488e-01 -3.144150972366333008e-02 2.129369229078292847e-02 1.661747694015502930e-01 3.125607594847679138e-02 9.994710683822631836e-01 8.985712192952632904e-03 -2.983784079551696777e-01 -2.156495675444602966e-02 -8.313674479722976685e-03 9.997330307960510254e-01 2.276014137268066406e+01
9.991946220397949219e-01 -3.260101005434989929e-02 2.339782007038593292e-02 1.827872097492218018e-01 3.241697326302528381e-02 9.994407892227172852e-01 8.202083408832550049e-03 -3.030747175216674805e-01 -2.365213632583618164e-02 -7.436989806592464447e-03 9.996927380561828613e-01 2.350431442260742188e+01
9.991837739944458008e-01 -3.362223133444786072e-02 2.239347435534000397e-02 1.995418369770050049e-01 3.346096724271774292e-02 9.994116425514221191e-01 7.537452969700098038e-03 -3.085283339023590088e-01 -2.263372763991355896e-02 -6.781992036849260330e-03 9.997209906578063965e-01 2.421352958679199219e+01
9.991436600685119629e-01 -3.417190909385681152e-02 2.333080209791660309e-02 2.139646261930465698e-01 3.403521701693534851e-02 9.994012117385864258e-01 6.231000646948814392e-03 -3.136956393718719482e-01 -2.352976053953170776e-02 -5.431594327092170715e-03 9.997085332870483398e-01 2.489173507690429688e+01
9.991028904914855957e-01 -3.459659218788146973e-02 2.442536875605583191e-02 2.306247055530548096e-01 3.448240458965301514e-02 9.993923306465148926e-01 5.080802366137504578e-03 -3.220991790294647217e-01 -2.458631061017513275e-02 -4.233996849507093430e-03 9.996889233589172363e-01 2.554075050354003906e+01
9.990104436874389648e-01 -3.542374074459075928e-02 2.689447067677974701e-02 2.476970553398132324e-01 3.535778075456619263e-02 9.993703365325927734e-01 2.924307715147733688e-03 -3.314720690250396729e-01 -2.698113210499286652e-02 -1.970483222976326942e-03 9.996342062950134277e-01 2.610910034179687500e+01
9.988726377487182617e-01 -3.581032529473304749e-02 3.116094321012496948e-02 2.670856714248657227e-01 3.577310219407081604e-02 9.993582963943481445e-01 1.751493429765105247e-03 -3.426147997379302979e-01 -3.120367601513862610e-02 -6.347931921482086182e-04 9.995130896568298340e-01 2.674227523803710938e+01
9.987257719039916992e-01 -3.729197755455970764e-02 3.400088474154472351e-02 2.893502116203308105e-01 3.728688880801200867e-02 9.993042349815368652e-01 7.841082988306879997e-04 -3.548901677131652832e-01 -3.400647640228271484e-02 4.846806405112147331e-04 9.994217157363891602e-01 2.726890563964843750e+01
9.986876845359802246e-01 -3.815421462059020996e-02 3.416228294372558594e-02 3.079239428043365479e-01 3.819690272212028503e-02 9.992699623107910156e-01 -5.973630468361079693e-04 -3.641686737537384033e-01 -3.411456197500228882e-02 1.901475479826331139e-03 9.994163513183593750e-01 2.781152343750000000e+01
9.984946846961975098e-01 -3.850884363055229187e-02 3.905434906482696533e-02 3.282788097858428955e-01 3.861951082944869995e-02 9.992517232894897461e-01 -2.082881517708301544e-03 -3.759692907333374023e-01 -3.894492611289024353e-02 3.588010091334581375e-03 9.992350935935974121e-01 2.826044654846191406e+01
9.983360767364501953e-01 -3.967493772506713867e-02 4.184193164110183716e-02 3.523789644241333008e-01 3.983382135629653931e-02 9.992017745971679688e-01 -2.969920402392745018e-03 -3.881856203079223633e-01 -4.169071465730667114e-02 4.631706979125738144e-03 9.991199970245361328e-01 2.875893020629882812e+01
9.981992840766906738e-01 -4.105250164866447449e-02 4.373310506343841553e-02 3.792391717433929443e-01 4.122566804289817810e-02 9.991450309753417969e-01 -3.064584219828248024e-03 -4.005586504936218262e-01 -4.356991872191429138e-02 4.861996974796056747e-03 9.990386962890625000e-01 2.931292343139648438e+01
9.980973601341247559e-01 -4.255288466811180115e-02 4.461526498198509216e-02 4.050094187259674072e-01 4.273413121700286865e-02 9.990814924240112305e-01 -3.116103122010827065e-03 -4.124678671360015869e-01 -4.444169998168945312e-02 5.016773939132690430e-03 9.989994764328002930e-01 2.984405136108398438e+01
9.980584979057312012e-01 -4.348716512322425842e-02 4.458462446928024292e-02 4.339435696601867676e-01 4.367712885141372681e-02 9.990401268005371094e-01 -3.294985508546233177e-03 -4.239991903305053711e-01 -4.439855366945266724e-02 5.235921591520309448e-03 9.990003108978271484e-01 3.048382949829101562e+01
9.979417324066162109e-01 -4.500933736562728882e-02 4.567443951964378357e-02 4.608541727066040039e-01 4.517307132482528687e-02 9.989757537841796875e-01 -2.558415755629539490e-03 -4.347798228263854980e-01 -4.551252350211143494e-02 4.616409074515104294e-03 9.989532232284545898e-01 3.099624061584472656e+01
9.979637265205383301e-01 -4.635242745280265808e-02 4.381326586008071899e-02 4.927203953266143799e-01 4.655859619379043579e-02 9.989085793495178223e-01 -3.696247469633817673e-03 -4.485039412975311279e-01 -4.359413310885429382e-02 5.728609859943389893e-03 9.990330338478088379e-01 3.172162628173828125e+01
9.978454709053039551e-01 -4.805900156497955322e-02 4.465940594673156738e-02 5.186314582824707031e-01 4.826638475060462952e-02 9.988279938697814941e-01 -3.576315240934491158e-03 -4.612648487091064453e-01 -4.443520307540893555e-02 5.724162794649600983e-03 9.989960193634033203e-01 3.229705047607421875e+01
9.977598786354064941e-01 -4.983887448906898499e-02 4.462104663252830505e-02 5.494946241378784180e-01 5.002173781394958496e-02 9.987435340881347656e-01 -2.990297740325331688e-03 -4.744987189769744873e-01 -4.441596195101737976e-02 5.215626209974288940e-03 9.989996552467346191e-01 3.294726943969726562e+01
9.977402687072753906e-01 -5.100151151418685913e-02 4.373624175786972046e-02 5.804942250251770020e-01 5.114343017339706421e-02 9.986889362335205078e-01 -2.131391316652297974e-03 -4.863407611846923828e-01 -4.357020929455757141e-02 4.363401327282190323e-03 9.990409612655639648e-01 3.358663940429687500e+01
9.975162744522094727e-01 -5.255270749330520630e-02 4.689330607652664185e-02 6.049588322639465332e-01 5.263526365160942078e-02 9.986135363578796387e-01 -5.267765372991561890e-04 -4.974092543125152588e-01 -4.680061712861061096e-02 2.993714064359664917e-03 9.988998770713806152e-01 3.403122329711914062e+01
9.977267384529113770e-01 -5.362049490213394165e-02 4.081226885318756104e-02 6.192564368247985840e-01 5.367278680205345154e-02 9.985584020614624023e-01 -1.860355841927230358e-04 -5.057085156440734863e-01 -4.074347019195556641e-02 2.376124728471040726e-03 9.991669058799743652e-01 3.445741271972656250e+01
9.977448582649230957e-01 -5.473515018820762634e-02 3.884254395961761475e-02 6.369410157203674316e-01 5.471172556281089783e-02 9.985006451606750488e-01 1.666374853812158108e-03 -5.147687792778015137e-01 -3.887552767992019653e-02 4.625285509973764420e-04 9.992440938949584961e-01 3.495719528198242188e+01
9.978353977203369141e-01 -5.554358288645744324e-02 3.519718348979949951e-02 6.460625529289245605e-01 5.556002259254455566e-02 9.984550476074218750e-01 5.113839870318770409e-04 -5.221204161643981934e-01 -3.517121821641921997e-02 1.445282483473420143e-03 9.993803501129150391e-01 3.536869430541992188e+01
9.982116818428039551e-01 -5.496230348944664001e-02 2.349736914038658142e-02 6.365083456039428711e-01 5.500620231032371521e-02 9.984850883483886719e-01 -1.225718995556235313e-03 -5.254460573196411133e-01 -2.339440584182739258e-02 2.516032196581363678e-03 9.997232556343078613e-01 3.553279876708984375e+01
9.983568191528320312e-01 -5.392960458993911743e-02 1.935761049389839172e-02 6.303126811981201172e-01 5.398696288466453552e-02 9.985384345054626465e-01 -2.452507149428129196e-03 -5.359866023063659668e-01 -1.919705234467983246e-02 3.493540454655885696e-03 9.998097419738769531e-01 3.586386108398437500e+01
9.981638789176940918e-01 -5.418292060494422913e-02 2.706579677760601044e-02 6.464651226997375488e-01 5.426027253270149231e-02 9.985243082046508789e-01 -2.131117274984717369e-03 -5.451850891113281250e-01 -2.691039070487022400e-02 3.595806425437331200e-03 9.996314644813537598e-01 3.639611434936523438e+01
9.977814555168151855e-01 -5.446811392903327942e-02 3.827352076768875122e-02 6.745567917823791504e-01 5.458479747176170349e-02 9.985068440437316895e-01 -2.009512158110737801e-03 -5.539911985397338867e-01 -3.810692951083183289e-02 4.094211384654045105e-03 9.992653131484985352e-01 3.693820571899414062e+01
9.974853992462158203e-01 -5.468425899744033813e-02 4.507778584957122803e-02 7.004639506340026855e-01 5.483436211943626404e-02 9.984929561614990234e-01 -2.099162200465798378e-03 -5.598646998405456543e-01 -4.489507153630256653e-02 4.565700888633728027e-03 9.989812970161437988e-01 3.741659545898437500e+01
9.980657696723937988e-01 -5.472083389759063721e-02 2.949204668402671814e-02 6.939895749092102051e-01 5.482161045074462891e-02 9.984924197196960449e-01 -2.618903294205665588e-03 -5.722965598106384277e-01 -2.930427715182304382e-02 4.230645019561052322e-03 9.995616078376770020e-01 3.782878875732421875e+01
9.979816079139709473e-01 -5.496081709861755371e-02 3.180416673421859741e-02 7.095734477043151855e-01 5.505946651101112366e-02 9.984802603721618652e-01 -2.233783714473247528e-03 -5.787957310676574707e-01 -3.163306415081024170e-02 3.980400506407022476e-03 9.994916319847106934e-01 3.828644943237304688e+01
9.980974197387695312e-01 -5.726189166307449341e-02 2.284821867942810059e-02 7.145301699638366699e-01 5.733081325888633728e-02 9.983521103858947754e-01 -2.372543560341000557e-03 -5.853801369667053223e-01 -2.267470583319664001e-02 3.677941393107175827e-03 9.997360706329345703e-01 3.874021911621093750e+01
9.981799125671386719e-01 -5.983044579625129700e-02 7.526967674493789673e-03 7.111777663230895996e-01 5.985134467482566833e-02 9.982036352157592773e-01 -2.582447137683629990e-03 -5.936710834503173828e-01 -7.358924485743045807e-03 3.028250299394130707e-03 9.999682903289794922e-01 3.924722290039062500e+01
9.980642795562744141e-01 -6.182539835572242737e-02 -6.692760623991489410e-03 7.002583146095275879e-01 6.181262433528900146e-02 9.980852007865905762e-01 -2.099245786666870117e-03 -6.035152673721313477e-01 6.809754297137260437e-03 1.681488705798983574e-03 9.999753832817077637e-01 3.984867095947265625e+01
9.977913498878479004e-01 -6.194099038839340210e-02 -2.398248575627803802e-02 6.724670529365539551e-01 6.187755614519119263e-02 9.980776906013488770e-01 -3.378705587238073349e-03 -6.141589879989624023e-01 2.414569631218910217e-02 1.887269201688468456e-03 9.997066259384155273e-01 4.038543319702148438e+01
9.975674152374267578e-01 -6.352524459362030029e-02 -2.869128622114658356e-02 6.529201269149780273e-01 6.344647705554962158e-02 9.979782700538635254e-01 -3.648107871413230896e-03 -6.228596568107604980e-01 2.886506170034408569e-02 1.818876015022397041e-03 9.995815753936767578e-01 4.088341140747070312e+01
9.976965188980102539e-01 -6.395713239908218384e-02 -2.259442396461963654e-02 6.473857760429382324e-01 6.388679146766662598e-02 9.979495406150817871e-01 -3.821811173111200333e-03 -6.294147372245788574e-01 2.279255725443363190e-02 2.369526075199246407e-03 9.997373223304748535e-01 4.132843399047851562e+01
9.977903366088867188e-01 -6.471480429172515869e-02 -1.502330042421817780e-02 6.468486189842224121e-01 6.469140946865081787e-02 9.979029893875122070e-01 -2.037484664469957352e-03 -6.343154907226562500e-01 1.512367837131023407e-02 1.061106915585696697e-03 9.998849630355834961e-01 4.180944061279296875e+01
9.978228211402893066e-01 -6.593129038810729980e-02 -1.411981880664825439e-03 6.572362780570983887e-01 6.593045592308044434e-02 9.978237152099609375e-01 -6.283085094764828682e-04 -6.398729085922241211e-01 1.450354233384132385e-03 5.338504561223089695e-04 9.999986886978149414e-01 4.227824783325195312e+01
9.976494312286376953e-01 -6.653065979480743408e-02 1.639034412801265717e-02 6.784110069274902344e-01 6.655737012624740601e-02 9.977816939353942871e-01 -1.089481636881828308e-03 -6.413813233375549316e-01 -1.628149114549160004e-02 2.177822403609752655e-03 9.998649954795837402e-01 4.254684448242187500e+01
9.970744848251342773e-01 -6.831775605678558350e-02 3.427181765437126160e-02 7.048682570457458496e-01 6.833093613386154175e-02 9.976621270179748535e-01 7.875612936913967133e-04 -6.430739164352416992e-01 -3.424549475312232971e-02 1.556571223773062229e-03 9.994121193885803223e-01 4.289943313598632812e+01
9.962056279182434082e-01 -7.023377716541290283e-02 5.138976871967315674e-02 7.395754456520080566e-01 7.024638354778289795e-02 9.975281953811645508e-01 1.562713878229260445e-03 -6.492986679077148438e-01 -5.137249827384948730e-02 2.053164178505539894e-03 9.986772537231445312e-01 4.331478118896484375e+01
9.950433373451232910e-01 -7.280059158802032471e-02 6.773623824119567871e-02 7.823759913444519043e-01 7.280633598566055298e-02 9.973430037498474121e-01 2.386881969869136810e-03 -6.557986736297607422e-01 -6.773003190755844116e-02 2.556580118834972382e-03 9.977002143859863281e-01 4.379281234741210938e+01
9.949936866760253906e-01 -7.393202930688858032e-02 6.723786890506744385e-02 8.219735622406005859e-01 7.396154850721359253e-02 9.972587227821350098e-01 2.053324831649661064e-03 -6.640676856040954590e-01 -6.720536202192306519e-02 2.929975744336843491e-03 9.977346658706665039e-01 4.440474700927734375e+01
9.953103065490722656e-01 -7.455871254205703735e-02 6.162483245134353638e-02 8.439302444458007812e-01 7.460542023181915283e-02 9.972116947174072266e-01 1.545485691167414188e-03 -6.709029078483581543e-01 -6.156823039054870605e-02 3.059312701225280762e-03 9.980980157852172852e-01 4.489367294311523438e+01
9.962101578712463379e-01 -7.585317641496658325e-02 4.255359619855880737e-02 8.536844849586486816e-01 7.592061161994934082e-02 9.971136450767517090e-01 3.086042124778032303e-05 -6.817309260368347168e-01 -4.243309795856475830e-02 3.199955914169549942e-03 9.990940093994140625e-01 4.551323318481445312e+01
9.969778060913085938e-01 -7.627868652343750000e-02 1.469577662646770477e-02 8.458027243614196777e-01 7.631613314151763916e-02 9.970813989639282227e-01 -2.005358925089240074e-03 -6.970814466476440430e-01 -1.449988968670368195e-02 3.120827255770564079e-03 9.998898506164550781e-01 4.621103286743164062e+01
9.969950914382934570e-01 -7.745537161827087402e-02 8.475854992866516113e-04 8.411442041397094727e-01 7.745765149593353271e-02 9.969903826713562012e-01 -3.150181379169225693e-03 -7.107849717140197754e-01 -6.009982898831367493e-04 3.206371096894145012e-03 9.999945163726806641e-01 4.692296981811523438e+01
9.967666864395141602e-01 -7.914688438177108765e-02 -1.382773462682962418e-02 8.251144289970397949e-01 7.908402383327484131e-02 9.968549609184265137e-01 -5.034282803535461426e-03 -7.252400517463684082e-01 1.418273895978927612e-02 3.924456425011157990e-03 9.998915791511535645e-01 4.762631225585937500e+01
9.964174032211303711e-01 -8.087630569934844971e-02 -2.471059188246726990e-02 8.068697452545166016e-01 8.073819428682327271e-02 9.967136383056640625e-01 -6.537600420415401459e-03 -7.400457262992858887e-01 2.515817061066627502e-02 4.519095178693532944e-03 9.996731281280517578e-01 4.829663848876953125e+01
9.959070086479187012e-01 -8.247105032205581665e-02 -3.697259724140167236e-02 7.784269452095031738e-01 8.223279565572738647e-02 9.965813755989074707e-01 -7.921190001070499420e-03 -7.551872134208679199e-01 3.749953210353851318e-02 4.848413635045289993e-03 9.992846846580505371e-01 4.900077056884765625e+01
9.954745769500732422e-01 -8.350353688001632690e-02 -4.535052925348281860e-02 7.439590096473693848e-01 8.319250494241714478e-02 9.964951872825622559e-01 -8.705984801054000854e-03 -7.713622450828552246e-01 4.591863229870796204e-02 4.893768113106489182e-03 9.989329576492309570e-01 4.972683334350585938e+01
9.949421882629394531e-01 -8.425980806350708008e-02 -5.467623099684715271e-02 7.011275291442871094e-01 8.390846848487854004e-02 9.964352250099182129e-01 -8.693699724972248077e-03 -7.900189757347106934e-01 5.521392449736595154e-02 4.061934072524309158e-03 9.984660744667053223e-01 5.051094055175781250e+01
9.941427707672119141e-01 -8.554653823375701904e-02 -6.603910028934478760e-02 6.444773077964782715e-01 8.517713099718093872e-02 9.963301420211791992e-01 -8.394163101911544800e-03 -8.095672130584716797e-01 6.651491671800613403e-02 2.719979034736752510e-03 9.977815151214599609e-01 5.137413406372070312e+01
9.937373399734497070e-01 -8.620973676443099976e-02 -7.108528167009353638e-02 5.770466327667236328e-01 8.584597706794738770e-02 9.962746500968933105e-01 -8.162041194736957550e-03 -8.316333889961242676e-01 7.152419537305831909e-02 2.008543349802494049e-03 9.974365830421447754e-01 5.231592559814453125e+01
9.935770630836486816e-01 -8.754653483629226685e-02 -7.168856263160705566e-02 5.042919516563415527e-01 8.720815926790237427e-02 9.961588978767395020e-01 -7.842371240258216858e-03 -8.569292426109313965e-01 7.209984958171844482e-02 1.540176570415496826e-03 9.973959922790527344e-01 5.334320831298828125e+01
9.933813810348510742e-01 -8.892327547073364258e-02 -7.269876450300216675e-02 4.381992518901824951e-01 8.860203623771667480e-02 9.960375428199768066e-01 -7.638141047209501266e-03 -8.788483738899230957e-01 7.308997958898544312e-02 1.146333408541977406e-03 9.973244667053222656e-01 5.426300048828125000e+01
9.929917454719543457e-01 -9.001600742340087891e-02 -7.657356560230255127e-02 3.749092221260070801e-01 8.970499783754348755e-02 9.959398508071899414e-01 -7.498479913920164108e-03 -8.981220722198486328e-01 7.693772017955780029e-02 5.769017734564840794e-04 9.970355033874511719e-01 5.509800338745117188e+01
9.927099943161010742e-01 -9.104461967945098877e-02 -7.897210121154785156e-02 3.067644834518432617e-01 9.076889604330062866e-02 9.958465099334716797e-01 -7.081495132297277451e-03 -9.182431101799011230e-01 7.928889244794845581e-02 -1.383352209813892841e-04 9.968514442443847656e-01 5.595133209228515625e+01
9.923920035362243652e-01 -9.231489896774291992e-02 -8.145423233509063721e-02 2.329896390438079834e-01 9.208797663450241089e-02 9.957290887832641602e-01 -6.546177901327610016e-03 -9.394381642341613770e-01 8.171072602272033691e-02 -1.004576915875077248e-03 9.966553449630737305e-01 5.685618209838867188e+01
9.923842549324035645e-01 -9.328496456146240234e-02 -8.043656498193740845e-02 1.603010892868041992e-01 9.306457638740539551e-02 9.956386089324951172e-01 -6.492661312222480774e-03 -9.597353339195251465e-01 8.069149404764175415e-02 -1.042576041072607040e-03 9.967383146286010742e-01 5.775426864624023438e+01
9.923908114433288574e-01 -9.415327757596969604e-02 -7.933643460273742676e-02 8.797277510166168213e-02 9.398792684078216553e-02 9.955559968948364258e-01 -5.824139807373285294e-03 -9.795212149620056152e-01 7.953229546546936035e-02 -1.676839892752468586e-03 9.968305826187133789e-01 5.867266082763671875e+01
9.924921393394470215e-01 -9.527136385440826416e-02 -7.669030874967575073e-02 1.157331466674804688e-02 9.515275061130523682e-02 9.954487681388854980e-01 -5.207625217735767365e-03 -1.000319838523864746e+00 7.683747261762619019e-02 -2.128762658685445786e-03 9.970410466194152832e-01 5.967042541503906250e+01
9.925952553749084473e-01 -9.619829803705215454e-02 -7.415600866079330444e-02 -6.299237161874771118e-02 9.611917287111282349e-02 9.953587055206298828e-01 -4.643546417355537415e-03 -1.022213935852050781e+00 7.425858825445175171e-02 -2.518648048862814903e-03 9.972355365753173828e-01 6.067938613891601562e+01
9.927362203598022461e-01 -9.730621427297592163e-02 -7.074507325887680054e-02 -1.222156733274459839e-01 9.725366532802581787e-02 9.952504634857177734e-01 -4.195054061710834503e-03 -1.040873289108276367e+00 7.081732898950576782e-02 -2.715631388127803802e-03 9.974852800369262695e-01 6.152586364746093750e+01
9.927859902381896973e-01 -9.830491989850997925e-02 -6.863446533679962158e-02 -1.809300780296325684e-01 9.826488792896270752e-02 9.951519966125488281e-01 -3.967532888054847717e-03 -1.059391140937805176e+00 6.869181990623474121e-02 -2.805443480610847473e-03 9.976336359977722168e-01 6.237834548950195312e+01
9.928509593009948730e-01 -9.977680444717407227e-02 -6.549888104200363159e-02 -2.356739342212677002e-01 9.965921938419342041e-02 9.950082898139953613e-01 -5.068350583314895630e-03 -1.078039169311523438e+00 6.567770242691040039e-02 -1.495446544140577316e-03 9.978393912315368652e-01 6.322895431518554688e+01
9.926879405975341797e-01 -1.014608740806579590e-01 -6.538237631320953369e-02 -2.961110472679138184e-01 1.013264730572700500e-01 9.948382973670959473e-01 -5.377062596380710602e-03 -1.099430203437805176e+00 6.559052318334579468e-02 -1.287216437049210072e-03 9.978454113006591797e-01 6.414425659179687500e+01
9.926110506057739258e-01 -1.020851805806159973e-01 -6.557828933000564575e-02 -3.520716428756713867e-01 1.020069867372512817e-01 9.947728514671325684e-01 -4.548422060906887054e-03 -1.115690112113952637e+00 6.569989770650863647e-02 -2.174626570194959641e-03 9.978367090225219727e-01 6.500791931152343750e+01
9.925621747970581055e-01 -1.030045077204704285e-01 -6.487669795751571655e-02 -4.144552946090698242e-01 1.030875369906425476e-01 9.946696162223815918e-01 -2.075527794659137726e-03 -1.127991676330566406e+00 6.474474072456359863e-02 -4.627887159585952759e-03 9.978907704353332520e-01 6.598934936523437500e+01
9.924370050430297852e-01 -1.044661924242973328e-01 -6.445346772670745850e-02 -4.763196110725402832e-01 1.047340333461761475e-01 9.944993853569030762e-01 7.813854608684778214e-04 -1.137176632881164551e+00 6.401738524436950684e-02 -7.525947876274585724e-03 9.979200363159179688e-01 6.697501373291015625e+01
9.924860596656799316e-01 -1.057728677988052368e-01 -6.149987503886222839e-02 -5.348194241523742676e-01 1.063201576471328735e-01 9.943151473999023438e-01 5.686343647539615631e-03 -1.129515528678894043e+00 6.054887175559997559e-02 -1.218229718506336212e-02 9.980905652046203613e-01 6.794855499267578125e+01
9.924911856651306152e-01 -1.068310067057609558e-01 -5.955734476447105408e-02 -5.902981758117675781e-01 1.074045598506927490e-01 9.941935539245605469e-01 6.504290737211704254e-03 -1.137352108955383301e+00 5.851673707365989685e-02 -1.285218633711338043e-02 9.982033967971801758e-01 6.889505767822265625e+01
9.925156831741333008e-01 -1.078267097473144531e-01 -5.731163918972015381e-02 -6.422413587570190430e-01 1.084210500121116638e-01 9.940772652626037598e-01 7.354785222560167313e-03 -1.141195535659790039e+00 5.617922544479370117e-02 -1.351353339850902557e-02 9.983289241790771484e-01 6.981102752685546875e+01
9.924475550651550293e-01 -1.088709980249404907e-01 -5.651164427399635315e-02 -6.936193108558654785e-01 1.094271689653396606e-01 9.939707517623901367e-01 6.832901854068040848e-03 -1.147741556167602539e+00 5.542708560824394226e-02 -1.296521164476871490e-02 9.983782172203063965e-01 7.071846771240234375e+01
9.924404025077819824e-01 -1.098173707723617554e-01 -5.477906018495559692e-02 -7.412444949150085449e-01 1.103422939777374268e-01 9.938708543777465820e-01 6.642290391027927399e-03 -1.155033111572265625e+00 5.371394380927085876e-02 -1.263653114438056946e-02 9.984760284423828125e-01 7.156578826904296875e+01
9.923810362815856934e-01 -1.109880581498146057e-01 -5.347930267453193665e-02 -7.874423861503601074e-01 1.114870980381965637e-01 9.937444925308227539e-01 6.430547684431076050e-03 -1.162624597549438477e+00 5.243111774325370789e-02 -1.234381273388862610e-02 9.985478520393371582e-01 7.243207550048828125e+01
9.923436045646667480e-01 -1.119356900453567505e-01 -5.218390002846717834e-02 -8.372388482093811035e-01 1.123880669474601746e-01 9.936468601226806641e-01 5.806717090308666229e-03 -1.173118352890014648e+00 5.120245739817619324e-02 -1.162711251527070999e-02 9.986202120780944824e-01 7.332901000976562500e+01
9.922347068786621094e-01 -1.131574213504791260e-01 -5.161609500646591187e-02 -8.844844102859497070e-01 1.135954111814498901e-01 9.935106039047241211e-01 5.622083786875009537e-03 -1.182729005813598633e+00 5.064502358436584473e-02 -1.144178397953510284e-02 9.986507892608642578e-01 7.422418212890625000e+01
9.920713901519775391e-01 -1.142169311642646790e-01 -5.241619050502777100e-02 -9.308812022209167480e-01 1.146716773509979248e-01 9.933862686157226562e-01 5.741432309150695801e-03 -1.191751122474670410e+00 5.141382664442062378e-02 -1.170657016336917877e-02 9.986084103584289551e-01 7.512598419189453125e+01
9.917477369308471680e-01 -1.156007796525955200e-01 -5.542115494608879089e-02 -9.868071675300598145e-01 1.161280721426010132e-01 9.932131171226501465e-01 6.378743331879377365e-03 -1.202783942222595215e+00 5.430770665407180786e-02 -1.276206411421298981e-02 9.984422922134399414e-01 7.615155029296875000e+01
9.915072917938232422e-01 -1.165626496076583862e-01 -5.766233801841735840e-02 -1.045668482780456543e+00 1.171174421906471252e-01 9.930973052978515625e-01 6.325246300548315048e-03 -1.212365150451660156e+00 5.652710050344467163e-02 -1.302480138838291168e-02 9.983156919479370117e-01 7.719956207275390625e+01
9.912738800048828125e-01 -1.177732869982719421e-01 -5.919415503740310669e-02 -1.107786774635314941e+00 1.183910965919494629e-01 9.929415583610534668e-01 7.027701474726200104e-03 -1.220553398132324219e+00 5.794873833656311035e-02 -1.397444680333137512e-02 9.982213377952575684e-01 7.829904937744140625e+01
9.911291599273681641e-01 -1.189167648553848267e-01 -5.933117493987083435e-02 -1.175768733024597168e+00 1.196015179157257080e-01 9.927881956100463867e-01 8.113162592053413391e-03 -1.227845072746276855e+00 5.793857946991920471e-02 -1.513729803264141083e-02 9.982049465179443359e-01 7.940989685058593750e+01
9.910111427307128906e-01 -1.203717291355133057e-01 -5.836021527647972107e-02 -1.245150446891784668e+00 1.210759654641151428e-01 9.926047921180725098e-01 8.671378716826438904e-03 -1.236675500869750977e+00 5.688491463661193848e-02 -1.565946266055107117e-02 9.982574582099914551e-01 8.052214050292968750e+01
9.909858703613281250e-01 -1.214432418346405029e-01 -5.654133483767509460e-02 -1.309202790260314941e+00 1.221799552440643311e-01 9.924594759941101074e-01 9.746707975864410400e-03 -1.245454668998718262e+00 5.493138730525970459e-02 -1.656707935035228729e-02 9.983521699905395508e-01 8.159600067138671875e+01
9.909020066261291504e-01 -1.228644400835037231e-01 -5.491733178496360779e-02 -1.372913360595703125e+00 1.236139833927154541e-01 9.922747015953063965e-01 1.045296713709831238e-02 -1.250951051712036133e+00 5.320885404944419861e-02 -1.714642718434333801e-02 9.984356760978698730e-01 8.269142913818359375e+01
9.906647801399230957e-01 -1.245143115520477295e-01 -5.547806248068809509e-02 -1.447952508926391602e+00 1.252587586641311646e-01 9.920717477798461914e-01 1.013546437025070190e-02 -1.256800651550292969e+00 5.377627909183502197e-02 -1.698997057974338531e-02 9.984079599380493164e-01 8.388977813720703125e+01
9.905248284339904785e-01 -1.259474605321884155e-01 -5.473648384213447571e-02 -1.515554189682006836e+00 1.266907006502151489e-01 9.918880462646484375e-01 1.031300518661737442e-02 -1.261342763900756836e+00 5.299363657832145691e-02 -1.714990101754665375e-02 9.984470605850219727e-01 8.500633239746093750e+01
9.903116822242736816e-01 -1.279555857181549072e-01 -5.392951890826225281e-02 -1.583960294723510742e+00 1.286604553461074829e-01 9.916396737098693848e-01 9.792095050215721130e-03 -1.272924900054931641e+00 5.222576856613159180e-02 -1.663582958281040192e-02 9.984961748123168945e-01 8.615196228027343750e+01
9.901828765869140625e-01 -1.288802623748779297e-01 -5.409256368875503540e-02 -1.647288680076599121e+00 1.296565681695938110e-01 9.914963245391845703e-01 1.107992138713598251e-02 -1.278720140457153320e+00 5.220466852188110352e-02 -1.798461191356182098e-02 9.984738826751708984e-01 8.721990203857421875e+01
9.899669289588928223e-01 -1.307523250579833984e-01 -5.354875698685646057e-02 -1.708408832550048828e+00 1.314898431301116943e-01 9.912614226341247559e-01 1.047260873019695282e-02 -1.283083558082580566e+00 5.171157419681549072e-02 -1.740865968167781830e-02 9.985097050666809082e-01 8.824760437011718750e+01
9.898844957351684570e-01 -1.322148591279983521e-01 -5.144017189741134644e-02 -1.771443605422973633e+00 1.329296827316284180e-01 9.910667538642883301e-01 1.071528438478708267e-02 -1.289726614952087402e+00 4.956400021910667419e-02 -1.744482479989528656e-02 9.986179471015930176e-01 8.935461425781250000e+01
9.896407723426818848e-01 -1.341082900762557983e-01 -5.122727900743484497e-02 -1.836614608764648438e+00 1.348671168088912964e-01 9.907945394515991211e-01 1.163763832300901413e-02 -1.297558426856994629e+00 4.919508472084999084e-02 -1.842596381902694702e-02 9.986185431480407715e-01 9.049045562744140625e+01
9.895771145820617676e-01 -1.354127675294876099e-01 -4.897657781839370728e-02 -1.903166413307189941e+00 1.361455768346786499e-01 9.906161427497863770e-01 1.193212158977985382e-02 -1.303692936897277832e+00 4.690130054950714111e-02 -1.847570389509201050e-02 9.987279772758483887e-01 9.166924285888671875e+01
9.894862174987792969e-01 -1.367335021495819092e-01 -4.710714891552925110e-02 -1.959437966346740723e+00 1.374435424804687500e-01 9.904341101646423340e-01 1.216193381696939468e-02 -1.306424379348754883e+00 4.499365389347076416e-02 -1.850864477455615997e-02 9.988151192665100098e-01 9.275059509277343750e+01
9.894146323204040527e-01 -1.385122686624526978e-01 -4.325700178742408752e-02 -2.014520168304443359e+00 1.391287446022033691e-01 9.902059435844421387e-01 1.156535465270280838e-02 -1.311555862426757812e+00 4.123146086931228638e-02 -1.746122911572456360e-02 9.989963173866271973e-01 9.386331939697265625e+01
9.893247485160827637e-01 -1.399819105863571167e-01 -4.049472138285636902e-02 -2.061103105545043945e+00 1.405577063560485840e-01 9.900022149085998535e-01 1.172375027090311050e-02 -1.316723823547363281e+00 3.844881430268287659e-02 -1.729044504463672638e-02 9.991102814674377441e-01 9.496401977539062500e+01
9.892057776451110840e-01 -1.418553739786148071e-01 -3.670354187488555908e-02 -2.111093997955322266e+00 1.423913240432739258e-01 9.897317886352539062e-01 1.240974292159080505e-02 -1.320818424224853516e+00 3.456633538007736206e-02 -1.750206016004085541e-02 9.992484450340270996e-01 9.612427520751953125e+01
9.890421032905578613e-01 -1.434684842824935913e-01 -3.479573503136634827e-02 -2.149089574813842773e+00 1.439406126737594604e-01 9.895191788673400879e-01 1.145106181502342224e-02 -1.327278137207031250e+00 3.278823941946029663e-02 -1.633410528302192688e-02 9.993281364440917969e-01 9.716699218750000000e+01
9.889785051345825195e-01 -1.447221338748931885e-01 -3.122837282717227936e-02 -2.191005706787109375e+00 1.451408416032791138e-01 9.893424510955810547e-01 1.157129276543855667e-02 -1.335310697555541992e+00 2.922099083662033081e-02 -1.597627624869346619e-02 9.994446039199829102e-01 9.828327941894531250e+01
9.888194799423217773e-01 -1.462480872869491577e-01 -2.908219397068023682e-02 -2.228697299957275391e+00 1.466579586267471313e-01 9.891076087951660156e-01 1.248488202691078186e-02 -1.338971495628356934e+00 2.693958580493927002e-02 -1.661043427884578705e-02 9.994983673095703125e-01 9.934265899658203125e+01
9.887569546699523926e-01 -1.470832526683807373e-01 -2.691724710166454315e-02 -2.255579710006713867e+00 1.474703848361968994e-01 9.889802336692810059e-01 1.299778465181589127e-02 -1.343747615814208984e+00 2.470892295241355896e-02 -1.682115346193313599e-02 9.995524287223815918e-01 1.003309249877929688e+02
9.886252284049987793e-01 -1.483129113912582397e-01 -2.493862621486186981e-02 -2.286320209503173828e+00 1.486722826957702637e-01 9.887973070144653320e-01 1.321916375309228897e-02 -1.347153067588806152e+00 2.269872650504112244e-02 -1.677648536860942841e-02 9.996008872985839844e-01 1.014258117675781250e+02
9.884681701660156250e-01 -1.495602577924728394e-01 -2.368304878473281860e-02 -2.313541650772094727e+00 1.499045044183731079e-01 9.886077046394348145e-01 1.348246540874242783e-02 -1.349188327789306641e+00 2.139685302972793579e-02 -1.687718741595745087e-02 9.996278882026672363e-01 1.024667816162109375e+02
9.882987737655639648e-01 -1.508810371160507202e-01 -2.233438752591609955e-02 -2.338789701461791992e+00 1.512142866849899292e-01 9.884002208709716797e-01 1.405609119683504105e-02 -1.350279569625854492e+00 1.995456404983997345e-02 -1.726890169084072113e-02 9.996510148048400879e-01 1.035171966552734375e+02
9.881674051284790039e-01 -1.521532088518142700e-01 -1.931110396981239319e-02 -2.360578298568725586e+00 1.524390876293182373e-01 9.882085919380187988e-01 1.429923716932535172e-02 -1.353091120719909668e+00 1.690776832401752472e-02 -1.707381196320056915e-02 9.997105598449707031e-01 1.045729980468750000e+02
9.879761934280395508e-01 -1.536206752061843872e-01 -1.737956330180168152e-02 -2.380014419555664062e+00 1.538765132427215576e-01 9.879832267761230469e-01 1.447540801018476486e-02 -1.355557203292846680e+00 1.494703814387321472e-02 -1.697567105293273926e-02 9.997434616088867188e-01 1.056152954101562500e+02
