9.998623728752136230e-01 2.683972939848899841e-03 -1.637458987534046173e-02 -1.406955812126398087e-02 -2.708403393626213074e-03 9.999952316284179688e-01 -1.470286282710731030e-03 -1.368736382573843002e-02 1.637056656181812286e-02 1.514423754997551441e-03 9.998648762702941895e-01 6.713156700134277344e-01
9.994019865989685059e-01 2.476534107699990273e-03 -3.449112549424171448e-02 -4.168343544006347656e-02 -2.578002400696277618e-03 9.999924302101135254e-01 -2.897946862503886223e-03 -2.863529324531555176e-02 3.448368981480598450e-02 2.985123312100768089e-03 9.994008541107177734e-01 1.298660516738891602e+00
9.988611936569213867e-01 3.599352436140179634e-03 -4.757548123598098755e-02 -7.386076450347900391e-02 -3.749381517991423607e-03 9.999882578849792480e-01 -3.064794465899467468e-03 -4.171418398618698120e-02 4.756389185786247253e-02 3.239679150283336639e-03 9.988629817962646484e-01 1.851062059402465820e+00
9.979031085968017578e-01 3.407419659197330475e-03 -6.463604420423507690e-02 -1.272449642419815063e-01 -3.604080760851502419e-03 9.999892115592956543e-01 -2.926360350102186203e-03 -5.775342136621475220e-02 6.462537497282028198e-02 3.153173718601465225e-03 9.979046583175659180e-01 2.565891981124877930e+00
9.970300197601318359e-01 2.924536820501089096e-03 -7.695893943309783936e-02 -1.758440136909484863e-01 -3.283761674538254738e-03 9.999843239784240723e-01 -4.541791509836912155e-03 -7.133033871650695801e-02 7.694444060325622559e-02 4.781015217304229736e-03 9.970239996910095215e-01 3.090233325958251953e+00
9.956508278846740723e-01 6.443828810006380081e-03 -9.294073283672332764e-02 -2.326105386018753052e-01 -7.068271748721599579e-03 9.999546408653259277e-01 -6.391208153218030930e-03 -8.573049306869506836e-02 9.289532154798507690e-02 7.020345889031887054e-03 9.956512451171875000e-01 3.595241785049438477e+00
9.921269416809082031e-01 7.374275010079145432e-03 -1.250191926956176758e-01 -2.979118525981903076e-01 -7.935291156172752380e-03 9.999606013298034668e-01 -3.990145865827798843e-03 -9.552093595266342163e-02 1.249848380684852600e-01 4.950799979269504547e-03 9.921463727951049805e-01 3.948138713836669922e+00
9.876318573951721191e-01 1.147840544581413269e-02 -1.563699990510940552e-01 -3.719066381454467773e-01 -1.220580656081438065e-02 9.999187588691711426e-01 -3.692411817610263824e-03 -1.042331457138061523e-01 1.563149094581604004e-01 5.555378738790750504e-03 9.876916408538818359e-01 4.315160274505615234e+00
9.821265339851379395e-01 1.174453087151050568e-02 -1.878554821014404297e-01 -4.663957953453063965e-01 -1.291389111429452896e-02 9.999041557312011719e-01 -5.002154037356376648e-03 -1.124549210071563721e-01 1.877787411212921143e-01 7.338705006986856461e-03 9.821839928627014160e-01 4.676163196563720703e+00
9.766889810562133789e-01 1.503892336040735245e-02 -2.141321748495101929e-01 -5.348004698753356934e-01 -1.613842509686946869e-02 9.998640418052673340e-01 -3.387412754818797112e-03 -1.208939030766487122e-01 2.140521407127380371e-01 6.764209829270839691e-03 9.767988920211791992e-01 4.867328166961669922e+00
9.699559211730957031e-01 1.748122088611125946e-02 -2.426522970199584961e-01 -6.275495886802673340e-01 -1.851483434438705444e-02 9.998266100883483887e-01 -1.979747321456670761e-03 -1.290694177150726318e-01 2.425756603479385376e-01 6.412936374545097351e-03 9.701113700866699219e-01 5.114535808563232422e+00
9.626475572586059570e-01 1.870328560471534729e-02 -2.701112031936645508e-01 -7.157473564147949219e-01 -2.023106254637241364e-02 9.997912049293518066e-01 -2.872927812859416008e-03 -1.379961818456649780e-01 2.700011134147644043e-01 8.230256848037242889e-03 9.628249406814575195e-01 5.352478504180908203e+00
9.555618762969970703e-01 1.774569973349571228e-02 -2.942562997341156006e-01 -8.098991513252258301e-01 -2.018751576542854309e-02 9.997823238372802734e-01 -5.262736231088638306e-03 -1.467300057411193848e-01 2.940988838672637939e-01 1.096917688846588135e-02 9.557121396064758301e-01 5.609872817993164062e+00
9.483872652053833008e-01 1.689377240836620331e-02 -3.166643679141998291e-01 -9.457814693450927734e-01 -1.923242025077342987e-02 9.998059272766113281e-01 -4.260977730154991150e-03 -1.605045646429061890e-01 3.165309131145477295e-01 1.013128180056810379e-02 9.485281705856323242e-01 5.982995986938476562e+00
9.400978088378906250e-01 1.869115047156810760e-02 -3.403920531272888184e-01 -1.017948389053344727e+00 -2.149536460638046265e-02 9.997589588165283203e-01 -4.468706902116537094e-03 -1.653738468885421753e-01 3.402264416217803955e-01 1.151787769049406052e-02 9.402731060981750488e-01 6.112900257110595703e+00
9.307755827903747559e-01 1.989617012441158295e-02 -3.650495111942291260e-01 -1.142794251441955566e+00 -2.260184846818447113e-02 9.997396469116210938e-01 -3.140033222734928131e-03 -1.711204200983047485e-01 3.648919463157653809e-01 1.117346063256263733e-02 9.309829473495483398e-01 6.388962268829345703e+00
9.236967563629150391e-01 2.314027957618236542e-02 -3.824250102043151855e-01 -1.269799470901489258e+00 -2.678090147674083710e-02 9.996325373649597168e-01 -4.198618698865175247e-03 -1.810509264469146729e-01 3.821872472763061523e-01 1.411994732916355133e-02 9.239771366119384766e-01 6.644915103912353516e+00
9.150059819221496582e-01 2.259158343076705933e-02 -4.028072953224182129e-01 -1.296487212181091309e+00 -2.789378538727760315e-02 9.995842576026916504e-01 -7.300736848264932632e-03 -1.841694563627243042e-01 4.024747908115386963e-01 1.791604980826377869e-02 9.152558445930480957e-01 6.664923667907714844e+00
9.076746702194213867e-01 2.530436031520366669e-02 -4.189109802246093750e-01 -1.303405284881591797e+00 -3.052292205393314362e-02 9.995175004005432129e-01 -5.759537220001220703e-03 -1.872139722108840942e-01 4.185630381107330322e-01 1.801418513059616089e-02 9.080091714859008789e-01 6.628561496734619141e+00
8.973392248153686523e-01 2.241357415914535522e-02 -4.407719373703002930e-01 -1.284710288047790527e+00 -2.744688279926776886e-02 9.996106028556823730e-01 -5.046426784247159958e-03 -1.914036422967910767e-01 4.404871165752410889e-01 1.662617921829223633e-02 8.976050615310668945e-01 6.504955768585205078e+00
8.940177559852600098e-01 1.565505564212799072e-02 -4.477578401565551758e-01 -1.306382536888122559e+00 -2.032029628753662109e-02 9.997777938842773438e-01 -5.617162678390741348e-03 -2.056489437818527222e-01 4.475703239440917969e-01 1.412043627351522446e-02 8.941373825073242188e-01 6.524508476257324219e+00
8.843867778778076172e-01 1.364004611968994141e-02 -4.665553271770477295e-01 -1.307409286499023438e+00 -1.880440115928649902e-02 9.998026490211486816e-01 -6.415125913918018341e-03 -2.121347635984420776e-01 4.663756489753723145e-01 1.444676984101533890e-02 8.844689130783081055e-01 6.454748630523681641e+00
8.729320168495178223e-01 1.597945578396320343e-02 -4.875799715518951416e-01 -1.304451227188110352e+00 -2.212900482118129730e-02 9.997317194938659668e-01 -6.854166276752948761e-03 -2.156638056039810181e-01 4.873395264148712158e-01 1.677289977669715881e-02 8.730515837669372559e-01 6.389131069183349609e+00
8.638595938682556152e-01 1.514901034533977509e-02 -5.035047531127929688e-01 -1.289521336555480957e+00 -2.198792807757854462e-02 9.997290968894958496e-01 -7.645565085113048553e-03 -2.195848822593688965e-01 5.032523870468139648e-01 1.767573691904544830e-02 8.639588356018066406e-01 6.317817211151123047e+00
8.530341982841491699e-01 1.467127632349729538e-02 -5.216487050056457520e-01 -1.265131473541259766e+00 -2.313636988401412964e-02 9.996852278709411621e-01 -9.718135930597782135e-03 -2.213665544986724854e-01 5.213417410850524902e-01 2.035897597670555115e-02 8.531052470207214355e-01 6.226358890533447266e+00
8.402635455131530762e-01 1.227373257279396057e-02 -5.420391559600830078e-01 -1.276489734649658203e+00 -2.138858474791049957e-02 9.997160434722900391e-01 -1.051915995776653290e-02 -2.281119823455810547e-01 5.417559742927551270e-01 2.043233066797256470e-02 8.402875661849975586e-01 6.189022541046142578e+00
8.286348581314086914e-01 1.426593679934740067e-02 -5.596075654029846191e-01 -1.325162410736083984e+00 -2.514800429344177246e-02 9.996147751808166504e-01 -1.175477635115385056e-02 -2.344322800636291504e-01 5.592241287231445312e-01 2.381345257163047791e-02 8.286744952201843262e-01 6.215480804443359375e+00
8.194739222526550293e-01 1.125594601035118103e-02 -5.730058550834655762e-01 -1.384674072265625000e+00 -2.323880791664123535e-02 9.996376037597656250e-01 -1.359798200428485870e-02 -2.396358698606491089e-01 5.726450085639953613e-01 2.445919811725616455e-02 8.194386363029479980e-01 6.269451141357421875e+00
8.042079806327819824e-01 1.168771274387836456e-02 -5.942329168319702148e-01 -1.541885375976562500e+00 -2.428847365081310272e-02 9.996178746223449707e-01 -1.320985704660415649e-02 -2.471772879362106323e-01 5.938513278961181641e-01 2.505651675164699554e-02 8.041846752166748047e-01 6.442792892456054688e+00
7.800486683845520020e-01 8.595317602157592773e-03 -6.256595849990844727e-01 -1.693042874336242676e+00 -2.162108197808265686e-02 9.996789097785949707e-01 -1.322273537516593933e-02 -2.565890848636627197e-01 6.253449916839599609e-01 2.384185045957565308e-02 7.799842357635498047e-01 6.577889919281005859e+00
7.525656223297119141e-01 1.172254979610443115e-02 -6.584126949310302734e-01 -1.872220754623413086e+00 -2.784210070967674255e-02 9.995139837265014648e-01 -1.402789354324340820e-02 -2.664078474044799805e-01 6.579282283782958984e-01 2.888854034245014191e-02 7.525264620780944824e-01 6.719932556152343750e+00
7.282194495201110840e-01 1.449734903872013092e-02 -6.851904392242431641e-01 -2.015831232070922852e+00 -2.973486483097076416e-02 9.995032548904418945e-01 -1.045453827828168869e-02 -2.771317064762115479e-01 6.846985220909118652e-01 2.798728272318840027e-02 7.282890677452087402e-01 6.813328742980957031e+00
7.117601633071899414e-01 1.453400962054729462e-02 -7.022719383239746094e-01 -2.104328632354736328e+00 -3.009449504315853119e-02 9.994989633560180664e-01 -9.815749712288379669e-03 -2.841743826866149902e-01 7.017774581909179688e-01 2.812102064490318298e-02 7.118412256240844727e-01 6.861374855041503906e+00
6.959888339042663574e-01 1.564044691622257233e-02 -7.178819775581359863e-01 -2.300300598144531250e+00 -3.350380063056945801e-02 9.993813633918762207e-01 -1.070857327431440353e-02 -2.910121083259582520e-01 7.172703742980957031e-01 3.150486573576927185e-02 6.960825324058532715e-01 7.017262458801269531e+00
6.865474581718444824e-01 1.067712344229221344e-02 -7.270063161849975586e-01 -2.109485864639282227e+00 -2.871438674628734589e-02 9.995104670524597168e-01 -1.243715081363916397e-02 -2.923018336296081543e-01 7.265176177024841309e-01 2.941427752375602722e-02 6.865181922912597656e-01 6.805758953094482422e+00
6.703443527221679688e-01 1.107941847294569016e-02 -7.419671416282653809e-01 -2.297008037567138672e+00 -3.119122982025146484e-02 9.994257092475891113e-01 -1.325637754052877426e-02 -3.025673925876617432e-01 7.413941621780395508e-01 3.202924877405166626e-02 6.703051924705505371e-01 6.944709777832031250e+00
6.556720137596130371e-01 1.116174738854169846e-02 -7.549629807472229004e-01 -2.486354351043701172e+00 -3.234481066465377808e-02 9.993882179260253906e-01 -1.331542897969484329e-02 -3.136532306671142578e-01 7.543525099754333496e-01 3.314973041415214539e-02 6.556321978569030762e-01 7.081842422485351562e+00
6.402571797370910645e-01 9.896819479763507843e-03 -7.680964469909667969e-01 -2.450410127639770508e+00 -3.483101725578308105e-02 9.992627501487731934e-01 -1.615847647190093994e-02 -3.273898959159851074e-01 7.673702836036682129e-01 3.709920495748519897e-02 6.401301622390747070e-01 7.022542476654052734e+00
6.155503392219543457e-01 1.103989221155643463e-02 -7.880198359489440918e-01 -2.681233406066894531e+00 -3.852197900414466858e-02 9.991282820701599121e-01 -1.609341427683830261e-02 -3.434186279773712158e-01 7.871553301811218262e-01 4.026243835687637329e-02 6.154393553733825684e-01 7.172546863555908203e+00
6.007894873619079590e-01 9.958881884813308716e-03 -7.993448376655578613e-01 -3.162961959838867188e+00 -3.934264183044433594e-02 9.990791678428649902e-01 -1.712266542017459869e-02 -3.685066103935241699e-01 7.984383702278137207e-01 4.173550382256507874e-02 6.006284356117248535e-01 7.518934726715087891e+00
5.897983312606811523e-01 1.034385431557893753e-02 -8.074839115142822266e-01 -3.839185237884521484e+00 -3.940530493855476379e-02 9.990956187248229980e-01 -1.598380692303180695e-02 -4.029011726379394531e-01 8.065884113311767578e-01 4.124642536044120789e-02 5.896728634834289551e-01 8.006625175476074219e+00
5.751431584358215332e-01 9.329102933406829834e-03 -8.179992437362670898e-01 -4.621581554412841797e+00 -3.960188478231430054e-02 9.990802407264709473e-01 -1.645015180110931396e-02 -4.357915520668029785e-01 8.170935511589050293e-01 4.185555502772331238e-02 5.749838948249816895e-01 8.552198410034179688e+00
5.642861723899841309e-01 8.834293112158775330e-03 -8.255316615104675293e-01 -5.297677516937255859e+00 -4.082169383764266968e-02 9.990183115005493164e-01 -1.721252128481864929e-02 -4.640805423259735107e-01 8.245693445205688477e-01 4.341244325041770935e-02 5.640931129455566406e-01 9.005798339843750000e+00
5.541162490844726562e-01 6.868111900985240936e-03 -8.324106335639953613e-01 -5.996691703796386719e+00 -3.999497741460800171e-02 9.990310072898864746e-01 -1.838082820177078247e-02 -4.952976405620574951e-01 8.314778804779052734e-01 4.347741603851318359e-02 5.538542270660400391e-01 9.465447425842285156e+00
5.399046540260314941e-01 9.331137873232364655e-03 -8.416740894317626953e-01 -6.647025585174560547e+00 -4.125545546412467957e-02 9.990302920341491699e-01 -1.538827270269393921e-02 -5.225628614425659180e-01 8.407144546508789062e-01 4.303190857172012329e-02 5.397663712501525879e-01 9.877461433410644531e+00
5.353352427482604980e-01 9.030886925756931305e-03 -8.445909619331359863e-01 -7.412485599517822266e+00 -4.019575193524360657e-02 9.990824460983276367e-01 -1.479484513401985168e-02 -5.511895418167114258e-01 8.436825275421142578e-01 4.186923056840896606e-02 5.352074503898620605e-01 1.036507511138916016e+01
5.355271697044372559e-01 6.312191486358642578e-03 -8.444939851760864258e-01 -8.189748764038085938e+00 -3.925571590662002563e-02 9.990773797035217285e-01 -1.742596738040447235e-02 -5.838704109191894531e-01 8.436049818992614746e-01 4.248335212469100952e-02 5.352813005447387695e-01 1.085770988464355469e+01
5.367957353591918945e-01 4.973252303898334503e-03 -8.436971306800842285e-01 -8.953798294067382812e+00 -3.948931768536567688e-02 9.990350008010864258e-01 -1.923585869371891022e-02 -6.173900365829467773e-01 8.427873849868774414e-01 4.364281147718429565e-02 5.364745855331420898e-01 1.134323787689208984e+01
5.373826622962951660e-01 4.238565452396869659e-03 -8.433274030685424805e-01 -9.721833229064941406e+00 -4.057769477367401123e-02 9.989593029022216797e-01 -2.083602733910083771e-02 -6.516995429992675781e-01 8.423615097999572754e-01 4.541726410388946533e-02 5.369958877563476562e-01 1.183278179168701172e+01
5.386630892753601074e-01 2.440879121422767639e-03 -8.425172567367553711e-01 -1.046231746673583984e+01 -3.799555078148841858e-02 9.990489482879638672e-01 -2.139806747436523438e-02 -6.877097487449645996e-01 8.416637778282165527e-01 4.353832080960273743e-02 5.382440686225891113e-01 1.230428314208984375e+01
5.413087606430053711e-01 6.988400127738714218e-04 -8.408231139183044434e-01 -1.113807106018066406e+01 -3.840940818190574646e-02 9.989764094352722168e-01 -2.389708906412124634e-02 -7.210078835487365723e-01 8.399457931518554688e-01 4.523129016160964966e-02 5.407820940017700195e-01 1.273906612396240234e+01
5.423307418823242188e-01 3.649191348813474178e-04 -8.401644825935363770e-01 -1.192423629760742188e+01 -3.914125263690948486e-02 9.989251494407653809e-01 -2.483201213181018829e-02 -7.633895277976989746e-01 8.392525315284729004e-01 4.635231569409370422e-02 5.417627096176147461e-01 1.324185180664062500e+01
5.423690676689147949e-01 1.661462883930653334e-04 -8.401398062705993652e-01 -1.270829677581787109e+01 -3.927921876311302185e-02 9.989115595817565918e-01 -2.515993453562259674e-02 -8.052513599395751953e-01 8.392213582992553711e-01 4.664606600999832153e-02 5.417858362197875977e-01 1.374553298950195312e+01
5.429397821426391602e-01 7.668027537874877453e-04 -8.397707343101501465e-01 -1.349105358123779297e+01 -3.915634751319885254e-02 9.989351630210876465e-01 -2.440374158322811127e-02 -8.472671508789062500e-01 8.388580083847045898e-01 4.613218083977699280e-02 5.423921942710876465e-01 1.424796390533447266e+01
5.438994765281677246e-01 1.063422765582799911e-03 -8.391491770744323730e-01 -1.436017990112304688e+01 -3.967326879501342773e-02 9.989137053489685059e-01 -2.444856800138950348e-02 -8.917806148529052734e-01 8.382118344306945801e-01 4.658941924571990967e-02 5.433512926101684570e-01 1.480985164642333984e+01
5.458655953407287598e-01 -1.340288668870925903e-03 -8.378711342811584473e-01 -1.514570903778076172e+01 -3.838419541716575623e-02 9.989089369773864746e-01 -2.660484611988067627e-02 -9.320673942565917969e-01 8.369929194450378418e-01 4.668374359607696533e-02 5.452190637588500977e-01 1.532176971435546875e+01
5.465086698532104492e-01 -2.745246049016714096e-03 -8.374484181404113770e-01 -1.599692726135253906e+01 -3.816888481378555298e-02 9.988739490509033203e-01 -2.818296104669570923e-02 -9.765712618827819824e-01 8.365830779075622559e-01 4.736676812171936035e-02 5.457889437675476074e-01 1.587271404266357422e+01
5.465888977050781250e-01 -2.696611685678362846e-03 -8.373962044715881348e-01 -1.686096000671386719e+01 -3.848736733198165894e-02 9.988573193550109863e-01 -2.833819203078746796e-02 -1.023419737815856934e+00 8.365160226821899414e-01 4.771857708692550659e-02 5.458610057830810547e-01 1.643568801879882812e+01
5.464007854461669922e-01 -2.257748041301965714e-03 -8.375202417373657227e-01 -1.766255760192871094e+01 -3.854237496852874756e-02 9.988692402839660645e-01 -2.783786319196224213e-02 -1.069386124610900879e+00 8.366364240646362305e-01 4.749070852994918823e-02 5.456964373588562012e-01 1.695790863037109375e+01
5.484733581542968750e-01 -2.146388869732618332e-03 -8.361646533012390137e-01 -1.839475059509277344e+01 -3.902564942836761475e-02 9.988413453102111816e-01 -2.816242724657058716e-02 -1.110918879508972168e+00 8.352566957473754883e-01 4.807827249169349670e-02 5.477546453475952148e-01 1.743515968322753906e+01
5.510110259056091309e-01 -2.724330872297286987e-03 -8.344928622245788574e-01 -1.912800216674804688e+01 -3.802451118826866150e-02 9.988741278648376465e-01 -2.836835011839866638e-02 -1.154965043067932129e+00 8.336310386657714844e-01 4.736252501606941223e-02 5.502876043319702148e-01 1.791459655761718750e+01
5.514651536941528320e-01 -3.303470788523554802e-03 -8.341907262802124023e-01 -1.984219360351562500e+01 -3.750586137175559998e-02 9.988828301429748535e-01 -2.874996326863765717e-02 -1.195127725601196289e+00 8.333541750907897949e-01 4.714171588420867920e-02 5.507257580757141113e-01 1.838669776916503906e+01
5.530748963356018066e-01 -4.654667805880308151e-03 -8.331178426742553711e-01 -2.053314971923828125e+01 -3.628392890095710754e-02 9.989011287689208984e-01 -2.966841123998165131e-02 -1.234882950782775879e+00 8.323407769203186035e-01 4.663771390914916992e-02 5.522989034652709961e-01 1.884262084960937500e+01
5.537746548652648926e-01 -5.740244407206773758e-03 -8.326461315155029297e-01 -2.124404716491699219e+01 -3.679082915186882019e-02 9.988310933113098145e-01 -3.135468810796737671e-02 -1.277541875839233398e+00 8.318530917167663574e-01 4.799724742770195007e-02 5.529167652130126953e-01 1.931329536437988281e+01
5.548818707466125488e-01 -6.277618929743766785e-03 -8.319048285484313965e-01 -2.215117835998535156e+01 -3.681790456175804138e-02 9.988065958023071289e-01 -3.209466859698295593e-02 -1.336410999298095703e+00 8.311138153076171875e-01 4.843781888484954834e-02 5.539891123771667480e-01 1.991312408447265625e+01
5.576822757720947266e-01 -9.258709847927093506e-03 -8.300022482872009277e-01 -2.289581680297851562e+01 -3.554245084524154663e-02 9.987544417381286621e-01 -3.502227738499641418e-02 -1.383945703506469727e+00 8.292930126190185547e-01 4.903169348835945129e-02 5.566591024398803711e-01 2.041044807434082031e+01
5.609149336814880371e-01 -1.036850828677415848e-02 -8.278079628944396973e-01 -2.358917045593261719e+01 -3.570567443966865540e-02 9.986882209777832031e-01 -3.670265898108482361e-02 -1.430299878120422363e+00 8.271029591560363770e-01 5.014458671212196350e-02 5.598094463348388672e-01 2.088086128234863281e+01
5.622401237487792969e-01 -1.131927967071533203e-02 -8.268960118293762207e-01 -2.429545593261718750e+01 -3.544798865914344788e-02 9.986574649810791016e-01 -3.777302801609039307e-02 -1.480432987213134766e+00 8.262137770652770996e-01 5.054938793182373047e-02 5.610845685005187988e-01 2.135978507995605469e+01
5.633337497711181641e-01 -1.346983294934034348e-02 -8.261190652847290039e-01 -2.498300743103027344e+01 -3.425764292478561401e-02 9.986265301704406738e-01 -3.964298218488693237e-02 -1.527579784393310547e+00 8.255187869071960449e-01 5.063319951295852661e-02 5.620991587638854980e-01 2.182219123840332031e+01
5.644084215164184570e-01 -1.403367426246404648e-02 -8.253758549690246582e-01 -2.574802780151367188e+01 -3.429693356156349182e-02 9.985935091972351074e-01 -4.043178260326385498e-02 -1.582689166069030762e+00 8.247827887535095215e-01 5.112797394394874573e-02 5.631337761878967285e-01 2.234560394287109375e+01
5.638262629508972168e-01 -1.444992981851100922e-02 -8.257664442062377930e-01 -2.665463256835937500e+01 -3.446248546242713928e-02 9.985644221305847168e-01 -4.100437834858894348e-02 -1.651078701019287109e+00 8.251739740371704102e-01 5.157738924026489258e-02 5.625193715095520020e-01 2.295959472656250000e+01
5.655671358108520508e-01 -1.585403271019458771e-02 -8.245492577552795410e-01 -2.760919761657714844e+01 -3.414599969983100891e-02 9.985076785087585449e-01 -4.261992126703262329e-02 -1.722395896911621094e+00 8.239949345588684082e-01 5.225956812500953674e-02 5.641822218894958496e-01 2.360822486877441406e+01
5.652415752410888672e-01 -1.636017113924026489e-02 -8.247626423835754395e-01 -2.862385749816894531e+01 -3.337027505040168762e-02 9.985314607620239258e-01 -4.267701506614685059e-02 -1.798333048820495605e+00 8.242501020431518555e-01 5.164546146988868713e-02 5.638659596443176270e-01 2.430138206481933594e+01
5.659397244453430176e-01 -1.654059067368507385e-02 -8.242802023887634277e-01 -2.946859931945800781e+01 -3.332145139575004578e-02 9.985229372978210449e-01 -4.291512072086334229e-02 -1.859074115753173828e+00 8.237729072570800781e-01 5.175366252660751343e-02 5.645529627799987793e-01 2.487868499755859375e+01
5.664407610893249512e-01 -1.675388216972351074e-02 -8.239317536354064941e-01 -3.029392623901367188e+01 -3.297310695052146912e-02 9.985319972038269043e-01 -4.297272488474845886e-02 -1.919206976890563965e+00 8.234425187110900879e-01 5.150916799902915955e-02 5.650570988655090332e-01 2.544617652893066406e+01
5.689775943756103516e-01 -1.942649483680725098e-02 -8.221231698989868164e-01 -3.107631301879882812e+01 -3.119496442377567291e-02 9.984915256500244141e-01 -4.518352076411247253e-02 -1.976742982864379883e+00 8.217610716819763184e-01 5.135459080338478088e-02 5.675136446952819824e-01 2.598269081115722656e+01
5.714308619499206543e-01 -2.180879935622215271e-02 -8.203599452972412109e-01 -3.187315177917480469e+01 -3.036708384752273560e-02 9.984002709388732910e-01 -4.769442230463027954e-02 -2.040237188339233398e+00 8.200880289077758789e-01 5.216608569025993347e-02 5.698548555374145508e-01 2.653459167480468750e+01
5.745115280151367188e-01 -2.430168725550174713e-02 -8.181352019309997559e-01 -3.267399215698242188e+01 -2.935952693223953247e-02 9.983040094375610352e-01 -5.027024447917938232e-02 -2.105531930923461914e+00 8.179696202278137207e-01 5.290097743272781372e-02 5.728241205215454102e-01 2.709444618225097656e+01
5.757644176483154297e-01 -2.537932991981506348e-02 -8.172212243080139160e-01 -3.336557006835937500e+01 -2.742783352732658386e-02 9.983560442924499512e-01 -5.032857134938240051e-02 -2.166447877883911133e+00 8.171553015708923340e-01 5.139208585023880005e-02 5.741222500801086426e-01 2.758071708679199219e+01
5.783854722976684570e-01 -2.832040563225746155e-02 -8.152713775634765625e-01 -3.404603958129882812e+01 -2.712156809866428375e-02 9.981771111488342285e-01 -5.391518026590347290e-02 -2.227266788482666016e+00 8.153124451637268066e-01 5.329527705907821655e-02 5.765635967254638672e-01 2.806021499633789062e+01
5.801833868026733398e-01 -2.940219454467296600e-02 -8.139545321464538574e-01 -3.480101013183593750e+01 -2.751402929425239563e-02 9.980703592300415039e-01 -5.566483363509178162e-02 -2.295027971267700195e+00 8.140208721160888672e-01 5.469106510281562805e-02 5.782554149627685547e-01 2.859403991699218750e+01
5.813668370246887207e-01 -3.186077624559402466e-02 -8.130170702934265137e-01 -3.556194686889648438e+01 -2.693772874772548676e-02 9.979315400123596191e-01 -5.836971849203109741e-02 -2.366160392761230469e+00 8.131954073905944824e-01 5.583513528108596802e-02 5.793066024780273438e-01 2.913561439514160156e+01
5.836580395698547363e-01 -3.213616088032722473e-02 -8.113629817962646484e-01 -3.639203262329101562e+01 -2.694170549511909485e-02 9.978999495506286621e-01 -5.890510603785514832e-02 -2.446084737777709961e+00 8.115524053573608398e-01 5.624002218246459961e-02 5.815671086311340332e-01 2.973072624206542969e+01
5.834823846817016602e-01 -3.201350942254066467e-02 -8.114941716194152832e-01 -3.721813583374023438e+01 -2.692757360637187958e-02 9.979106783866882324e-01 -5.872918292880058289e-02 -2.524572134017944336e+00 8.116791844367980957e-01 5.611909180879592896e-02 5.814017653465270996e-01 3.032235336303710938e+01
5.851392745971679688e-01 -3.370244428515434265e-02 -8.102318048477172852e-01 -3.804205322265625000e+01 -2.612601034343242645e-02 9.978338479995727539e-01 -6.037382781505584717e-02 -2.601340532302856445e+00 8.105117678642272949e-01 5.649530515074729919e-02 5.829917788505554199e-01 3.091321563720703125e+01
5.872573852539062500e-01 -3.442984819412231445e-02 -8.086672425270080566e-01 -3.883399200439453125e+01 -2.531905658543109894e-02 9.978244900703430176e-01 -6.087021529674530029e-02 -2.677748680114746094e+00 8.090041279792785645e-01 5.622125789523124695e-02 5.851085782051086426e-01 3.148715209960937500e+01
5.887860059738159180e-01 -3.455780074000358582e-02 -8.075494170188903809e-01 -3.960787963867187500e+01 -2.391215786337852478e-02 9.979035854339599609e-01 -6.013810634613037109e-02 -2.752504825592041016e+00 8.079351186752319336e-01 5.471881106495857239e-02 5.867258310317993164e-01 3.204877853393554688e+01
5.934811234474182129e-01 -3.523385524749755859e-02 -8.040758371353149414e-01 -4.036842346191406250e+01 -2.401791326701641083e-02 9.978210926055908203e-01 -6.145098805427551270e-02 -2.827960968017578125e+00 8.044893741607666016e-01 5.578231811523437500e-02 5.913422107696533203e-01 3.260857009887695312e+01
5.947295427322387695e-01 -3.620159253478050232e-02 -8.031098842620849609e-01 -4.121899414062500000e+01 -2.365395054221153259e-02 9.977650642395019531e-01 -6.249254569411277771e-02 -2.914570093154907227e+00 8.035776615142822266e-01 5.616297945380210876e-02 5.925445556640625000e-01 3.323414993286132812e+01
5.942108631134033203e-01 -3.666698560118675232e-02 -8.034725785255432129e-01 -4.204964828491210938e+01 -2.345599792897701263e-02 9.977454543113708496e-01 -6.287970393896102905e-02 -3.000370502471923828e+00 8.039670586585998535e-01 5.621014907956123352e-02 5.920116305351257324e-01 3.384296417236328125e+01
5.952616333961486816e-01 -3.717038035392761230e-02 -8.026713132858276367e-01 -4.287055206298828125e+01 -2.343486994504928589e-02 9.977015256881713867e-01 -6.358121335506439209e-02 -3.085214614868164062e+00 8.031900525093078613e-01 5.665804445743560791e-02 5.930227637290954590e-01 3.444673156738281250e+01
5.963108539581298828e-01 -3.728120774030685425e-02 -8.018870353698730469e-01 -4.367549514770507812e+01 -2.359327115118503571e-02 9.976755976676940918e-01 -6.392853707075119019e-02 -3.165953636169433594e+00 8.024067878723144531e-01 5.704050883650779724e-02 5.940455794334411621e-01 3.504221725463867188e+01
5.965778827667236328e-01 -3.806094080209732056e-02 -8.016517758369445801e-01 -4.439108657836914062e+01 -2.386743947863578796e-02 9.975916147232055664e-01 -6.512560695409774780e-02 -3.241061449050903320e+00 8.022000789642333984e-01 5.798596143722534180e-02 5.942330360412597656e-01 3.556998062133789062e+01
5.970156192779541016e-01 -3.771758452057838440e-02 -8.013420104980468750e-01 -4.512086868286132812e+01 -2.341575920581817627e-02 9.976492524147033691e-01 -6.440257281064987183e-02 -3.319550275802612305e+00 8.018876910209655762e-01 5.721346661448478699e-02 5.947294235229492188e-01 3.610879135131835938e+01
5.970296859741210938e-01 -3.846849128603935242e-02 -8.012958168983459473e-01 -4.585884475708007812e+01 -2.309220470488071442e-02 9.976116418838500977e-01 -6.509873270988464355e-02 -3.399065732955932617e+00 8.018865585327148438e-01 5.736965313553810120e-02 5.947158932685852051e-01 3.665282821655273438e+01
5.973579883575439453e-01 -3.962411731481552124e-02 -8.009948134422302246e-01 -4.659766387939453125e+01 -2.274267561733722687e-02 9.975400567054748535e-01 -6.630773842334747314e-02 -3.476157903671264648e+00 8.016520738601684570e-01 5.782631039619445801e-02 5.949877500534057617e-01 3.719959259033203125e+01
5.989065766334533691e-01 -4.078098386526107788e-02 -7.997794151306152344e-01 -4.735042190551757812e+01 -2.157441899180412292e-02 9.975184202194213867e-01 -6.701951473951339722e-02 -3.559307813644409180e+00 8.005281090736389160e-01 5.739329755306243896e-02 5.965409278869628906e-01 3.775625610351562500e+01
5.991851687431335449e-01 -4.145377129316329956e-02 -7.995361089706420898e-01 -4.809358978271484375e+01 -2.109043113887310028e-02 9.974948167800903320e-01 -6.752288341522216797e-02 -3.640362977981567383e+00 8.003324866294860840e-01 5.732136592268943787e-02 5.968102812767028809e-01 3.830807876586914062e+01
6.001241803169250488e-01 -4.283708706498146057e-02 -7.987585663795471191e-01 -4.890116500854492188e+01 -2.132085524499416351e-02 9.973536729812622070e-01 -6.950645148754119873e-02 -3.725858688354492188e+00 7.996224761009216309e-01 5.874281749129295349e-02 5.976231694221496582e-01 3.891300964355468750e+01
5.989896059036254883e-01 -4.380052909255027771e-02 -7.995575666427612305e-01 -4.960878753662109375e+01 -2.130989171564579010e-02 9.972773790359497070e-01 -7.059612870216369629e-02 -3.805983304977416992e+00 8.004730343818664551e-01 5.932493135333061218e-02 5.964258313179016113e-01 3.943817138671875000e+01
5.997560620307922363e-01 -4.511179029941558838e-02 -7.989098429679870605e-01 -5.033547592163085938e+01 -2.057653106749057770e-02 9.972099065780639648e-01 -7.175630331039428711e-02 -3.889573097229003906e+00 7.999181151390075684e-01 5.947516858577728271e-02 5.971549153327941895e-01 3.997835922241210938e+01
6.011229157447814941e-01 -4.668930172920227051e-02 -7.977911233901977539e-01 -5.107378768920898438e+01 -2.022702991962432861e-02 9.970831274986267090e-01 -7.359325140714645386e-02 -3.975965738296508789e+00 7.989004254341125488e-01 6.037563085556030273e-02 5.984256267547607422e-01 4.053097534179687500e+01
6.014194488525390625e-01 -4.709107428789138794e-02 -7.975440025329589844e-01 -5.181867980957031250e+01 -2.070602402091026306e-02 9.970071911811828613e-01 -7.448258996009826660e-02 -4.064949989318847656e+00 7.986649870872497559e-01 6.130934134125709534e-02 5.986449122428894043e-01 4.108842086791992188e+01
6.025957465171813965e-01 -4.711568355560302734e-02 -7.966541051864624023e-01 -5.255875396728515625e+01 -2.121138013899326324e-02 9.969573020935058594e-01 -7.500647008419036865e-02 -4.155230998992919922e+00 7.977644801139831543e-01 6.209681928157806396e-02 5.997634530067443848e-01 4.164416503906250000e+01
6.031587123870849609e-01 -4.866229370236396790e-02 -7.961349487304687500e-01 -5.328459930419921875e+01 -1.986900717020034790e-02 9.969106912612915039e-01 -7.598727196455001831e-02 -4.242907047271728516e+00 7.973735332489013672e-01 6.165090203285217285e-02 6.003291010856628418e-01 4.219092559814453125e+01
6.028207540512084961e-01 -4.939594119787216187e-02 -7.963457107543945312e-01 -5.399655532836914062e+01 -1.847616583108901978e-02 9.969497919082641602e-01 -7.582521438598632812e-02 -4.329861640930175781e+00 7.976625561714172363e-01 6.042253598570823669e-02 6.000699996948242188e-01 4.272611618041992188e+01
6.053979396820068359e-01 -5.118153616786003113e-02 -7.942751646041870117e-01 -5.468523025512695312e+01 -1.760007254779338837e-02 9.968252778053283691e-01 -7.764826714992523193e-02 -4.414633750915527344e+00 7.957282066345214844e-01 6.098750978708267212e-02 6.025757789611816406e-01 4.324901962280273438e+01
6.086171865463256836e-01 -5.337329208850860596e-02 -7.916663885116577148e-01 -5.525328826904296875e+01 -1.611095853149890900e-02 9.966979622840881348e-01 -7.958207279443740845e-02 -4.486526489257812500e+00 7.933003306388854980e-01 6.118962913751602173e-02 6.057482361793518066e-01 4.368754196166992188e+01
6.134093403816223145e-01 -5.478589236736297607e-02 -7.878621220588684082e-01 -5.582849121093750000e+01 -1.588521711528301239e-02 9.965330958366394043e-01 -8.166415989398956299e-02 -4.562075138092041016e+00 7.896052598953247070e-01 6.260903179645538330e-02 6.104131340980529785e-01 4.413069915771484375e+01
6.186661124229431152e-01 -5.496596917510032654e-02 -7.837283611297607422e-01 -5.638492202758789062e+01 -1.449795160442590714e-02 9.965808987617492676e-01 -8.133866637945175171e-02 -4.638037204742431641e+00 7.855201363563537598e-01 6.168404594063758850e-02 6.157546639442443848e-01 4.457389831542968750e+01
6.197912096977233887e-01 -5.747446045279502869e-02 -7.826587557792663574e-01 -5.707064819335937500e+01 -1.275916676968336105e-02 9.964445233345031738e-01 -8.327783644199371338e-02 -4.726359844207763672e+00 7.846629619598388672e-01 6.160105392336845398e-02 6.168549656867980957e-01 4.510665893554687500e+01
6.193168759346008301e-01 -5.883272364735603333e-02 -7.829332947731018066e-01 -5.778644180297851562e+01 -1.245239563286304474e-02 9.963269233703613281e-01 -8.471807837486267090e-02 -4.820339679718017578e+00 7.850422859191894531e-01 6.221684068441390991e-02 6.163102388381958008e-01 4.566753768920898438e+01
6.220415830612182617e-01 -6.163643300533294678e-02 -7.805538773536682129e-01 -5.843791961669921875e+01 -1.135173346847295761e-02 9.960818290710449219e-01 -8.770205825567245483e-02 -4.908772468566894531e+00 7.829017639160156250e-01 6.341508030891418457e-02 6.189054846763610840e-01 4.617985153198242188e+01
6.332700848579406738e-01 -6.214915215969085693e-02 -7.714308500289916992e-01 -5.896049499511718750e+01 -9.961404837667942047e-03 9.960330724716186523e-01 -8.842123299837112427e-02 -4.981861591339111328e+00 7.738665938377380371e-01 6.367916613817214966e-02 6.301397681236267090e-01 4.661831665039062500e+01
6.441486477851867676e-01 -6.292501091957092285e-02 -7.623069882392883301e-01 -5.949802017211914062e+01 -8.329275995492935181e-03 9.959740042686462402e-01 -8.925139158964157104e-02 -5.058101177215576172e+00 7.648547291755676270e-01 6.384074687957763672e-02 6.410321593284606934e-01 4.707864761352539062e+01
6.554563641548156738e-01 -6.368117034435272217e-02 -7.525428533554077148e-01 -6.002655792236328125e+01 -6.417854223400354385e-03 9.959327578544616699e-01 -8.986703306436538696e-02 -5.136851310729980469e+00 7.552055120468139648e-01 6.373373419046401978e-02 6.523827910423278809e-01 4.754336929321289062e+01
6.669116616249084473e-01 -6.443326175212860107e-02 -7.423450946807861328e-01 -6.059084320068359375e+01 -3.447633702307939529e-03 9.959763884544372559e-01 -8.954500406980514526e-02 -5.222628116607666016e+00 7.451284527778625488e-01 6.227804720401763916e-02 6.640073060989379883e-01 4.805879592895507812e+01
6.775492429733276367e-01 -6.312936544418334961e-02 -7.327623963356018066e-01 -6.108944320678710938e+01 -3.716497682034969330e-03 9.960023760795593262e-01 -8.924465626478195190e-02 -5.299997806549072266e+00 7.354676127433776855e-01 6.319107115268707275e-02 6.746072769165039062e-01 4.853292083740234375e+01
6.894683241844177246e-01 -6.281395256519317627e-02 -7.215863466262817383e-01 -6.162726211547851562e+01 -2.836531260982155800e-03 9.959903359413146973e-01 -8.941107988357543945e-02 -5.381863117218017578e+00 7.243098020553588867e-01 6.369302421808242798e-02 6.865268945693969727e-01 4.905323791503906250e+01
6.995219588279724121e-01 -6.380603462457656860e-02 -7.117562890052795410e-01 -6.219123840332031250e+01 -8.399914950132369995e-04 9.959313869476318359e-01 -9.010676294565200806e-02 -5.470257759094238281e+00 7.146101593971252441e-01 6.362964212894439697e-02 6.966235041618347168e-01 4.961257934570312500e+01
7.150970101356506348e-01 -6.668575108051300049e-02 -6.958364844322204590e-01 -6.255092239379882812e+01 3.740272950381040573e-03 9.957895874977111816e-01 -9.158810228109359741e-02 -5.530118942260742188e+00 6.990146636962890625e-01 6.289187818765640259e-02 7.123367786407470703e-01 5.000071716308593750e+01
7.258923053741455078e-01 -6.665308028459548950e-02 -6.845704913139343262e-01 -6.275487518310546875e+01 5.516953766345977783e-03 9.958253502845764160e-01 -9.110841900110244751e-02 -5.570690631866455078e+00 6.877856254577636719e-01 6.235828250646591187e-02 7.232309579849243164e-01 5.023958969116210938e+01
7.347801923751831055e-01 -6.918805092573165894e-02 -6.747667193412780762e-01 -6.303635406494140625e+01 9.200910106301307678e-03 9.957090020179748535e-01 -9.207707643508911133e-02 -5.621689796447753906e+00 6.782423257827758789e-01 6.144806742668151855e-02 7.322651147842407227e-01 5.056526565551757812e+01
7.482771873474121094e-01 -7.254470139741897583e-02 -6.594070196151733398e-01 -6.314979171752929688e+01 1.307672355324029922e-02 9.954222440719604492e-01 -9.467237442731857300e-02 -5.649280071258544922e+00 6.632567048072814941e-01 6.221841275691986084e-02 7.458016872406005859e-01 5.073043823242187500e+01
7.601653933525085449e-01 -7.432465255260467529e-02 -6.454637646675109863e-01 -6.331914901733398438e+01 1.601095125079154968e-02 9.952763319015502930e-01 -9.574918448925018311e-02 -5.683637619018554688e+00 6.495316028594970703e-01 6.245084851980209351e-02 7.577660083770751953e-01 5.096307373046875000e+01
7.685483098030090332e-01 -7.524247467517852783e-02 -6.353510618209838867e-01 -6.349014663696289062e+01 1.798647828400135040e-02 9.952086210250854492e-01 -9.610199183225631714e-02 -5.722325801849365234e+00 6.395381093025207520e-01 6.243142113089561462e-02 7.662206292152404785e-01 5.119202804565429688e+01
7.791127562522888184e-01 -7.962838560342788696e-02 -6.218050122261047363e-01 -6.366609191894531250e+01 2.212022244930267334e-02 9.947738647460937500e-01 -9.967450797557830811e-02 -5.760378837585449219e+00 6.264925599098205566e-01 6.390334665775299072e-02 7.768038511276245117e-01 5.144212341308593750e+01
7.886052131652832031e-01 -8.022192120552062988e-02 -6.096433997154235840e-01 -6.379696273803710938e+01 2.416290156543254852e-02 9.947298765182495117e-01 -9.963885694742202759e-02 -5.791363716125488281e+00 6.144239902496337891e-01 6.384509801864624023e-02 7.863889932632446289e-01 5.163443374633789062e+01
7.962623238563537598e-01 -8.270872384309768677e-02 -5.992698669433593750e-01 -6.416705322265625000e+01 2.776749990880489349e-02 9.945622682571411133e-01 -1.003701016306877136e-01 -5.866545677185058594e+00 6.043129563331604004e-01 6.328082829713821411e-02 7.942305207252502441e-01 5.214408493041992188e+01
8.077629208564758301e-01 -8.342163264751434326e-02 -5.835740566253662109e-01 -6.436949920654296875e+01 3.094487451016902924e-02 9.945718050003051758e-01 -9.934078902006149292e-02 -5.912998676300048828e+00 5.886937379837036133e-01 6.218530610203742981e-02 8.059611916542053223e-01 5.245174026489257812e+01
