9.999390244483947754e-01 -7.550282170996069908e-04 -1.101110037416219711e-02 -1.959207840263843536e-02 7.596185896545648575e-04 9.999996423721313477e-01 4.125180421397089958e-04 -3.869789838790893555e-02 1.101078372448682785e-02 -4.208610043860971928e-04 9.999392628669738770e-01 1.801290988922119141e+00
9.997715950012207031e-01 -2.244892064481973648e-03 -2.125055715441703796e-02 -5.681438744068145752e-02 2.233558101579546928e-03 9.999973773956298828e-01 -5.571967922151088715e-04 -6.748425215482711792e-02 2.125175297260284424e-02 5.096021341159939766e-04 9.997739791870117188e-01 3.576304912567138672e+00
9.994409084320068359e-01 -2.747223014011979103e-03 -3.331937640905380249e-02 -1.254231631755828857e-01 2.693209564313292503e-03 9.999949932098388672e-01 -1.665988238528370857e-03 -1.112556159496307373e-01 3.332378715276718140e-02 1.575318630784749985e-03 9.994432926177978516e-01 5.541888236999511719e+00
9.990270733833312988e-01 -3.376685781404376030e-03 -4.396965354681015015e-02 -2.053958028554916382e-01 3.221629653126001358e-03 9.999883174896240234e-01 -3.596933558583259583e-03 -1.507644504308700562e-01 4.398128762841224670e-02 3.451778087764978409e-03 9.990263581275939941e-01 7.406106948852539062e+00
9.984394907951354980e-01 -4.702826030552387238e-03 -5.564423277974128723e-02 -3.107124865055084229e-01 4.526915028691291809e-03 9.999843239784240723e-01 -3.287032479420304298e-03 -1.975386738777160645e-01 5.565882474184036255e-02 3.030009102076292038e-03 9.984452128410339355e-01 9.270952224731445312e+00
9.981843829154968262e-01 -5.365788470953702927e-03 -5.999033898115158081e-02 -4.326499104499816895e-01 5.170574877411127090e-03 9.999808073043823242e-01 -3.408894175663590431e-03 -2.500083744525909424e-01 6.000748649239540100e-02 3.092519938945770264e-03 9.981930851936340332e-01 1.126294136047363281e+01
9.976705908775329590e-01 -6.161464378237724304e-03 -6.793516129255294800e-02 -5.820112824440002441e-01 5.846500396728515625e-03 9.999712109565734863e-01 -4.834179766476154327e-03 -2.917441725730895996e-01 6.796299666166305542e-02 4.425736609846353531e-03 9.976779818534851074e-01 1.347205162048339844e+01
9.970149397850036621e-01 -7.989550940692424774e-03 -7.679329812526702881e-02 -7.360629439353942871e-01 7.683305535465478897e-03 9.999612569808959961e-01 -4.282632842659950256e-03 -3.387406468391418457e-01 7.682455331087112427e-02 3.679820802062749863e-03 9.970378279685974121e-01 1.550151729583740234e+01
9.966283440589904785e-01 -8.373493328690528870e-03 -8.161886036396026611e-02 -8.741430640220642090e-01 8.079796098172664642e-03 9.999595284461975098e-01 -3.928074147552251816e-03 -3.760903179645538330e-01 8.164846897125244141e-02 3.255365882068872452e-03 9.966558814048767090e-01 1.715136146545410156e+01
9.963290691375732422e-01 -8.698017336428165436e-03 -8.516176789999008179e-02 -1.021753668785095215e+00 8.374691009521484375e-03 9.999561905860900879e-01 -4.153218585997819901e-03 -4.148849546909332275e-01 8.519417792558670044e-02 3.424771828576922417e-03 9.963585138320922852e-01 1.886524772644042969e+01
9.959013462066650391e-01 -7.431209087371826172e-03 -9.013895690441131592e-02 -1.174177527427673340e+00 7.118133362382650375e-03 9.999673366546630859e-01 -3.794278251007199287e-03 -4.537954330444335938e-01 9.016422927379608154e-02 3.137097461149096489e-03 9.959220290184020996e-01 2.052569580078125000e+01
9.954094886779785156e-01 -7.001130376011133194e-03 -9.544990211725234985e-02 -1.341953158378601074e+00 6.633148528635501862e-03 9.999691247940063477e-01 -4.172012209892272949e-03 -4.922636151313781738e-01 9.547618776559829712e-02 3.519721329212188721e-03 9.954255223274230957e-01 2.226014328002929688e+01
9.948225617408752441e-01 -8.954205550253391266e-03 -1.012305915355682373e-01 -1.519736528396606445e+00 8.535723201930522919e-03 9.999529719352722168e-01 -4.566367715597152710e-03 -5.356549024581909180e-01 1.012667417526245117e-01 3.678631503134965897e-03 9.948524832725524902e-01 2.396595764160156250e+01
9.943185448646545410e-01 -9.466719813644886017e-03 -1.060222834348678589e-01 -1.698512315750122070e+00 9.026414714753627777e-03 9.999483823776245117e-01 -4.632051102817058563e-03 -5.748939514160156250e-01 1.060606837272644043e-01 3.648715792223811150e-03 9.943529367446899414e-01 2.563416099548339844e+01
9.941296577453613281e-01 -9.900558739900588989e-03 -1.077401414513587952e-01 -1.886769294738769531e+00 9.517618454992771149e-03 9.999462962150573730e-01 -4.068002570420503616e-03 -6.215584278106689453e-01 1.077746525406837463e-01 3.018670482560992241e-03 9.941707253456115723e-01 2.732034683227539062e+01
9.936376214027404785e-01 -9.506190195679664612e-03 -1.122215390205383301e-01 -2.077834129333496094e+00 9.066991508007049561e-03 9.999490380287170410e-01 -4.423485137522220612e-03 -6.625941395759582520e-01 1.122578904032707214e-01 3.377804998308420181e-03 9.936733841896057129e-01 2.901150703430175781e+01
9.934440255165100098e-01 -9.114745073020458221e-03 -1.139543652534484863e-01 -2.279822826385498047e+00 8.751433342695236206e-03 9.999548196792602539e-01 -3.688218304887413979e-03 -7.073178291320800781e-01 1.139828562736511230e-01 2.666752785444259644e-03 9.934791326522827148e-01 3.071367645263671875e+01
9.926663041114807129e-01 -9.430882520973682404e-03 -1.205170005559921265e-01 -2.494218349456787109e+00 9.039499796926975250e-03 9.999518394470214844e-01 -3.793955547735095024e-03 -7.446495294570922852e-01 1.205470040440559387e-01 2.676698612049221992e-03 9.927040338516235352e-01 3.250550079345703125e+01
9.921382665634155273e-01 -1.038690749555826187e-02 -1.247137188911437988e-01 -2.705826759338378906e+00 9.898247197270393372e-03 9.999405741691589355e-01 -4.537430591881275177e-03 -7.831453084945678711e-01 1.247534677386283875e-01 3.267296124249696732e-03 9.921823740005493164e-01 3.419368743896484375e+01
9.910402297973632812e-01 -9.667301550507545471e-03 -1.332123130559921265e-01 -2.928818702697753906e+00 9.019896388053894043e-03 9.999442100524902344e-01 -5.462760571390390396e-03 -8.201776742935180664e-01 1.332577317953109741e-01 4.212235566228628159e-03 9.910724759101867676e-01 3.584134674072265625e+01
9.898615479469299316e-01 -1.068622339516878128e-02 -1.416319757699966431e-01 -3.188668727874755859e+00 9.841964580118656158e-03 9.999291896820068359e-01 -6.660268642008304596e-03 -8.657106161117553711e-01 1.416931748390197754e-01 5.198786500841379166e-03 9.898969531059265137e-01 3.765898513793945312e+01
9.884938001632690430e-01 -1.137531548738479614e-02 -1.508318185806274414e-01 -3.462419271469116211e+00 1.039719767868518829e-02 9.999192357063293457e-01 -7.272034883499145508e-03 -9.145836234092712402e-01 1.509024351835250854e-01 5.620113573968410492e-03 9.885326027870178223e-01 3.948137283325195312e+01
9.864324927330017090e-01 -1.315923593938350677e-02 -1.636382192373275757e-01 -3.785822868347167969e+00 1.174858585000038147e-02 9.998847246170043945e-01 -9.585546329617500305e-03 -9.619616270065307617e-01 1.637455672025680542e-01 7.532962597906589508e-03 9.864737987518310547e-01 4.145626068115234375e+01
9.843032360076904297e-01 -1.413061656057834625e-02 -1.759179830551147461e-01 -4.079999923706054688e+00 1.275664754211902618e-02 9.998784065246582031e-01 -8.938932791352272034e-03 -1.013429760932922363e+00 1.760229617357254028e-01 6.554478313773870468e-03 9.843642115592956543e-01 4.310762786865234375e+01
9.835935831069946289e-01 -1.376935560256242752e-02 -1.798716485500335693e-01 -4.388121604919433594e+00 1.243149675428867340e-02 9.998857975006103516e-01 -8.563158102333545685e-03 -1.060454607009887695e+00 1.799690723419189453e-01 6.186571437865495682e-03 9.836528301239013672e-01 4.479077148437500000e+01
9.828090071678161621e-01 -1.465631742030382156e-02 -1.840419322252273560e-01 -4.748696804046630859e+00 1.305309124290943146e-02 9.998653531074523926e-01 -9.919927455484867096e-03 -1.120155453681945801e+00 1.841625869274139404e-01 7.347061298787593842e-03 9.828683733940124512e-01 4.670726013183593750e+01
9.811092615127563477e-01 -1.527021918445825577e-02 -1.928502172231674194e-01 -5.161006927490234375e+00 1.373155135661363602e-02 9.998621344566345215e-01 -9.312908165156841278e-03 -1.186032295227050781e+00 1.929658800363540649e-01 6.488828919827938080e-03 9.811840653419494629e-01 4.879181671142578125e+01
9.802249670028686523e-01 -1.581619307398796082e-02 -1.972523629665374756e-01 -5.596263408660888672e+00 1.446514204144477844e-02 9.998607635498046875e-01 -8.288562297821044922e-03 -1.251304388046264648e+00 1.973560452461242676e-01 5.271350033581256866e-03 9.803177118301391602e-01 5.096209335327148438e+01
9.798271059989929199e-01 -1.384661532938480377e-02 -1.993657797574996948e-01 -6.028406620025634766e+00 1.251811347901821136e-02 9.998900294303894043e-01 -7.922844029963016510e-03 -1.308293700218200684e+00 1.994536072015762329e-01 5.267288070172071457e-03 9.798931479454040527e-01 5.309168243408203125e+01
9.794466495513916016e-01 -1.556007657200098038e-02 -2.011013031005859375e-01 -6.464279174804687500e+00 1.383016351610422134e-02 9.998540878295898438e-01 -1.000451762229204178e-02 -1.368972301483154297e+00 2.012276798486709595e-01 7.017568219453096390e-03 9.795193672180175781e-01 5.521356582641601562e+01
9.773489236831665039e-01 -1.587962545454502106e-02 -2.110367864370346069e-01 -6.907782077789306641e+00 1.420346274971961975e-02 9.998541474342346191e-01 -9.456136263906955719e-03 -1.434487700462341309e+00 2.111562341451644897e-01 6.244432181119918823e-03 9.774324297904968262e-01 5.726851272583007812e+01
9.757050871849060059e-01 -1.761219277977943420e-02 -2.183780968189239502e-01 -7.376997947692871094e+00 1.571621000766754150e-02 9.998219609260559082e-01 -1.041631679981946945e-02 -1.500644207000732422e+00 2.185227423906326294e-01 6.731124129146337509e-03 9.758086800575256348e-01 5.933433914184570312e+01
9.753370881080627441e-01 -1.844298653304576874e-02 -2.199476510286331177e-01 -7.849117279052734375e+00 1.668939553201198578e-02 9.998121261596679688e-01 -9.828546084463596344e-03 -1.563291311264038086e+00 2.200876772403717041e-01 5.915292538702487946e-03 9.754621982574462891e-01 6.140096664428710938e+01
9.744902253150939941e-01 -2.004915662109851837e-02 -2.235316783189773560e-01 -8.363728523254394531e+00 1.854947023093700409e-02 9.997888803482055664e-01 -8.807126432657241821e-03 -1.632192492485046387e+00 2.236611396074295044e-01 4.436009563505649567e-03 9.746568799018859863e-01 6.364427947998046875e+01
9.737716317176818848e-01 -2.052474953234195709e-02 -2.265989035367965698e-01 -8.905591964721679688e+00 1.906289532780647278e-02 9.997807145118713379e-01 -8.638033643364906311e-03 -1.698858737945556641e+00 2.267265766859054565e-01 4.091783426702022552e-03 9.739497900009155273e-01 6.597870635986328125e+01
9.715081453323364258e-01 -2.044681087136268616e-02 -2.361214756965637207e-01 -9.429802894592285156e+00 1.897655613720417023e-02 9.997835159301757812e-01 -8.497890084981918335e-03 -1.762066602706909180e+00 2.362442165613174438e-01 3.774938639253377914e-03 9.716863036155700684e-01 6.816923522949218750e+01
9.688779711723327637e-01 -2.168769016861915588e-02 -2.465858459472656250e-01 -9.989177703857421875e+00 1.994509063661098480e-02 9.997550249099731445e-01 -9.562782011926174164e-03 -1.820002555847167969e+00 2.467329204082489014e-01 4.346935078501701355e-03 9.690737128257751465e-01 7.039146423339843750e+01
9.664520621299743652e-01 -2.264962345361709595e-02 -2.558453381061553955e-01 -1.061509513854980469e+01 2.128963172435760498e-02 9.997403621673583984e-01 -8.084443397819995880e-03 -1.890685081481933594e+00 2.559621036052703857e-01 2.366313943639397621e-03 9.666838049888610840e-01 7.280027008056640625e+01
9.651648998260498047e-01 -2.148482762277126312e-02 -2.607574760913848877e-01 -1.124138164520263672e+01 2.074513211846351624e-02 9.997689127922058105e-01 -5.589181557297706604e-03 -1.950685977935791016e+00 2.608173787593841553e-01 -1.502782106399536133e-05 9.653880000114440918e-01 7.512301635742187500e+01
9.646717905998229980e-01 -2.230350673198699951e-02 -2.625077068805694580e-01 -1.191338729858398438e+01 2.185936458408832550e-02 9.997501373291015625e-01 -4.612605087459087372e-03 -2.016458272933959961e+00 2.625450789928436279e-01 -1.288658240810036659e-03 9.649187326431274414e-01 7.757839965820312500e+01
9.653522372245788574e-01 -2.246687747538089752e-02 -2.599800527095794678e-01 -1.255784320831298828e+01 2.190806902945041656e-02 9.997469782829284668e-01 -5.047338549047708511e-03 -2.075023651123046875e+00 2.600277364253997803e-01 -8.232587715610861778e-04 9.656006693840026855e-01 7.994429779052734375e+01
9.626073837280273438e-01 -2.110634930431842804e-02 -2.700758576393127441e-01 -1.322990131378173828e+01 2.020541019737720490e-02 9.997768402099609375e-01 -6.116009317338466644e-03 -2.137069225311279297e+00 2.701447606086730957e-01 4.302596498746424913e-04 9.628195166587829590e-01 8.238941192626953125e+01
9.614935517311096191e-01 -2.326027303934097290e-02 -2.738402187824249268e-01 -1.389861488342285156e+01 2.289440855383872986e-02 9.997273087501525879e-01 -4.532299935817718506e-03 -2.196119546890258789e+00 2.738710045814514160e-01 -1.911697676405310631e-03 9.617644548416137695e-01 8.472494506835937500e+01
9.611850976943969727e-01 -2.585451118648052216e-02 -2.746888697147369385e-01 -1.451839351654052734e+01 2.532787621021270752e-02 9.996639490127563477e-01 -5.464601796120405197e-03 -2.253463745117187500e+00 2.747379243373870850e-01 -1.704864669591188431e-03 9.615175724029541016e-01 8.689123535156250000e+01
9.595264792442321777e-01 -2.565566822886466980e-02 -2.804460227489471436e-01 -1.516487884521484375e+01 2.543011307716369629e-02 9.996663928031921387e-01 -4.443854093551635742e-03 -2.314162254333496094e+00 2.804665267467498779e-01 -2.867851871997117996e-03 9.598594307899475098e-01 8.911404418945312500e+01
9.588689208030700684e-01 -2.627261728048324585e-02 -2.826294600963592529e-01 -1.578351402282714844e+01 2.598381042480468750e-02 9.996506571769714355e-01 -4.770886152982711792e-03 -2.367436170578002930e+00 2.826561331748962402e-01 -2.769207116216421127e-03 9.592172503471374512e-01 9.120603179931640625e+01
9.574785828590393066e-01 -2.749086171388626099e-02 -2.871903777122497559e-01 -1.633623695373535156e+01 2.696071006357669830e-02 9.996193647384643555e-01 -5.801463965326547623e-03 -2.413371562957763672e+00 2.872405946254730225e-01 -2.188135404139757156e-03 9.578558802604675293e-01 9.304874420166015625e+01
9.582663774490356445e-01 -2.844721078872680664e-02 -2.844564914703369141e-01 -1.692528724670410156e+01 2.791604958474636078e-02 9.995923638343811035e-01 -5.922283511608839035e-03 -2.464955806732177734e+00 2.845090627670288086e-01 -2.265827264636754990e-03 9.586705565452575684e-01 9.502146911621093750e+01
9.571264982223510742e-01 -2.876079641282558441e-02 -2.882375121116638184e-01 -1.749861907958984375e+01 2.802726253867149353e-02 9.995844960212707520e-01 -6.672392599284648895e-03 -2.516559839248657227e+00 2.883096933364868164e-01 -1.692238030955195427e-03 9.575355648994445801e-01 9.692134857177734375e+01
9.568527936935424805e-01 -2.979733981192111969e-02 -2.890399396419525146e-01 -1.805491065979003906e+01 2.904966473579406738e-02 9.995539188385009766e-01 -6.877306848764419556e-03 -2.570061206817626953e+00 2.891159355640411377e-01 -1.815987518057227135e-03 9.572921991348266602e-01 9.874959564208984375e+01
9.565890431404113770e-01 -2.952645905315876007e-02 -2.899396121501922607e-01 -1.861145591735839844e+01 2.826166339218616486e-02 9.995635747909545898e-01 -8.549386635422706604e-03 -2.621847629547119141e+00 2.900655567646026611e-01 -1.597148366272449493e-05 9.570065736770629883e-01 1.005803451538085938e+02
9.553508758544921875e-01 -2.959488704800605774e-02 -2.939870059490203857e-01 -1.917776679992675781e+01 2.805948443710803986e-02 9.995612502098083496e-01 -9.440175257623195648e-03 -2.676743030548095703e+00 2.941374778747558594e-01 7.695110980421304703e-04 9.557626247406005859e-01 1.024227752685546875e+02
9.554141163825988770e-01 -3.045586496591567993e-02 -2.936933934688568115e-01 -1.987462997436523438e+01 2.849812991917133331e-02 9.995335936546325684e-01 -1.094397250562906265e-02 -2.747674942016601562e+00 2.938897609710693359e-01 2.086265012621879578e-03 9.558368921279907227e-01 1.046779861450195312e+02
9.546464085578918457e-01 -3.073441796004772186e-02 -2.961507141590118408e-01 -2.052585029602050781e+01 2.811096049845218658e-02 9.995184540748596191e-01 -1.311374735087156296e-02 -2.811302185058593750e+00 2.964111864566802979e-01 4.193866625428199768e-03 9.550510644912719727e-01 1.067829818725585938e+02
9.546366930007934570e-01 -2.893039025366306305e-02 -2.963635921478271484e-01 -2.118465042114257812e+01 2.644095011055469513e-02 9.995730519294738770e-01 -1.240568049252033234e-02 -2.881146192550659180e+00 2.965960204601287842e-01 4.006737843155860901e-03 9.549944400787353516e-01 1.088968124389648438e+02
9.542611837387084961e-01 -2.992364950478076935e-02 -2.974722385406494141e-01 -2.181488227844238281e+01 2.757763676345348358e-02 9.995462894439697266e-01 -1.208129338920116425e-02 -2.955146551132202148e+00 2.976988554000854492e-01 3.325098427012562752e-03 9.546538591384887695e-01 1.109230880737304688e+02
9.529566764831542969e-01 -3.120130673050880432e-02 -3.014957308769226074e-01 -2.245530319213867188e+01 2.929925918579101562e-02 9.995116591453552246e-01 -1.082992367446422577e-02 -3.026070356369018555e+00 3.016864955425262451e-01 1.486827153712511063e-03 9.534058570861816406e-01 1.129545898437500000e+02
9.520885348320007324e-01 -3.131618723273277283e-02 -3.042143285274505615e-01 -2.311057853698730469e+01 2.963602170348167419e-02 9.995089769363403320e-01 -1.013993099331855774e-02 -3.088031291961669922e+00 3.043825626373291016e-01 6.383910658769309521e-04 9.525494575500488281e-01 1.150258407592773438e+02
9.511533975601196289e-01 -3.144427388906478882e-02 -3.071126341819763184e-01 -2.381377410888671875e+01 2.965053543448448181e-02 9.995047450065612793e-01 -1.050596591085195541e-02 -3.154929161071777344e+00 3.072909712791442871e-01 8.867128053680062294e-04 9.516149759292602539e-01 1.172062988281250000e+02
9.488165974617004395e-01 -3.250740095973014832e-02 -3.141497075557708740e-01 -2.432279014587402344e+01 3.069431707262992859e-02 9.994709491729736328e-01 -1.071765832602977753e-02 -3.204657077789306641e+00 3.143320083618164062e-01 5.264608771540224552e-04 9.493127465248107910e-01 1.187431640625000000e+02
9.482417106628417969e-01 -3.119292855262756348e-02 -3.160131871700286865e-01 -2.486537361145019531e+01 2.907545492053031921e-02 9.995115995407104492e-01 -1.141457352787256241e-02 -3.253443717956542969e+00 3.162149786949157715e-01 1.635529100894927979e-03 9.486858844757080078e-01 1.203698272705078125e+02
9.463364481925964355e-01 -3.311800211668014526e-02 -3.214811682701110840e-01 -2.544279861450195312e+01 3.115191683173179626e-02 9.994507431983947754e-01 -1.125925779342651367e-02 -3.314800977706909180e+00 3.216775655746459961e-01 6.402714061550796032e-04 9.468488097190856934e-01 1.220655441284179688e+02
9.445645809173583984e-01 -3.367714211344718933e-02 -3.265931606292724609e-01 -2.600190734863281250e+01 3.128206729888916016e-02 9.994308352470397949e-01 -1.258462481200695038e-02 -3.363597631454467773e+00 3.268311917781829834e-01 1.670456724241375923e-03 9.450809359550476074e-01 1.236870346069335938e+02
9.417929053306579590e-01 -3.454519435763359070e-02 -3.344134986400604248e-01 -2.659086608886718750e+01 3.115680441260337830e-02 9.993938803672790527e-01 -1.549284160137176514e-02 -3.416603803634643555e+00 3.347460925579071045e-01 4.171769600361585617e-03 9.422988295555114746e-01 1.253426742553710938e+02
9.389973282814025879e-01 -3.458625823259353638e-02 -3.421804904937744141e-01 -2.715578460693359375e+01 3.085376694798469543e-02 9.993896484375000000e-01 -1.634680852293968201e-02 -3.470338821411132812e+00 3.425371050834655762e-01 4.792029969394207001e-03 9.394916892051696777e-01 1.268842163085937500e+02
9.391736388206481934e-01 -3.582862764596939087e-02 -3.415683805942535400e-01 -2.784349441528320312e+01 3.249143809080123901e-02 9.993514418601989746e-01 -1.548827439546585083e-02 -3.545226573944091797e+00 3.419018685817718506e-01 3.448105650022625923e-03 9.397289752960205078e-01 1.287714385986328125e+02
9.390549659729003906e-01 -3.665407747030258179e-02 -3.418070375919342041e-01 -2.847067832946777344e+01 3.395091369748115540e-02 9.993263483047485352e-01 -1.388981286436319351e-02 -3.612305641174316406e+00 3.420860171318054199e-01 1.438611303456127644e-03 9.396671652793884277e-01 1.304881286621093750e+02
9.395591020584106445e-01 -3.770246356725692749e-02 -3.403041362762451172e-01 -2.899216079711914062e+01 3.517512977123260498e-02 9.992880225181579590e-01 -1.359531655907630920e-02 -3.666741132736206055e+00 3.405745625495910645e-01 8.033168269321322441e-04 9.402167797088623047e-01 1.319255523681640625e+02
9.385273456573486328e-01 -3.765442967414855957e-02 -3.431447446346282959e-01 -2.956840324401855469e+01 3.542580455541610718e-02 9.992901682853698730e-01 -1.276326365768909454e-02 -3.720702171325683594e+00 3.433818817138671875e-01 -1.775532145984470844e-04 9.391954541206359863e-01 1.335055999755859375e+02
9.349317550659179688e-01 -3.831098973751068115e-02 -3.527530431747436523e-01 -3.028235816955566406e+01 3.585807606577873230e-02 9.992652535438537598e-01 -1.348824147135019302e-02 -3.788408279418945312e+00 3.530107140541076660e-01 -3.850596840493381023e-05 9.356188774108886719e-01 1.354108581542968750e+02
9.335820674896240234e-01 -3.832362592220306396e-02 -3.563084304332733154e-01 -3.089068412780761719e+01 3.622828796505928040e-02 9.992640614509582520e-01 -1.255480293184518814e-02 -3.845563411712646484e+00 3.565274477005004883e-01 -1.187551766633987427e-03 9.342836141586303711e-01 1.370072326660156250e+02
9.318210482597351074e-01 -3.829327225685119629e-02 -3.608920276165008545e-01 -3.153042793273925781e+01 3.586308658123016357e-02 9.992658495903015137e-01 -1.343122497200965881e-02 -3.901233911514282227e+00 3.611415028572082520e-01 -4.272498772479593754e-04 9.325104951858520508e-01 1.386600646972656250e+02
9.303708672523498535e-01 -3.727532550692558289e-02 -3.647198081016540527e-01 -3.226715469360351562e+01 3.512917459011077881e-02 9.993037581443786621e-01 -1.251988485455513000e-02 -3.968439579010009766e+00 3.649326562881469727e-01 -1.164220273494720459e-03 9.310327768325805664e-01 1.405372314453125000e+02
9.319322705268859863e-01 -3.704585134983062744e-02 -3.607351183891296387e-01 -3.295671844482421875e+01 3.466175124049186707e-02 9.993129372596740723e-01 -1.307892426848411560e-02 -4.027615547180175781e+00 3.609718978404998779e-01 -3.150909906253218651e-04 9.325762391090393066e-01 1.423098907470703125e+02
9.324659109115600586e-01 -3.759266063570976257e-02 -3.592965006828308105e-01 -3.364048004150390625e+01 3.498812019824981689e-02 9.992925524711608887e-01 -1.375145744532346725e-02 -4.087832450866699219e+00 3.595593869686126709e-01 2.515901578590273857e-04 9.331218600273132324e-01 1.440649566650390625e+02
9.338429570198059082e-01 -3.871843218803405762e-02 -3.555810749530792236e-01 -3.432950210571289062e+01 3.681095317006111145e-02 9.992480278015136719e-01 -1.213131006807088852e-02 -4.155288219451904297e+00 3.557834923267364502e-01 -1.760599901899695396e-03 9.345663785934448242e-01 1.458702850341796875e+02
9.344197511672973633e-01 -3.820316120982170105e-02 -3.541184663772583008e-01 -3.495563888549804688e+01 3.666430339217185974e-02 9.992659091949462891e-01 -1.105631887912750244e-02 -4.212019920349121094e+00 3.542810082435607910e-01 -2.652334282174706459e-03 9.351348280906677246e-01 1.475074157714843750e+02
9.326615333557128906e-01 -3.870188817381858826e-02 -3.586701452732086182e-01 -3.554993057250976562e+01 3.742704540491104126e-02 9.992436170578002930e-01 -1.049941405653953552e-02 -4.265202999114990234e+00 3.588052988052368164e-01 -3.631631378084421158e-03 9.334049820899963379e-01 1.490619354248046875e+02
9.317324161529541016e-01 -3.906141221523284912e-02 -3.610381186008453369e-01 -3.618092727661132812e+01 3.806099668145179749e-02 9.992259144783020020e-01 -9.883991442620754242e-03 -4.315741539001464844e+00 3.611448109149932861e-01 -4.532305989414453506e-03 9.324983358383178711e-01 1.506818695068359375e+02
9.284104704856872559e-01 -4.105965793132781982e-02 -3.692800402641296387e-01 -3.687126159667968750e+01 4.030207917094230652e-02 9.991391897201538086e-01 -9.768797084689140320e-03 -4.375071525573730469e+00 3.693633377552032471e-01 -5.813365336507558823e-03 9.292665123939514160e-01 1.524287719726562500e+02
9.261796474456787109e-01 -3.957724571228027344e-02 -3.749993741512298584e-01 -3.757213973999023438e+01 3.893281146883964539e-02 9.991979002952575684e-01 -9.297889657318592072e-03 -4.429087638854980469e+00 3.750666379928588867e-01 -5.988321267068386078e-03 9.269781112670898438e-01 1.541657867431640625e+02
9.258313775062561035e-01 -3.965605050325393677e-02 -3.758513033390045166e-01 -3.828656387329101562e+01 3.914446756243705750e-02 9.991924166679382324e-01 -8.999580517411231995e-03 -4.485402107238769531e+00 3.759047687053680420e-01 -6.380386650562286377e-03 9.266364574432373047e-01 1.559195556640625000e+02
9.243469238281250000e-01 -3.812105953693389893e-02 -3.796445429325103760e-01 -3.893529891967773438e+01 3.743224218487739563e-02 9.992561936378479004e-01 -9.198027662932872772e-03 -4.530535221099853516e+00 3.797129094600677490e-01 -5.708750803023576736e-03 9.250868558883666992e-01 1.575056457519531250e+02
9.254782199859619141e-01 -3.748099878430366516e-02 -3.769425451755523682e-01 -3.966124725341796875e+01 3.748419880867004395e-02 9.992696642875671387e-01 -7.328656502068042755e-03 -4.590140819549560547e+00 3.769420385360717773e-01 -7.346848025918006897e-03 9.262078404426574707e-01 1.592783050537109375e+02
9.253968000411987305e-01 -4.062361270189285278e-02 -3.768168091773986816e-01 -4.049726104736328125e+01 4.021294787526130676e-02 9.991502761840820312e-01 -8.958797901868820190e-03 -4.653923034667968750e+00 3.768606781959533691e-01 -6.862442009150981903e-03 9.262447357177734375e-01 1.613233489990234375e+02
9.225778579711914062e-01 -4.189393296837806702e-02 -3.835300803184509277e-01 -4.131044387817382812e+01 4.088295251131057739e-02 9.991049766540527344e-01 -1.079025771468877792e-02 -4.718114852905273438e+00 3.836389780044555664e-01 -5.724962335079908371e-03 9.234656095504760742e-01 1.632868652343750000e+02
9.242275953292846680e-01 -4.285060986876487732e-02 -3.794303238391876221e-01 -4.209616470336914062e+01 4.226059839129447937e-02 9.990569949150085449e-01 -9.887057356536388397e-03 -4.786841392517089844e+00 3.794963061809539795e-01 -6.897036917507648468e-03 9.251677393913269043e-01 1.651905517578125000e+02
9.241653680801391602e-01 -4.400131106376647949e-02 -3.794500827789306641e-01 -4.280313110351562500e+01 4.357097297906875610e-02 9.990022778511047363e-01 -9.725343436002731323e-03 -4.842786312103271484e+00 3.794995248317718506e-01 -7.545159198343753815e-03 9.251613616943359375e-01 1.669165802001953125e+02
9.251201152801513672e-01 -4.273574426770210266e-02 -3.772619962692260742e-01 -4.344298934936523438e+01 4.225853085517883301e-02 9.990603923797607422e-01 -9.545171633362770081e-03 -4.888002872467041016e+00 3.773155212402343750e-01 -7.112073712050914764e-03 9.260576963424682617e-01 1.684832153320312500e+02
9.239741563796997070e-01 -4.267048090696334839e-02 -3.800671994686126709e-01 -4.406286239624023438e+01 4.242332652211189270e-02 9.990581870079040527e-01 -9.029727429151535034e-03 -4.938340187072753906e+00 3.800946474075317383e-01 -7.780445739626884460e-03 9.249150753021240234e-01 1.699951782226562500e+02
9.272869825363159180e-01 -4.272893071174621582e-02 -3.719045817852020264e-01 -4.458633422851562500e+01 4.239878058433532715e-02 9.990589022636413574e-01 -9.068306535482406616e-03 -4.982719421386718750e+00 3.719421625137329102e-01 -7.359342183917760849e-03 9.282269477844238281e-01 1.713089447021484375e+02
9.338780641555786133e-01 -4.233409836888313293e-02 -3.550767898559570312e-01 -4.491191101074218750e+01 4.229536280035972595e-02 9.990734457969665527e-01 -7.873850874602794647e-03 -5.015098094940185547e+00 3.550811707973480225e-01 -7.664848584681749344e-03 9.348042607307434082e-01 1.721832580566406250e+02
9.463163614273071289e-01 -4.407268017530441284e-02 -3.202229738235473633e-01 -4.509392547607421875e+01 4.400051757693290710e-02 9.990029335021972656e-01 -7.463503163307905197e-03 -5.047522544860839844e+00 3.202326595783233643e-01 -7.027102634310722351e-03 9.473130106925964355e-01 1.727963867187500000e+02
9.559661149978637695e-01 -4.492464289069175720e-02 -2.900177836418151855e-01 -4.525268554687500000e+01 4.502021893858909607e-02 9.989652037620544434e-01 -6.344476249068975449e-03 -5.083295345306396484e+00 2.900027334690093994e-01 -6.991520989686250687e-03 9.570003747940063477e-01 1.733967742919921875e+02
9.657051563262939453e-01 -4.785065725445747375e-02 -2.551932334899902344e-01 -4.539733123779296875e+01 4.822264239192008972e-02 9.988243579864501953e-01 -4.801081959158182144e-03 -5.110909938812255859e+00 2.551229596138000488e-01 -7.669624406844377518e-03 9.668782949447631836e-01 1.740464630126953125e+02
9.720000028610229492e-01 -4.942966997623443604e-02 -2.297223508358001709e-01 -4.552764511108398438e+01 4.943915829062461853e-02 9.987600445747375488e-01 -5.716349929571151733e-03 -5.137852191925048828e+00 2.297200411558151245e-01 -5.800947081297636032e-03 9.732395410537719727e-01 1.746840667724609375e+02
9.760420918464660645e-01 -4.934786260128021240e-02 -2.119111120700836182e-01 -4.570702743530273438e+01 5.000232532620429993e-02 9.987457394599914551e-01 -2.271050121635198593e-03 -5.175238609313964844e+00 2.117573618888854980e-01 -8.379369974136352539e-03 9.772864580154418945e-01 1.755209045410156250e+02
9.842212796211242676e-01 -5.138381198048591614e-02 -1.693155765533447266e-01 -4.583355712890625000e+01 5.198182165622711182e-02 9.986467957496643066e-01 -8.996968390420079231e-04 -5.202389717102050781e+00 1.691326051950454712e-01 -7.915791124105453491e-03 9.855615496635437012e-01 1.763751373291015625e+02
9.929805994033813477e-01 -5.384277924895286560e-02 -1.053092479705810547e-01 -4.591545486450195312e+01 5.452149733901023865e-02 9.985052943229675293e-01 3.578203264623880386e-03 -5.213934421539306641e+00 1.049590557813644409e-01 -9.294666349887847900e-03 9.944330453872680664e-01 1.774284210205078125e+02
9.979350566864013672e-01 -5.722117051482200623e-02 -2.916926890611648560e-02 -4.591268539428710938e+01 5.736793577671051025e-02 9.983431696891784668e-01 4.231677856296300888e-03 -5.225358963012695312e+00 2.887859940528869629e-02 -5.896279122680425644e-03 9.995654225349426270e-01 1.784481353759765625e+02
9.980294108390808105e-01 -5.756608396768569946e-02 2.495863288640975952e-02 -4.584554672241210938e+01 5.743495747447013855e-02 9.983305931091308594e-01 5.925268866121768951e-03 -5.247475624084472656e+00 -2.525832317769527435e-02 -4.480051808059215546e-03 9.996708035469055176e-01 1.789693603515625000e+02
9.954574108123779297e-01 -5.904091149568557739e-02 7.468606531620025635e-02 -4.575984573364257812e+01 5.832464620471000671e-02 9.982275962829589844e-01 1.173234730958938599e-02 -5.263260841369628906e+00 -7.524670660495758057e-02 -7.322975434362888336e-03 9.971379041671752930e-01 1.795600891113281250e+02
9.933813810348510742e-01 -5.855521932244300842e-02 9.881331026554107666e-02 -4.570061111450195312e+01 5.775574967265129089e-02 9.982697367668151855e-01 1.093070022761821747e-02 -5.291005134582519531e+00 -9.928274899721145630e-02 -5.151274148374795914e-03 9.950457811355590820e-01 1.798389282226562500e+02
9.918960928916931152e-01 -5.574798583984375000e-02 1.141650825738906860e-01 -4.564492034912109375e+01 5.478035286068916321e-02 9.984298944473266602e-01 1.159481424838304520e-02 -5.311512947082519531e+00 -1.146326065063476562e-01 -5.246806889772415161e-03 9.933939576148986816e-01 1.801515350341796875e+02
9.869139194488525391e-01 -5.688535794615745544e-02 1.508779078722000122e-01 -4.555271911621093750e+01 5.558262765407562256e-02 9.983703494071960449e-01 1.283861417323350906e-02 -5.330518245697021484e+00 -1.513627916574478149e-01 -4.284375347197055817e-03 9.884687662124633789e-01 1.804441833496093750e+02
9.878426790237426758e-01 -5.506035685539245605e-02 1.453768312931060791e-01 -4.553612899780273438e+01 5.385066568851470947e-02 9.984726905822753906e-01 1.224372815340757370e-02 -5.368455410003662109e+00 -1.458293944597244263e-01 -4.266198258846998215e-03 9.893003106117248535e-01 1.806181488037109375e+02
9.827929139137268066e-01 -5.694402381777763367e-02 1.757114231586456299e-01 -4.543151092529296875e+01 5.502770096063613892e-02 9.983591437339782715e-01 1.576119288802146912e-02 -5.391517639160156250e+00 -1.763211190700531006e-01 -5.820952355861663818e-03 9.843152165412902832e-01 1.810146484375000000e+02
9.766564965248107910e-01 -5.748895928263664246e-02 2.069690823554992676e-01 -4.530115890502929688e+01 5.559076741337776184e-02 9.983399510383605957e-01 1.497859135270118713e-02 -5.410177707672119141e+00 -2.074871808290481567e-01 -3.123322967439889908e-03 9.782325029373168945e-01 1.814119720458984375e+02
9.633234143257141113e-01 -5.682020634412765503e-02 2.622563540935516357e-01 -4.514447784423828125e+01 5.403352156281471252e-02 9.983785152435302734e-01 1.782983541488647461e-02 -5.424713134765625000e+00 -2.628448903560638428e-01 -3.005218692123889923e-03 9.648330807685852051e-01 1.817357330322265625e+02
9.558184742927551270e-01 -5.427296832203865051e-02 2.889023721218109131e-01 -4.502672195434570312e+01 5.103644728660583496e-02 9.985197186470031738e-01 1.872858405113220215e-02 -5.443213462829589844e+00 -2.894919216632843018e-01 -3.156526479870080948e-03 9.571748971939086914e-01 1.820326080322265625e+02
9.550403952598571777e-01 -5.373813956975936890e-02 2.915633618831634521e-01 -4.494264602661132812e+01 5.022438615560531616e-02 9.985455870628356934e-01 1.952701248228549957e-02 -5.463003158569335938e+00 -2.921893894672393799e-01 -4.005442839115858078e-03 9.563517570495605469e-01 1.822835235595703125e+02
9.542289376258850098e-01 -5.421424657106399536e-02 2.941209077835083008e-01 -4.488358688354492188e+01 5.053127557039260864e-02 9.985184669494628906e-01 2.011152543127536774e-02 -5.486971855163574219e+00 -2.947762608528137207e-01 -4.328644368797540665e-03 9.555562138557434082e-01 1.824429016113281250e+02
9.464667439460754395e-01 -5.657440796494483948e-02 3.178035616874694824e-01 -4.477423095703125000e+01 5.274981260299682617e-02 9.983929991722106934e-01 2.063303813338279724e-02 -5.511235713958740234e+00 -3.184610307216644287e-01 -2.764348639175295830e-03 9.479315876960754395e-01 1.826885681152343750e+02
9.365044832229614258e-01 -5.754834786057472229e-02 3.458994925022125244e-01 -4.464205932617187500e+01 5.356864631175994873e-02 9.983403682708740234e-01 2.106179296970367432e-02 -5.522372722625732422e+00 -3.465384840965270996e-01 -1.195034361444413662e-03 9.380345940589904785e-01 1.829488677978515625e+02
9.173440337181091309e-01 -5.553484708070755005e-02 3.942012488842010498e-01 -4.442472076416015625e+01 5.121533945202827454e-02 9.984549283981323242e-01 2.147801406681537628e-02 -5.541674137115478516e+00 -3.947860300540924072e-01 4.864854272454977036e-04 9.187725186347961426e-01 1.833176727294921875e+02
8.979605436325073242e-01 -5.383840575814247131e-02 4.367687702178955078e-01 -4.421517944335937500e+01 4.912393912672996521e-02 9.985466003417968750e-01 2.209064736962318420e-02 -5.553180694580078125e+00 -4.373244643211364746e-01 1.619336660951375961e-03 8.993018269538879395e-01 1.836415557861328125e+02
8.772804141044616699e-01 -5.269052833318710327e-02 4.770757853984832764e-01 -4.390809631347656250e+01 4.716640338301658630e-02 9.986073970794677734e-01 2.355744875967502594e-02 -5.564754486083984375e+00 -4.776539206504821777e-01 1.835524803027510643e-03 8.785455226898193359e-01 1.841250610351562500e+02
8.604921698570251465e-01 -5.471583083271980286e-02 5.065153837203979492e-01 -4.350559616088867188e+01 4.864011332392692566e-02 9.984958171844482422e-01 2.522882260382175446e-02 -5.571447372436523438e+00 -5.071352124214172363e-01 2.927830209955573082e-03 8.618608117103576660e-01 1.847660217285156250e+02
8.234739899635314941e-01 -5.713448300957679749e-02 5.644683241844177246e-01 -4.294183349609375000e+01 5.042416974902153015e-02 9.983475208282470703e-01 2.748917974531650543e-02 -5.568121433258056641e+00 -5.651075839996337891e-01 5.826300941407680511e-03 8.249958157539367676e-01 1.855270233154296875e+02
7.895880341529846191e-01 -5.774984508752822876e-02 6.109123229980468750e-01 -4.241747283935546875e+01 5.114134401082992554e-02 9.982891678810119629e-01 2.826943807303905487e-02 -5.567187786102294922e+00 -6.115012168884277344e-01 8.921752683818340302e-03 7.911921739578247070e-01 1.861424560546875000e+02
7.522278428077697754e-01 -5.867399647831916809e-02 6.562840342521667480e-01 -4.205014419555664062e+01 5.102507397532463074e-02 9.982214570045471191e-01 3.075932897627353668e-02 -5.566351890563964844e+00 -6.569232344627380371e-01 1.034901104867458344e-02 7.538852691650390625e-01 1.864826965332031250e+02
7.018904685974121094e-01 -5.889829248189926147e-02 7.098441123962402344e-01 -4.150386428833007812e+01 4.807455092668533325e-02 9.982179999351501465e-01 3.528937697410583496e-02 -5.559220314025878906e+00 -7.106593847274780273e-01 9.356248192489147186e-03 7.034726142883300781e-01 1.869499816894531250e+02
6.669932007789611816e-01 -6.219078600406646729e-02 7.424622774124145508e-01 -4.089666366577148438e+01 5.168356001377105713e-02 9.979696273803710938e-01 3.716232255101203918e-02 -5.549790859222412109e+00 -7.432677745819091797e-01 1.358617842197418213e-02 6.688545346260070801e-01 1.874588775634765625e+02
6.547575592994689941e-01 -6.414358317852020264e-02 7.531108260154724121e-01 -4.011368179321289062e+01 5.312343314290046692e-02 9.978316426277160645e-01 3.880068659782409668e-02 -5.541142940521240234e+00 -7.539684772491455078e-01 1.460288837552070618e-02 6.567467451095581055e-01 1.881327514648437500e+02
6.469925045967102051e-01 -6.371057778596878052e-02 7.598285079002380371e-01 -3.903957366943359375e+01 5.396480858325958252e-02 9.978281259536743164e-01 3.771516680717468262e-02 -5.513639450073242188e+00 -7.605829238891601562e-01 1.660267077386379242e-02 6.490269303321838379e-01 1.890448150634765625e+02
5.949714779853820801e-01 -6.737025827169418335e-02 8.009167909622192383e-01 -3.808190917968750000e+01 5.720848590135574341e-02 9.975009560585021973e-01 4.140774160623550415e-02 -5.481403827667236328e+00 -8.017068505287170410e-01 2.118292637169361115e-02 5.973401069641113281e-01 1.897450408935546875e+02
5.340343713760375977e-01 -7.074266672134399414e-02 8.424963355064392090e-01 -3.728553009033203125e+01 5.542601272463798523e-02 9.972766637802124023e-01 4.860589280724525452e-02 -5.462355136871337891e+00 -8.436426520347595215e-01 2.073911204934120178e-02 5.365022420883178711e-01 1.902131958007812500e+02
4.927988350391387939e-01 -7.050382345914840698e-02 8.672806024551391602e-01 -3.645155334472656250e+01 5.315738543868064880e-02 9.972873330116271973e-01 5.086743086576461792e-02 -5.439785957336425781e+00 -8.685166835784912109e-01 2.103507518768310547e-02 4.952110350131988525e-01 1.906557159423828125e+02
4.673772156238555908e-01 -7.010103017091751099e-02 8.812726140022277832e-01 -3.546299743652343750e+01 5.338995158672332764e-02 9.972674250602722168e-01 5.101247504353523254e-02 -5.407890796661376953e+00 -8.824429512023925781e-01 2.320915646851062775e-02 4.698439240455627441e-01 1.911626739501953125e+02
4.648854732513427734e-01 -6.940091401338577271e-02 8.826448917388916016e-01 -3.434080886840820312e+01 5.287206172943115234e-02 9.973176121711730957e-01 5.056955665349960327e-02 -5.370371341705322266e+00 -8.837892413139343262e-01 2.315831370651721954e-02 4.673089683055877686e-01 1.917520141601562500e+02
4.615719318389892578e-01 -7.018214464187622070e-02 8.843205571174621582e-01 -3.303865051269531250e+01 5.315728858113288879e-02 9.972600340843200684e-01 5.139945074915885925e-02 -5.325207233428955078e+00 -8.855072259902954102e-01 2.328364923596382141e-02 4.640390574932098389e-01 1.924356994628906250e+02
