9.999970793724060059e-01 -5.178807623451575637e-05 2.422989346086978912e-03 -2.914519980549812317e-03 5.432136822491884232e-05 9.999994635581970215e-01 -1.045469660311937332e-03 -1.818746700882911682e-02 -2.422933932393789291e-03 1.045598182827234268e-03 9.999965429306030273e-01 8.028175830841064453e-01
9.999910593032836914e-01 -1.554496120661497116e-03 3.939461894333362579e-03 4.736976698040962219e-03 1.557768089696764946e-03 9.999985098838806152e-01 -8.276364533230662346e-04 -3.210892155766487122e-02 -3.938168752938508987e-03 8.337658946402370930e-04 9.999918937683105469e-01 1.657599687576293945e+00
9.999746680259704590e-01 -4.013313911855220795e-03 -5.872686393558979034e-03 3.212874289602041245e-03 4.033148754388093948e-03 9.999862313270568848e-01 3.369504818692803383e-03 -4.471847414970397949e-02 5.859082564711570740e-03 -3.393103834241628647e-03 9.999771118164062500e-01 2.468464136123657227e+00
9.999663233757019043e-01 -3.855969989672303200e-03 -7.237381767481565475e-03 -9.828723967075347900e-03 3.877028590068221092e-03 9.999883174896240234e-01 2.897896803915500641e-03 -5.389258265495300293e-02 7.226123008877038956e-03 -2.925857901573181152e-03 9.999696612358093262e-01 3.348624944686889648e+00
9.999817609786987305e-01 -3.087438642978668213e-03 -5.174513906240463257e-03 -2.080313675105571747e-02 3.094661748036742210e-03 9.999943375587463379e-01 1.388465752825140953e-03 -6.417709589004516602e-02 5.170196294784545898e-03 -1.404453068971633911e-03 9.999856948852539062e-01 4.165487766265869141e+00
9.999597072601318359e-01 -2.855158178135752678e-03 -8.502984419465065002e-03 -3.666101396083831787e-02 2.871358068659901619e-03 9.999941587448120117e-01 1.893586944788694382e-03 -7.497542351484298706e-02 8.497526869177818298e-03 -1.917925081215798855e-03 9.999620914459228516e-01 5.021455287933349609e+00
9.999484419822692871e-01 -1.881916425190865993e-03 -9.968646802008152008e-03 -5.566833913326263428e-02 1.906311139464378357e-03 9.999953508377075195e-01 2.438234863802790642e-03 -8.642885833978652954e-02 9.964009746909141541e-03 -2.457111841067671776e-03 9.999473690986633301e-01 5.818486690521240234e+00
9.998883605003356934e-01 -2.360925311222672462e-03 -1.474544592201709747e-02 -7.746031880378723145e-02 2.413423033431172371e-03 9.999909400939941406e-01 3.543501254171133041e-03 -9.660886228084564209e-02 1.473694480955600739e-02 -3.578692208975553513e-03 9.998850226402282715e-01 6.663197517395019531e+00
9.998952150344848633e-01 -1.047100406140089035e-03 -1.442830730229616165e-02 -9.057798236608505249e-02 1.144270994700491428e-03 9.999768137931823730e-01 6.728145293891429901e-03 -1.072378307580947876e-01 1.442092750221490860e-02 -6.743949837982654572e-03 9.998732805252075195e-01 7.538371086120605469e+00
9.998906850814819336e-01 -3.175044548697769642e-04 -1.477555371820926666e-02 -1.070578694343566895e-01 4.235555243212729692e-04 9.999743103981018066e-01 7.174935657531023026e-03 -1.138064861297607422e-01 1.477289665490388870e-02 -7.180409505963325500e-03 9.998650550842285156e-01 8.333490371704101562e+00
9.998926520347595215e-01 -1.003161654807627201e-03 -1.460959110409021378e-02 -1.176802739500999451e-01 1.117343665100634098e-03 9.999690651893615723e-01 7.809517905116081238e-03 -1.224366277456283569e-01 1.460130605846643448e-02 -7.825003936886787415e-03 9.998627305030822754e-01 9.112784385681152344e+00
9.998963475227355957e-01 -7.545301923528313637e-05 -1.438757125288248062e-02 -1.214123964309692383e-01 1.653411745792254806e-04 9.999806880950927734e-01 6.246595643460750580e-03 -1.320559680461883545e-01 1.438682340085506439e-02 -6.248327903449535370e-03 9.998769164085388184e-01 9.760852813720703125e+00
9.998415112495422363e-01 -1.047593774273991585e-03 -1.776482909917831421e-02 -1.442531496286392212e-01 1.186124281957745552e-03 9.999691843986511230e-01 7.789304479956626892e-03 -1.372175067663192749e-01 1.775612309575080872e-02 -7.809142116457223892e-03 9.998117685317993164e-01 1.022152805328369141e+01
9.998442530632019043e-01 1.564389240229502320e-04 -1.764094829559326172e-02 -1.610464602708816528e-01 -4.651186827686615288e-05 9.999808669090270996e-01 6.231650710105895996e-03 -1.440190523862838745e-01 1.764158532023429871e-02 -6.229860708117485046e-03 9.998249411582946777e-01 1.072099781036376953e+01
9.998599290847778320e-01 9.399514528922736645e-04 -1.670350879430770874e-02 -1.752941757440567017e-01 -8.434449555352330208e-04 9.999831914901733398e-01 5.783796310424804688e-03 -1.532750278711318970e-01 1.670866459608078003e-02 -5.768898408859968185e-03 9.998437166213989258e-01 1.141022586822509766e+01
9.998425841331481934e-01 6.797230453230440617e-04 -1.772251538932323456e-02 -1.911455690860748291e-01 -5.594874382950365543e-04 9.999771118164062500e-01 6.788482889533042908e-03 -1.640165597200393677e-01 1.772672310471534729e-02 -6.777499802410602570e-03 9.998198747634887695e-01 1.235697555541992188e+01
9.998679161071777344e-01 9.595626033842563629e-04 -1.621626690030097961e-02 -2.068445533514022827e-01 -8.426294662058353424e-04 9.999738931655883789e-01 7.216223515570163727e-03 -1.701816320419311523e-01 1.622276753187179565e-02 -7.201607339084148407e-03 9.998424053192138672e-01 1.328837680816650391e+01
9.999395012855529785e-01 3.625086683314293623e-04 -1.098192296922206879e-02 -2.109112739562988281e-01 -2.521735441405326128e-04 9.999497532844543457e-01 1.004678849130868912e-02 -1.823846995830535889e-01 1.098501402884721756e-02 -1.004341244697570801e-02 9.998891353607177734e-01 1.426744174957275391e+01
9.999330043792724609e-01 -9.350892505608499050e-04 -1.153126172721385956e-02 -2.319589853286743164e-01 1.036893809214234352e-03 9.999607801437377930e-01 8.825796656310558319e-03 -1.884103417396545410e-01 1.152255851775407791e-02 -8.837163448333740234e-03 9.998944997787475586e-01 1.502840805053710938e+01
9.999070167541503906e-01 -1.478570746257901192e-03 -1.355415489524602890e-02 -2.391931712627410889e-01 1.657022512517869473e-03 9.999122619628906250e-01 1.316411420702934265e-02 -1.915768086910247803e-01 1.353350281715393066e-02 -1.318535022437572479e-02 9.998214244842529297e-01 1.578805923461914062e+01
9.998699426651000977e-01 -1.247124164365231991e-03 -1.607404649257659912e-02 -2.560072839260101318e-01 1.477813231758773327e-03 9.998962879180908203e-01 1.434781402349472046e-02 -1.912526786327362061e-01 1.605448685586452484e-02 -1.436970382928848267e-02 9.997677803039550781e-01 1.664376449584960938e+01
9.998837113380432129e-01 1.399077009409666061e-04 -1.524452306330204010e-02 -2.657448351383209229e-01 1.039485578075982630e-04 9.998724460601806641e-01 1.599443703889846802e-02 -1.914804577827453613e-01 1.524481736123561859e-02 -1.599416323006153107e-02 9.997557401657104492e-01 1.761392402648925781e+01
9.999535083770751953e-01 -4.617602971848100424e-04 -9.622324258089065552e-03 -2.718052268028259277e-01 6.171102868393063545e-04 9.998698234558105469e-01 1.614814437925815582e-02 -1.881552189588546753e-01 9.613619185984134674e-03 -1.615333370864391327e-02 9.998232126235961914e-01 1.854867362976074219e+01
9.999824762344360352e-01 8.720727782929316163e-05 -5.907980259507894516e-03 -2.734374403953552246e-01 1.014565350487828255e-05 9.998646974563598633e-01 1.647640392184257507e-02 -1.833291053771972656e-01 5.908622406423091888e-03 -1.647617481648921967e-02 9.998466968536376953e-01 1.950136184692382812e+01
9.999908208847045898e-01 -1.619347312953323126e-05 -4.266004078090190887e-03 -2.750173211097717285e-01 8.752538269618526101e-05 9.998605847358703613e-01 1.672166213393211365e-02 -1.842775642871856689e-01 4.265144001692533493e-03 -1.672188192605972290e-02 9.998509883880615234e-01 2.049071121215820312e+01
9.999941587448120117e-01 -7.431633421219885349e-04 -3.319675335660576820e-03 -2.769075334072113037e-01 8.058418170548975468e-04 9.998210668563842773e-01 1.891992986202239990e-02 -1.791236996650695801e-01 3.305026330053806305e-03 -1.892249286174774170e-02 9.998154044151306152e-01 2.142832756042480469e+01
9.999854564666748047e-01 -3.540366189554333687e-03 -4.052937962114810944e-03 -2.738198041915893555e-01 3.616761183366179466e-03 9.998133182525634766e-01 1.899972371757030487e-02 -1.731513738632202148e-01 3.984920680522918701e-03 -1.901410520076751709e-02 9.998111724853515625e-01 2.242992591857910156e+01
9.999588131904602051e-01 -6.925927940756082535e-03 -5.857827141880989075e-03 -2.735465466976165771e-01 7.054632995277643204e-03 9.997280836105346680e-01 2.224355936050415039e-02 -1.653053462505340576e-01 5.702181253582239151e-03 -2.228396758437156677e-02 9.997352957725524902e-01 2.342089462280273438e+01
9.999133944511413574e-01 -8.205128833651542664e-03 -1.028662361204624176e-02 -2.780224680900573730e-01 8.453606627881526947e-03 9.996681213378906250e-01 2.434903569519519806e-02 -1.603349745273590088e-01 1.008342392742633820e-02 -2.443388476967811584e-02 9.996504783630371094e-01 2.438695335388183594e+01
9.999426007270812988e-01 -7.796754129230976105e-03 -7.340813521295785904e-03 -2.826493978500366211e-01 7.982666604220867157e-03 9.996395707130432129e-01 2.564639039337635040e-02 -1.487688124179840088e-01 7.138211280107498169e-03 -2.570351585745811462e-02 9.996439814567565918e-01 2.535821342468261719e+01
9.999333620071411133e-01 -7.229433860629796982e-03 -8.996075950562953949e-03 -2.871491909027099609e-01 7.475696504116058350e-03 9.995900988578796387e-01 2.764849178493022919e-02 -1.445243060588836670e-01 8.792507462203502655e-03 -2.771389856934547424e-02 9.995770454406738281e-01 2.624665832519531250e+01
9.998942613601684570e-01 -1.052512042224407196e-02 -1.003824081271886826e-02 -2.978096306324005127e-01 1.082890108227729797e-02 9.994701743125915527e-01 3.070362098515033722e-02 -1.350347250699996948e-01 9.709764271974563599e-03 -3.080906905233860016e-02 9.994779825210571289e-01 2.712479591369628906e+01
9.999037384986877441e-01 -1.197478268295526505e-02 -7.021816447377204895e-03 -3.058989644050598145e-01 1.219750754535198212e-02 9.993948340415954590e-01 3.258315101265907288e-02 -1.182260662317276001e-01 6.627393886446952820e-03 -3.266565129160881042e-02 9.994441866874694824e-01 2.805713653564453125e+01
9.998111724853515625e-01 -1.485771685838699341e-02 -1.253082510083913803e-02 -3.068551421165466309e-01 1.530865486711263657e-02 9.992095828056335449e-01 3.669240698218345642e-02 -9.741490334272384644e-02 1.197575591504573822e-02 -3.687730059027671814e-02 9.992478489875793457e-01 2.899949455261230469e+01
9.998242855072021484e-01 -1.458990573883056641e-02 -1.177493296563625336e-02 -3.142881691455841064e-01 1.501070428639650345e-02 9.992220401763916016e-01 3.647635132074356079e-02 -7.810579240322113037e-02 1.123358681797981262e-02 -3.664668649435043335e-02 9.992649555206298828e-01 2.996109580993652344e+01
9.998338818550109863e-01 -1.455002557486295700e-02 -1.097960770130157471e-02 -3.220302760601043701e-01 1.495650876313447952e-02 9.991700649261474609e-01 3.789492696523666382e-02 -5.709496140480041504e-02 1.041912473738193512e-02 -3.805284202098846436e-02 9.992212057113647461e-01 3.094158363342285156e+01
9.998281598091125488e-01 -1.433698832988739014e-02 -1.175494585186243057e-02 -3.282512426376342773e-01 1.479202415794134140e-02 9.991070628166198730e-01 3.958282247185707092e-02 -3.343736380338668823e-02 1.117695216089487076e-02 -3.974989429116249084e-02 9.991469383239746094e-01 3.200019073486328125e+01
9.998504519462585449e-01 -1.439173426479101181e-02 -9.590066969394683838e-03 -3.344271183013916016e-01 1.476525329053401947e-02 9.990873336791992188e-01 4.008782282471656799e-02 -3.099005669355392456e-03 9.004382416605949402e-03 -4.022342339158058167e-02 9.991499781608581543e-01 3.306900024414062500e+01
9.998658895492553711e-01 -1.374281756579875946e-02 -8.913118392229080200e-03 -3.343718945980072021e-01 1.408902369439601898e-02 9.990998506546020508e-01 4.001799970865249634e-02 2.403566986322402954e-02 8.355136960744857788e-03 -4.013819992542266846e-02 9.991590380668640137e-01 3.406301116943359375e+01
9.998151659965515137e-01 -1.483124867081642151e-02 -1.224146410822868347e-02 -3.410139679908752441e-01 1.532211713492870331e-02 9.990406036376953125e-01 4.102957993745803833e-02 5.104314535856246948e-02 1.162120141088962555e-02 -4.120954871177673340e-02 9.990827441215515137e-01 3.513158798217773438e+01
9.998166561126708984e-01 -1.543690357357263565e-02 -1.133889146149158478e-02 -3.471828997135162354e-01 1.589691638946533203e-02 9.990052580833435059e-01 4.166635498404502869e-02 7.956534624099731445e-02 1.068441476672887802e-02 -4.183895885944366455e-02 9.990670680999755859e-01 3.619609451293945312e+01
9.998337626457214355e-01 -1.524816360324621201e-02 -1.000459305942058563e-02 -3.581546843051910400e-01 1.566544175148010254e-02 9.989503026008605957e-01 4.304760321974754333e-02 1.069838330149650574e-01 9.337697178125381470e-03 -4.319716617465019226e-02 9.990227818489074707e-01 3.722637176513671875e+01
9.998006820678710938e-01 -1.546246558427810669e-02 -1.263553462922573090e-02 -3.619092404842376709e-01 1.601521484553813934e-02 9.988639950752258301e-01 4.488278925418853760e-02 1.368870884180068970e-01 1.192718371748924255e-02 -4.507619142532348633e-02 9.989122152328491211e-01 3.827746582031250000e+01
9.997391700744628906e-01 -1.699617505073547363e-02 -1.525872759521007538e-02 -3.711612820625305176e-01 1.768643781542778015e-02 9.987709522247314453e-01 4.630360007286071777e-02 1.670883744955062866e-01 1.445299014449119568e-02 -4.656138643622398376e-02 9.988107085227966309e-01 3.928887176513671875e+01
9.997005462646484375e-01 -2.044290490448474884e-02 -1.345414109528064728e-02 -3.779629766941070557e-01 2.108341827988624573e-02 9.985603094100952148e-01 4.932505637407302856e-02 1.982348561286926270e-01 1.242642663419246674e-02 -4.959393292665481567e-02 9.986919760704040527e-01 4.040544509887695312e+01
9.996994137763977051e-01 -2.167782373726367950e-02 -1.145404484122991562e-02 -3.907112777233123779e-01 2.221520058810710907e-02 9.985477924346923828e-01 4.908090457320213318e-02 2.349668890237808228e-01 1.037344615906476974e-02 -4.932059720158576965e-02 9.987289309501647949e-01 4.149637603759765625e+01
9.996202588081359863e-01 -2.484653890132904053e-02 -1.191589049994945526e-02 -4.018541276454925537e-01 2.543474733829498291e-02 9.983203411102294922e-01 5.205469578504562378e-02 2.783527970314025879e-01 1.060249935835599899e-02 -5.233799666166305542e-02 9.985729455947875977e-01 4.261492156982421875e+01
9.996446371078491211e-01 -2.531703561544418335e-02 -8.348123170435428619e-03 -4.061018228530883789e-01 2.573681809008121490e-02 9.981688857078552246e-01 5.474137514829635620e-02 3.141495883464813232e-01 6.946949753910303116e-03 -5.493676289916038513e-02 9.984654784202575684e-01 4.375830078125000000e+01
9.996333718299865723e-01 -2.555048093199729919e-02 -8.963446132838726044e-03 -4.160234332084655762e-01 2.599879167973995209e-02 9.981976151466369629e-01 5.408884957432746887e-02 3.528658151626586914e-01 7.565296720713376999e-03 -5.430204421281814575e-02 9.984956979751586914e-01 4.485453033447265625e+01
9.995972514152526855e-01 -2.646318264305591583e-02 -1.024914532899856567e-02 -4.223749935626983643e-01 2.698280289769172668e-02 9.981544017791748047e-01 5.440283566713333130e-02 4.010243415832519531e-01 8.790560066699981689e-03 -5.465746298432350159e-02 9.984662532806396484e-01 4.594007492065429688e+01
9.994930624961853027e-01 -2.815122716128826141e-02 -1.486784778535366058e-02 -4.323824644088745117e-01 2.896033599972724915e-02 9.979344010353088379e-01 5.734298378229141235e-02 4.513923525810241699e-01 1.322286389768123627e-02 -5.774448439478874207e-02 9.982435703277587891e-01 4.704399490356445312e+01
9.993942379951477051e-01 -2.885728143155574799e-02 -1.944972202181816101e-02 -4.496956765651702881e-01 2.995005808770656586e-02 9.978406429290771484e-01 5.845510214567184448e-02 4.959334135055541992e-01 1.772086881101131439e-02 -5.900220572948455811e-02 9.981002807617187500e-01 4.806478500366210938e+01
9.995556473731994629e-01 -2.766497805714607239e-02 -1.109689567238092422e-02 -4.673080742359161377e-01 2.829481475055217743e-02 9.977173209190368652e-01 6.131418421864509583e-02 5.436714887619018555e-01 9.375313296914100647e-03 -6.160091608762741089e-02 9.980565309524536133e-01 4.915151214599609375e+01
9.995109438896179199e-01 -3.110182471573352814e-02 -3.232265822589397430e-03 -4.729379415512084961e-01 3.124373592436313629e-02 9.975251555442810059e-01 6.298586726188659668e-02 5.946871638298034668e-01 1.265297643840312958e-03 -6.305605173110961914e-02 9.980089068412780762e-01 5.024584197998046875e+01
9.994984269142150879e-01 -3.162439167499542236e-02 -1.616642810404300690e-03 -4.758711159229278564e-01 3.166352957487106323e-02 9.975280761718750000e-01 6.272952258586883545e-02 6.529384851455688477e-01 -3.711297176778316498e-04 -6.274924427270889282e-02 9.980289936065673828e-01 5.136510848999023438e+01
9.994292259216308594e-01 -3.366957232356071472e-02 -2.720002550631761551e-03 -4.718445539474487305e-01 3.377452865242958069e-02 9.973940253257751465e-01 6.375112384557723999e-02 7.102527618408203125e-01 5.664479103870689869e-04 -6.380660086870193481e-02 9.979618787765502930e-01 5.246122360229492188e+01
9.993699193000793457e-01 -3.414114192128181458e-02 -9.690278209745883942e-03 -4.752314984798431396e-01 3.473001345992088318e-02 9.970084428787231445e-01 6.904949992895126343e-02 7.704107165336608887e-01 7.303866092115640640e-03 -6.934253126382827759e-02 9.975659251213073730e-01 5.367000198364257812e+01
9.993223547935485840e-01 -3.553449735045433044e-02 -9.578119032084941864e-03 -4.842948019504547119e-01 3.611737862229347229e-02 9.969093799591064453e-01 6.976486742496490479e-02 8.299221992492675781e-01 7.069461513310670853e-03 -7.006352394819259644e-02 9.975172877311706543e-01 5.481961059570312500e+01
9.992955327033996582e-01 -3.676741570234298706e-02 -7.506121881306171417e-03 -4.865028262138366699e-01 3.720799833536148071e-02 9.967859983444213867e-01 7.094501703977584839e-02 8.933277726173400879e-01 4.873536061495542526e-03 -7.117431610822677612e-02 9.974517822265625000e-01 5.595359420776367188e+01
9.991332888603210449e-01 -4.082580655813217163e-02 -8.101513609290122986e-03 -4.946918189525604248e-01 4.131736978888511658e-02 9.963560104370117188e-01 7.461649924516677856e-02 9.510687589645385742e-01 5.025716964155435562e-03 -7.488655298948287964e-02 9.971791505813598633e-01 5.698462677001953125e+01
9.990073442459106445e-01 -4.254585877060890198e-02 -1.318954396992921829e-02 -5.059522390365600586e-01 4.342116415500640869e-02 9.962147474288940430e-01 7.530413568019866943e-02 1.016673564910888672e+00 9.935743175446987152e-03 -7.580207288265228271e-02 9.970731735229492188e-01 5.802453231811523438e+01
9.988446831703186035e-01 -4.468110576272010803e-02 -1.768075302243232727e-02 -5.157626867294311523e-01 4.593220353126525879e-02 9.958816766738891602e-01 7.816541194915771484e-02 1.086760759353637695e+00 1.411542482674121857e-02 -7.888720929622650146e-02 9.967833757400512695e-01 5.914809799194335938e+01
9.988766312599182129e-01 -4.488914087414741516e-02 -1.516789104789495468e-02 -5.222737193107604980e-01 4.593752324581146240e-02 9.959080815315246582e-01 7.782561331987380981e-02 1.153554320335388184e+00 1.161230448633432388e-02 -7.843495905399322510e-02 9.968513250350952148e-01 6.021675872802734375e+01
9.987970590591430664e-01 -4.512703791260719299e-02 -1.917185261845588684e-02 -5.451866984367370605e-01 4.650504514575004578e-02 9.958019256591796875e-01 7.883951067924499512e-02 1.223116040229797363e+00 1.553357765078544617e-02 -7.963626086711883545e-02 9.967026710510253906e-01 6.128112792968750000e+01
9.987445473670959473e-01 -4.635787382721900940e-02 -1.896941103041172028e-02 -5.552266240119934082e-01 4.774586483836174011e-02 9.955863952636718750e-01 8.079532533884048462e-02 1.286279678344726562e+00 1.514019165188074112e-02 -8.159960806369781494e-02 9.965499043464660645e-01 6.227954101562500000e+01
9.988130927085876465e-01 -4.531100764870643616e-02 -1.785881258547306061e-02 -5.759552121162414551e-01 4.665694013237953186e-02 9.953723549842834473e-01 8.400456607341766357e-02 1.353747367858886719e+00 1.396984234452247620e-02 -8.473810553550720215e-02 9.963050484657287598e-01 6.330205154418945312e+01
9.987875819206237793e-01 -4.604069888591766357e-02 -1.741809956729412079e-02 -5.922245979309082031e-01 4.737661778926849365e-02 9.951487779617309570e-01 8.622105419635772705e-02 1.430675148963928223e+00 1.336393039673566818e-02 -8.694173395633697510e-02 9.961234927177429199e-01 6.439124298095703125e+01
9.986924529075622559e-01 -4.670486599206924438e-02 -2.078001387417316437e-02 -6.110367178916931152e-01 4.840847477316856384e-02 9.946841001510620117e-01 9.088367223739624023e-02 1.511621952056884766e+00 1.642484776675701141e-02 -9.177076816558837891e-02 9.956444501876831055e-01 6.548767089843750000e+01
9.986128211021423340e-01 -4.777089878916740417e-02 -2.213970199227333069e-02 -6.281437277793884277e-01 4.962500929832458496e-02 9.944685697555541992e-01 9.257058799266815186e-02 1.595130801200866699e+00 1.759506762027740479e-02 -9.354086220264434814e-02 9.954596757888793945e-01 6.652492523193359375e+01
9.988157153129577637e-01 -4.293254390358924866e-02 -2.288299985229969025e-02 -6.515611410140991211e-01 4.500600695610046387e-02 9.940187335014343262e-01 9.950318187475204468e-02 1.681528449058532715e+00 1.847421564161777496e-02 -1.004152223467826843e-01 9.947738051414489746e-01 6.755233764648437500e+01
9.987763762474060059e-01 -4.599670693278312683e-02 -1.815581135451793671e-02 -6.705014705657958984e-01 4.759209230542182922e-02 9.938148260116577148e-01 1.003327891230583191e-01 1.772615551948547363e+00 1.342854462563991547e-02 -1.010741069912910461e-01 9.947879910469055176e-01 6.859413909912109375e+01
9.987534284591674805e-01 -4.715651273727416992e-02 -1.635576598346233368e-02 -6.867771744728088379e-01 4.857464134693145752e-02 9.936758279800415039e-01 1.012346744537353516e-01 1.868742704391479492e+00 1.147846318781375885e-02 -1.019029617309570312e-01 9.947278499603271484e-01 6.967493438720703125e+01
9.987063407897949219e-01 -4.718337208032608032e-02 -1.894759200513362885e-02 -7.105963230133056641e-01 4.888815060257911682e-02 9.934968352317810059e-01 1.028276905417442322e-01 1.969016075134277344e+00 1.397262513637542725e-02 -1.036209911108016968e-01 9.945183992385864258e-01 7.080620574951171875e+01
9.982886314392089844e-01 -5.187187716364860535e-02 -2.699654921889305115e-02 -7.295118570327758789e-01 5.453485623002052307e-02 9.924734830856323242e-01 1.096447259187698364e-01 2.069103002548217773e+00 2.110589295625686646e-02 -1.109293475747108459e-01 9.936038851737976074e-01 7.186415100097656250e+01
9.982284903526306152e-01 -5.368024855852127075e-02 -2.565021067857742310e-02 -7.538084387779235840e-01 5.620289966464042664e-02 9.922695755958557129e-01 1.106433123350143433e-01 2.178019046783447266e+00 1.951257511973381042e-02 -1.118889376521110535e-01 9.935288429260253906e-01 7.299528503417968750e+01
9.981290698051452637e-01 -5.465127527713775635e-02 -2.740858867764472961e-02 -7.774236798286437988e-01 5.742640048265457153e-02 9.918729662895202637e-01 1.135340258479118347e-01 2.279786586761474609e+00 2.098107151687145233e-02 -1.148956045508384705e-01 9.931557178497314453e-01 7.407776641845703125e+01
9.980250000953674316e-01 -5.607625842094421387e-02 -2.830394171178340912e-02 -7.982235550880432129e-01 5.898442864418029785e-02 9.915751218795776367e-01 1.153226047754287720e-01 2.393564701080322266e+00 2.159863710403442383e-02 -1.167643591761589050e-01 9.929245114326477051e-01 7.518042755126953125e+01
9.982196688652038574e-01 -5.577551946043968201e-02 -2.112391404807567596e-02 -8.156527280807495117e-01 5.784128606319427490e-02 9.916990995407104492e-01 1.148343309760093689e-01 2.495191335678100586e+00 1.454363390803337097e-02 -1.158517524600028992e-01 9.931597709655761719e-01 7.622208404541015625e+01
9.982975721359252930e-01 -5.469464138150215149e-02 -2.024970203638076782e-02 -8.295597434043884277e-01 5.672521889209747314e-02 9.912581443786621094e-01 1.191185042262077332e-01 2.601143121719360352e+00 1.355754956603050232e-02 -1.200644150376319885e-01 9.926732778549194336e-01 7.722868347167968750e+01
9.982002377510070801e-01 -5.694396793842315674e-02 -1.879706047475337982e-02 -8.444900512695312500e-01 5.878014862537384033e-02 9.911795258522033691e-01 1.187754943966865540e-01 2.716991424560546875e+00 1.186772622168064117e-02 -1.196666508913040161e-01 9.927428960800170898e-01 7.832122802734375000e+01
9.979887604713439941e-01 -5.746619775891304016e-02 -2.675070613622665405e-02 -8.735901117324829102e-01 6.029789522290229797e-02 9.908121824264526367e-01 1.210580989718437195e-01 2.840322256088256836e+00 1.954818889498710632e-02 -1.224276721477508545e-01 9.922845959663391113e-01 7.943568420410156250e+01
9.979266524314880371e-01 -5.785224214196205139e-02 -2.819755859673023224e-02 -9.059629440307617188e-01 6.093301624059677124e-02 9.903330206871032715e-01 1.246091276407241821e-01 2.968028783798217773e+00 2.071606740355491638e-02 -1.260689646005630493e-01 9.918048381805419922e-01 8.060368347167968750e+01
9.977617859840393066e-01 -5.813654139637947083e-02 -3.303102776408195496e-02 -9.404380917549133301e-01 6.183725968003273010e-02 9.902201294898986816e-01 1.250596940517425537e-01 3.098369121551513672e+00 2.543746307492256165e-02 -1.268223673105239868e-01 9.915989637374877930e-01 8.181348419189453125e+01
9.977095127105712891e-01 -5.731984227895736694e-02 -3.591125831007957458e-02 -9.719913601875305176e-01 6.151010468602180481e-02 9.897111654281616211e-01 1.291823834180831909e-01 3.216904640197753906e+00 2.813707292079925537e-02 -1.310954242944717407e-01 9.909701347351074219e-01 8.288236236572265625e+01
9.975611567497253418e-01 -5.801338702440261841e-02 -3.880279883742332458e-02 -1.006327033042907715e+00 6.260284781455993652e-02 9.895378351211547852e-01 1.299828439950942993e-01 3.339150190353393555e+00 3.085610829293727875e-02 -1.320950239896774292e-01 9.907564520835876465e-01 8.394520568847656250e+01
9.973508715629577637e-01 -6.180116906762123108e-02 -3.835689276456832886e-02 -1.043142437934875488e+00 6.632892042398452759e-02 9.891734719276428223e-01 1.309047490358352661e-01 3.468365430831909180e+00 2.985157631337642670e-02 -1.331021636724472046e-01 9.906524419784545898e-01 8.509822845458984375e+01
9.972865581512451172e-01 -6.320018321275711060e-02 -3.774450719356536865e-02 -1.085483193397521973e+00 6.771780550479888916e-02 9.886996746063232422e-01 1.337418705224990845e-01 3.603786945343017578e+00 2.886549383401870728e-02 -1.359349787235260010e-01 9.902969598770141602e-01 8.626308441162109375e+01
9.973701834678649902e-01 -6.307788938283920288e-02 -3.568185865879058838e-02 -1.116091728210449219e+00 6.741520762443542480e-02 9.882162809371948242e-01 1.374169886112213135e-01 3.745395421981811523e+00 2.659344114363193512e-02 -1.394611597061157227e-01 9.898701310157775879e-01 8.738952636718750000e+01
9.972913265228271484e-01 -6.284064054489135742e-02 -3.821514919400215149e-02 -1.154061079025268555e+00 6.757947802543640137e-02 9.879885911941528320e-01 1.389647573232650757e-01 3.895855188369750977e+00 2.902351878583431244e-02 -1.411709487438201904e-01 9.895594716072082520e-01 8.853368377685546875e+01
9.967992305755615234e-01 -6.531398743391036987e-02 -4.609309881925582886e-02 -1.204872965812683105e+00 7.129062712192535400e-02 9.871662259101867676e-01 1.428989917039871216e-01 4.045141696929931641e+00 3.616826981306076050e-02 -1.457276642322540283e-01 9.886631965637207031e-01 8.969412231445312500e+01
9.968464970588684082e-01 -6.425330042839050293e-02 -4.655908048152923584e-02 -1.254725694656372070e+00 7.036033272743225098e-02 9.870288372039794922e-01 1.443022340536117554e-01 4.182899951934814453e+00 3.668328002095222473e-02 -1.471231579780578613e-01 9.884374737739562988e-01 9.077072906494140625e+01
9.964956641197204590e-01 -6.756217777729034424e-02 -4.930423945188522339e-02 -1.315522193908691406e+00 7.403632998466491699e-02 9.867802858352661133e-01 1.441628783941268921e-01 4.337014198303222656e+00 3.891250863671302795e-02 -1.473080366849899292e-01 9.883247017860412598e-01 9.193067932128906250e+01
9.965428709983825684e-01 -6.769564002752304077e-02 -4.815395176410675049e-02 -1.364880800247192383e+00 7.407345622777938843e-02 9.864893555641174316e-01 1.461214870214462280e-01 4.484317302703857422e+00 3.761159256100654602e-02 -1.491832882165908813e-01 9.880937933921813965e-01 9.304726409912109375e+01
9.967855811119079590e-01 -6.527926772832870483e-02 -4.643727838993072510e-02 -1.411058425903320312e+00 7.149703800678253174e-02 9.863869547843933105e-01 1.480828821659088135e-01 4.627117633819580078e+00 3.613840043544769287e-02 -1.509270220994949341e-01 9.878839850425720215e-01 9.414993286132812500e+01
9.967497587203979492e-01 -6.533920019865036011e-02 -4.711668938398361206e-02 -1.459126830101013184e+00 7.165894657373428345e-02 9.863757491111755371e-01 1.480791121721267700e-01 4.777789592742919922e+00 3.679940849542617798e-02 -1.509741544723510742e-01 9.878523945808410645e-01 9.526489257812500000e+01
9.965885281562805176e-01 -6.771034747362136841e-02 -4.717975854873657227e-02 -1.514987468719482422e+00 7.407651096582412720e-02 9.859451055526733398e-01 1.497481316328048706e-01 4.938674449920654297e+00 3.637717291712760925e-02 -1.527321785688400269e-01 9.875977635383605957e-01 9.643443298339843750e+01
9.965704083442687988e-01 -6.836301833391189575e-02 -4.661770910024642944e-02 -1.552784323692321777e+00 7.468840479850769043e-02 9.856784343719482422e-01 1.511930078268051147e-01 5.077438831329345703e+00 3.561407327651977539e-02 -1.541562825441360474e-01 9.874042868614196777e-01 9.747767639160156250e+01
9.964486360549926758e-01 -7.561675459146499634e-02 -3.703297674655914307e-02 -1.595906615257263184e+00 8.046142756938934326e-02 9.847517609596252441e-01 1.542385369539260864e-01 5.218012809753417969e+00 2.480528131127357483e-02 -1.566705107688903809e-01 9.873393177986145020e-01 9.848883056640625000e+01
9.962677955627441406e-01 -7.828097790479660034e-02 -3.635545447468757629e-02 -1.623200654983520508e+00 8.303529024124145508e-02 9.842271804809570312e-01 1.562098860740661621e-01 5.346588611602783203e+00 2.355377376079559326e-02 -1.586456596851348877e-01 9.870545268058776855e-01 9.943018341064453125e+01
9.959449172019958496e-01 -7.893308997154235840e-02 -4.315594583749771118e-02 -1.658632993698120117e+00 8.487110584974288940e-02 9.834920167922973633e-01 1.598118096590042114e-01 5.492768764495849609e+00 2.982910722494125366e-02 -1.628264486789703369e-01 9.862036705017089844e-01 1.004272537231445312e+02
9.959188699722290039e-01 -7.939553260803222656e-02 -4.290685057640075684e-02 -1.695464730262756348e+00 8.525088429450988770e-02 9.836549758911132812e-01 1.586019098758697510e-01 5.641387939453125000e+00 2.961327321827411652e-02 -1.616124957799911499e-01 9.864098429679870605e-01 1.014176483154296875e+02
9.959244728088378906e-01 -7.915023714303970337e-02 -4.322929680347442627e-02 -1.727480173110961914e+00 8.512141555547714233e-02 9.833415150642395020e-01 1.606030017137527466e-01 5.785376071929931641e+00 2.979741431772708893e-02 -1.636282056570053101e-01 9.860719442367553711e-01 1.023943481445312500e+02
9.956063628196716309e-01 -7.922323793172836304e-02 -4.990689828991889954e-02 -1.780370473861694336e+00 8.637451380491256714e-02 9.828531742095947266e-01 1.629069596529006958e-01 5.934364318847656250e+00 3.614515811204910278e-02 -1.665019243955612183e-01 9.853783845901489258e-01 1.033864898681640625e+02
9.956767559051513672e-01 -7.884442061185836792e-02 -4.909582063555717468e-02 -1.826599121093750000e+00 8.584682643413543701e-02 9.829844236373901367e-01 1.623931080102920532e-01 6.077591419219970703e+00 3.545665740966796875e-02 -1.659057885408401489e-01 9.855039119720458984e-01 1.043671417236328125e+02
9.956861138343811035e-01 -7.887562364339828491e-02 -4.885581508278846741e-02 -1.870190739631652832e+00 8.585859090089797974e-02 9.828867316246032715e-01 1.629768311977386475e-01 6.222139835357666016e+00 3.516485542058944702e-02 -1.664684712886810303e-01 9.854195117950439453e-01 1.053138885498046875e+02
9.957519173622131348e-01 -7.831156253814697266e-02 -4.841968789696693420e-02 -1.905798196792602539e+00 8.529329299926757812e-02 9.826322793960571289e-01 1.647977232933044434e-01 6.358160972595214844e+00 3.467320278286933899e-02 -1.682275533676147461e-01 9.851381182670593262e-01 1.062056121826171875e+02
9.957586526870727539e-01 -7.749439775943756104e-02 -4.958080500364303589e-02 -1.942487359046936035e+00 8.473343402147293091e-02 9.824456572532653809e-01 1.661931276321411133e-01 6.493432044982910156e+00 3.583143651485443115e-02 -1.696894466876983643e-01 9.848458766937255859e-01 1.071072921752929688e+02
9.958896636962890625e-01 -7.727971673011779785e-02 -4.722854867577552795e-02 -1.980998635292053223e+00 8.413165062665939331e-02 9.824495911598205566e-01 1.664755940437316895e-01 6.628302574157714844e+00 3.353450447320938110e-02 -1.697647869586944580e-01 9.849138259887695312e-01 1.080080108642578125e+02
9.957862496376037598e-01 -7.819306850433349609e-02 -4.790036007761955261e-02 -2.008508682250976562e+00 8.518474549055099487e-02 9.821726679801940918e-01 1.675702780485153198e-01 6.747534275054931641e+00 3.394361585378646851e-02 -1.709446012973785400e-01 9.846957325935363770e-01 1.087837448120117188e+02
9.959949851036071777e-01 -7.641129940748214722e-02 -4.641240462660789490e-02 -2.040880918502807617e+00 8.325269818305969238e-02 9.819244742393493652e-01 1.699786186218261719e-01 6.870859146118164062e+00 3.258520737290382385e-02 -1.731618791818618774e-01 9.843541383743286133e-01 1.095754013061523438e+02
9.962893724441528320e-01 -7.568821310997009277e-02 -4.095947742462158203e-02 -2.057295560836791992e+00 8.162954449653625488e-02 9.818485975265502930e-01 1.711995452642440796e-01 6.973498821258544922e+00 2.725823223590850830e-02 -1.739078611135482788e-01 9.843845367431640625e-01 1.102638778686523438e+02
9.963401556015014648e-01 -7.677926868200302124e-02 -3.755128383636474609e-02 -2.066171646118164062e+00 8.215516060590744019e-02 9.814886450767517090e-01 1.730025261640548706e-01 7.062524318695068359e+00 2.357316389679908752e-02 -1.754544675350189209e-01 9.842051863670349121e-01 1.108202896118164062e+02
9.968876242637634277e-01 -7.539031654596328735e-02 -2.302829362452030182e-02 -2.056066989898681641e+00 7.826533168554306030e-02 9.814574122428894043e-01 1.749719679355621338e-01 7.133994102478027344e+00 9.410099126398563385e-03 -1.762297749519348145e-01 9.843039512634277344e-01 1.113100433349609375e+02
9.971386194229125977e-01 -7.510404288768768311e-02 -8.546429686248302460e-03 -2.042032241821289062e+00 7.542750984430313110e-02 9.812477231025695801e-01 1.773775964975357056e-01 7.229152202606201172e+00 -4.935618489980697632e-03 -1.775147318840026855e-01 9.841056466102600098e-01 1.119125061035156250e+02
9.972290992736816406e-01 -7.432032376527786255e-02 3.099709749221801758e-03 -2.025639295578002930e+00 7.252445071935653687e-02 9.807033538818359375e-01 1.815501302480697632e-01 7.330360889434814453e+00 -1.653277501463890076e-02 -1.808223426342010498e-01 9.833766818046569824e-01 1.125311126708984375e+02
9.970445632934570312e-01 -7.543614506721496582e-02 1.450814399868249893e-02 -1.998834967613220215e+00 7.149410992860794067e-02 9.803257584571838379e-01 1.839819103479385376e-01 7.440257549285888672e+00 -2.810161933302879333e-02 -1.824010014533996582e-01 9.828224182128906250e-01 1.131658401489257812e+02
9.965875148773193359e-01 -7.758203893899917603e-02 2.816533669829368591e-02 -1.966793894767761230e+00 7.095514237880706787e-02 9.796401262283325195e-01 1.878027915954589844e-01 7.548237323760986328e+00 -4.216205701231956482e-02 -1.851635277271270752e-01 9.818027019500732422e-01 1.137965545654296875e+02
9.961975216865539551e-01 -7.394155859947204590e-02 4.606772214174270630e-02 -1.928846836090087891e+00 6.391605734825134277e-02 9.796534776687622070e-01 1.902449429035186768e-01 7.638362884521484375e+00 -5.919747054576873779e-02 -1.865771561861038208e-01 9.806550145149230957e-01 1.143442916870117188e+02
9.954476356506347656e-01 -7.271161675453186035e-02 6.161252409219741821e-02 -1.877878546714782715e+00 5.952221900224685669e-02 9.792075157165527344e-01 1.939308345317840576e-01 7.693557262420654297e+00 -7.443253695964813232e-02 -1.893807649612426758e-01 9.790783524513244629e-01 1.146787338256835938e+02
9.945016503334045410e-01 -7.017068564891815186e-02 7.772878557443618774e-02 -1.803802371025085449e+00 5.350477248430252075e-02 9.785681962966918945e-01 1.988488733768463135e-01 7.755801200866699219e+00 -9.001636505126953125e-02 -1.935967355966567993e-01 9.769427180290222168e-01 1.150401916503906250e+02
9.933836460113525391e-01 -6.984896212816238403e-02 9.115520119667053223e-02 -1.749759197235107422e+00 5.020449310541152954e-02 9.780319929122924805e-01 2.023171335458755493e-01 7.827486991882324219e+00 -1.032844409346580505e-01 -1.964022070169448853e-01 9.750682711601257324e-01 1.154602508544921875e+02
9.902955293655395508e-01 -7.915813475847244263e-02 1.142271980643272400e-01 -1.695010662078857422e+00 5.440316349267959595e-02 9.771434664726257324e-01 2.055001109838485718e-01 7.901130199432373047e+00 -1.278834640979766846e-01 -1.972916275262832642e-01 9.719678163528442383e-01 1.158577804565429688e+02
9.880905747413635254e-01 -7.900612056255340576e-02 1.320385038852691650e-01 -1.608837008476257324e+00 4.997385293245315552e-02 9.763700962066650391e-01 2.102460563182830811e-01 7.934393882751464844e+00 -1.455292999744415283e-01 -2.011437863111495972e-01 9.686908721923828125e-01 1.160599212646484375e+02
9.871361851692199707e-01 -7.274238765239715576e-02 1.423720419406890869e-01 -1.537542462348937988e+00 4.164456948637962341e-02 9.767472743988037109e-01 2.103089392185211182e-01 7.992730617523193359e+00 -1.543600112199783325e-01 -2.016746550798416138e-01 9.672124981880187988e-01 1.163960723876953125e+02
9.858452081680297852e-01 -7.224433869123458862e-02 1.512911468744277954e-01 -1.478293895721435547e+00 3.915476426482200623e-02 9.766517281532287598e-01 2.112289071083068848e-01 8.013076782226562500e+00 -1.630190014839172363e-01 -2.023153454065322876e-01 9.656567573547363281e-01 1.165388031005859375e+02
9.802159070968627930e-01 -7.369044423103332520e-02 1.836992800235748291e-01 -1.396871805191040039e+00 3.441251814365386963e-02 9.774236083030700684e-01 2.084663659334182739e-01 8.074501037597656250e+00 -1.949141621589660645e-01 -1.980206221342086792e-01 9.606227278709411621e-01 1.168536987304687500e+02
9.753145575523376465e-01 -7.279786467552185059e-02 2.084729224443435669e-01 -1.308723807334899902e+00 2.717799693346023560e-02 9.764907360076904297e-01 2.138377875089645386e-01 8.082780838012695312e+00 -2.191389948129653931e-01 -2.028933614492416382e-01 9.543647766113281250e-01 1.169619522094726562e+02
9.711424112319946289e-01 -7.875459641218185425e-02 2.251202017068862915e-01 -1.223714590072631836e+00 2.885957807302474976e-02 9.757751822471618652e-01 2.168622463941574097e-01 8.118329048156738281e+00 -2.367458045482635498e-01 -2.041073739528656006e-01 9.498901963233947754e-01 1.171490707397460938e+02
9.691475033760070801e-01 -8.036650717258453369e-02 2.330092489719390869e-01 -1.154533147811889648e+00 2.654338255524635315e-02 9.738816618919372559e-01 2.254977822303771973e-01 8.130680084228515625e+00 -2.450461238622665405e-01 -2.123558968305587769e-01 9.459688663482666016e-01 1.172632141113281250e+02
9.630136489868164062e-01 -7.909721881151199341e-02 2.575796544551849365e-01 -1.024328351020812988e+00 1.925648376345634460e-02 9.737018942832946777e-01 2.270090281963348389e-01 8.194819450378417969e+00 -2.687618136405944824e-01 -2.136528491973876953e-01 9.392120242118835449e-01 1.175640182495117188e+02
9.583138227462768555e-01 -8.300920575857162476e-02 2.733918130397796631e-01 -9.720314741134643555e-01 1.884555444121360779e-02 9.731459021568298340e-01 2.294149547815322876e-01 8.182953834533691406e+00 -2.850939035415649414e-01 -2.146994173526763916e-01 9.341441988945007324e-01 1.175755081176757812e+02
