9.999082088470458984e-01 1.416768180206418037e-03 1.347622554749250412e-02 4.209011048078536987e-02 -1.430565956979990005e-03 9.999984502792358398e-01 1.014276407659053802e-03 -1.609948277473449707e-02 -1.347476709634065628e-02 -1.033461885526776314e-03 9.999086856842041016e-01 3.558601737022399902e-01
9.995610713958740234e-01 1.845957478508353233e-03 2.956743352115154266e-02 7.501435279846191406e-02 -1.868874533101916313e-03 9.999979734420776367e-01 7.474627927877008915e-04 -3.851979970932006836e-02 -2.956598997116088867e-02 -8.023926056921482086e-04 9.995625019073486328e-01 6.156047582626342773e-01
9.994159936904907227e-01 7.409055251628160477e-03 3.335765376687049866e-02 9.720364212989807129e-02 -7.556245196610689163e-03 9.999622106552124023e-01 4.288579337298870087e-03 -6.000787392258644104e-02 -3.332461789250373840e-02 -4.538133740425109863e-03 9.994342327117919922e-01 6.452518105506896973e-01
9.996667504310607910e-01 4.732128232717514038e-03 2.537644281983375549e-02 7.311859726905822754e-02 -4.924534354358911514e-03 9.999595284461975098e-01 7.524952292442321777e-03 -6.769177317619323730e-02 -2.533980831503868103e-02 -7.647412363439798355e-03 9.996495842933654785e-01 7.941653728485107422e-01
9.999595284461975098e-01 2.895573386922478676e-03 8.515551686286926270e-03 4.359092563390731812e-02 -3.016638569533824921e-03 9.998940229415893555e-01 1.423862669616937637e-02 -7.959180325269699097e-02 -8.473420515656471252e-03 -1.426373794674873352e-02 9.998623132705688477e-01 8.768950104713439941e-01
9.999859929084777832e-01 3.187375841662287712e-03 4.223932512104511261e-03 2.768808044493198395e-02 -3.261087927967309952e-03 9.998404383659362793e-01 1.756056025624275208e-02 -8.397010713815689087e-02 -4.167286213487386703e-03 -1.757408678531646729e-02 9.998368024826049805e-01 1.175196170806884766e+00
9.998798966407775879e-01 5.487627815455198288e-03 -1.449159346520900726e-02 -4.433313384652137756e-03 -5.133919883519411087e-03 9.996907114982604980e-01 2.433318831026554108e-02 -9.041307121515274048e-02 1.462064124643802643e-02 -2.425586618483066559e-02 9.995988011360168457e-01 1.422888994216918945e+00
9.997214078903198242e-01 5.384263582527637482e-03 -2.298165298998355865e-02 -3.445663303136825562e-02 -4.790514241904020309e-03 9.996553659439086914e-01 2.581308595836162567e-02 -9.057329595088958740e-02 2.311271429061889648e-02 -2.569579891860485077e-02 9.994025230407714844e-01 1.749265789985656738e+00
9.995933175086975098e-01 1.217780075967311859e-02 -2.578564360737800598e-02 -6.634572148323059082e-02 -1.149107236415147781e-02 9.995797872543334961e-01 2.661492116749286652e-02 -9.996215999126434326e-02 2.609891444444656372e-02 -2.630779147148132324e-02 9.993131160736083984e-01 2.112257003784179688e+00
9.994723200798034668e-01 1.249325275421142578e-02 -2.998299337923526764e-02 -7.769504189491271973e-02 -1.176721230149269104e-02 9.996362328529357910e-01 2.427054755389690399e-02 -1.101499274373054504e-01 3.027529828250408173e-02 -2.390492334961891174e-02 9.992556571960449219e-01 2.359817981719970703e+00
9.993534088134765625e-01 1.469900831580162048e-02 -3.281154856085777283e-02 -1.117228046059608459e-01 -1.387312263250350952e-02 9.995847940444946289e-01 2.525791712105274200e-02 -1.147805601358413696e-01 3.316918015480041504e-02 -2.478638663887977600e-02 9.991423487663269043e-01 2.752495527267456055e+00
9.992759227752685547e-01 1.546348351985216141e-02 -3.476293757557868958e-02 -1.218075156211853027e-01 -1.448823139071464539e-02 9.994992613792419434e-01 2.813342213630676270e-02 -1.143160983920097351e-01 3.518055751919746399e-02 -2.760939672589302063e-02 9.989995360374450684e-01 3.151827812194824219e+00
9.990774989128112793e-01 1.800814643502235413e-02 -3.898409754037857056e-02 -1.522736549377441406e-01 -1.685606501996517181e-02 9.994172453880310059e-01 2.968231402337551117e-02 -1.177633851766586304e-01 3.949589282274246216e-02 -2.899781242012977600e-02 9.987988471984863281e-01 3.630800962448120117e+00
9.987729191780090332e-01 1.881585642695426941e-02 -4.580923542380332947e-02 -1.969431042671203613e-01 -1.741998642683029175e-02 9.993773698806762695e-01 3.068229183554649353e-02 -1.154936552047729492e-01 4.635801538825035095e-02 -2.984664589166641235e-02 9.984788298606872559e-01 4.079101562500000000e+00
9.982075691223144531e-01 2.225814200937747955e-02 -5.555331334471702576e-02 -2.360531091690063477e-01 -2.029852196574211121e-02 9.991601705551147461e-01 3.559311106801033020e-02 -1.146455258131027222e-01 5.629888549447059631e-02 -3.440165892243385315e-02 9.978210926055908203e-01 4.469522953033447266e+00
9.980899095535278320e-01 2.536099217832088470e-02 -5.633142590522766113e-02 -2.805104553699493408e-01 -2.337617054581642151e-02 9.990920424461364746e-01 3.561863675713539124e-02 -1.135840415954589844e-01 5.718359351158142090e-02 -3.423378244042396545e-02 9.977765679359436035e-01 4.903326511383056641e+00
9.980461597442626953e-01 2.484174072742462158e-02 -5.732956528663635254e-02 -3.189251422882080078e-01 -2.286025695502758026e-02 9.991270899772644043e-01 3.496398776769638062e-02 -1.056203991174697876e-01 5.814808234572410583e-02 -3.358510136604309082e-02 9.977428913116455078e-01 5.499598503112792969e+00
9.976725578308105469e-01 2.849666029214859009e-02 -6.194702163338661194e-02 -3.624145686626434326e-01 -2.624442614614963531e-02 9.989753365516662598e-01 3.687221929430961609e-02 -9.479581564664840698e-02 6.293427944183349609e-02 -3.516063094139099121e-02 9.973981380462646484e-01 6.194931983947753906e+00
9.978410601615905762e-01 2.985526993870735168e-02 -5.849705636501312256e-02 -4.047960638999938965e-01 -2.771915681660175323e-02 9.989309310913085938e-01 3.699418902397155762e-02 -7.714130729436874390e-02 5.953899025917053223e-02 -3.529282286763191223e-02 9.976019263267517090e-01 6.925968170166015625e+00
9.977443814277648926e-01 3.194749355316162109e-02 -5.903746187686920166e-02 -4.438239932060241699e-01 -2.977213077247142792e-02 9.988580346107482910e-01 3.736675158143043518e-02 -7.464547455310821533e-02 6.016381457448005676e-02 -3.552478551864624023e-02 9.975562095642089844e-01 7.419571876525878906e+00
9.977026581764221191e-01 3.057157434523105621e-02 -6.045332551002502441e-02 -4.936053156852722168e-01 -2.823656611144542694e-02 9.988358616828918457e-01 3.910935297608375549e-02 -5.637063831090927124e-02 6.157857924699783325e-02 -3.731250390410423279e-02 9.974046349525451660e-01 8.104145050048828125e+00
9.972942471504211426e-01 2.813798561692237854e-02 -6.791365891695022583e-02 -5.326248407363891602e-01 -2.491333335638046265e-02 9.985427260398864746e-01 4.787052050232887268e-02 -3.828279301524162292e-02 6.916166841983795166e-02 -4.604902863502502441e-02 9.965421557426452637e-01 8.820709228515625000e+00
9.973819255828857422e-01 2.811837010085582733e-02 -6.662198156118392944e-02 -5.811521410942077637e-01 -2.496267482638359070e-02 9.985479712486267090e-01 4.773540049791336060e-02 -1.220685429871082306e-02 6.786748021841049194e-02 -4.594735056161880493e-02 9.966358542442321777e-01 9.582835197448730469e+00
9.971861243247985840e-01 2.950337901711463928e-02 -6.891472637653350830e-02 -6.307584047317504883e-01 -2.606925927102565765e-02 9.983983039855957031e-01 5.021027848124504089e-02 9.981660172343254089e-03 7.028571516275405884e-02 -4.827242344617843628e-02 9.963582754135131836e-01 1.027851009368896484e+01
9.973083138465881348e-01 2.911578305065631866e-02 -6.729219108819961548e-02 -6.781295537948608398e-01 -2.577199600636959076e-02 9.984148144721984863e-01 5.003564804792404175e-02 2.966418676078319550e-02 6.864234060049057007e-02 -4.816669970750808716e-02 9.964779615402221680e-01 1.098241233825683594e+01
9.971276521682739258e-01 2.910988219082355499e-02 -6.992018222808837891e-02 -7.364998459815979004e-01 -2.551073208451271057e-02 9.983301162719726562e-01 5.182790011167526245e-02 6.164965778589248657e-02 7.131212204694747925e-02 -4.989530891180038452e-02 9.962053298950195312e-01 1.173618507385253906e+01
9.972367882728576660e-01 2.638695202767848969e-02 -6.944305449724197388e-02 -7.930807471275329590e-01 -2.248113043606281281e-02 9.981529116630554199e-01 5.643770098686218262e-02 9.212901443243026733e-02 7.080400735139846802e-02 -5.472058057785034180e-02 9.959881901741027832e-01 1.260061359405517578e+01
9.971138238906860352e-01 2.606510370969772339e-02 -7.130555808544158936e-02 -8.505176901817321777e-01 -2.192278020083904266e-02 9.980599880218505859e-01 5.827080458402633667e-02 1.270474046468734741e-01 7.268606871366500854e-02 -5.653939396142959595e-02 9.957509636878967285e-01 1.340897369384765625e+01
9.971107840538024902e-01 2.593416161835193634e-02 -7.139546424150466919e-02 -9.130111336708068848e-01 -2.177959121763706207e-02 9.980575442314147949e-01 5.836677178740501404e-02 1.667888164520263672e-01 7.277047634124755859e-02 -5.664316192269325256e-02 9.957389235496520996e-01 1.425384616851806641e+01
9.970365166664123535e-01 2.555668354034423828e-02 -7.255974411964416504e-02 -9.714456200599670410e-01 -2.129105664789676666e-02 9.980329275131225586e-01 5.896458774805068970e-02 2.091958671808242798e-01 7.392394542694091797e-02 -5.724495649337768555e-02 9.956195354461669922e-01 1.511656951904296875e+01
9.969069361686706543e-01 2.633641473948955536e-02 -7.404607534408569336e-02 -1.032081842422485352e+00 -2.169517986476421356e-02 9.977901577949523926e-01 6.280069798231124878e-02 2.457468509674072266e-01 7.553638517856597900e-02 -6.099998950958251953e-02 9.952754974365234375e-01 1.590590286254882812e+01
9.967920184135437012e-01 2.714976482093334198e-02 -7.528962939977645874e-02 -1.087832450866699219e+00 -2.232888713479042053e-02 9.976903796195983887e-01 6.414972990751266479e-02 2.864760160446166992e-01 7.685738056898117065e-02 -6.226278841495513916e-02 9.950960874557495117e-01 1.670944595336914062e+01
9.965091347694396973e-01 2.491047047078609467e-02 -7.967995107173919678e-02 -1.154934644699096680e+00 -1.949217729270458221e-02 9.974899888038635254e-01 6.807006150484085083e-02 3.373786211013793945e-01 8.117560297250747681e-02 -6.627929210662841797e-02 9.944935441017150879e-01 1.758338737487792969e+01
9.969546794891357422e-01 2.402111701667308807e-02 -7.419060170650482178e-02 -1.223591685295104980e+00 -1.887852139770984650e-02 9.974201917648315430e-01 6.925571709871292114e-02 3.888086378574371338e-01 7.566279917955398560e-02 -6.764419376850128174e-02 9.948362112045288086e-01 1.847102737426757812e+01
9.969401359558105469e-01 2.388815768063068390e-02 -7.442896068096160889e-02 -1.288879275321960449e+00 -1.868348941206932068e-02 9.973819851875305176e-01 6.985591351985931396e-02 4.385884702205657959e-01 7.590281963348388672e-02 -6.825156509876251221e-02 9.947764277458190918e-01 1.938464927673339844e+01
9.969362020492553711e-01 2.374314144253730774e-02 -7.452858239412307739e-02 -1.352512359619140625e+00 -1.848198287189006805e-02 9.973400831222534180e-01 7.050497084856033325e-02 4.902862906455993652e-01 7.600434124469757080e-02 -6.891151517629623413e-02 9.947231411933898926e-01 2.026692199707031250e+01
9.968912601470947266e-01 2.417019382119178772e-02 -7.499128580093383789e-02 -1.421503424644470215e+00 -1.888057403266429901e-02 9.973357319831848145e-01 7.046055048704147339e-02 5.481659770011901855e-01 7.649452239274978638e-02 -6.882562488317489624e-02 9.946914911270141602e-01 2.119009780883789062e+01
9.961640238761901855e-01 2.589049749076366425e-02 -8.358807116746902466e-02 -1.502989530563354492e+00 -1.962584443390369415e-02 9.969964623451232910e-01 7.491718232631683350e-02 5.965046286582946777e-01 8.527664840221405029e-02 -7.298931479454040527e-02 9.936800003051757812e-01 2.198013114929199219e+01
9.943467378616333008e-01 2.226280793547630310e-02 -1.038220897316932678e-01 -1.592295885086059570e+00 -1.376519352197647095e-02 9.965488910675048828e-01 8.185742795467376709e-02 6.522218585014343262e-01 1.052861586213111877e-01 -7.996553927659988403e-02 9.912214279174804688e-01 2.284017944335937500e+01
9.938606023788452148e-01 2.111913636326789856e-02 -1.086051985621452332e-01 -1.689754366874694824e+00 -1.209568418562412262e-02 9.964691996574401855e-01 8.308213949203491211e-02 7.174034118652343750e-01 1.099763587117195129e-01 -8.125841617584228516e-02 9.906067848205566406e-01 2.369048881530761719e+01
9.927518963813781738e-01 2.004448324441909790e-02 -1.184985265135765076e-01 -1.785981893539428711e+00 -9.983723051846027374e-03 9.963398575782775879e-01 8.489358425140380859e-02 7.781373858451843262e-01 1.197664588689804077e-01 -8.309521526098251343e-02 9.893182516098022461e-01 2.450284767150878906e+01
9.909599423408508301e-01 1.910815760493278503e-02 -1.327905505895614624e-01 -1.896494626998901367e+00 -7.214539684355258942e-03 9.959626793861389160e-01 8.947697281837463379e-02 8.380205035209655762e-01 1.339641809463500977e-01 -8.771007508039474487e-02 9.870967864990234375e-01 2.529423522949218750e+01
9.908217787742614746e-01 1.931945420801639557e-02 -1.337872296571731567e-01 -2.002231597900390625e+00 -7.185728754848241806e-03 9.958623051643371582e-01 9.058968722820281982e-02 8.976310491561889648e-01 1.349837929010391235e-01 -8.879688382148742676e-02 9.868606925010681152e-01 2.602834701538085938e+01
9.899277687072753906e-01 1.943789236247539520e-02 -1.402326822280883789e-01 -2.113916158676147461e+00 -6.474072113633155823e-03 9.957087039947509766e-01 9.231526404619216919e-02 9.559418559074401855e-01 1.414253115653991699e-01 -9.047757834196090698e-02 9.858053326606750488e-01 2.678912734985351562e+01
9.901043176651000977e-01 1.905661262571811676e-02 -1.390334069728851318e-01 -2.229019641876220703e+00 -6.136521697044372559e-03 9.956684708595275879e-01 9.277103841304779053e-02 1.017628312110900879e+00 1.401990801095962524e-01 -9.099983423948287964e-02 9.859324097633361816e-01 2.758138275146484375e+01
9.901731610298156738e-01 1.782314665615558624e-02 -1.387061327695846558e-01 -2.345127344131469727e+00 -4.754729568958282471e-03 9.955623745918273926e-01 9.398321807384490967e-02 1.084150075912475586e+00 1.397656649351119995e-01 -9.240017086267471313e-02 9.858636856079101562e-01 2.839297866821289062e+01
9.900781512260437012e-01 1.762456446886062622e-02 -1.394079029560089111e-01 -2.460314989089965820e+00 -4.426905885338783264e-03 9.955227375030517578e-01 9.441840648651123047e-02 1.158629417419433594e+00 1.404477953910827637e-01 -9.286447614431381226e-02 9.857230782508850098e-01 2.923539352416992188e+01
9.904786348342895508e-01 1.596107520163059235e-02 -1.367381215095520020e-01 -2.572955131530761719e+00 -2.767396625131368637e-03 9.953639507293701172e-01 9.614022076129913330e-02 1.224819540977478027e+00 1.376386582851409912e-01 -9.484644234180450439e-02 9.859305620193481445e-01 3.005334663391113281e+01
9.903441071510314941e-01 1.874921470880508423e-02 -1.373573541641235352e-01 -2.692697525024414062e+00 -5.580513272434473038e-03 9.954006671905517578e-01 9.563636034727096558e-02 1.294466972351074219e+00 1.385186761617660522e-01 -9.394638985395431519e-02 9.858934879302978516e-01 3.088111114501953125e+01
9.905781745910644531e-01 1.733771339058876038e-02 -1.358464509248733521e-01 -2.810972452163696289e+00 -4.230574704706668854e-03 9.953544139862060547e-01 9.618550539016723633e-02 1.365942835807800293e+00 1.368829756975173950e-01 -9.470455348491668701e-02 9.860493540763854980e-01 3.175041770935058594e+01
9.882523417472839355e-01 1.631132885813713074e-02 -1.519580632448196411e-01 -2.940485954284667969e+00 -7.594551425427198410e-05 9.943405389785766602e-01 1.062396317720413208e-01 1.442715048789978027e+00 1.528309434652328491e-01 -1.049800142645835876e-01 9.826602339744567871e-01 3.261795425415039062e+01
9.886780381202697754e-01 1.741250231862068176e-02 -1.490391641855239868e-01 -3.073741436004638672e+00 -1.562183955684304237e-03 9.943848252296447754e-01 1.058127060532569885e-01 1.527246594429016113e+00 1.500447243452072144e-01 -1.043818593025207520e-01 9.831532239913940430e-01 3.351867294311523438e+01
9.883790016174316406e-01 1.933563686907291412e-02 -1.507754176855087280e-01 -3.203216791152954102e+00 -2.987717045471072197e-03 9.941564798355102539e-01 1.079065799713134766e-01 1.613172292709350586e+00 1.519807875156402588e-01 -1.062021031975746155e-01 9.826607704162597656e-01 3.439142227172851562e+01
9.873645901679992676e-01 1.471119932830333710e-02 -1.577809900045394897e-01 -3.345304965972900391e+00 2.872580196708440781e-03 9.938561916351318359e-01 1.106413900852203369e-01 1.701638936996459961e+00 1.584392637014389038e-01 -1.096966192126274109e-01 9.812557697296142578e-01 3.526801300048828125e+01
9.882490038871765137e-01 1.388705521821975708e-02 -1.522206366062164307e-01 -3.479311704635620117e+00 3.349875565618276596e-03 9.936574101448059082e-01 1.123993098735809326e-01 1.782990217208862305e+00 1.528160274028778076e-01 -1.115884110331535339e-01 9.819340705871582031e-01 3.615593719482421875e+01
9.883067011833190918e-01 1.296603120863437653e-02 -1.519269347190856934e-01 -3.627046585083007812e+00 4.320058505982160568e-03 9.935968518257141113e-01 1.129000559449195862e-01 1.879329204559326172e+00 1.524179577827453613e-01 -1.122361943125724792e-01 9.819220900535583496e-01 3.713292312622070312e+01
9.874234795570373535e-01 1.427202578634023666e-02 -1.574518829584121704e-01 -3.776835203170776367e+00 4.070275928825139999e-03 9.932918548583984375e-01 1.155615448951721191e-01 1.978985786437988281e+00 1.580449342727661133e-01 -1.147490441799163818e-01 9.807413816452026367e-01 3.806011199951171875e+01
9.869312047958374023e-01 1.338531263172626495e-02 -1.605846434831619263e-01 -3.931101799011230469e+00 5.720418877899646759e-03 9.930055737495422363e-01 1.179275885224342346e-01 2.080871343612670898e+00 1.610399186611175537e-01 -1.173050254583358765e-01 9.799514412879943848e-01 3.901425933837890625e+01
9.871631860733032227e-01 1.602542400360107422e-02 -1.589085459709167480e-01 -4.079728603363037109e+00 3.421531990170478821e-03 9.926030039787292480e-01 1.213559955358505249e-01 2.171923637390136719e+00 1.596778631210327148e-01 -1.203418672084808350e-01 9.798060655593872070e-01 3.993923950195312500e+01
9.869933128356933594e-01 1.594469323754310608e-02 -1.599679142236709595e-01 -4.221837043762207031e+00 3.683161688968539238e-03 9.925650358200073242e-01 1.216582208871841431e-01 2.266947507858276367e+00 1.607183665037155151e-01 -1.206650361418724060e-01 9.795961380004882812e-01 4.081492233276367188e+01
9.868044257164001465e-01 1.453485153615474701e-02 -1.612626910209655762e-01 -4.378650665283203125e+00 5.536503158509731293e-03 9.923511743545532227e-01 1.233213394880294800e-01 2.370201110839843750e+00 1.618216931819915771e-01 -1.225868687033653259e-01 9.791758060455322266e-01 4.179708099365234375e+01
9.863005876541137695e-01 1.486524567008018494e-02 -1.642862707376480103e-01 -4.536948680877685547e+00 5.975118838250637054e-03 9.920580983161926270e-01 1.256371587514877319e-01 2.484684944152832031e+00 1.648491770029067993e-01 -1.248976290225982666e-01 9.783784747123718262e-01 4.277944564819335938e+01
9.861761331558227539e-01 1.510108727961778641e-02 -1.650102734565734863e-01 -4.700212001800537109e+00 6.234033498913049698e-03 9.917519688606262207e-01 1.280186921358108521e-01 2.606740474700927734e+00 1.655825078487396240e-01 -1.272776573896408081e-01 9.779477715492248535e-01 4.377107620239257812e+01
9.845373034477233887e-01 1.191332936286926270e-02 -1.747687906026840210e-01 -4.860868453979492188e+00 1.223181374371051788e-02 9.905740022659301758e-01 1.364300698041915894e-01 2.717283248901367188e+00 1.747467815876007080e-01 -1.364582329988479614e-01 9.751111268997192383e-01 4.471429824829101562e+01
9.847419857978820801e-01 1.424345839768648148e-02 -1.734362095594406128e-01 -5.043023586273193359e+00 9.788915514945983887e-03 9.905325174331665039e-01 1.369274258613586426e-01 2.848845005035400391e+00 1.737445443868637085e-01 -1.365359276533126831e-01 9.752793312072753906e-01 4.576825714111328125e+01
9.844568967819213867e-01 1.152517367154359818e-02 -1.752472221851348877e-01 -5.213564872741699219e+00 1.271239481866359711e-02 9.905506372451782227e-01 1.365561336278915405e-01 2.971356391906738281e+00 1.751650869846343994e-01 -1.366614252328872681e-01 9.750076532363891602e-01 4.674917984008789062e+01
9.847400784492492676e-01 8.570178411900997162e-03 -1.738200038671493530e-01 -5.387501716613769531e+00 1.562615483999252319e-02 9.903980493545532227e-01 1.373581588268280029e-01 3.098794698715209961e+00 1.733281910419464111e-01 -1.379782259464263916e-01 9.751504659652709961e-01 4.773745727539062500e+01
9.849647283554077148e-01 8.075158111751079559e-03 -1.725660115480422974e-01 -5.545214176177978516e+00 1.625984907150268555e-02 9.901390075683593750e-01 1.391404569149017334e-01 3.208024501800537109e+00 1.719879359006881714e-01 -1.398543566465377808e-01 9.751204848289489746e-01 4.863834381103515625e+01
9.847497940063476562e-01 8.862998336553573608e-03 -1.737497895956039429e-01 -5.719517230987548828e+00 1.534734573215246201e-02 9.903823137283325195e-01 1.375026702880859375e-01 3.337891101837158203e+00 1.732974201440811157e-01 -1.380723416805267334e-01 9.751425981521606445e-01 4.963693237304687500e+01
9.840599298477172852e-01 9.666492231190204620e-03 -1.775732785463333130e-01 -5.890844345092773438e+00 1.555942650884389877e-02 9.900122880935668945e-01 1.401188373565673828e-01 3.463184833526611328e+00 1.771542131900787354e-01 -1.406483054161071777e-01 9.740808606147766113e-01 5.059024047851562500e+01
9.836674928665161133e-01 9.763327427208423615e-03 -1.797293722629547119e-01 -6.054214954376220703e+00 1.610730960965156555e-02 9.897466897964477539e-01 1.419215053319931030e-01 3.580121040344238281e+00 1.792722195386886597e-01 -1.424985677003860474e-01 9.734242558479309082e-01 5.149995422363281250e+01
9.828064441680908203e-01 7.860817946493625641e-03 -1.844707280397415161e-01 -6.263454914093017578e+00 1.878225803375244141e-02 9.896540641784667969e-01 1.422383785247802734e-01 3.720695972442626953e+00 1.836803704500198364e-01 -1.432576179504394531e-01 9.724905490875244141e-01 5.258097076416015625e+01
9.818320870399475098e-01 9.242069907486438751e-03 -1.895259022712707520e-01 -6.475326061248779297e+00 1.848756521940231323e-02 9.894016981124877930e-01 1.440215110778808594e-01 3.862456083297729492e+00 1.888483464717864990e-01 -1.449088752269744873e-01 9.712552428245544434e-01 5.366375350952148438e+01
9.810760021209716797e-01 9.294321760535240173e-03 -1.933992058038711548e-01 -6.659645557403564453e+00 1.932457275688648224e-02 9.891595244407653809e-01 1.455664932727813721e-01 3.992830276489257812e+00 1.926556527614593506e-01 -1.465492099523544312e-01 9.702608585357666016e-01 5.460396575927734375e+01
9.825838804244995117e-01 6.229525897651910782e-03 -1.857143789529800415e-01 -6.825327396392822266e+00 2.136270143091678619e-02 9.890238642692565918e-01 1.462019234895706177e-01 4.098772525787353516e+00 1.845867633819580078e-01 -1.476230770349502563e-01 9.716656804084777832e-01 5.545686340332031250e+01
9.831900596618652344e-01 5.537799093872308731e-03 -1.825003623962402344e-01 -7.013661861419677734e+00 2.144940942525863647e-02 9.891153573989868164e-01 1.455688774585723877e-01 4.235844135284423828e+00 1.813200712203979492e-01 -1.470364630222320557e-01 9.723694920539855957e-01 5.648119735717773438e+01
9.812132120132446289e-01 6.717339158058166504e-03 -1.928090900182723999e-01 -7.232219219207763672e+00 2.170341461896896362e-02 9.892061352729797363e-01 1.449128389358520508e-01 4.394118309020996094e+00 1.917013823986053467e-01 -1.463750600814819336e-01 9.704762101173400879e-01 5.764913940429687500e+01
9.808586835861206055e-01 5.110775586217641830e-03 -1.946534216403961182e-01 -7.477642536163330078e+00 2.353343181312084198e-02 9.892162084579467773e-01 1.445576399564743042e-01 4.561594486236572266e+00 1.932931542396545410e-01 -1.463715136051177979e-01 9.701610207557678223e-01 5.884635925292968750e+01
9.798595309257507324e-01 4.680316429585218430e-03 -1.996323764324188232e-01 -7.715927124023437500e+00 2.548643387854099274e-02 9.886175990104675293e-01 1.482734233140945435e-01 4.722684860229492188e+00 1.980540901422500610e-01 -1.503750979900360107e-01 9.685871601104736328e-01 6.003932952880859375e+01
9.795533418655395508e-01 4.542942624539136887e-03 -2.011326104402542114e-01 -7.953139781951904297e+00 2.608627453446388245e-02 9.884367585182189941e-01 1.493706852197647095e-01 4.882759571075439453e+00 1.994854807853698730e-01 -1.515634059906005859e-01 9.681080579757690430e-01 6.117956542968750000e+01
9.796702265739440918e-01 2.591751283034682274e-03 -2.005971968173980713e-01 -8.173207283020019531e+00 2.796642296016216278e-02 9.883881807327270508e-01 1.493517011404037476e-01 5.033325195312500000e+00 1.986550092697143555e-01 -1.519254744052886963e-01 9.682220220565795898e-01 6.225883102416992188e+01
9.787055850028991699e-01 3.053973196074366570e-03 -2.052457928657531738e-01 -8.413702964782714844e+00 2.833219990134239197e-02 9.883089065551757812e-01 1.498064845800399780e-01 5.193848609924316406e+00 2.033037841320037842e-01 -1.524315923452377319e-01 9.671769142150878906e-01 6.339817428588867188e+01
9.781853556632995605e-01 1.424808753654360771e-03 -2.077283263206481934e-01 -8.651677131652832031e+00 2.988499589264392853e-02 9.886088371276855469e-01 1.475082635879516602e-01 5.345032691955566406e+00 2.055722624063491821e-01 -1.504984796047210693e-01 9.670001268386840820e-01 6.452597808837890625e+01
9.781431555747985840e-01 3.527231165207922459e-04 -2.079313844442367554e-01 -8.908288002014160156e+00 3.136422485113143921e-02 9.883062839508056641e-01 1.492189466953277588e-01 5.513350009918212891e+00 2.055525630712509155e-01 -1.524792015552520752e-01 9.666939377784729004e-01 6.569947052001953125e+01
9.784295558929443359e-01 -2.457506721839308739e-03 -2.065652608871459961e-01 -9.157015800476074219e+00 3.378795087337493896e-02 9.883671402931213379e-01 1.482834368944168091e-01 5.676892280578613281e+00 2.037979662418365479e-01 -1.520644277334213257e-01 9.671306610107421875e-01 6.687104034423828125e+01
9.789134263992309570e-01 -8.299531415104866028e-03 -2.041059285402297974e-01 -9.403460502624511719e+00 3.898375481367111206e-02 9.884003996849060059e-01 1.467789709568023682e-01 5.838984012603759766e+00 2.005202323198318481e-01 -1.516408324241638184e-01 9.678820371627807617e-01 6.805894470214843750e+01
9.767923951148986816e-01 -1.383491419255733490e-02 -2.137405425310134888e-01 -9.676946640014648438e+00 4.639577865600585938e-02 9.878853559494018555e-01 1.480848193168640137e-01 6.010610103607177734e+00 2.091024518013000488e-01 -1.545648574829101562e-01 9.656007289886474609e-01 6.932818603515625000e+01
9.761667251586914062e-01 -1.709287613630294800e-02 -2.163475304841995239e-01 -9.934022903442382812e+00 5.078768730163574219e-02 9.872032999992370605e-01 1.511600315570831299e-01 6.170010566711425781e+00 2.109952867031097412e-01 -1.585452407598495483e-01 9.645430445671081543e-01 7.050871276855468750e+01
9.764468073844909668e-01 -1.714270189404487610e-02 -2.150760740041732788e-01 -1.016608238220214844e+01 5.097986012697219849e-02 9.869433045387268066e-01 1.527842581272125244e-01 6.318428516387939453e+00 2.096488028764724731e-01 -1.601503044366836548e-01 9.645714759826660156e-01 7.156425476074218750e+01
9.768198132514953613e-01 -1.617118157446384430e-02 -2.134514451026916504e-01 -1.037917613983154297e+01 5.028985440731048584e-02 9.865704178810119629e-01 1.553988307714462280e-01 6.460060596466064453e+00 2.080719619989395142e-01 -1.625311374664306641e-01 9.645146727561950684e-01 7.255113220214843750e+01
9.757727384567260742e-01 -1.699041761457920074e-02 -2.181258052587509155e-01 -1.059873485565185547e+01 5.274810642004013062e-02 9.858396053314208984e-01 1.591756939888000488e-01 6.605860233306884766e+00 2.123326808214187622e-01 -1.668250709772109985e-01 9.628515839576721191e-01 7.353993988037109375e+01
9.755873680114746094e-01 -1.973332464694976807e-02 -2.187230885028839111e-01 -1.080537891387939453e+01 5.606083944439888000e-02 9.853351712226867676e-01 1.611549258232116699e-01 6.748597145080566406e+00 2.123355120420455933e-01 -1.694825738668441772e-01 9.623867273330688477e-01 7.449257659912109375e+01
9.760298132896423340e-01 -2.030038833618164062e-02 -2.166876494884490967e-01 -1.101027202606201172e+01 5.672974511981010437e-02 9.849513769149780273e-01 1.632535308599472046e-01 6.892621994018554688e+00 2.101127654314041138e-01 -1.716330051422119141e-01 9.624934792518615723e-01 7.543508148193359375e+01
9.757606387138366699e-01 -1.993354223668575287e-02 -2.179305553436279297e-01 -1.122180843353271484e+01 5.676499381661415100e-02 9.848118424415588379e-01 1.640809476375579834e-01 7.035660743713378906e+00 2.113499641418457031e-01 -1.724746078252792358e-01 9.620720744132995605e-01 7.637628936767578125e+01
9.752457737922668457e-01 -2.127371728420257568e-02 -2.200975418090820312e-01 -1.143325328826904297e+01 5.839870870113372803e-02 9.848002791404724121e-01 1.635762602090835571e-01 7.172005653381347656e+00 2.132723182439804077e-01 -1.723805367946624756e-01 9.616646170616149902e-01 7.727198791503906250e+01
9.735037088394165039e-01 -1.910853758454322815e-02 -2.278712540864944458e-01 -1.164839553833007812e+01 5.809796601533889771e-02 9.844714403152465820e-01 1.656495779752731323e-01 7.311872005462646484e+00 2.211674898862838745e-01 -1.744993925094604492e-01 9.594966769218444824e-01 7.820001983642578125e+01
9.737501144409179688e-01 -1.763969846069812775e-02 -2.269353121519088745e-01 -1.186581325531005859e+01 5.635659024119377136e-02 9.846342206001281738e-01 1.652831584215164185e-01 7.456119060516357422e+00 2.205328047275543213e-01 -1.737338453531265259e-01 9.597816467285156250e-01 7.912924957275390625e+01
9.734411239624023438e-01 -1.930734515190124512e-02 -2.281221449375152588e-01 -1.207281589508056641e+01 5.834746733307838440e-02 9.844549894332885742e-01 1.656595617532730103e-01 7.599905967712402344e+00 2.213776260614395142e-01 -1.745702177286148071e-01 9.594353437423706055e-01 8.000693511962890625e+01
9.738020896911621094e-01 -1.933656819164752960e-02 -2.265738099813461304e-01 -1.227145862579345703e+01 5.801729112863540649e-02 9.845294952392578125e-01 1.653321534395217896e-01 7.736574649810791016e+00 2.198717445135116577e-01 -1.741460412740707397e-01 9.598585963249206543e-01 8.085247039794921875e+01
9.743633866310119629e-01 -1.942724175751209259e-02 -2.241398096084594727e-01 -1.247103404998779297e+01 5.785785987973213196e-02 9.843938946723937988e-01 1.661932319402694702e-01 7.876614570617675781e+00 2.174132913351058960e-01 -1.749009042978286743e-01 9.602812528610229492e-01 8.173541259765625000e+01
9.749968051910400391e-01 -2.219853177666664124e-02 -2.211072295904159546e-01 -1.267678642272949219e+01 5.978292226791381836e-02 9.845169782638549805e-01 1.647767424583435059e-01 8.014979362487792969e+00 2.140261083841323853e-01 -1.738753020763397217e-01 9.612279534339904785e-01 8.262293243408203125e+01
9.753159284591674805e-01 -2.234287001192569733e-02 -2.196804136037826538e-01 -1.288045215606689453e+01 5.962458625435829163e-02 9.845595359802246094e-01 1.645796597003936768e-01 8.156822204589843750e+00 2.126113623380661011e-01 -1.736155748367309570e-01 9.615888595581054688e-01 8.352301025390625000e+01
9.753019213676452637e-01 -2.395734749734401703e-02 -2.195724695920944214e-01 -1.309867763519287109e+01 6.084828078746795654e-02 9.847757220268249512e-01 1.628292798995971680e-01 8.309359550476074219e+00 2.123287767171859741e-01 -1.721683740615844727e-01 9.619114398956298828e-01 8.448800659179687500e+01
9.745801091194152832e-01 -2.590464241802692413e-02 -2.225362509489059448e-01 -1.332047939300537109e+01 6.334123015403747559e-02 9.846264719963073730e-01 1.627811193466186523e-01 8.459344863891601562e+00 2.148984223604202271e-01 -1.727390289306640625e-01 9.612382054328918457e-01 8.545572662353515625e+01
9.752946496009826660e-01 -2.468425408005714417e-02 -2.195241302251815796e-01 -1.353280067443847656e+01 6.145439296960830688e-02 9.848272204399108887e-01 1.622892767190933228e-01 8.602631568908691406e+00 2.121874690055847168e-01 -1.717706471681594849e-01 9.620136618614196777e-01 8.640249633789062500e+01
9.735150337219238281e-01 -2.480206266045570374e-02 -2.272732704877853394e-01 -1.375156116485595703e+01 6.389683485031127930e-02 9.839995503425598145e-01 1.663165241479873657e-01 8.753148078918457031e+00 2.195119410753250122e-01 -1.764337569475173950e-01 9.595230817794799805e-01 8.736857604980468750e+01
9.728519320487976074e-01 -2.400266937911510468e-02 -2.301800251007080078e-01 -1.398073387145996094e+01 6.424669921398162842e-02 9.835232496261596680e-01 1.689778715372085571e-01 8.907243728637695312e+00 2.223316431045532227e-01 -1.791788339614868164e-01 9.583644866943359375e-01 8.833772277832031250e+01
9.726268649101257324e-01 -2.406416088342666626e-02 -2.311226576566696167e-01 -1.420508289337158203e+01 6.443195790052413940e-02 9.835518002510070801e-01 1.687411218881607056e-01 9.058599472045898438e+00 2.232606410980224609e-01 -1.790139079093933105e-01 9.581792950630187988e-01 8.928755187988281250e+01
9.718633890151977539e-01 -2.405807934701442719e-02 -2.343128323554992676e-01 -1.443968772888183594e+01 6.532961875200271606e-02 9.832738637924194336e-01 1.700110733509063721e-01 9.220174789428710938e+00 2.263036966323852539e-01 -1.805351674556732178e-01 9.571794867515563965e-01 9.024787139892578125e+01
9.709211587905883789e-01 -2.301881276071071625e-02 -2.382895946502685547e-01 -1.467369937896728516e+01 6.594665348529815674e-02 9.825724959373474121e-01 1.737857758998870850e-01 9.376670837402343750e+00 2.301366180181503296e-01 -1.844467222690582275e-01 9.555184245109558105e-01 9.121081542968750000e+01
9.709248542785644531e-01 -2.557007037103176117e-02 -2.380143702030181885e-01 -1.490750598907470703e+01 6.859889626502990723e-02 9.822990298271179199e-01 1.743041872978210449e-01 9.539413452148437500e+00 2.293444722890853882e-01 -1.855638176202774048e-01 9.554925560951232910e-01 9.216518402099609375e+01
9.701761603355407715e-01 -2.657688222825527191e-02 -2.409392893314361572e-01 -1.514601421356201172e+01 7.048052549362182617e-02 9.819555878639221191e-01 1.754847913980484009e-01 9.708621978759765625e+00 2.319280058145523071e-01 -1.872327029705047607e-01 9.545428752899169922e-01 9.312021636962890625e+01
9.688832163810729980e-01 -2.975944243371486664e-02 -2.457223981618881226e-01 -1.539406776428222656e+01 7.546492666006088257e-02 9.809958338737487793e-01 1.787496507167816162e-01 9.881587028503417969e+00 2.357333153486251831e-01 -1.917309761047363281e-01 9.527160525321960449e-01 9.410343170166015625e+01
9.670402407646179199e-01 -3.073158673942089081e-02 -2.527617812156677246e-01 -1.562220764160156250e+01 7.871771603822708130e-02 9.801428318023681641e-01 1.819968521595001221e-01 1.003743743896484375e+01 2.421497404575347900e-01 -1.958951354026794434e-01 9.502564668655395508e-01 9.499605560302734375e+01
9.663908481597900391e-01 -2.874758839607238770e-02 -2.554645538330078125e-01 -1.584599971771240234e+01 7.787857204675674438e-02 9.797698855400085449e-01 1.843508630990982056e-01 1.018574714660644531e+01 2.449969649314880371e-01 -1.980502158403396606e-01 9.490792155265808105e-01 9.582835388183593750e+01
9.582578539848327637e-01 -2.783099189400672913e-02 -2.845475077629089355e-01 -1.607809638977050781e+01 8.480878174304962158e-02 9.781259298324584961e-01 1.899382472038269043e-01 1.032892227172851562e+01 2.730372548103332520e-01 -2.061419337987899780e-01 9.396568536758422852e-01 9.665332794189453125e+01
9.578529596328735352e-01 -2.817925438284873962e-02 -2.858735620975494385e-01 -1.633675765991210938e+01 8.537663519382476807e-02 9.781329035758972168e-01 1.896474808454513550e-01 1.048271560668945312e+01 2.742783725261688232e-01 -2.060613036155700684e-01 9.393130540847778320e-01 9.749305725097656250e+01
9.548773169517517090e-01 -2.638221904635429382e-02 -2.958264350891113281e-01 -1.657833290100097656e+01 8.621761202812194824e-02 9.777771234512329102e-01 1.910962164402008057e-01 1.061981105804443359e+01 2.842109203338623047e-01 -2.079788595438003540e-01 9.359315633773803711e-01 9.823820495605468750e+01
9.540103077888488770e-01 -2.711293287575244904e-02 -2.985451221466064453e-01 -1.683405876159667969e+01 8.713158220052719116e-02 9.779846072196960449e-01 1.896142214536666870e-01 1.077315807342529297e+01 2.868316769599914551e-01 -2.069065868854522705e-01 9.353695511817932129e-01 9.904393768310546875e+01
9.534600973129272461e-01 -2.738364785909652710e-02 -3.002729713916778564e-01 -1.710563468933105469e+01 8.825622498989105225e-02 9.775968194007873535e-01 1.910882741212844849e-01 1.093568229675292969e+01 2.883133292198181152e-01 -2.086959481239318848e-01 9.345161318778991699e-01 9.988888549804687500e+01
9.528930783271789551e-01 -2.768803760409355164e-02 -3.020398914813995361e-01 -1.737488365173339844e+01 8.942935615777969360e-02 9.772020578384399414e-01 1.925567537546157837e-01 1.109570503234863281e+01 2.898226082324981689e-01 -2.104971855878829956e-01 9.336448311805725098e-01 1.007304000854492188e+02
9.531673192977905273e-01 -2.753688022494316101e-02 -3.011871278285980225e-01 -1.763837623596191406e+01 8.928525447845458984e-02 9.770826101303100586e-01 1.932286769151687622e-01 1.125025177001953125e+01 2.889639139175415039e-01 -2.110707908868789673e-01 9.337815046310424805e-01 1.015300445556640625e+02
9.531179070472717285e-01 -2.793237566947937012e-02 -3.013071715831756592e-01 -1.791628837585449219e+01 8.966249227523803711e-02 9.770838022232055664e-01 1.930477321147918701e-01 1.141202449798583984e+01 2.890101969242095947e-01 -2.110131531953811646e-01 9.337802529335021973e-01 1.023844833374023438e+02
9.531412720680236816e-01 -2.804366871714591980e-02 -3.012228012084960938e-01 -1.818733215332031250e+01 8.991461247205734253e-02 9.769598245620727539e-01 1.935570687055587769e-01 1.157085418701171875e+01 2.888546288013458252e-01 -2.115715295076370239e-01 9.337020516395568848e-01 1.032293548583984375e+02
9.524840712547302246e-01 -2.948308363556861877e-02 -3.031581342220306396e-01 -1.848692703247070312e+01 9.182530641555786133e-02 9.767919182777404785e-01 1.935072988271713257e-01 1.174405860900878906e+01 2.904173135757446289e-01 -2.121501863002777100e-01 9.330857396125793457e-01 1.041411666870117188e+02
9.505326151847839355e-01 -3.292020410299301147e-02 -3.088755905628204346e-01 -1.881251144409179688e+01 9.687040746212005615e-02 9.761937260627746582e-01 1.940651386976242065e-01 1.193625068664550781e+01 2.951338291168212891e-01 -2.143861055374145508e-01 9.310926795005798340e-01 1.051601867675781250e+02
9.485560059547424316e-01 -3.562065586447715759e-02 -3.145994842052459717e-01 -1.917736816406250000e+01 1.003709882497787476e-01 9.762294292449951172e-01 1.920968592166900635e-01 1.214401626586914062e+01 3.002786934375762939e-01 -2.137912362813949585e-01 9.295831918716430664e-01 1.062438964843750000e+02
9.468670487403869629e-01 -3.985912725329399109e-02 -3.191461563110351562e-01 -1.950375747680664062e+01 1.055285334587097168e-01 9.758592247962951660e-01 1.912120580673217773e-01 1.232752037048339844e+01 3.038201928138732910e-01 -2.147313803434371948e-01 9.282147288322448730e-01 1.072112808227539062e+02
9.468023777008056641e-01 -4.227301850914955139e-02 -3.190275430679321289e-01 -1.987023162841796875e+01 1.078974306583404541e-01 9.756543040275573730e-01 1.909354627132415771e-01 1.253125381469726562e+01 3.031892180442810059e-01 -2.152003496885299683e-01 9.283124208450317383e-01 1.083021469116210938e+02
9.438028931617736816e-01 -4.383169859647750854e-02 -3.275899589061737061e-01 -2.023786163330078125e+01 1.119167134165763855e-01 9.749957919120788574e-01 1.919826567173004150e-01 1.272933292388916016e+01 3.109839558601379395e-01 -2.178565263748168945e-01 9.251088500022888184e-01 1.093557510375976562e+02
9.428997635841369629e-01 -4.425987601280212402e-02 -3.301232755184173584e-01 -2.058734893798828125e+01 1.127978637814521790e-01 9.749979376792907715e-01 1.914551109075546265e-01 1.291742134094238281e+01 3.133957684040069580e-01 -2.177601158618927002e-01 9.243173599243164062e-01 1.103721313476562500e+02
