9.993290901184082031e-01 -2.572360972408205271e-04 -3.662278503179550171e-02 -5.188850313425064087e-02 2.213020343333482742e-04 9.999994635581970215e-01 -9.852494113147258759e-04 -3.131800144910812378e-02 3.662302345037460327e-02 9.764838032424449921e-04 9.993286132812500000e-01 1.493916511535644531e+00
9.975181221961975098e-01 -2.773262793198227882e-03 -7.035392522811889648e-02 -1.428789198398590088e-01 2.744911005720496178e-03 9.999961256980895996e-01 -4.996664938516914845e-04 -6.740215420722961426e-02 7.035504281520843506e-02 3.053101245313882828e-04 9.975218176841735840e-01 2.757653236389160156e+00
9.903557300567626953e-01 -3.217866178601980209e-03 -1.385090649127960205e-01 -2.996339499950408936e-01 3.535202471539378166e-03 9.999915361404418945e-01 2.045114291831851006e-03 -9.968511760234832764e-02 1.385013461112976074e-01 -2.515049651265144348e-03 9.903588294982910156e-01 3.604146480560302734e+00
9.816017150878906250e-01 -1.993304584175348282e-03 -1.909285187721252441e-01 -4.888462424278259277e-01 2.934598131105303764e-03 9.999848008155822754e-01 4.647434689104557037e-03 -1.257507055997848511e-01 1.909164041280746460e-01 -5.122228525578975677e-03 9.815926551818847656e-01 4.399840354919433594e+00
9.705396294593811035e-01 -3.337742527946829796e-03 -2.409174889326095581e-01 -7.161086797714233398e-01 4.983851686120033264e-03 9.999680519104003906e-01 6.223640404641628265e-03 -1.516299545764923096e-01 2.408890873193740845e-01 -7.240987382829189301e-03 9.705252647399902344e-01 5.181963920593261719e+00
9.442993402481079102e-01 -1.525828964076936245e-03 -3.290832042694091797e-01 -1.041269779205322266e+00 3.827768145129084587e-03 9.999722838401794434e-01 6.347230169922113419e-03 -1.750321090221405029e-01 3.290644884109497070e-01 -7.253340445458889008e-03 9.442790746688842773e-01 5.935877799987792969e+00
9.111768603324890137e-01 -1.666450174525380135e-03 -4.120109677314758301e-01 -1.428862094879150391e+00 5.803154781460762024e-03 9.999442100524902344e-01 8.789420127868652344e-03 -1.943546086549758911e-01 4.119734764099121094e-01 -1.039968244731426239e-02 9.111358523368835449e-01 6.640609741210937500e+00
8.553403615951538086e-01 1.333250664174556732e-03 -5.180637240409851074e-01 -1.996185541152954102e+00 6.077170837670564651e-03 9.999015927314758301e-01 1.260687410831451416e-02 -2.176545858383178711e-01 5.180298089981079102e-01 -1.393153518438339233e-02 8.552483916282653809e-01 7.477687835693359375e+00
8.121420145034790039e-01 9.361270349472761154e-05 -5.834586620330810547e-01 -2.496179342269897461e+00 7.417366839945316315e-03 9.999169707298278809e-01 1.048498600721359253e-02 -2.352854162454605103e-01 5.834115147590637207e-01 -1.284303143620491028e-02 8.120743632316589355e-01 8.076796531677246094e+00
7.595672607421875000e-01 -1.164122950285673141e-03 -6.504266262054443359e-01 -3.082257509231567383e+00 1.067333575338125229e-02 9.998854398727416992e-01 1.067472156137228012e-02 -2.563298046588897705e-01 6.503401398658752441e-01 -1.505039818584918976e-02 7.594931721687316895e-01 8.696365356445312500e+00
7.084673643112182617e-01 3.937602974474430084e-03 -7.057315707206726074e-01 -3.712358474731445312e+00 6.602503824979066849e-03 9.999030232429504395e-01 1.220701541751623154e-02 -2.715903818607330322e-01 7.057116627693176270e-01 -1.330787409096956253e-02 7.083731293678283691e-01 9.275683403015136719e+00
6.536955833435058594e-01 8.488057181239128113e-03 -7.567089200019836426e-01 -4.359777927398681641e+00 4.890319891273975372e-03 9.998680949211120605e-01 1.544016972184181213e-02 -2.839340567588806152e-01 7.567407488822937012e-01 -1.379373017698526382e-02 6.535683274269104004e-01 9.776028633117675781e+00
6.126163005828857422e-01 1.174073386937379837e-02 -7.902920246124267578e-01 -4.933917045593261719e+00 1.808064407669007778e-03 9.998654723167419434e-01 1.625576429069042206e-02 -2.975688278675079346e-01 7.903771996498107910e-01 -1.138745434582233429e-02 6.125131845474243164e-01 1.018594741821289062e+01
5.517132282257080078e-01 1.621663384139537811e-02 -8.338749408721923828e-01 -5.652197837829589844e+00 -2.476790919899940491e-03 9.998375177383422852e-01 1.780544966459274292e-02 -3.092375397682189941e-01 8.340289592742919922e-01 -7.758175022900104523e-03 5.516643524169921875e-01 1.060632801055908203e+01
4.841862618923187256e-01 2.148215472698211670e-02 -8.746998310089111328e-01 -6.375024795532226562e+00 -6.316217128187417984e-03 9.997573494911193848e-01 2.105718478560447693e-02 -3.147767484188079834e-01 8.749409317970275879e-01 -4.670806229114532471e-03 4.842050671577453613e-01 1.094137668609619141e+01
4.088125824928283691e-01 2.392648532986640930e-02 -9.123032689094543457e-01 -7.108701705932617188e+00 -8.426713757216930389e-03 9.997115135192871094e-01 2.244279533624649048e-02 -3.278582990169525146e-01 9.125782251358032227e-01 -1.487176632508635521e-03 4.088968336582183838e-01 1.119782924652099609e+01
3.028995692729949951e-01 2.717443369328975677e-02 -9.526335000991821289e-01 -8.113121032714843750e+00 -9.554562158882617950e-03 9.996285438537597656e-01 2.547702379524707794e-02 -3.299245536327362061e-01 9.529733061790466309e-01 1.385022187605500221e-03 3.030471801757812500e-01 1.146007061004638672e+01
1.909891068935394287e-01 2.902472391724586487e-02 -9.811613559722900391e-01 -9.124641418457031250e+00 -8.025026880204677582e-03 9.995741844177246094e-01 2.800729125738143921e-02 -3.301150798797607422e-01 9.815580248832702637e-01 2.524766372516751289e-03 1.911410391330718994e-01 1.160189437866210938e+01
9.500810503959655762e-02 3.012897074222564697e-02 -9.950188398361206055e-01 -1.000756072998046875e+01 -7.511302828788757324e-03 9.995337724685668945e-01 2.954847365617752075e-02 -3.264092803001403809e-01 9.954467415809631348e-01 4.666555207222700119e-03 9.519030898809432983e-02 1.162575531005859375e+01
7.417649030685424805e-04 2.881257608532905579e-02 -9.995828270912170410e-01 -1.098052692413330078e+01 -6.694596726447343826e-03 9.995610713958740234e-01 2.880698256194591522e-02 -3.223875761032104492e-01 9.999758005142211914e-01 6.670450791716575623e-03 9.343773126602172852e-04 1.159250450134277344e+01
-6.943143159151077271e-02 3.176193684339523315e-02 -9.970791339874267578e-01 -1.158597373962402344e+01 -2.650392241775989532e-03 9.994819760322570801e-01 3.202304244041442871e-02 -3.281585574150085449e-01 9.975816011428833008e-01 4.866066854447126389e-03 -6.931136548519134521e-02 1.149105644226074219e+01
-1.501597166061401367e-01 3.172985836863517761e-02 -9.881505370140075684e-01 -1.249540233612060547e+01 1.716704573482275009e-04 9.994839429855346680e-01 3.206769376993179321e-02 -3.252786099910736084e-01 9.886600375175476074e-01 4.645650275051593781e-03 -1.500879228115081787e-01 1.130674934387207031e+01
-2.339570224285125732e-01 3.447734192013740540e-02 -9.716334342956542969e-01 -1.327929401397705078e+01 1.330299652181565762e-03 9.993795752525329590e-01 3.514157235622406006e-02 -3.310473859310150146e-01 9.722442030906677246e-01 6.929071154445409775e-03 -2.338581979274749756e-01 1.106469917297363281e+01
-2.989911437034606934e-01 3.522520884871482849e-02 -9.536034464836120605e-01 -1.389718914031982422e+01 9.985842043533921242e-04 9.993275403976440430e-01 3.660112246870994568e-02 -3.413976132869720459e-01 9.542534351348876953e-01 9.991182945668697357e-03 -2.988258898258209229e-01 1.081477069854736328e+01
-3.610838651657104492e-01 3.293515369296073914e-02 -9.319493770599365234e-01 -1.448790168762207031e+01 6.772043416276574135e-04 9.993831515312194824e-01 3.505588695406913757e-02 -3.453719019889831543e-01 9.325311183929443359e-01 1.202702522277832031e-02 -3.608842194080352783e-01 1.053749084472656250e+01
-4.260421693325042725e-01 3.699525818228721619e-02 -9.039441943168640137e-01 -1.499413204193115234e+01 1.672431593760848045e-03 9.991920590400695801e-01 4.010517522692680359e-02 -3.525475561618804932e-01 9.046995639801025391e-01 1.557475328445434570e-02 -4.257607758045196533e-01 1.022774314880371094e+01
-4.899754226207733154e-01 3.780012577772140503e-02 -8.709137439727783203e-01 -1.551010990142822266e+01 2.342048566788434982e-03 9.991107583045959473e-01 4.204661026597023010e-02 -3.519179224967956543e-01 8.717307448387145996e-01 1.856213435530662537e-02 -4.896294176578521729e-01 9.867095947265625000e+00
-5.646336078643798828e-01 3.930079191923141479e-02 -8.244025707244873047e-01 -1.616059875488281250e+01 3.721961751580238342e-03 9.989745020866394043e-01 4.507378116250038147e-02 -3.450828492641448975e-01 8.253306150436401367e-01 2.238184027373790741e-02 -5.642022490501403809e-01 9.361350059509277344e+00
-6.237148046493530273e-01 4.300044476985931396e-02 -7.804651856422424316e-01 -1.672241592407226562e+01 7.095224224030971527e-03 9.987536668777465820e-01 4.935703799128532410e-02 -3.333429396152496338e-01 7.816168069839477539e-01 2.524721436202526093e-02 -6.232441663742065430e-01 8.843691825866699219e+00
-6.660434603691101074e-01 4.638595879077911377e-02 -7.444658279418945312e-01 -1.721390342712402344e+01 1.096352376043796539e-02 9.985631108283996582e-01 5.240954458713531494e-02 -3.307127058506011963e-01 7.458291053771972656e-01 2.674514800310134888e-02 -6.655967235565185547e-01 8.361346244812011719e+00
-7.075610160827636719e-01 4.245540499687194824e-02 -7.053720951080322266e-01 -1.766510772705078125e+01 1.162103842943906784e-02 9.987552762031555176e-01 4.845663160085678101e-02 -3.269369900226593018e-01 7.065531611442565918e-01 2.608895301818847656e-02 -7.071755528450012207e-01 7.860193252563476562e+00
-7.526902556419372559e-01 3.963289037346839905e-02 -6.571767926216125488e-01 -1.814700698852539062e+01 9.970243088901042938e-03 9.987556338310241699e-01 4.881343990564346313e-02 -3.133707940578460693e-01 6.582954525947570801e-01 3.018928878009319305e-02 -7.521508336067199707e-01 7.244434356689453125e+00
-7.930341362953186035e-01 3.977997601032257080e-02 -6.078724861145019531e-01 -1.851471138000488281e+01 9.171280078589916229e-03 9.985294938087463379e-01 5.338016897439956665e-02 -3.187395632266998291e-01 6.091038584709167480e-01 3.675745055079460144e-02 -7.922351360321044922e-01 6.675817966461181641e+00
-8.334649801254272461e-01 4.414343461394309998e-02 -5.508011579513549805e-01 -1.877495002746582031e+01 1.560171414166688919e-02 9.982836842536926270e-01 5.639817565679550171e-02 -3.211066126823425293e-01 5.523470640182495117e-01 3.841259703040122986e-02 -8.327257037162780762e-01 6.172254562377929688e+00
-8.688898086547851562e-01 4.369970411062240601e-02 -4.930671453475952148e-01 -1.902951240539550781e+01 1.871578395366668701e-02 9.982807040214538574e-01 5.549469962716102600e-02 -3.186905980110168457e-01 4.946460425853729248e-01 3.899077698588371277e-02 -8.682165145874023438e-01 5.609145164489746094e+00
-8.886634707450866699e-01 4.213897883892059326e-02 -4.566135704517364502e-01 -1.920064353942871094e+01 1.848750934004783630e-02 9.982486367225646973e-01 5.614375323057174683e-02 -3.233748674392700195e-01 4.581811428070068359e-01 4.145139828324317932e-02 -8.878888487815856934e-01 5.193089485168457031e+00
-8.959480524063110352e-01 4.206757619976997375e-02 -4.421556890010833740e-01 -1.938240814208984375e+01 1.940771378576755524e-02 9.982587695121765137e-01 5.565013363957405090e-02 -3.294337689876556396e-01 4.437282383441925049e-01 4.127854108810424805e-02 -8.952072858810424805e-01 4.805083751678466797e+00
-9.099085927009582520e-01 4.079285264015197754e-02 -4.127910137176513672e-01 -1.948806381225585938e+01 1.910195685923099518e-02 9.982146024703979492e-01 5.653948336839675903e-02 -3.462899029254913330e-01 4.143617153167724609e-01 4.356080293655395508e-02 -9.090662598609924316e-01 4.494001388549804688e+00
-9.301518201828002930e-01 3.735778480768203735e-02 -3.652616143226623535e-01 -1.960517501831054688e+01 1.781953498721122742e-02 9.982281923294067383e-01 5.671748891472816467e-02 -3.618230819702148438e-01 3.667344152927398682e-01 4.624724760651588440e-02 -9.291725754737854004e-01 4.078896999359130859e+00
-9.609234333038330078e-01 3.842893242835998535e-02 -2.741228640079498291e-01 -1.981986427307128906e+01 2.351641841232776642e-02 9.980663657188415527e-01 5.748207494616508484e-02 -3.424296081066131592e-01 2.758026719093322754e-01 4.878965765237808228e-02 -9.599723219871520996e-01 3.163594722747802734e+00
-9.831176996231079102e-01 3.358031809329986572e-02 -1.798486113548278809e-01 -1.995406341552734375e+01 2.364631742238998413e-02 9.980853199958801270e-01 5.709750950336456299e-02 -3.143506646156311035e-01 1.814221888780593872e-01 5.188100412487983704e-02 -9.820328354835510254e-01 2.172353744506835938e+00
-9.969729185104370117e-01 2.925579808652400970e-02 -7.198946923017501831e-02 -1.998188591003417969e+01 2.510529756546020508e-02 9.980034828186035156e-01 5.789845064282417297e-02 -2.860435843467712402e-01 7.353983074426651001e-02 5.591608211398124695e-02 -9.957204461097717285e-01 1.200893878936767578e+00
-9.995930194854736328e-01 2.728133462369441986e-02 -7.923334836959838867e-03 -1.994117164611816406e+01 2.681232802569866180e-02 9.981641173362731934e-01 5.424786731600761414e-02 -2.831519246101379395e-01 9.388744831085205078e-03 5.401355773210525513e-02 -9.984928965568542480e-01 6.541684269905090332e-01
-9.980460405349731445e-01 2.706310898065567017e-02 5.625794455409049988e-02 -1.985580444335937500e+01 3.011575154960155487e-02 9.980756044387817383e-01 5.414144322276115417e-02 -2.784630358219146729e-01 -5.468466877937316895e-02 5.573012307286262512e-02 -9.969439506530761719e-01 -3.502070903778076172e-03
-9.960706233978271484e-01 2.477270178496837616e-02 8.498794585466384888e-02 -1.974834632873535156e+01 2.938822843134403229e-02 9.981321096420288086e-01 5.349377915263175964e-02 -2.459017932415008545e-01 -8.350434899330139160e-02 5.578144267201423645e-02 -9.949417114257812500e-01 -1.161463499069213867e+00
-9.954107999801635742e-01 2.437692508101463318e-02 9.250116348266601562e-02 -1.959838104248046875e+01 2.934986166656017303e-02 9.981708526611328125e-01 5.278678610920906067e-02 -1.880204677581787109e-01 -9.104555845260620117e-02 5.525964125990867615e-02 -9.943091273307800293e-01 -2.791667461395263672e+00
-9.955096840858459473e-01 2.368959225714206696e-02 9.161156415939331055e-02 -1.944324302673339844e+01 2.864397317171096802e-02 9.981722235679626465e-01 5.314896255731582642e-02 -1.309529542922973633e-01 -9.018538892269134521e-02 5.553460866212844849e-02 -9.943722486495971680e-01 -4.461759567260742188e+00
-9.956262111663818359e-01 2.393892779946327209e-02 9.027082473039627075e-02 -1.929418945312500000e+01 2.883937582373619080e-02 9.981543421745300293e-01 5.337814614176750183e-02 -7.348492741584777832e-02 -8.882673084735870361e-02 5.574822053313255310e-02 -9.944826364517211914e-01 -6.096638202667236328e+00
-9.954239726066589355e-01 2.567039988934993744e-02 9.200820326805114746e-02 -1.913864707946777344e+01 3.055961430072784424e-02 9.981691241264343262e-01 5.212987586855888367e-02 -2.013978734612464905e-02 -9.050189703702926636e-02 5.470326170325279236e-02 -9.943895936012268066e-01 -7.772630691528320312e+00
-9.955832958221435547e-01 2.574186772108078003e-02 9.024716168642044067e-02 -1.898843765258789062e+01 3.048872388899326324e-02 9.981977343559265137e-01 5.162021517753601074e-02 3.714630752801895142e-02 -8.875604718923568726e-02 5.414393916726112366e-02 -9.945775270462036133e-01 -9.417855262756347656e+00
-9.956620335578918457e-01 2.589187212288379669e-02 8.933559805154800415e-02 -1.881855392456054688e+01 3.061791323125362396e-02 9.981772303581237793e-01 5.194010585546493530e-02 9.485857188701629639e-02 -8.782830089330673218e-02 5.445034801959991455e-02 -9.946436285972595215e-01 -1.132611274719238281e+01
-9.956248402595520020e-01 2.555661275982856750e-02 8.984510600566864014e-02 -1.865266609191894531e+01 3.018839657306671143e-02 9.982604384422302246e-01 5.057438462972640991e-02 1.558529585599899292e-01 -8.839666098356246948e-02 5.306567251682281494e-02 -9.946681261062622070e-01 -1.313879203796386719e+01
-9.960008263587951660e-01 2.681488730013370514e-02 8.519019186496734619e-02 -1.848627281188964844e+01 3.121337294578552246e-02 9.982214570045471191e-01 5.072241276502609253e-02 2.108412981033325195e-01 -8.367890119552612305e-02 5.317891761660575867e-02 -9.950700402259826660e-01 -1.501801204681396484e+01
-9.960619807243347168e-01 2.886059693992137909e-02 8.379511535167694092e-02 -1.830745887756347656e+01 3.304401040077209473e-02 9.982500076293945312e-01 4.897049069404602051e-02 2.817623913288116455e-01 -8.223550021648406982e-02 5.154683813452720642e-02 -9.952762126922607422e-01 -1.711446380615234375e+01
-9.962431788444519043e-01 3.007132187485694885e-02 8.117365092039108276e-02 -1.813169479370117188e+01 3.417146205902099609e-02 9.981809854507446289e-01 4.959951341152191162e-02 3.396578431129455566e-01 -7.953479886054992676e-02 5.218726396560668945e-02 -9.954622387886047363e-01 -1.919111251831054688e+01
-9.957106709480285645e-01 3.193384408950805664e-02 8.680048584938049316e-02 -1.796621704101562500e+01 3.640148043632507324e-02 9.980630278587341309e-01 5.038066953420639038e-02 3.892523348331451416e-01 -8.502385765314102173e-02 5.332451313734054565e-02 -9.949481487274169922e-01 -2.109299659729003906e+01
-9.956909418106079102e-01 3.157269582152366638e-02 8.715863525867462158e-02 -1.778670120239257812e+01 3.596379235386848450e-02 9.981340765953063965e-01 4.927500337362289429e-02 4.533442258834838867e-01 -8.544061332941055298e-02 5.219750478863716125e-02 -9.949722290039062500e-01 -2.312210845947265625e+01
-9.951360821723937988e-01 3.076393902301788330e-02 9.355063736438751221e-02 -1.763213729858398438e+01 3.550942242145538330e-02 9.981397390365600586e-01 4.948867484927177429e-02 5.060513615608215332e-01 -9.185452014207839966e-02 5.257017165422439575e-02 -9.943810105323791504e-01 -2.477956390380859375e+01
-9.942255616188049316e-01 3.120960481464862823e-02 1.026422604918479919e-01 -1.746485519409179688e+01 3.642256557941436768e-02 9.981157779693603516e-01 4.930862784385681152e-02 5.520099401473999023e-01 -1.009103581309318542e-01 5.276266485452651978e-02 -9.934926629066467285e-01 -2.639171028137207031e+01
-9.935539364814758301e-01 3.213309869170188904e-02 1.086830347776412964e-01 -1.729021263122558594e+01 3.765557706356048584e-02 9.980781078338623047e-01 4.914486780762672424e-02 5.967339277267456055e-01 -1.068954020738601685e-01 5.292087048292160034e-02 -9.928581118583679199e-01 -2.798896789550781250e+01
-9.933310747146606445e-01 3.304610773921012878e-02 1.104319691658020020e-01 -1.711334228515625000e+01 3.869442641735076904e-02 9.980258345603942871e-01 4.939892515540122986e-02 6.388842463493347168e-01 -1.085819453001022339e-01 5.334284901618957520e-02 -9.926525354385375977e-01 -2.956359291076660156e+01
-9.923881888389587402e-01 3.354526311159133911e-02 1.184665709733963013e-01 -1.692035865783691406e+01 3.963964805006980896e-02 9.979854822158813477e-01 4.946500808000564575e-02 6.861219406127929688e-01 -1.165690496563911438e-01 5.378472059965133667e-02 -9.917225241661071777e-01 -3.117342185974121094e+01
-9.916617870330810547e-01 3.475717455148696899e-02 1.240671649575233459e-01 -1.672320365905761719e+01 4.117587208747863770e-02 9.979191422462463379e-01 4.954903572797775269e-02 7.359095811843872070e-01 -1.220872774720191956e-01 5.424473434686660767e-02 -9.910331964492797852e-01 -3.276136398315429688e+01
-9.909194111824035645e-01 3.459249436855316162e-02 1.299069970846176147e-01 -1.648213577270507812e+01 4.131493344902992249e-02 9.979202151298522949e-01 4.941182956099510193e-02 7.899284362792968750e-01 -1.279280185699462891e-01 5.433052033185958862e-02 -9.902914762496948242e-01 -3.460691452026367188e+01
-9.907074570655822754e-01 3.381176665425300598e-02 1.317168623208999634e-01 -1.622922134399414062e+01 4.070963710546493530e-02 9.979142546653747559e-01 5.003023520112037659e-02 8.478949069976806641e-01 -1.297510117292404175e-01 5.492777004837989807e-02 -9.900212883949279785e-01 -3.647031402587890625e+01
-9.900528192520141602e-01 3.376819565892219543e-02 1.365609765052795410e-01 -1.597397041320800781e+01 4.090652614831924438e-02 9.979174137115478516e-01 4.980546608567237854e-02 8.989576101303100586e-01 -1.345952600240707397e-01 5.489657819271087646e-02 -9.893760681152343750e-01 -3.830540084838867188e+01
-9.900602698326110840e-01 3.396996110677719116e-02 1.364574134349822998e-01 -1.575462818145751953e+01 4.122119024395942688e-02 9.978615641593933105e-01 5.066612735390663147e-02 9.500041604042053223e-01 -1.344451755285263062e-01 5.578778684139251709e-02 -9.893470406532287598e-01 -3.991004943847656250e+01
-9.892420172691345215e-01 3.544152528047561646e-02 1.419085711240768433e-01 -1.552623653411865234e+01 4.300943389534950256e-02 9.977884888648986816e-01 5.061862990260124207e-02 1.003677010536193848e+00 -1.398014575242996216e-01 5.617779493331909180e-02 -9.885823130607604980e-01 -4.150131225585937500e+01
-9.884054660797119141e-01 3.618505597114562988e-02 1.474421173334121704e-01 -1.528431320190429688e+01 4.395431652665138245e-02 9.977896213531494141e-01 4.977712407708168030e-02 1.051506757736206055e+00 -1.453157812356948853e-01 5.568102002143859863e-02 -9.878149032592773438e-01 -4.313947296142578125e+01
-9.878617525100708008e-01 3.705901280045509338e-02 1.508302539587020874e-01 -1.500479030609130859e+01 4.492349550127983093e-02 9.977815747261047363e-01 4.906864091753959656e-02 1.105148196220397949e+00 -1.486779898405075073e-01 5.524918064475059509e-02 -9.873386621475219727e-01 -4.497267150878906250e+01
-9.875361323356628418e-01 3.478302806615829468e-02 1.534811109304428101e-01 -1.467788124084472656e+01 4.297285154461860657e-02 9.978027939796447754e-01 5.036620423197746277e-02 1.168314933776855469e+00 -1.513928025960922241e-01 5.633426830172538757e-02 -9.868646860122680664e-01 -4.705712127685546875e+01
-9.868760108947753906e-01 3.462919220328330994e-02 1.577035039663314819e-01 -1.434694671630859375e+01 4.299510642886161804e-02 9.978229403495788574e-01 4.994597285985946655e-02 1.234298229217529297e+00 -1.556314080953598022e-01 5.607126653194427490e-02 -9.862200617790222168e-01 -4.913066101074218750e+01
-9.867042899131774902e-01 3.387159109115600586e-02 1.589377671480178833e-01 -1.399419021606445312e+01 4.239397868514060974e-02 9.978188872337341309e-01 5.053688213229179382e-02 1.306073665618896484e+00 -1.568801701068878174e-01 5.660326778888702393e-02 -9.859917759895324707e-01 -5.131045913696289062e+01
-9.867727160453796387e-01 3.493286296725273132e-02 1.582816392183303833e-01 -1.362999343872070312e+01 4.349664971232414246e-02 9.977496862411499023e-01 5.096396058797836304e-02 1.373808503150939941e+00 -1.561459600925445557e-01 5.717488378286361694e-02 -9.860753417015075684e-01 -5.354431152343750000e+01
-9.868794083595275879e-01 3.415733575820922852e-02 1.577876210212707520e-01 -1.329736804962158203e+01 4.271194711327552795e-02 9.977747201919555664e-01 5.114341154694557190e-02 1.437220931053161621e+00 -1.556902676820755005e-01 5.721170827746391296e-02 -9.861453771591186523e-01 -5.561281967163085938e+01
-9.874363541603088379e-01 3.445702791213989258e-02 1.541967093944549561e-01 -1.297597885131835938e+01 4.261308163404464722e-02 9.978418350219726562e-01 4.990126565098762512e-02 1.505951166152954102e+00 -1.521451622247695923e-01 5.584502592682838440e-02 -9.867768287658691406e-01 -5.765103530883789062e+01
-9.870759248733520508e-01 3.390630334615707397e-02 1.566079109907150269e-01 -1.264474964141845703e+01 4.211964085698127747e-02 9.978865981101989746e-01 4.942415282130241394e-02 1.573094844818115234e+00 -1.546018272638320923e-01 5.538156628608703613e-02 -9.864210486412048340e-01 -5.972176361083984375e+01
-9.862768054008483887e-01 3.409722447395324707e-02 1.615241765975952148e-01 -1.230291938781738281e+01 4.234728217124938965e-02 9.979509115219116211e-01 4.790831729769706726e-02 1.639468908309936523e+00 -1.595603525638580322e-01 5.409087240695953369e-02 -9.857028126716613770e-01 -6.181179809570312500e+01
-9.850184917449951172e-01 3.583204373717308044e-02 1.686690300703048706e-01 -1.195728778839111328e+01 4.418986663222312927e-02 9.979581832885742188e-01 4.605773091316223145e-02 1.689984083175659180e+00 -1.666750013828277588e-01 5.282106623053550720e-02 -9.845937490463256836e-01 -6.382203292846679688e+01
-9.837603569030761719e-01 3.595042601227760315e-02 1.758342534303665161e-01 -1.159942150115966797e+01 4.446835815906524658e-02 9.980056881904602051e-01 4.474116489291191101e-02 1.737319111824035645e+00 -1.738758534193038940e-01 5.183353275060653687e-02 -9.834002256393432617e-01 -6.580233764648437500e+01
-9.815858006477355957e-01 3.603069484233856201e-02 1.875782757997512817e-01 -1.119912719726562500e+01 4.490416869521141052e-02 9.980510473251342773e-01 4.326927661895751953e-02 1.790704965591430664e+00 -1.856544464826583862e-01 5.089543759822845459e-02 -9.812937974929809570e-01 -6.790942382812500000e+01
-9.812729954719543457e-01 3.596771880984306335e-02 1.892196536064147949e-01 -1.080096244812011719e+01 4.524718597531318665e-02 9.979614019393920898e-01 4.494783282279968262e-02 1.841218471527099609e+00 -1.872180104255676270e-01 5.266764387488365173e-02 -9.809032082557678223e-01 -6.995165252685546875e+01
-9.802509546279907227e-01 3.810112923383712769e-02 1.940380632877349854e-01 -1.043006324768066406e+01 4.774028062820434570e-02 9.978319406509399414e-01 4.524109885096549988e-02 1.890934228897094727e+00 -1.918944418430328369e-01 5.361096933484077454e-02 -9.799479246139526367e-01 -7.182788085937500000e+01
-9.793723821640014648e-01 3.858000785112380981e-02 1.983325630426406860e-01 -1.005023574829101562e+01 4.815035313367843628e-02 9.978829026222229004e-01 4.365566372871398926e-02 1.936312556266784668e+00 -1.962292492389678955e-01 5.230483412742614746e-02 -9.791597723960876465e-01 -7.370198059082031250e+01
-9.793433547019958496e-01 3.873236104846000671e-02 1.984461545944213867e-01 -9.676094055175781250e+00 4.815316200256347656e-02 9.979174137115478516e-01 4.286422953009605408e-02 1.978972434997558594e+00 -1.963733285665512085e-01 5.153448507189750671e-02 -9.791720509529113770e-01 -7.553262329101562500e+01
-9.790893197059631348e-01 4.068066924810409546e-02 1.993079185485839844e-01 -9.350708007812500000e+00 5.027915909886360168e-02 9.977923631668090820e-01 4.333191365003585815e-02 2.015565872192382812e+00 -1.971058249473571777e-01 5.244671925902366638e-02 -9.789764285087585449e-01 -7.714087677001953125e+01
-9.787517786026000977e-01 4.084401950240135193e-02 2.009258568286895752e-01 -9.009187698364257812e+00 5.029927939176559448e-02 9.978408813476562500e-01 4.217548668384552002e-02 2.059730529785156250e+00 -1.987701058387756348e-01 5.138562619686126709e-02 -9.786961674690246582e-01 -7.880282592773437500e+01
-9.784432053565979004e-01 4.174343496561050415e-02 2.022394835948944092e-01 -8.625094413757324219e+00 5.121055990457534790e-02 9.978102445602416992e-01 4.180223494768142700e-02 2.104472160339355469e+00 -2.000523507595062256e-01 5.125775933265686035e-02 -9.784415960311889648e-01 -8.065364837646484375e+01
-9.774516224861145020e-01 4.139262437820434570e-02 2.070489674806594849e-01 -8.248967170715332031e+00 5.127699673175811768e-02 9.977732300758361816e-01 4.259762167930603027e-02 2.145874023437500000e+00 -2.048253864049911499e-01 5.225382372736930847e-02 -9.774008393287658691e-01 -8.242749786376953125e+01
-9.767721295356750488e-01 4.117190837860107422e-02 2.102742791175842285e-01 -7.888910770416259766e+00 5.108067020773887634e-02 9.978126287460327148e-01 4.190620407462120056e-02 2.185909032821655273e+00 -2.080896645784378052e-01 5.167362466454505920e-02 -9.767419099807739258e-01 -8.409180450439453125e+01
-9.771772623062133789e-01 4.185655713081359863e-02 2.082473039627075195e-01 -7.519725322723388672e+00 5.186498537659645081e-02 9.977329969406127930e-01 4.282920062541961670e-02 2.221370935440063477e+00 -2.059832215309143066e-01 5.265233665704727173e-02 -9.771360754966735840e-01 -8.582791900634765625e+01
-9.760121703147888184e-01 4.341170191764831543e-02 2.133306711912155151e-01 -7.109805583953857422e+00 5.348375812172889709e-02 9.976967573165893555e-01 4.166552424430847168e-02 2.260082721710205078e+00 -2.110312730073928833e-01 5.207566171884536743e-02 -9.760891795158386230e-01 -8.769888305664062500e+01
-9.742164611816406250e-01 4.461971297860145569e-02 2.211463451385498047e-01 -6.733561992645263672e+00 5.510824173688888550e-02 9.976159930229187012e-01 4.148143529891967773e-02 2.295087575912475586e+00 -2.187690138816833496e-01 5.259875953197479248e-02 -9.743559956550598145e-01 -8.935961914062500000e+01
-9.736354947090148926e-01 4.427908733487129211e-02 2.237578034400939941e-01 -6.356056213378906250e+00 5.484867095947265625e-02 9.976403713226318359e-01 4.123861715197563171e-02 2.333001136779785156e+00 -2.214045971632003784e-01 5.242407321929931641e-02 -9.737699031829833984e-01 -9.098370361328125000e+01
-9.721495509147644043e-01 4.362370446324348450e-02 2.302528023719787598e-01 -5.965226173400878906e+00 5.442977696657180786e-02 9.976819753646850586e-01 4.078457877039909363e-02 2.371702909469604492e+00 -2.279406934976577759e-01 5.218119174242019653e-02 -9.722737073898315430e-01 -9.263607025146484375e+01
-9.715982675552368164e-01 4.535471647977828979e-02 2.322367280721664429e-01 -5.575633525848388672e+00 5.654723197221755981e-02 9.975238442420959473e-01 4.176020994782447815e-02 2.405317306518554688e+00 -2.297684699296951294e-01 5.370635911822319031e-02 -9.717602729797363281e-01 -9.425851440429687500e+01
-9.709325432777404785e-01 4.667922854423522949e-02 2.347451150417327881e-01 -5.183949947357177734e+00 5.831947550177574158e-02 9.973740577697753906e-01 4.288527742028236389e-02 2.440263509750366211e+00 -2.321276664733886719e-01 5.532877892255783081e-02 -9.711083769798278809e-01 -9.587826538085937500e+01
-9.696323275566101074e-01 4.768252000212669373e-02 2.398618161678314209e-01 -4.772304534912109375e+00 5.980328842997550964e-02 9.972593784332275391e-01 4.350355640053749084e-02 2.475576400756835938e+00 -2.371309399604797363e-01 5.652684345841407776e-02 -9.698296785354614258e-01 -9.754603576660156250e+01
-9.700357913970947266e-01 4.840761423110961914e-02 2.380785644054412842e-01 -4.381764411926269531e+00 6.046957895159721375e-02 9.972141981124877930e-01 4.361742362380027771e-02 2.519363880157470703e+00 -2.353047728538513184e-01 5.670683458447456360e-02 -9.702638983726501465e-01 -9.914229583740234375e+01
-9.684324860572814941e-01 4.907558113336563110e-02 2.443855553865432739e-01 -3.960511684417724609e+00 6.140859425067901611e-02 9.971794486045837402e-01 4.309744760394096375e-02 2.559906005859375000e+00 -2.415820956230163574e-01 5.674420297145843506e-02 -9.687178730964660645e-01 -1.008203277587890625e+02
-9.669520258903503418e-01 5.040645971894264221e-02 2.499144524335861206e-01 -3.544618606567382812e+00 6.309363245964050293e-02 9.970780014991760254e-01 4.300997406244277954e-02 2.594701766967773438e+00 -2.470171302556991577e-01 5.735646188259124756e-02 -9.673101902008056641e-01 -1.024522094726562500e+02
-9.664777517318725586e-01 4.953607171773910522e-02 2.519148588180541992e-01 -3.118658781051635742e+00 6.235967949032783508e-02 9.971172213554382324e-01 4.317114502191543579e-02 2.635695695877075195e+00 -2.490510195493698120e-01 5.743314698338508606e-02 -9.667839407920837402e-01 -1.040957412719726562e+02
-9.668607115745544434e-01 5.194266140460968018e-02 2.499532401561737061e-01 -2.697816848754882812e+00 6.462004780769348145e-02 9.969903230667114258e-01 4.277490451931953430e-02 2.673359632492065430e+00 -2.469800114631652832e-01 5.750925466418266296e-02 -9.673105478286743164e-01 -1.057126159667968750e+02
-9.674316048622131348e-01 5.170412734150886536e-02 2.477840483188629150e-01 -2.285582304000854492e+00 6.414605677127838135e-02 9.970369935035705566e-01 4.239763319492340088e-02 2.714223623275756836e+00 -2.448586225509643555e-01 5.691107735037803650e-02 -9.678850173950195312e-01 -1.073147125244140625e+02
-9.666315913200378418e-01 5.173957720398902893e-02 2.508795559406280518e-01 -1.887481570243835449e+00 6.437000632286071777e-02 9.970227479934692383e-01 4.239489138126373291e-02 2.751034259796142578e+00 -2.479400038719177246e-01 5.712926015257835388e-02 -9.670873880386352539e-01 -1.088560256958007812e+02
-9.664291143417358398e-01 5.411577224731445312e-02 2.511583268642425537e-01 -1.490077495574951172e+00 6.666979193687438965e-02 9.968993067741394043e-01 4.173908382654190063e-02 2.783462047576904297e+00 -2.481216788291931152e-01 5.708242952823638916e-02 -9.670435786247253418e-01 -1.103829574584960938e+02
-9.680804014205932617e-01 5.412732437252998352e-02 2.447136193513870239e-01 -1.144197702407836914e+00 6.666022539138793945e-02 9.968369603157043457e-01 4.321715235710144043e-02 2.815005540847778320e+00 -2.416011989116668701e-01 5.815023928880691528e-02 -9.686296582221984863e-01 -1.117635574340820312e+02
-9.685585498809814453e-01 5.503787472844123840e-02 2.426092028617858887e-01 -7.440714836120605469e-01 6.740149110555648804e-02 9.967986941337585449e-01 4.295016825199127197e-02 2.850079536437988281e+00 -2.394694834947586060e-01 5.795187875628471375e-02 -9.691707491874694824e-01 -1.133549880981445312e+02
-9.674085378646850586e-01 5.628470703959465027e-02 2.468740940093994141e-01 -3.254168629646301270e-01 6.865382194519042969e-02 9.967631101608276367e-01 4.177543520927429199e-02 2.891861438751220703e+00 -2.437245249748229980e-01 5.736267939209938049e-02 -9.681445360183715820e-01 -1.150140609741210938e+02
-9.672868251800537109e-01 5.718297138810157776e-02 2.471444904804229736e-01 6.794127821922302246e-02 6.968095898628234863e-02 9.966776967048645020e-01 4.211297631263732910e-02 2.923507690429687500e+00 -2.439161241054534912e-01 5.795650556683540344e-02 -9.680609107017517090e-01 -1.165605545043945312e+02
-9.669744372367858887e-01 5.801050364971160889e-02 2.481719106435775757e-01 4.717673361301422119e-01 7.072219997644424438e-02 9.965833425521850586e-01 4.260661453008651733e-02 2.961290121078491211e+00 -2.448532432317733765e-01 5.875068902969360352e-02 -9.677763581275939941e-01 -1.181349411010742188e+02
-9.673029184341430664e-01 5.820978805422782898e-02 2.468414306640625000e-01 8.741589784622192383e-01 7.072237133979797363e-02 9.966039657592773438e-01 4.212158918380737305e-02 2.995045423507690430e+00 -2.435521334409713745e-01 5.820146203041076660e-02 -9.681378006935119629e-01 -1.197176132202148438e+02
-9.669223427772521973e-01 5.822767689824104309e-02 2.483238875865936279e-01 1.268074274063110352e+00 7.100402563810348511e-02 9.965550303459167480e-01 4.279812052845954895e-02 3.032428741455078125e+00 -2.449772804975509644e-01 5.901436880230903625e-02 -9.677289128303527832e-01 -1.212655563354492188e+02
-9.673920869827270508e-01 5.723090842366218567e-02 2.467209398746490479e-01 1.672550439834594727e+00 6.987624615430831909e-02 9.966348409652709961e-01 4.279700294137001038e-02 3.073266029357910156e+00 -2.434422820806503296e-01 5.864130705595016479e-02 -9.681388735771179199e-01 -1.228542556762695312e+02
-9.669299125671386719e-01 5.722304806113243103e-02 2.485280781984329224e-01 2.088807106018066406e+00 7.009216398000717163e-02 9.966007471084594727e-01 4.323529824614524841e-02 3.108123779296875000e+00 -2.452101409435272217e-01 5.922526493668556213e-02 -9.676570296287536621e-01 -1.244755096435546875e+02
-9.660996794700622559e-01 5.650667473673820496e-02 2.518977522850036621e-01 2.503916978836059570e+00 7.014710456132888794e-02 9.964962601661682129e-01 4.549435526132583618e-02 3.149467229843139648e+00 -2.484453767538070679e-01 6.162188202142715454e-02 -9.666816592216491699e-01 -1.260679931640625000e+02
-9.679139852523803711e-01 5.821222811937332153e-02 2.444338202476501465e-01 2.866206407546997070e+00 7.163543254137039185e-02 9.963495731353759766e-01 4.637952893972396851e-02 3.182713747024536133e+00 -2.408425807952880859e-01 6.240142136812210083e-02 -9.685539603233337402e-01 -1.275007705688476562e+02
-9.706286787986755371e-01 5.869516730308532715e-02 2.333002537488937378e-01 3.214766263961791992e+00 7.158114016056060791e-02 9.963175058364868164e-01 4.714610055088996887e-02 3.223031997680664062e+00 -2.296747416257858276e-01 6.246116012334823608e-02 -9.712589979171752930e-01 -1.289491424560546875e+02
-9.733931422233581543e-01 5.950842052698135376e-02 2.212661355733871460e-01 3.475868940353393555e+00 7.163721323013305664e-02 9.963113069534301758e-01 4.719095677137374878e-02 3.255803108215332031e+00 -2.176425307989120483e-01 6.178614497184753418e-02 -9.740688204765319824e-01 -1.301278991699218750e+02
-9.806513786315917969e-01 6.122297793626785278e-02 1.859263926744461060e-01 3.642061710357666016e+00 7.110416144132614136e-02 9.963611960411071777e-01 4.694167524576187134e-02 3.284180164337158203e+00 -1.823766678571701050e-01 5.925346165895462036e-02 -9.814395308494567871e-01 -1.310826263427734375e+02
-9.886787533760070801e-01 6.386350095272064209e-02 1.357557326555252075e-01 3.702480316162109375e+00 7.115464657545089722e-02 9.962315559387207031e-01 4.954300448298454285e-02 3.300192117691040039e+00 -1.320807337760925293e-01 5.864167213439941406e-02 -9.895006418228149414e-01 -1.317814331054687500e+02
-9.948656558990478516e-01 6.798522174358367920e-02 7.492701709270477295e-02 3.713027000427246094e+00 7.220997661352157593e-02 9.958588480949401855e-01 5.518751963973045349e-02 3.321672916412353516e+00 -7.086516916751861572e-02 6.031455844640731812e-02 -9.956584572792053223e-01 -1.325493927001953125e+02
-9.973309636116027832e-01 6.678091734647750854e-02 2.940956875681877136e-02 3.697886466979980469e+00 6.847944110631942749e-02 9.957762956619262695e-01 6.111294031143188477e-02 3.340494155883789062e+00 -2.520439028739929199e-02 6.296370178461074829e-02 -9.976952075958251953e-01 -1.332573242187500000e+02
-9.961685538291931152e-01 7.236479967832565308e-02 -4.904179275035858154e-02 3.619920253753662109e+00 6.901685893535614014e-02 9.953711032867431641e-01 6.683951616287231445e-02 3.387030839920043945e+00 5.365167558193206787e-02 6.319864094257354736e-02 -9.965554475784301758e-01 -1.343027801513671875e+02
-9.951983094215393066e-01 7.247008383274078369e-02 -6.574019789695739746e-02 3.567403078079223633e+00 6.790892779827117920e-02 9.952889680862426758e-01 6.915632635354995728e-02 3.390422105789184570e+00 7.044237852096557617e-02 6.435985118150711060e-02 -9.954350590705871582e-01 -1.346659698486328125e+02
-9.919062256813049316e-01 7.120098173618316650e-02 -1.050991863012313843e-01 3.454810142517089844e+00 6.390199065208435059e-02 9.954056739807128906e-01 7.126230746507644653e-02 3.422593832015991211e+00 1.096905469894409180e-01 6.396941095590591431e-02 -9.919028282165527344e-01 -1.353560333251953125e+02
-9.939755797386169434e-01 7.165934145450592041e-02 -8.289058506488800049e-02 3.456775426864624023e+00 6.596345454454421997e-02 9.953933954238891602e-01 6.953401118516921997e-02 3.404269933700561523e+00 8.749170601367950439e-02 6.364729255437850952e-02 -9.941275119781494141e-01 -1.356703186035156250e+02
-9.950641989707946777e-01 7.043562829494476318e-02 -6.985227763652801514e-02 3.446158170700073242e+00 6.557483971118927002e-02 9.954141974449157715e-01 6.960387527942657471e-02 3.389827489852905273e+00 7.443469762802124023e-02 6.467970460653305054e-02 -9.951236844062805176e-01 -1.360077362060546875e+02
-9.931328892707824707e-01 7.080142945051193237e-02 -9.309974312782287598e-02 3.375022888183593750e+00 6.413275003433227539e-02 9.952811598777770996e-01 7.277709990739822388e-02 3.401130676269531250e+00 9.781339019536972046e-02 6.630652397871017456e-02 -9.929909706115722656e-01 -1.364486846923828125e+02
-9.925659298896789551e-01 7.121553272008895874e-02 -9.866345673799514771e-02 3.331462860107421875e+00 6.429243087768554688e-02 9.953516125679016113e-01 7.166349142789840698e-02 3.404279947280883789e+00 1.033086553215980530e-01 6.478735059499740601e-02 -9.925346374511718750e-01 -1.368763427734375000e+02
-9.922745227813720703e-01 7.137963920831680298e-02 -1.014372780919075012e-01 3.313347578048706055e+00 6.412144750356674194e-02 9.952577948570251465e-01 7.310547679662704468e-02 3.381092548370361328e+00 1.061747670173645020e-01 6.603632867336273193e-02 -9.921498298645019531e-01 -1.370110626220703125e+02
