9.997611045837402344e-01 8.609680458903312683e-03 -2.008896693587303162e-02 -7.597587071359157562e-03 -8.556913584470748901e-03 9.999597072601318359e-01 2.711134264245629311e-03 -1.061833649873733521e-02 2.011150121688842773e-02 -2.538587199524044991e-03 9.997945427894592285e-01 3.363226950168609619e-01
9.995053410530090332e-01 1.373505126684904099e-02 -2.828934229910373688e-02 -5.333288013935089111e-02 -1.353842765092849731e-02 9.998828768730163574e-01 7.130279671400785446e-03 -1.787148788571357727e-02 2.838396653532981873e-02 -6.743758916854858398e-03 9.995743632316589355e-01 5.909160375595092773e-01
9.981598258018493652e-01 1.595898717641830444e-02 -5.849947035312652588e-02 -9.884949773550033569e-02 -1.549194660037755966e-02 9.998444318771362305e-01 8.428530767560005188e-03 -3.102501854300498962e-02 5.862488970160484314e-02 -7.506749127060174942e-03 9.982518553733825684e-01 7.968184947967529297e-01
9.978262186050415039e-01 2.322018146514892578e-02 -6.167398020625114441e-02 -1.409454345703125000e-01 -2.269411273300647736e-02 9.996999502182006836e-01 9.216736070811748505e-03 -4.546600580215454102e-02 6.186949461698532104e-02 -7.797063328325748444e-03 9.980537891387939453e-01 1.030983090400695801e+00
9.962143898010253906e-01 2.316076494753360748e-02 -8.378811180591583252e-02 -2.075534611940383911e-01 -2.196699008345603943e-02 9.996439814567565918e-01 1.514161657541990280e-02 -5.514133721590042114e-02 8.410897850990295410e-02 -1.324372272938489914e-02 9.963685274124145508e-01 1.203557848930358887e+00
9.946007132530212402e-01 2.271207235753536224e-02 -1.012597978115081787e-01 -2.664010822772979736e-01 -2.117807231843471527e-02 9.996444582939147949e-01 1.619863137602806091e-02 -5.629384145140647888e-02 1.015917062759399414e-01 -1.396668236702680588e-02 9.947280883789062500e-01 1.474944591522216797e+00
9.933480620384216309e-01 2.119513414800167084e-02 -1.131829321384429932e-01 -3.287235498428344727e-01 -1.891678757965564728e-02 9.995969533920288086e-01 2.116604521870613098e-02 -5.429198592901229858e-02 1.135859340429306030e-01 -1.888419128954410553e-02 9.933486580848693848e-01 1.856840014457702637e+00
9.913168549537658691e-01 2.475327998399734497e-02 -1.291439831256866455e-01 -4.038100242614746094e-01 -2.184526063501834869e-02 9.994759559631347656e-01 2.388597652316093445e-02 -6.919497251510620117e-02 1.296675652265548706e-01 -2.085738442838191986e-02 9.913381338119506836e-01 2.083078861236572266e+00
9.902269840240478516e-01 2.537037804722785950e-02 -1.371379047632217407e-01 -4.721459746360778809e-01 -2.196998707950115204e-02 9.994138479232788086e-01 2.625261247158050537e-02 -7.322417199611663818e-02 1.377235651016235352e-01 -2.298312634229660034e-02 9.902039766311645508e-01 2.340120792388916016e+00
9.874600768089294434e-01 2.540042623877525330e-02 -1.558115333318710327e-01 -5.531398057937622070e-01 -2.116743847727775574e-02 9.993619322776794434e-01 2.876689843833446503e-02 -7.060021907091140747e-02 1.564428210258483887e-01 -2.510803379118442535e-02 9.873677492141723633e-01 2.577572345733642578e+00
9.875373840332031250e-01 3.208042681217193604e-02 -1.540796011686325073e-01 -5.724170804023742676e-01 -2.820413373410701752e-02 9.992297887802124023e-01 2.727863565087318420e-02 -8.414170145988464355e-02 1.548360735177993774e-01 -2.259299159049987793e-02 9.876817464828491211e-01 2.730644702911376953e+00
9.835883378982543945e-01 3.873901069164276123e-02 -1.762190610170364380e-01 -6.347569823265075684e-01 -3.451053053140640259e-02 9.990394711494445801e-01 2.699845097959041595e-02 -8.814840018749237061e-02 1.770957261323928833e-01 -2.047394774854183197e-02 9.839805960655212402e-01 2.900340080261230469e+00
9.793593287467956543e-01 4.723418503999710083e-02 -1.965301930904388428e-01 -6.933605670928955078e-01 -4.362324625253677368e-02 9.987908005714416504e-01 2.266436070203781128e-02 -9.835169464349746704e-02 1.973631381988525391e-01 -1.362326741218566895e-02 9.802357554435729980e-01 3.066891431808471680e+00
9.795116782188415527e-01 4.715078696608543396e-02 -1.957895904779434204e-01 -7.103961706161499023e-01 -4.324828460812568665e-02 9.987720251083374023e-01 2.416207082569599152e-02 -9.906680881977081299e-02 1.966884881258010864e-01 -1.519946660846471786e-02 9.803481101989746094e-01 3.232158184051513672e+00
9.727800488471984863e-01 5.496349930763244629e-02 -2.251174300909042358e-01 -7.956335544586181641e-01 -4.929852113127708435e-02 9.983116984367370605e-01 3.071318939328193665e-02 -1.164441034197807312e-01 2.264255136251449585e-01 -1.877922378480434418e-02 9.738473296165466309e-01 3.396821260452270508e+00
9.620580077171325684e-01 6.191635131835937500e-02 -2.657266557216644287e-01 -9.369865059852600098e-01 -5.473994836211204529e-02 9.979100823402404785e-01 3.433580324053764343e-02 -1.171006038784980774e-01 2.672972977161407471e-01 -1.848717220127582550e-02 9.634366035461425781e-01 3.586065530776977539e+00
9.593737125396728516e-01 6.755142658948898315e-02 -2.739320993423461914e-01 -9.970276951789855957e-01 -5.863514542579650879e-02 9.974528551101684570e-01 4.061713814735412598e-02 -1.205681189894676208e-01 2.759781479835510254e-01 -2.290496416389942169e-02 9.608908295631408691e-01 3.764927387237548828e+00
9.528023600578308105e-01 7.054366916418075562e-02 -2.952813506126403809e-01 -1.092915415763854980e+00 -5.892424285411834717e-02 9.971041083335876465e-01 4.807691276073455811e-02 -1.242785155773162842e-01 2.978177964687347412e-01 -2.840856462717056274e-02 9.541997909545898438e-01 3.810497283935546875e+00
9.488727450370788574e-01 7.589448988437652588e-02 -3.063991069793701172e-01 -1.132350802421569824e+00 -6.109187752008438110e-02 9.964670538902282715e-01 5.763049423694610596e-02 -1.345799863338470459e-01 3.096904754638671875e-01 -3.596550598740577698e-02 9.501568078994750977e-01 3.882859945297241211e+00
9.542369842529296875e-01 7.257752120494842529e-02 -2.901105284690856934e-01 -1.178572177886962891e+00 -5.664226040244102478e-02 9.964070916175842285e-01 6.296430528163909912e-02 -1.288970708847045898e-01 2.936380505561828613e-01 -4.365035146474838257e-02 9.549193382263183594e-01 4.085838794708251953e+00
9.523484706878662109e-01 7.813388854265213013e-02 -2.948344349861145020e-01 -1.234099984169006348e+00 -6.020094826817512512e-02 9.957684874534606934e-01 6.943212449550628662e-02 -1.373191475868225098e-01 2.990119457244873047e-01 -4.837425798177719116e-02 9.530223011970520020e-01 4.233418941497802734e+00
9.469397664070129395e-01 8.570159971714019775e-02 -3.097743093967437744e-01 -1.288801074028015137e+00 -6.462007761001586914e-02 9.948798418045043945e-01 7.770645618438720703e-02 -1.404015719890594482e-01 3.148478865623474121e-01 -5.356568843126296997e-02 9.476292133331298828e-01 4.354040622711181641e+00
9.271529316902160645e-01 9.315203875303268433e-02 -3.629184961318969727e-01 -1.360273122787475586e+00 -6.284929811954498291e-02 9.935432076454162598e-01 9.445551037788391113e-02 -1.448225677013397217e-01 3.693740367889404297e-01 -6.476552039384841919e-02 9.270209670066833496e-01 4.325360774993896484e+00
9.226562976837158203e-01 9.917391091585159302e-02 -3.726520836353302002e-01 -1.453611969947814941e+00 -6.765864789485931396e-02 9.930062890052795410e-01 9.675145894289016724e-02 -1.464099436998367310e-01 3.796411752700805664e-01 -6.405519694089889526e-02 9.229133725166320801e-01 4.462254524230957031e+00
9.182844758033752441e-01 1.061755791306495667e-01 -3.814184069633483887e-01 -1.494148969650268555e+00 -7.318045943975448608e-02 9.922887682914733887e-01 1.000380441546440125e-01 -1.559379696846008301e-01 3.890989124774932861e-01 -6.395100057125091553e-02 9.189733266830444336e-01 4.433916568756103516e+00
9.071953892707824707e-01 1.124722510576248169e-01 -4.053961932659149170e-01 -1.590802192687988281e+00 -7.306833565235137939e-02 9.910800457000732422e-01 1.114508211612701416e-01 -1.532045602798461914e-01 4.143152832984924316e-01 -7.148604094982147217e-02 9.073215126991271973e-01 4.525610923767089844e+00
9.012855887413024902e-01 1.143115609884262085e-01 -4.178716540336608887e-01 -1.657849311828613281e+00 -7.283718883991241455e-02 9.908134341239929199e-01 1.139448285102844238e-01 -1.446174383163452148e-01 4.270581603050231934e-01 -7.226023077964782715e-02 9.013320803642272949e-01 4.543745994567871094e+00
8.945204615592956543e-01 1.193984374403953552e-01 -4.307861030101776123e-01 -1.710082292556762695e+00 -7.610568404197692871e-02 9.902778267860412598e-01 1.164372116327285767e-01 -1.678890138864517212e-01 4.405004680156707764e-01 -7.137019187211990356e-02 8.949108123779296875e-01 4.569146156311035156e+00
8.749043345451354980e-01 1.175229400396347046e-01 -4.698195159435272217e-01 -1.804506778717041016e+00 -6.579124927520751953e-02 9.899584054946899414e-01 1.251156330108642578e-01 -1.639649569988250732e-01 4.798058271408081055e-01 -7.855419069528579712e-02 8.738508820533752441e-01 4.622252464294433594e+00
8.650350570678710938e-01 1.209988966584205627e-01 -4.869016408920288086e-01 -1.783019900321960449e+00 -6.442610174417495728e-02 9.892372488975524902e-01 1.313731074333190918e-01 -1.997610181570053101e-01 4.975573420524597168e-01 -8.227315545082092285e-02 8.635204434394836426e-01 4.514683246612548828e+00
8.523665070533752441e-01 1.251288801431655884e-01 -5.077534914016723633e-01 -1.865635871887207031e+00 -6.357645988464355469e-02 9.885442852973937988e-01 1.368872970342636108e-01 -1.951575130224227905e-01 5.190654993057250977e-01 -8.439695835113525391e-02 8.505573868751525879e-01 4.593193531036376953e+00
8.474165797233581543e-01 1.281275153160095215e-01 -5.152358412742614746e-01 -1.996597290039062500e+00 -6.523616611957550049e-02 9.882181286811828613e-01 1.384525746107101440e-01 -1.747158318758010864e-01 5.269051790237426758e-01 -8.371498435735702515e-02 8.457910418510437012e-01 4.730029582977294922e+00
8.372192978858947754e-01 1.290314197540283203e-01 -5.314266085624694824e-01 -2.102308273315429688e+00 -6.221076473593711853e-02 9.879294633865356445e-01 1.418632119894027710e-01 -1.623972952365875244e-01 5.433169603347778320e-01 -8.571016043424606323e-02 8.351408243179321289e-01 4.896215438842773438e+00
8.423955440521240234e-01 1.348358094692230225e-01 -5.217168927192687988e-01 -2.213801145553588867e+00 -6.890484690666198730e-02 9.871934652328491211e-01 1.438785940408706665e-01 -1.459218412637710571e-01 5.344356894493103027e-01 -8.525386452674865723e-02 8.408983349800109863e-01 5.117407798767089844e+00
8.431082963943481445e-01 1.342450827360153198e-01 -5.207169055938720703e-01 -2.237030506134033203e+00 -6.769561022520065308e-02 9.871302843093872070e-01 1.448822915554046631e-01 -1.577330678701400757e-01 5.334654450416564941e-01 -8.690121024847030640e-02 8.413456678390502930e-01 5.161915779113769531e+00
8.425062298774719238e-01 1.316430419683456421e-01 -5.223531723022460938e-01 -2.317339420318603516e+00 -6.410098820924758911e-02 9.872901439666748047e-01 1.454272866249084473e-01 -1.453058570623397827e-01 5.348588824272155762e-01 -8.904004096984863281e-02 8.402366638183593750e-01 5.315140724182128906e+00
8.537437915802001953e-01 1.426847279071807861e-01 -5.007615089416503906e-01 -2.294865369796752930e+00 -7.776312530040740967e-02 9.858751893043518066e-01 1.483332216739654541e-01 -1.730225682258605957e-01 5.148535370826721191e-01 -8.769778162240982056e-02 8.527805805206298828e-01 5.348497867584228516e+00
8.552730679512023926e-01 1.491687595844268799e-01 -4.962419569492340088e-01 -2.310953617095947266e+00 -8.648956567049026489e-02 9.853295683860778809e-01 1.471222043037414551e-01 -1.843797266483306885e-01 5.109081864356994629e-01 -8.290991187095642090e-02 8.556275367736816406e-01 5.377058982849121094e+00
8.577126860618591309e-01 1.496669799089431763e-01 -4.918619096279144287e-01 -2.408269882202148438e+00 -8.816465735435485840e-02 9.853358268737792969e-01 1.460823118686676025e-01 -1.634572297334671021e-01 5.065130591392517090e-01 -8.193182200193405151e-02 8.583305478096008301e-01 5.580719470977783203e+00
8.592790961265563965e-01 1.525370478630065918e-01 -4.882327914237976074e-01 -2.437553644180297852e+00 -9.082723408937454224e-02 9.848325252532958984e-01 1.478342711925506592e-01 -1.759145408868789673e-01 5.033779144287109375e-01 -8.268606662750244141e-02 8.601006865501403809e-01 5.681422233581542969e+00
8.558435440063476562e-01 1.488636136054992676e-01 -4.953492581844329834e-01 -2.682479381561279297e+00 -8.538886159658432007e-02 9.852116703987121582e-01 1.485471427440643311e-01 -1.140928342938423157e-01 5.101373195648193359e-01 -8.483580499887466431e-02 8.558985590934753418e-01 6.064017295837402344e+00
8.518692851066589355e-01 1.493920832872390747e-01 -5.019962191581726074e-01 -2.906816244125366211e+00 -8.603304624557495117e-02 9.853515625000000000e-01 1.472418606281280518e-01 -6.405785679817199707e-02 5.166397094726562500e-01 -8.224255591630935669e-02 8.522436022758483887e-01 6.408029556274414062e+00
8.484396338462829590e-01 1.506658196449279785e-01 -5.073949098587036133e-01 -3.193151473999023438e+00 -8.679352700710296631e-02 9.852566123008728027e-01 1.474305093288421631e-01 8.704513311386108398e-05 5.221271514892578125e-01 -8.104728907346725464e-02 8.490077257156372070e-01 6.834038257598876953e+00
8.439385294914245605e-01 1.520286947488784790e-01 -5.144459605216979980e-01 -3.537240982055664062e+00 -8.634586632251739502e-02 9.849936962127685547e-01 1.494360864162445068e-01 8.511517196893692017e-02 5.294448733329772949e-01 -8.169458806514739990e-02 8.444013595581054688e-01 7.370179653167724609e+00
8.433037996292114258e-01 1.536693274974822998e-01 -5.149990320205688477e-01 -3.974626541137695312e+00 -8.723922073841094971e-02 9.846819043159484863e-01 1.509640216827392578e-01 2.014410495758056641e-01 5.303090810775756836e-01 -8.238043636083602905e-02 8.437922596931457520e-01 8.082921028137207031e+00
8.429629206657409668e-01 1.571849733591079712e-01 -5.144958496093750000e-01 -4.420643329620361328e+00 -8.874689042568206787e-02 9.838905334472656250e-01 1.551860123872756958e-01 3.203099668025970459e-01 5.306007862091064453e-01 -8.515615016222000122e-02 8.433331847190856934e-01 8.828737258911132812e+00
8.465141057968139648e-01 1.594814658164978027e-01 -5.079164505004882812e-01 -4.873015403747558594e+00 -9.243779629468917847e-02 9.836136698722839355e-01 1.547859907150268555e-01 4.421625137329101562e-01 5.242793560028076172e-01 -8.407785743474960327e-02 8.473852872848510742e-01 9.577751159667968750e+00
8.485828638076782227e-01 1.593870967626571655e-01 -5.044822692871093750e-01 -5.322216033935546875e+00 -9.265255928039550781e-02 9.835750460624694824e-01 1.549031287431716919e-01 5.682810544967651367e-01 5.208860039710998535e-01 -8.470658957958221436e-02 8.494128584861755371e-01 1.033381843566894531e+01
8.511279821395874023e-01 1.603322029113769531e-01 -4.998742043972015381e-01 -5.792819976806640625e+00 -9.256043285131454468e-02 9.831336736679077148e-01 1.577342897653579712e-01 6.988171339035034180e-01 5.167332887649536133e-01 -8.798351883888244629e-02 8.516132831573486328e-01 1.112029552459716797e+01
8.532477021217346191e-01 1.617159992456436157e-01 -4.957981109619140625e-01 -6.221106052398681641e+00 -9.414773434400558472e-02 9.828507900238037109e-01 1.585553884506225586e-01 8.168514370918273926e-01 5.129367709159851074e-01 -8.860877901315689087e-02 8.538407087326049805e-01 1.186740779876708984e+01
8.524930477142333984e-01 1.619498729705810547e-01 -4.970184564590454102e-01 -6.651665687561035156e+00 -9.308587759733200073e-02 9.826327562332153320e-01 1.605217456817626953e-01 9.451299309730529785e-01 5.143833756446838379e-01 -9.057831019163131714e-02 8.527631163597106934e-01 1.261665153503417969e+01
8.538224101066589355e-01 1.639941334724426270e-01 -4.940574467182159424e-01 -7.072985649108886719e+00 -9.437668323516845703e-02 9.821184873580932617e-01 1.628977209329605103e-01 1.071486592292785645e+00 5.119374990463256836e-01 -9.245824813842773438e-02 8.540322780609130859e-01 1.333857440948486328e+01
8.542028665542602539e-01 1.642469465732574463e-01 -4.933152794837951660e-01 -7.545798301696777344e+00 -9.320195019245147705e-02 9.817955493927001953e-01 1.654999405145645142e-01 1.213234066963195801e+00 5.115178823471069336e-01 -9.539260715246200562e-02 8.539610505104064941e-01 1.415768337249755859e+01
8.544200658798217773e-01 1.640428006649017334e-01 -4.930069148540496826e-01 -8.002470016479492188e+00 -9.210724383592605591e-02 9.816443920135498047e-01 1.670027375221252441e-01 1.355738878250122070e+00 5.113533735275268555e-01 -9.728102385997772217e-02 8.538465499877929688e-01 1.494141960144042969e+01
8.546193242073059082e-01 1.650921553373336792e-01 -4.923107326030731201e-01 -8.475760459899902344e+00 -9.223062545061111450e-02 9.812972545623779297e-01 1.689634025096893311e-01 1.501260399818420410e+00 5.109979510307312012e-01 -9.899331629276275635e-02 8.538625240325927734e-01 1.576566314697265625e+01
8.532377481460571289e-01 1.654156893491744995e-01 -4.945932626724243164e-01 -8.956268310546875000e+00 -9.140323847532272339e-02 9.811174273490905762e-01 1.704504042863845825e-01 1.655965447425842285e+00 5.134494900703430176e-01 -1.002273410558700562e-01 8.522463440895080566e-01 1.659938049316406250e+01
8.592292070388793945e-01 1.665353924036026001e-01 -4.837258458137512207e-01 -9.470895767211914062e+00 -9.378079324960708618e-02 9.807833433151245117e-01 1.710804700851440430e-01 1.814812541007995605e+00 5.029214620590209961e-01 -1.016331911087036133e-01 8.583358526229858398e-01 1.749827575683593750e+01
8.624495863914489746e-01 1.659766584634780884e-01 -4.781548380851745605e-01 -9.967254638671875000e+00 -9.327149391174316406e-02 9.806420207023620605e-01 1.721656173467636108e-01 1.970532655715942383e+00 4.974744617938995361e-01 -1.038859859108924866e-01 8.612354993820190430e-01 1.839349174499511719e+01
8.639646172523498535e-01 1.643803119659423828e-01 -4.759662151336669922e-01 -1.047499752044677734e+01 -9.147805720567703247e-02 9.807248115539550781e-01 1.726554334163665771e-01 2.138325452804565430e+00 4.951733052730560303e-01 -1.056277528405189514e-01 8.623490333557128906e-01 1.932658958435058594e+01
8.652268648147583008e-01 1.649241149425506592e-01 -4.734787046909332275e-01 -1.093481540679931641e+01 -9.225103259086608887e-02 9.805939793586730957e-01 1.729869246482849121e-01 2.290042400360107422e+00 4.928203821182250977e-01 -1.059940606355667114e-01 8.636509776115417480e-01 2.017061233520507812e+01
8.657703399658203125e-01 1.633462905883789062e-01 -4.730318486690521240e-01 -1.140227222442626953e+01 -9.023103117942810059e-02 9.806905984878540039e-01 1.735039651393890381e-01 2.448619127273559570e+00 4.922393858432769775e-01 -1.075324639678001404e-01 8.637921214103698730e-01 2.103267288208007812e+01
8.663198351860046387e-01 1.638549417257308960e-01 -4.718484580516815186e-01 -1.182616615295410156e+01 -9.016399085521697998e-02 9.804435968399047852e-01 1.749285906553268433e-01 2.591093301773071289e+00 4.912840127944946289e-01 -1.090003997087478638e-01 8.641519546508789062e-01 2.181037330627441406e+01
8.684610128402709961e-01 1.641669273376464844e-01 -4.677864611148834229e-01 -1.227194595336914062e+01 -9.113727509975433350e-02 9.803667664527893066e-01 1.748548895120620728e-01 2.746878862380981445e+00 4.873079955577850342e-01 -1.092219054698944092e-01 8.663724064826965332e-01 2.265178298950195312e+01
8.682974576950073242e-01 1.641075164079666138e-01 -4.681107997894287109e-01 -1.271647262573242188e+01 -8.585949987173080444e-02 9.791667461395263672e-01 1.840102374553680420e-01 2.898542404174804688e+00 4.885562956333160400e-01 -1.195839047431945801e-01 8.642985820770263672e-01 2.347695350646972656e+01
8.661821484565734863e-01 1.665670275688171387e-01 -4.711511731147766113e-01 -1.317375373840332031e+01 -8.388554304838180542e-02 9.779006242752075195e-01 1.915011405944824219e-01 3.067245006561279297e+00 4.926370978355407715e-01 -1.263521462678909302e-01 8.610129952430725098e-01 2.431937789916992188e+01
8.666290044784545898e-01 1.670673340559005737e-01 -4.701512753963470459e-01 -1.365051555633544922e+01 -8.366803824901580811e-02 9.775928258895874023e-01 1.931608170270919800e-01 3.252004146575927734e+00 4.918876290321350098e-01 -1.280621886253356934e-01 8.611887693405151367e-01 2.520112609863281250e+01
8.649455904960632324e-01 1.669473052024841309e-01 -4.732834994792938232e-01 -1.407871723175048828e+01 -8.188716322183609009e-02 9.773577451705932617e-01 1.951038539409637451e-01 3.413491725921630859e+00 4.951395988464355469e-01 -1.299984455108642578e-01 8.590323328971862793e-01 2.598301124572753906e+01
8.656470775604248047e-01 1.661457419395446777e-01 -4.722820222377777100e-01 -1.451576519012451172e+01 -8.055275678634643555e-02 9.772595763206481934e-01 1.961484551429748535e-01 3.578340053558349609e+00 4.941315650939941406e-01 -1.317517906427383423e-01 8.593456149101257324e-01 2.679349517822265625e+01
8.631418347358703613e-01 1.676402390003204346e-01 -4.763217568397521973e-01 -1.496260738372802734e+01 -7.786422222852706909e-02 9.761877655982971191e-01 2.024694532155990601e-01 3.755982875823974609e+00 4.989216923713684082e-01 -1.376715153455734253e-01 8.556419610977172852e-01 2.760732078552246094e+01
8.640130758285522461e-01 1.676798760890960693e-01 -4.747255146503448486e-01 -1.538820457458496094e+01 -7.846117019653320312e-02 9.762333631515502930e-01 2.020185291767120361e-01 3.925556898117065430e+00 4.973175227642059326e-01 -1.372992098331451416e-01 8.566350936889648438e-01 2.837840461730957031e+01
8.642657995223999023e-01 1.657069027423858643e-01 -4.749583005905151367e-01 -1.585919094085693359e+01 -7.445563375949859619e-02 9.759247899055480957e-01 2.050035744905471802e-01 4.111536979675292969e+00 4.974942803382873535e-01 -1.418143361806869507e-01 8.557965159416198730e-01 2.922665405273437500e+01
8.643301129341125488e-01 1.658791750669479370e-01 -4.747810959815979004e-01 -1.635119819641113281e+01 -7.433566451072692871e-02 9.758080840110778809e-01 2.056017667055130005e-01 4.308925151824951172e+00 4.974004626274108887e-01 -1.424147188663482666e-01 8.557513356208801270e-01 3.012802696228027344e+01
8.634650707244873047e-01 1.672045290470123291e-01 -4.758887588977813721e-01 -1.684747505187988281e+01 -7.456178963184356689e-02 9.754051566123962402e-01 2.074240893125534058e-01 4.513557910919189453e+00 4.988667368888854980e-01 -1.436204463243484497e-01 8.546956777572631836e-01 3.103140830993652344e+01
8.627468943595886230e-01 1.673259586095809937e-01 -4.771469235420227051e-01 -1.734377098083496094e+01 -7.283808290958404541e-02 9.749427437782287598e-01 2.101921439170837402e-01 4.713577270507812500e+00 5.003616809844970703e-01 -1.465882658958435059e-01 8.533168435096740723e-01 3.192108154296875000e+01
8.634435534477233887e-01 1.683001816272735596e-01 -4.755414426326751709e-01 -1.786245727539062500e+01 -7.385631650686264038e-02 9.747208356857299805e-01 2.108650207519531250e-01 4.924620151519775391e+00 4.990089237689971924e-01 -1.469484120607376099e-01 8.540467023849487305e-01 3.284445953369140625e+01
8.633574247360229492e-01 1.649565845727920532e-01 -4.768675267696380615e-01 -1.835843086242675781e+01 -6.887888908386230469e-02 9.747358560562133789e-01 2.124743312597274780e-01 5.131197452545166016e+00 4.998689889907836914e-01 -1.505953222513198853e-01 8.529077172279357910e-01 3.373851776123046875e+01
8.620052337646484375e-01 1.655532717704772949e-01 -4.791016280651092529e-01 -1.881060791015625000e+01 -6.687350571155548096e-02 9.740425944328308105e-01 2.162604331970214844e-01 5.320373058319091797e+00 5.024681091308593750e-01 -1.543785631656646729e-01 8.507012128829956055e-01 3.455127334594726562e+01
8.651601076126098633e-01 1.649528145790100098e-01 -4.735902845859527588e-01 -1.924855995178222656e+01 -6.650646775960922241e-02 9.737543463706970215e-01 2.176667898893356323e-01 5.503089427947998047e+00 4.970655143260955811e-01 -1.568199694156646729e-01 8.534241914749145508e-01 3.534079742431640625e+01
8.655573725700378418e-01 1.658814698457717896e-01 -4.725389182567596436e-01 -1.966189384460449219e+01 -6.674572080373764038e-02 9.733430743217468262e-01 2.194261997938156128e-01 5.676530838012695312e+00 4.963413476943969727e-01 -1.583861708641052246e-01 8.535564541816711426e-01 3.609002685546875000e+01
8.657686710357666016e-01 1.664017885923385620e-01 -4.719684720039367676e-01 -2.010384750366210938e+01 -6.675922870635986328e-02 9.730734229087829590e-01 2.206147313117980957e-01 5.870376110076904297e+00 4.959707856178283691e-01 -1.594932377338409424e-01 8.535656929016113281e-01 3.690237426757812500e+01
8.660197854042053223e-01 1.671735495328903198e-01 -4.712344110012054443e-01 -2.052991104125976562e+01 -6.743594259023666382e-02 9.728919863700866699e-01 2.212084382772445679e-01 6.050629615783691406e+00 4.954404830932617188e-01 -1.597929298877716064e-01 8.538175821304321289e-01 3.767645263671875000e+01
8.655083775520324707e-01 1.682285517454147339e-01 -4.717981517314910889e-01 -2.096026420593261719e+01 -6.750413030385971069e-02 9.724951386451721191e-01 2.229261547327041626e-01 6.242359161376953125e+00 4.963240027427673340e-01 -1.610963046550750732e-01 8.530592322349548340e-01 3.845959091186523438e+01
8.646528124809265137e-01 1.694311350584030151e-01 -4.729350805282592773e-01 -2.141789627075195312e+01 -6.783130019903182983e-02 9.721636772155761719e-01 2.242683321237564087e-01 6.445693016052246094e+00 4.977684020996093750e-01 -1.618346124887466431e-01 8.520773053169250488e-01 3.928926086425781250e+01
8.635907173156738281e-01 1.703823357820510864e-01 -4.745311737060546875e-01 -2.187923812866210938e+01 -6.754302233457565308e-02 9.717821478843688965e-01 2.260021567344665527e-01 6.649068355560302734e+00 4.996477663516998291e-01 -1.631222665309906006e-01 8.507307171821594238e-01 4.013200759887695312e+01
8.642292022705078125e-01 1.708111166954040527e-01 -4.732127487659454346e-01 -2.233520317077636719e+01 -6.746511161327362061e-02 9.714511632919311523e-01 2.274440228939056396e-01 6.856003761291503906e+00 4.985530376434326172e-01 -1.646385937929153442e-01 8.510807752609252930e-01 4.095525741577148438e+01
8.650062084197998047e-01 1.696113646030426025e-01 -4.722236394882202148e-01 -2.280838012695312500e+01 -6.704210489988327026e-02 9.717641472816467285e-01 2.262285798788070679e-01 7.071084499359130859e+00 4.972609579563140869e-01 -1.640304177999496460e-01 8.519536256790161133e-01 4.181174468994140625e+01
8.641862273216247559e-01 1.711111217737197876e-01 -4.731829464435577393e-01 -2.325941467285156250e+01 -6.682975590229034424e-02 9.711023569107055664e-01 2.291146665811538696e-01 7.275296688079833984e+00 4.987131655216217041e-01 -1.663751900196075439e-01 8.506491184234619141e-01 4.263145065307617188e+01
8.624749779701232910e-01 1.712483316659927368e-01 -4.762456715106964111e-01 -2.370071411132812500e+01 -6.510169804096221924e-02 9.707353115081787109e-01 2.311586141586303711e-01 7.476947784423828125e+00 5.018940567970275879e-01 -1.683642566204071045e-01 8.483839035034179688e-01 4.341990661621093750e+01
8.619446754455566406e-01 1.718076020479202271e-01 -4.770036637783050537e-01 -2.415778923034667969e+01 -6.389626860618591309e-02 9.701425433158874512e-01 2.339664846658706665e-01 7.684398174285888672e+00 5.029588341712951660e-01 -1.711875796318054199e-01 8.471875190734863281e-01 4.423476791381835938e+01
8.659855723381042480e-01 1.697813123464584351e-01 -4.703639745712280273e-01 -2.459243011474609375e+01 -6.263816356658935547e-02 9.700201153755187988e-01 2.348130047321319580e-01 7.882559776306152344e+00 4.961293637752532959e-01 -1.738821119070053101e-01 8.506586551666259766e-01 4.501936340332031250e+01
8.658902049064636230e-01 1.702043712139129639e-01 -4.703866243362426758e-01 -2.502281570434570312e+01 -6.243881583213806152e-02 9.697550535202026367e-01 2.359578907489776611e-01 8.083156585693359375e+00 4.963208734989166260e-01 -1.749434322118759155e-01 8.503292798995971680e-01 4.581063461303710938e+01
8.684118390083312988e-01 1.720228493213653564e-01 -4.650463461875915527e-01 -2.545477485656738281e+01 -6.468854844570159912e-02 9.691801667213439941e-01 2.377072721719741821e-01 8.289774894714355469e+00 4.916047751903533936e-01 -1.763447970151901245e-01 8.527759313583374023e-01 4.660798263549804688e+01
8.690465688705444336e-01 1.728947758674621582e-01 -4.635348320007324219e-01 -2.588114547729492188e+01 -6.494347751140594482e-02 9.687063097953796387e-01 2.395621389150619507e-01 8.497055053710937500e+00 4.904481768608093262e-01 -1.780872642993927002e-01 8.530797362327575684e-01 4.740594482421875000e+01
8.703078031539916992e-01 1.753358542919158936e-01 -4.602399766445159912e-01 -2.630142402648925781e+01 -6.703643500804901123e-02 9.679588079452514648e-01 2.419946342706680298e-01 8.701024055480957031e+00 4.879236817359924316e-01 -1.797571331262588501e-01 8.541764020919799805e-01 4.818824005126953125e+01
8.733972311019897461e-01 1.717540323734283447e-01 -4.557158350944519043e-01 -2.672460746765136719e+01 -6.461074203252792358e-02 9.683401584625244141e-01 2.411272972822189331e-01 8.912946701049804688e+00 4.827025532722473145e-01 -1.811559498310089111e-01 8.568431735038757324e-01 4.899764633178710938e+01
8.717526793479919434e-01 1.719137579202651978e-01 -4.587940871715545654e-01 -2.716662979125976562e+01 -6.188813596963882446e-02 9.675562977790832520e-01 2.449576407670974731e-01 9.138003349304199219e+00 4.860207140445709229e-01 -1.851487457752227783e-01 8.541096448898315430e-01 4.983678054809570312e+01
8.732009530067443848e-01 1.732002198696136475e-01 -4.555444717407226562e-01 -2.760519027709960938e+01 -6.340052932500839233e-02 9.671465158462524414e-01 2.461858987808227539e-01 9.353566169738769531e+00 4.832177162170410156e-01 -1.860881894826889038e-01 8.554947972297668457e-01 5.066754150390625000e+01
8.738241791725158691e-01 1.730899959802627563e-01 -4.543898105621337891e-01 -2.803973960876464844e+01 -6.286257505416870117e-02 9.668671488761901855e-01 2.474180459976196289e-01 9.578281402587890625e+00 4.821602106094360352e-01 -1.876359432935714722e-01 8.557533621788024902e-01 5.149227142333984375e+01
8.734889626502990723e-01 1.747972220182418823e-01 -4.543807804584503174e-01 -2.848183059692382812e+01 -6.281741708517074585e-02 9.659854173660278320e-01 2.508497238159179688e-01 9.806714057922363281e+00 4.827730655670166016e-01 -1.905716359615325928e-01 8.547585010528564453e-01 5.232235717773437500e+01
8.736895322799682617e-01 1.748233288526535034e-01 -4.539849460124969482e-01 -2.893875503540039062e+01 -6.067230924963951111e-02 9.650692939758300781e-01 2.548716664314270020e-01 1.004869174957275391e+01 4.826844334602355957e-01 -1.951345801353454590e-01 8.537784814834594727e-01 5.317526245117187500e+01
8.703705072402954102e-01 1.749911457300186157e-01 -4.602522552013397217e-01 -2.937550354003906250e+01 -5.757571384310722351e-02 9.644755125045776367e-01 2.578206062316894531e-01 1.027930259704589844e+01 4.890183806419372559e-01 -1.979002803564071655e-01 8.495269417762756348e-01 5.399296569824218750e+01
8.705190420150756836e-01 1.748929619789123535e-01 -4.600085914134979248e-01 -2.979112815856933594e+01 -5.669813230633735657e-02 9.641399979591369629e-01 2.592658996582031250e-01 1.050212669372558594e+01 4.888564646244049072e-01 -1.996144354343414307e-01 8.492190241813659668e-01 5.475960540771484375e+01
8.702585101127624512e-01 1.757932603359222412e-01 -4.601583182811737061e-01 -3.015460586547851562e+01 -5.666756257414817810e-02 9.636787772178649902e-01 2.609815895557403564e-01 1.069519424438476562e+01 4.893236160278320312e-01 -2.010455578565597534e-01 8.486121296882629395e-01 5.543452453613281250e+01
8.709398508071899414e-01 1.749999672174453735e-01 -4.591705203056335449e-01 -3.054445838928222656e+01 -5.696673318743705750e-02 9.640923142433166504e-01 2.593842148780822754e-01 1.090347576141357422e+01 4.880749881267547607e-01 -1.997507512569427490e-01 8.496363759040832520e-01 5.615752410888671875e+01
8.718484044075012207e-01 1.741223037242889404e-01 -4.577777683734893799e-01 -3.093926811218261719e+01 -5.646472424268722534e-02 9.641718268394470215e-01 2.591982781887054443e-01 1.111717700958251953e+01 4.865086078643798828e-01 -2.001334726810455322e-01 8.504442572593688965e-01 5.689802169799804688e+01
8.713496327400207520e-01 1.745416969060897827e-01 -4.585669636726379395e-01 -3.134121513366699219e+01 -5.588458478450775146e-02 9.638113975524902344e-01 2.606605589389801025e-01 1.133334922790527344e+01 4.874681532382965088e-01 -2.014998644590377808e-01 8.495716452598571777e-01 5.764431381225585938e+01
8.723315000534057617e-01 1.748403459787368774e-01 -4.565821290016174316e-01 -3.172623252868652344e+01 -5.575502663850784302e-02 9.633532762527465820e-01 2.623760998249053955e-01 1.154852867126464844e+01 4.857237637042999268e-01 -2.034223824739456177e-01 8.501124382019042969e-01 5.837001419067382812e+01
8.716929554939270020e-01 1.751432716846466064e-01 -4.576841890811920166e-01 -3.208176422119140625e+01 -5.462497100234031677e-02 9.628582596778869629e-01 2.644225955009460449e-01 1.174608993530273438e+01 4.869968295097351074e-01 -2.054945081472396851e-01 8.488848805427551270e-01 5.903533172607421875e+01
8.725713491439819336e-01 1.746992468833923340e-01 -4.561775028705596924e-01 -3.245912551879882812e+01 -5.388490483164787292e-02 9.625856280326843262e-01 2.655647099018096924e-01 1.196309089660644531e+01 4.855038225650787354e-01 -2.071432918310165405e-01 8.493392467498779297e-01 5.976338577270507812e+01
8.735416531562805176e-01 1.751878410577774048e-01 -4.541285037994384766e-01 -3.284185409545898438e+01 -5.289302021265029907e-02 9.616245627403259277e-01 2.692206203937530518e-01 1.218373203277587891e+01 4.838652610778808594e-01 -2.111554145812988281e-01 8.492863178253173828e-01 6.050129699707031250e+01
8.770993947982788086e-01 1.750809103250503540e-01 -4.472604095935821533e-01 -3.322732925415039062e+01 -5.438990890979766846e-02 9.614109396934509277e-01 2.696850001811981201e-01 1.241066646575927734e+01 4.772176742553710938e-01 -2.122143059968948364e-01 8.527764678001403809e-01 6.126594924926757812e+01
8.793134689331054688e-01 1.797500997781753540e-01 -4.410172998905181885e-01 -3.360664749145507812e+01 -6.002431735396385193e-02 9.604809284210205078e-01 2.717953324317932129e-01 1.262849330902099609e+01 4.724438786506652832e-01 -2.125217318534851074e-01 8.553540706634521484e-01 6.200721359252929688e+01
8.825814127922058105e-01 1.807585656642913818e-01 -4.340218305587768555e-01 -3.392921447753906250e+01 -6.319720298051834106e-02 9.603725671768188477e-01 2.714587152004241943e-01 1.282033157348632812e+01 4.658910632133483887e-01 -2.121556252241134644e-01 8.590313196182250977e-01 6.265198898315429688e+01
8.898023366928100586e-01 1.878758817911148071e-01 -4.158762693405151367e-01 -3.413466644287109375e+01 -7.285413891077041626e-02 9.581151604652404785e-01 2.769599556922912598e-01 1.294485473632812500e+01 4.504913985729217529e-01 -2.161414623260498047e-01 8.662214279174804688e-01 6.310672760009765625e+01
8.921183347702026367e-01 1.900233626365661621e-01 -4.098959267139434814e-01 -3.437009811401367188e+01 -7.667766511440277100e-02 9.577685594558715820e-01 2.771264314651489258e-01 1.310065364837646484e+01 4.452458918094635010e-01 -2.157998681068420410e-01 8.690142035484313965e-01 6.363924789428710938e+01
8.965381383895874023e-01 1.902444213628768921e-01 -4.000313580036163330e-01 -3.465013885498046875e+01 -7.929530739784240723e-02 9.574159383773803711e-01 2.776080071926116943e-01 1.328388500213623047e+01 4.358097314834594727e-01 -2.171657234430313110e-01 8.734461069107055664e-01 6.427701568603515625e+01
9.019060134887695312e-01 1.925463229417800903e-01 -3.866394460201263428e-01 -3.489524078369140625e+01 -8.542158454656600952e-02 9.569746255874633789e-01 2.773121595382690430e-01 1.345371627807617188e+01 4.233994781970977783e-01 -2.170823216438293457e-01 8.795494437217712402e-01 6.486798095703125000e+01
9.062724709510803223e-01 1.925894170999526978e-01 -3.762685060501098633e-01 -3.512532806396484375e+01 -8.763185143470764160e-02 9.564369320869445801e-01 2.784750759601593018e-01 1.362545680999755859e+01 4.135083854198455811e-01 -2.194013893604278564e-01 8.836701512336730957e-01 6.545048522949218750e+01
9.102506637573242188e-01 1.928064376115798950e-01 -3.664256930351257324e-01 -3.535053253173828125e+01 -9.082067012786865234e-02 9.563872218132019043e-01 2.776227891445159912e-01 1.379620075225830078e+01 4.039722681045532227e-01 -2.194274961948394775e-01 8.880636692047119141e-01 6.604369354248046875e+01
9.172158837318420410e-01 1.958670616149902344e-01 -3.469141721725463867e-01 -3.557192230224609375e+01 -9.904195368289947510e-02 9.555630683898925781e-01 2.776495516300201416e-01 1.396948528289794922e+01 3.858807086944580078e-01 -2.203057110309600830e-01 8.958574533462524414e-01 6.665525817871093750e+01
9.202231168746948242e-01 1.961766332387924194e-01 -3.386777639389038086e-01 -3.576741027832031250e+01 -1.008070558309555054e-01 9.549187421798706055e-01 2.792266905307769775e-01 1.413200664520263672e+01 3.781874179840087891e-01 -2.228098958730697632e-01 8.985149860382080078e-01 6.722966003417968750e+01
9.225120544433593750e-01 1.946723908185958862e-01 -3.332756459712982178e-01 -3.595679092407226562e+01 -9.967637062072753906e-02 9.543548226356506348e-01 2.815507650375366211e-01 1.428446674346923828e+01 3.728733062744140625e-01 -2.265144139528274536e-01 8.998088240623474121e-01 6.777201843261718750e+01
9.232906103134155273e-01 1.968095749616622925e-01 -3.298468291759490967e-01 -3.612652969360351562e+01 -1.017073392868041992e-01 9.533689022064208984e-01 2.841526269912719727e-01 1.442811584472656250e+01 3.703896105289459229e-01 -2.288077473640441895e-01 9.002543091773986816e-01 6.826698303222656250e+01
9.250311851501464844e-01 1.975817084312438965e-01 -3.244645595550537109e-01 -3.629578399658203125e+01 -1.032905951142311096e-01 9.527385234832763672e-01 2.856916785240173340e-01 1.457559013366699219e+01 3.655772507190704346e-01 -2.307597100734710693e-01 9.017219543457031250e-01 6.879125976562500000e+01
9.274032115936279297e-01 1.989440619945526123e-01 -3.167696595191955566e-01 -3.643371200561523438e+01 -1.073622331023216248e-01 9.527765512466430664e-01 2.840590775012969971e-01 1.469295883178710938e+01 3.583224713802337646e-01 -2.294283509254455566e-01 9.049679636955261230e-01 6.922899627685546875e+01
9.304764866828918457e-01 1.989032179117202759e-01 -3.076516687870025635e-01 -3.655606842041015625e+01 -1.098120957612991333e-01 9.525898098945617676e-01 2.837486863136291504e-01 1.479921722412109375e+01 3.495042920112609863e-01 -2.302377521991729736e-01 9.082052707672119141e-01 6.962703704833984375e+01
9.367126822471618652e-01 1.984876692295074463e-01 -2.883929610252380371e-01 -3.666136932373046875e+01 -1.156682297587394714e-01 9.529532194137573242e-01 2.801792323589324951e-01 1.491231727600097656e+01 3.304370045661926270e-01 -2.290896922349929810e-01 9.156029820442199707e-01 7.005742645263671875e+01
9.397478699684143066e-01 2.011390328407287598e-01 -2.764337062835693359e-01 -3.679061508178710938e+01 -1.210818663239479065e-01 9.520140290260314941e-01 2.810833156108856201e-01 1.503981590270996094e+01 3.197054564952850342e-01 -2.306765019893646240e-01 9.190083146095275879e-01 7.053700256347656250e+01
9.461586475372314453e-01 2.018216103315353394e-01 -2.530818879604339600e-01 -3.690737533569335938e+01 -1.283620446920394897e-01 9.516658782958984375e-01 2.790244519710540771e-01 1.517516803741455078e+01 2.971624135971069336e-01 -2.315154820680618286e-01 9.263339638710021973e-01 7.106168365478515625e+01
9.508802890777587891e-01 2.025723457336425781e-01 -2.340719103813171387e-01 -3.698431015014648438e+01 -1.340517252683639526e-01 9.510374665260314941e-01 2.784909009933471680e-01 1.528440761566162109e+01 2.790255248546600342e-01 -2.334339767694473267e-01 9.314788579940795898e-01 7.150830078125000000e+01
9.561499357223510742e-01 2.086357176303863525e-01 -2.055404186248779297e-01 -3.698054504394531250e+01 -1.471459865570068359e-01 9.490099549293518066e-01 2.787962853908538818e-01 1.532042789459228516e+01 2.532265484333038330e-01 -2.363268435001373291e-01 9.380967020988464355e-01 7.171234893798828125e+01
