9.999967217445373535e-01 -2.220141002908349037e-03 -1.303942990489304066e-03 5.542524158954620361e-03 2.223602961748838425e-03 9.999939799308776855e-01 2.659560879692435265e-03 -3.047694079577922821e-02 1.298030139878392220e-03 -2.662451472133398056e-03 9.999957084655761719e-01 1.528975248336791992e+00
9.999915361404418945e-01 -3.006967483088374138e-03 -2.825819887220859528e-03 5.664278753101825714e-03 3.016951959580183029e-03 9.999892115592956543e-01 3.535540075972676277e-03 -6.012990698218345642e-02 2.815159270539879799e-03 -3.544035367667675018e-03 9.999899268150329590e-01 3.052409172058105469e+00
9.999889731407165527e-01 -2.128534484654664993e-03 -4.205819685012102127e-03 3.267205320298671722e-03 2.141749951988458633e-03 9.999928474426269531e-01 3.139851614832878113e-03 -8.838230371475219727e-02 4.199105314910411835e-03 -3.148823278024792671e-03 9.999864101409912109e-01 4.566315650939941406e+00
9.999830722808837891e-01 -1.524540362879633904e-03 -5.643893964588642120e-03 -6.648873910307884216e-03 1.542551792226731777e-03 9.999938011169433594e-01 3.188330214470624924e-03 -1.107150018215179443e-01 5.638997070491313934e-03 -3.196981502696871758e-03 9.999791979789733887e-01 6.079413890838623047e+00
9.999749660491943359e-01 -1.625828444957733154e-03 -6.926313508301973343e-03 -1.843176409602165222e-02 1.651081140153110027e-03 9.999921917915344238e-01 3.641708288341760635e-03 -1.314352154731750488e-01 6.920335348695516586e-03 -3.653051331639289856e-03 9.999694824218750000e-01 7.615300178527832031e+00
9.999625086784362793e-01 -1.739690429531037807e-03 -8.516225963830947876e-03 -3.171614557504653931e-02 1.772274379618465900e-03 9.999913573265075684e-01 3.819954581558704376e-03 -1.529581099748611450e-01 8.509502746164798737e-03 -3.834901144728064537e-03 9.999564886093139648e-01 9.099119186401367188e+00
9.999412298202514648e-01 -3.535930998623371124e-03 -1.028736121952533722e-02 -4.480997473001480103e-02 3.566680243238806725e-03 9.999895095825195312e-01 2.972015179693698883e-03 -1.743687093257904053e-01 1.027674134820699692e-02 -3.008530475199222565e-03 9.999426603317260742e-01 1.059934043884277344e+01
9.999215006828308105e-01 -4.713044036179780960e-03 -1.163888163864612579e-02 -6.193958967924118042e-02 4.751316271722316742e-03 9.999836683273315430e-01 3.262684447690844536e-03 -1.890327185392379761e-01 1.162331085652112961e-02 -3.317725611850619316e-03 9.999269843101501465e-01 1.209422969818115234e+01
9.999057054519653320e-01 -4.749817773699760437e-03 -1.290980260819196701e-02 -8.195169270038604736e-02 4.793738946318626404e-03 9.999831318855285645e-01 3.373208455741405487e-03 -2.057868838310241699e-01 1.289355196058750153e-02 -3.434774698689579964e-03 9.999109506607055664e-01 1.358736991882324219e+01
9.998924136161804199e-01 -4.228781443089246750e-03 -1.407697331160306931e-02 -1.077803373336791992e-01 4.271544981747865677e-03 9.999865889549255371e-01 3.009020583704113960e-03 -2.249049842357635498e-01 1.406406145542860031e-02 -3.068824764341115952e-03 9.998962879180908203e-01 1.507594108581542969e+01
9.998910427093505859e-01 -2.623326843604445457e-03 -1.455505378544330597e-02 -1.383473426103591919e-01 2.676639705896377563e-03 9.999900460243225098e-01 3.644478041678667068e-03 -2.492410540580749512e-01 1.454534102231264114e-02 -3.683036891743540764e-03 9.998874664306640625e-01 1.656038856506347656e+01
9.998872876167297363e-01 -1.053196960128843784e-03 -1.499950420111417770e-02 -1.727573275566101074e-01 1.118768006563186646e-03 9.999901056289672852e-01 4.363722167909145355e-03 -2.723181843757629395e-01 1.499474886804819107e-02 -4.380009137094020844e-03 9.998778700828552246e-01 1.804279899597167969e+01
9.998791813850402832e-01 -2.450890679028816521e-05 -1.557320449501276016e-02 -2.058484703302383423e-01 1.051707658916711807e-04 9.999868869781494141e-01 5.178667139261960983e-03 -2.957764267921447754e-01 1.557285897433757782e-02 -5.179675295948982239e-03 9.998651742935180664e-01 1.951642036437988281e+01
9.998723268508911133e-01 -2.353725176362786442e-05 -1.600922457873821259e-02 -2.386867851018905640e-01 1.097497661248780787e-04 9.999858140945434570e-01 5.384264048188924789e-03 -3.132794499397277832e-01 1.600885950028896332e-02 -5.385328084230422974e-03 9.998571872711181641e-01 2.098967933654785156e+01
9.998640418052673340e-01 4.413881979417055845e-04 -1.651007309556007385e-02 -2.678747773170471191e-01 -3.508681838866323233e-04 9.999852776527404785e-01 5.485152825713157654e-03 -3.280153274536132812e-01 1.651224121451377869e-02 -5.478608887642621994e-03 9.998485445976257324e-01 2.245163917541503906e+01
9.998628497123718262e-01 1.119433902204036713e-03 -1.654724217951297760e-02 -2.977989614009857178e-01 -1.019277726300060749e-03 9.999814033508300781e-01 6.059865001589059830e-03 -3.414779007434844971e-01 1.655371114611625671e-02 -6.042160559445619583e-03 9.998446702957153320e-01 2.390871047973632812e+01
9.998618364334106445e-01 2.049951348453760147e-03 -1.651601120829582214e-02 -3.286902010440826416e-01 -1.931136008352041245e-03 9.999724030494689941e-01 7.206629496067762375e-03 -3.566004931926727295e-01 1.653032004833221436e-02 -7.173730526119470596e-03 9.998376369476318359e-01 2.536099052429199219e+01
9.998621344566345215e-01 2.377259312197566032e-03 -1.645374298095703125e-02 -3.584000468254089355e-01 -2.272539073601365089e-03 9.999773502349853516e-01 6.380237173289060593e-03 -3.701780438423156738e-01 1.646853238344192505e-02 -6.341958418488502502e-03 9.998442530632019043e-01 2.680200958251953125e+01
9.998624324798583984e-01 2.769093494862318039e-03 -1.638309098780155182e-02 -3.881644010543823242e-01 -2.708307467401027679e-03 9.999896287918090820e-01 3.731268458068370819e-03 -3.903781473636627197e-01 1.639325171709060669e-02 -3.686378011479973793e-03 9.998588562011718750e-01 2.823509025573730469e+01
9.998703598976135254e-01 1.170300412923097610e-03 -1.608933322131633759e-02 -4.156875908374786377e-01 -1.111482037231326103e-03 9.999929070472717285e-01 3.664198331534862518e-03 -4.127461314201354980e-01 1.609349995851516724e-02 -3.645833348855376244e-03 9.998639225959777832e-01 2.966060066223144531e+01
9.998754262924194336e-01 2.102200669469311833e-04 -1.582067459821701050e-02 -4.428035020828247070e-01 -1.086567353922873735e-04 9.999797344207763672e-01 6.420247256755828857e-03 -4.350600242614746094e-01 1.582168601453304291e-02 -6.417718715965747833e-03 9.998543262481689453e-01 3.108204078674316406e+01
9.998770952224731445e-01 -1.461067120544612408e-03 -1.565080322325229645e-02 -4.678629636764526367e-01 1.586741884239017963e-03 9.999670386314392090e-01 8.020526729524135590e-03 -4.539657533168792725e-01 1.563855819404125214e-02 -8.044363930821418762e-03 9.998453855514526367e-01 3.249336624145507812e+01
9.998789429664611816e-01 -2.448086626827716827e-03 -1.540410146117210388e-02 -4.937117695808410645e-01 2.559861401095986366e-03 9.999709129333496094e-01 7.240649312734603882e-03 -4.678086936473846436e-01 1.538591925054788589e-02 -7.279196288436651230e-03 9.998552203178405762e-01 3.388788986206054688e+01
9.998854994773864746e-01 -2.351354109123349190e-03 -1.499188411980867386e-02 -5.230181813240051270e-01 2.434640191495418549e-03 9.999821782112121582e-01 5.539602134376764297e-03 -4.845156967639923096e-01 1.497858017683029175e-02 -5.575460847467184067e-03 9.998723268508911133e-01 3.527199172973632812e+01
9.998965263366699219e-01 -1.558195566758513451e-03 -1.435595378279685974e-02 -5.548670291900634766e-01 1.621393952518701553e-03 9.999895095825195312e-01 4.391700495034456253e-03 -5.027096271514892578e-01 1.434894092381000519e-02 -4.414518829435110092e-03 9.998873472213745117e-01 3.663972473144531250e+01
9.999098181724548340e-01 -8.665703353472054005e-04 -1.345465332269668579e-02 -5.831614732742309570e-01 9.187320829369127750e-04 9.999927282333374023e-01 3.871188266202807426e-03 -5.237001180648803711e-01 1.345119159668684006e-02 -3.883196739479899406e-03 9.999019503593444824e-01 3.799599075317382812e+01
9.999250173568725586e-01 -3.144410438835620880e-04 -1.231114380061626434e-02 -6.110065579414367676e-01 3.705377457663416862e-04 9.999902248382568359e-01 4.554591607302427292e-03 -5.446799993515014648e-01 1.230958197265863419e-02 -4.558806773275136948e-03 9.999139308929443359e-01 3.933018493652343750e+01
9.999434947967529297e-01 3.341611882206052542e-04 -1.070505194365978241e-02 -6.351593136787414551e-01 -2.610096125863492489e-04 9.999772906303405762e-01 6.834073923528194427e-03 -5.650873184204101562e-01 1.070708222687244415e-02 -6.830886472016572952e-03 9.999195337295532227e-01 4.065400695800781250e+01
9.999598264694213867e-01 -2.712025016080588102e-04 -9.045791812241077423e-03 -6.559746861457824707e-01 3.434897807892411947e-04 9.999687075614929199e-01 7.990691810846328735e-03 -5.837700963020324707e-01 9.043335914611816406e-03 -7.993470877408981323e-03 9.999272227287292480e-01 4.195718765258789062e+01
9.999778866767883301e-01 6.777954695280641317e-05 -6.759559735655784607e-03 -6.731876730918884277e-01 -1.046818761096801609e-05 9.999647736549377441e-01 8.478281088173389435e-03 -6.012230515480041504e-01 6.759893149137496948e-03 -8.478014729917049408e-03 9.999412894248962402e-01 4.323954391479492188e+01
9.999951720237731934e-01 5.490998591994866729e-05 -3.365367650985717773e-03 -6.865418553352355957e-01 -2.680572470126207918e-05 9.999658465385437012e-01 8.350576274096965790e-03 -6.178194284439086914e-01 3.365714335814118385e-03 -8.350436575710773468e-03 9.999594688415527344e-01 4.450288391113281250e+01
1.000000596046447754e+00 -7.846739608794450760e-04 3.219050995539873838e-04 -6.935887336730957031e-01 7.826663786545395851e-04 9.999812245368957520e-01 6.189642474055290222e-03 -6.350242495536804199e-01 -3.267478896304965019e-04 -6.189389154314994812e-03 9.999808669090270996e-01 4.574412536621093750e+01
9.999931454658508301e-01 -1.100101508200168610e-03 3.803496714681386948e-03 -6.959572434425354004e-01 1.082755159586668015e-03 9.999897480010986328e-01 4.559602588415145874e-03 -6.526708602905273438e-01 -3.808459965512156487e-03 -4.555450286716222763e-03 9.999824762344360352e-01 4.697747421264648438e+01
9.999699592590332031e-01 -6.772936903871595860e-04 7.861764170229434967e-03 -7.001994848251342773e-01 6.368231261149048805e-04 9.999874234199523926e-01 5.149116273969411850e-03 -6.645449399948120117e-01 -7.865130901336669922e-03 -5.143951158970594406e-03 9.999560117721557617e-01 4.819773101806640625e+01
9.999144077301025391e-01 -2.620467566885054111e-04 1.315833069384098053e-02 -6.975234746932983398e-01 1.937413180712610483e-04 9.999874234199523926e-01 5.192056763917207718e-03 -6.781885027885437012e-01 -1.315949298441410065e-02 -5.189058836549520493e-03 9.999002218246459961e-01 4.940740585327148438e+01
9.998053312301635742e-01 1.185350818559527397e-03 1.974546536803245544e-02 -6.903612017631530762e-01 -1.267195795662701130e-03 9.999915957450866699e-01 4.133007023483514786e-03 -6.899982690811157227e-01 -1.974035426974296570e-02 -4.157221410423517227e-03 9.997966885566711426e-01 5.060552597045898438e+01
9.996277093887329102e-01 2.727089216932654381e-03 2.718147449195384979e-02 -6.759702563285827637e-01 -2.833093516528606415e-03 9.999895691871643066e-01 3.862098557874560356e-03 -7.020693421363830566e-01 -2.717059478163719177e-02 -3.937666304409503937e-03 9.996234178543090820e-01 5.179126739501953125e+01
9.993603825569152832e-01 3.728636307641863823e-03 3.559362888336181641e-02 -6.473752260208129883e-01 -3.917030524462461472e-03 9.999799132347106934e-01 5.224638618528842926e-03 -7.126116156578063965e-01 -3.557335212826728821e-02 -5.360711831599473953e-03 9.993529915809631348e-01 5.296879196166992188e+01
9.989339113235473633e-01 5.955701693892478943e-03 4.579899087548255920e-02 -6.094623208045959473e-01 -6.221122574061155319e-03 9.999658465385437012e-01 5.654978100210428238e-03 -7.231037020683288574e-01 -4.576364159584045410e-02 -5.933863576501607895e-03 9.989351034164428711e-01 5.413294982910156250e+01
9.982401728630065918e-01 8.248465135693550110e-03 5.874198675155639648e-02 -5.600619912147521973e-01 -8.602126501500606537e-03 9.999475479125976562e-01 5.770219955593347549e-03 -7.297778129577636719e-01 -5.869117751717567444e-02 -6.265363655984401703e-03 9.982569813728332520e-01 5.528109359741210938e+01
9.972454309463500977e-01 1.030551921576261520e-02 7.346697896718978882e-02 -4.934096634387969971e-01 -1.079633180052042007e-02 9.999231100082397461e-01 6.286571733653545380e-03 -7.390771508216857910e-01 -7.339639961719512939e-02 -7.062418852001428604e-03 9.972783327102661133e-01 5.641218566894531250e+01
9.958870410919189453e-01 1.264626253396272659e-02 8.972740173339843750e-02 -4.111114740371704102e-01 -1.336116530001163483e-02 9.998846650123596191e-01 7.371205370873212814e-03 -7.469050288200378418e-01 -8.962363749742507935e-02 -8.539736270904541016e-03 9.959394931793212891e-01 5.753105163574218750e+01
9.941360950469970703e-01 1.287821214646100998e-02 1.073774322867393494e-01 -3.043735623359680176e-01 -1.390335615724325180e-02 9.998658299446105957e-01 8.803905919194221497e-03 -7.552163600921630859e-01 -1.072494462132453918e-01 -1.024517044425010681e-02 9.941798448562622070e-01 5.864015197753906250e+01
9.919015765190124512e-01 1.254742313176393509e-02 1.263967603445053101e-01 -1.772581040859222412e-01 -1.369400601834058762e-02 9.998737573623657227e-01 8.206435479223728180e-03 -7.637427449226379395e-01 -1.262775510549545288e-01 -9.870831854641437531e-03 9.919462800025939941e-01 5.973159408569335938e+01
9.891317486763000488e-01 1.167646329849958420e-02 1.465752720832824707e-01 -3.027895092964172363e-02 -1.282088644802570343e-02 9.998953938484191895e-01 6.865397561341524124e-03 -7.709587216377258301e-01 -1.464794576168060303e-01 -8.669989183545112610e-03 9.891760945320129395e-01 6.080734634399414062e+01
9.858587980270385742e-01 9.109440259635448456e-03 1.673371046781539917e-01 1.414173543453216553e-01 -1.029134448617696762e-02 9.999290108680725098e-01 6.197192240506410599e-03 -7.801987528800964355e-01 -1.672684699296951294e-01 -7.831662893295288086e-03 9.858807325363159180e-01 6.186838912963867188e+01
9.819665551185607910e-01 3.793585347011685371e-03 1.890227347612380981e-01 3.429252207279205322e-01 -5.471348296850919724e-03 9.999513030052185059e-01 8.354946970939636230e-03 -7.905716300010681152e-01 -1.889815032482147217e-01 -9.238468483090400696e-03 9.819377660751342773e-01 6.291291427612304688e+01
9.773056507110595703e-01 -1.709233736619353294e-03 2.118324637413024902e-01 5.688542723655700684e-01 -4.745867336168885231e-04 9.999484419822692871e-01 1.025790534913539886e-02 -7.991533279418945312e-01 -2.118386179208755493e-01 -1.012562029063701630e-02 9.772527217864990234e-01 6.394069671630859375e+01
9.718702435493469238e-01 -6.880940869450569153e-03 2.354214042425155640e-01 8.226088285446166992e-01 4.698979668319225311e-03 9.999417066574096680e-01 9.828072041273117065e-03 -8.026623725891113281e-01 -2.354748398065567017e-01 -8.445355109870433807e-03 9.718443751335144043e-01 6.494900512695312500e+01
9.654664397239685059e-01 -1.331157516688108444e-02 2.601917684078216553e-01 1.098601818084716797e+00 1.166580989956855774e-02 9.999021887779235840e-01 7.868495769798755646e-03 -8.056284785270690918e-01 -2.602704465389251709e-01 -4.561413545161485672e-03 9.655255079269409180e-01 6.593481445312500000e+01
9.580729007720947266e-01 -1.728535816073417664e-02 2.860068678855895996e-01 1.400585174560546875e+00 1.562879607081413269e-02 9.998463988304138184e-01 8.073840290307998657e-03 -8.048754334449768066e-01 -2.861006557941436768e-01 -3.265435341745615005e-03 9.581947326660156250e-01 6.690392303466796875e+01
9.495615363121032715e-01 -2.005551010370254517e-02 3.129419684410095215e-01 1.719455718994140625e+00 1.762513443827629089e-02 9.997897744178771973e-01 1.059349253773689270e-02 -8.099226355552673340e-01 -3.130840659141540527e-01 -4.543641582131385803e-03 9.497163295745849609e-01 6.785633850097656250e+01
9.399608969688415527e-01 -2.430703490972518921e-02 3.404184579849243164e-01 2.070878267288208008e+00 2.082738280296325684e-02 9.996880888938903809e-01 1.387288328260183334e-02 -8.116225600242614746e-01 -3.406459689140319824e-01 -5.950063932687044144e-03 9.401746988296508789e-01 6.879160308837890625e+01
9.291726946830749512e-01 -2.800216525793075562e-02 3.685863912105560303e-01 2.445161104202270508e+00 2.471869625151157379e-02 9.996028542518615723e-01 1.362814474850893021e-02 -8.131266832351684570e-01 -3.688171803951263428e-01 -3.552088979631662369e-03 9.294971227645874023e-01 6.970247650146484375e+01
9.172161221504211426e-01 -2.734524756669998169e-02 3.974528312683105469e-01 2.836659908294677734e+00 2.544900588691234589e-02 9.996269345283508301e-01 1.004611607640981674e-02 -8.139158487319946289e-01 -3.975747525691986084e-01 9.001920698210597038e-04 9.175719618797302246e-01 7.058847045898437500e+01
9.041603207588195801e-01 -2.861153520643711090e-02 4.262364208698272705e-01 3.253656148910522461e+00 2.944819442927837372e-02 9.995568990707397461e-01 4.628993105143308640e-03 -8.166674971580505371e-01 -4.261752665042877197e-01 8.366477675735950470e-03 9.046053290367126465e-01 7.145285034179687500e+01
8.900741338729858398e-01 -3.066898509860038757e-02 4.547849893569946289e-01 3.697192192077636719e+00 3.353679552674293518e-02 9.994372725486755371e-01 1.762484549544751644e-03 -8.217564225196838379e-01 -4.545777440071105957e-01 1.368312817066907883e-02 8.906051516532897949e-01 7.230023956298828125e+01
8.745242357254028320e-01 -3.199560940265655518e-02 4.839273393154144287e-01 4.165780067443847656e+00 3.386523202061653137e-02 9.994158744812011719e-01 4.878853913396596909e-03 -8.265731930732727051e-01 -4.837944209575653076e-01 1.212140452116727829e-02 8.751012682914733887e-01 7.313236236572265625e+01
8.569685816764831543e-01 -3.122431971132755280e-02 5.144237279891967773e-01 4.656408309936523438e+00 2.991543151438236237e-02 9.994950294494628906e-01 1.083160284906625748e-02 -8.326493501663208008e-01 -5.144959688186645508e-01 6.106622982770204544e-03 8.574746847152709961e-01 7.395149993896484375e+01
8.375216722488403320e-01 -3.135406225919723511e-02 5.455055236816406250e-01 5.171927452087402344e+00 2.716629393398761749e-02 9.995083212852478027e-01 1.574014499783515930e-02 -8.379073739051818848e-01 -5.457243919372558594e-01 1.636345172300934792e-03 8.379670977592468262e-01 7.474060821533203125e+01
8.164969682693481445e-01 -2.594621106982231140e-02 5.767682194709777832e-01 5.707433700561523438e+00 2.416216209530830383e-02 9.996513724327087402e-01 1.076496578752994537e-02 -8.397168517112731934e-01 -5.768405795097351074e-01 5.146167706698179245e-03 8.168445825576782227e-01 7.550157928466796875e+01
7.946466803550720215e-01 -1.916755549609661102e-02 6.067711710929870605e-01 6.267405033111572266e+00 2.143020182847976685e-02 9.997653365135192871e-01 3.516444703564047813e-03 -8.402742743492126465e-01 -6.066915988922119141e-01 1.020872872322797775e-02 7.948759794235229492e-01 7.623611450195312500e+01
7.722402811050415039e-01 -1.642358303070068359e-02 6.351200342178344727e-01 6.852978706359863281e+00 2.055816166102886200e-02 9.997894167900085449e-01 8.570596692152321339e-04 -8.436517715454101562e-01 -6.349967718124389648e-01 1.239490509033203125e-02 7.724205255508422852e-01 7.694209289550781250e+01
7.490509152412414551e-01 -1.930173672735691071e-02 6.622329354286193848e-01 7.469770908355712891e+00 2.196153998374938965e-02 9.997506737709045410e-01 4.298592451959848404e-03 -8.507164716720581055e-01 -6.621468067169189453e-01 1.132361032068729401e-02 7.492932081222534180e-01 7.762733459472656250e+01
7.247332334518432617e-01 -1.953837648034095764e-02 6.887542009353637695e-01 8.102858543395996094e+00 2.116684801876544952e-02 9.997584819793701172e-01 6.088393274694681168e-03 -8.620825409889221191e-01 -6.887031793594360352e-01 1.016609743237495422e-02 7.249778509140014648e-01 7.828426361083984375e+01
6.994603872299194336e-01 -1.826384477317333221e-02 7.144395709037780762e-01 8.750816345214843750e+00 2.269955724477767944e-02 9.997377991676330566e-01 3.333639586344361305e-03 -8.702424764633178711e-01 -7.143091559410095215e-01 1.388551853597164154e-02 6.996980905532836914e-01 7.890612030029296875e+01
6.733407974243164062e-01 -1.581718400120735168e-02 7.391645908355712891e-01 9.420970916748046875e+00 2.290930040180683136e-02 9.997383952140808105e-01 5.240395548753440380e-04 -8.762203454971313477e-01 -7.389761805534362793e-01 1.658073440194129944e-02 6.735324263572692871e-01 7.950659179687500000e+01
6.464033722877502441e-01 -1.342375297099351883e-02 7.628792524337768555e-01 1.010938930511474609e+01 2.085711620748043060e-02 9.997833967208862305e-01 -8.023450209293514490e-05 -8.844699263572692871e-01 -7.627097368240356445e-01 1.596317999064922333e-02 6.465495228767395020e-01 8.008178710937500000e+01
6.186209917068481445e-01 -1.239591371268033981e-02 7.855931520462036133e-01 1.082347011566162109e+01 2.120030671358108521e-02 9.997758865356445312e-01 -9.187709656544029713e-04 -8.963099718093872070e-01 -7.854025959968566895e-01 1.722305081784725189e-02 6.187514662742614746e-01 8.063452911376953125e+01
5.901011824607849121e-01 -6.313392892479896545e-03 8.073061704635620117e-01 1.155405998229980469e+01 2.023871615529060364e-02 9.997719526290893555e-01 -6.974907126277685165e-03 -9.103961586952209473e-01 -8.070751428604125977e-01 2.045464701950550079e-02 5.901011824607849121e-01 8.116191101074218750e+01
5.602455139160156250e-01 2.835347549989819527e-03 8.283232450485229492e-01 1.229825019836425781e+01 1.892338693141937256e-02 9.996904134750366211e-01 -1.622091233730316162e-02 -9.440797567367553711e-01 -8.281099796295166016e-01 2.476237155497074127e-02 5.600257515907287598e-01 8.167566680908203125e+01
5.295977592468261719e-01 1.127181481570005417e-02 8.481753468513488770e-01 1.306622886657714844e+01 1.835660450160503387e-02 9.995263814926147461e-01 -2.474494650959968567e-02 -9.899760484695434570e-01 -8.480499982833862305e-01 2.867454290390014648e-02 5.291471481323242188e-01 8.217868041992187500e+01
4.980183839797973633e-01 1.631847023963928223e-02 8.670142292976379395e-01 1.385638236999511719e+01 1.612200029194355011e-02 9.994770884513854980e-01 -2.807214669883251190e-02 -1.044292926788330078e+00 -8.670164346694946289e-01 2.795853093266487122e-02 4.975017607212066650e-01 8.266078948974609375e+01
4.656623005867004395e-01 1.582819968461990356e-02 8.848222494125366211e-01 1.467088317871093750e+01 1.381367351859807968e-02 9.995894432067871094e-01 -2.515100874006748199e-02 -1.091172099113464355e+00 -8.848543167114257812e-01 2.393461205065250397e-02 4.652600884437561035e-01 8.310302734375000000e+01
4.327524602413177490e-01 1.418518554419279099e-02 9.014024734497070312e-01 1.550497531890869141e+01 9.386174380779266357e-03 9.997524023056030273e-01 -2.023904025554656982e-02 -1.141770124435424805e+00 -9.014641046524047852e-01 1.721927337348461151e-02 4.325196146965026855e-01 8.352667236328125000e+01
3.985679447650909424e-01 1.506852544844150543e-02 9.170162677764892578e-01 1.635190582275390625e+01 5.370113998651504517e-03 9.998108148574829102e-01 -1.876301318407058716e-02 -1.182920813560485840e+00 -9.171239733695983887e-01 1.240287255495786667e-02 3.984193801879882812e-01 8.390623474121093750e+01
3.634392917156219482e-01 1.801940798759460449e-02 9.314448833465576172e-01 1.721886444091796875e+01 -1.324511948041617870e-03 9.998232126235961914e-01 -1.882537454366683960e-02 -1.223975777626037598e+00 -9.316182732582092285e-01 5.608232691884040833e-03 3.634064793586730957e-01 8.426657104492187500e+01
3.276886641979217529e-01 2.019549161195755005e-02 9.445710778236389160e-01 1.810136413574218750e+01 -6.744471378624439240e-03 9.997972846031188965e-01 -1.903642714023590088e-02 -1.258474588394165039e+00 -9.447634220123291016e-01 -1.325410121353343129e-04 3.277656435966491699e-01 8.458908843994140625e+01
2.915842831134796143e-01 1.934555731713771820e-02 9.563507437705993652e-01 1.900347518920898438e+01 -9.648323990404605865e-03 9.998053312301635742e-01 -1.728283613920211792e-02 -1.292921423912048340e+00 -9.564985632896423340e-01 -4.187726415693759918e-03 2.917207777500152588e-01 8.487394714355468750e+01
2.554163634777069092e-01 1.898680813610553741e-02 9.666459560394287109e-01 1.992034721374511719e+01 -1.046186778694391251e-02 9.998041391372680664e-01 -1.687372289597988129e-02 -1.333845615386962891e+00 -9.667767882347106934e-01 -5.803059786558151245e-03 2.555718123912811279e-01 8.512313079833984375e+01
2.195927500724792480e-01 1.816829480230808258e-02 9.754236340522766113e-01 2.085319900512695312e+01 -9.854772128164768219e-03 9.998181462287902832e-01 -1.640406064689159393e-02 -1.389328718185424805e+00 -9.755442738533020020e-01 -6.010339595377445221e-03 2.197383940219879150e-01 8.533973693847656250e+01
1.842615008354187012e-01 1.726802624762058258e-02 9.827267527580261230e-01 2.179624938964843750e+01 -7.939281873404979706e-03 9.998404979705810547e-01 -1.608008518815040588e-02 -1.441902875900268555e+00 -9.828477501869201660e-01 -4.839180503040552139e-03 1.843760758638381958e-01 8.551620483398437500e+01
1.497065424919128418e-01 1.548325363546609879e-02 9.886105060577392578e-01 2.274982070922851562e+01 -4.622488631866872311e-04 9.998795986175537109e-01 -1.558971498161554337e-02 -1.487419128417968750e+00 -9.887331724166870117e-01 1.876923255622386932e-03 1.497027128934860229e-01 8.565431213378906250e+01
1.161095052957534790e-01 1.870304718613624573e-02 9.930614233016967773e-01 2.370413970947265625e+01 3.197375684976577759e-03 9.998117685317993164e-01 -1.920398138463497162e-02 -1.536456227302551270e+00 -9.932343363761901855e-01 5.405007395893335342e-03 1.160344481468200684e-01 8.575803375244140625e+01
8.347093313932418823e-02 2.449841611087322235e-02 9.962102770805358887e-01 2.466339302062988281e+01 3.600800642743706703e-03 9.996850490570068359e-01 -2.488554455339908600e-02 -1.578858375549316406e+00 -9.965071082115173340e-01 5.664468742907047272e-03 8.336301892995834351e-02 8.583905792236328125e+01
5.411491170525550842e-02 2.811235189437866211e-02 9.981400370597839355e-01 2.562628173828125000e+01 1.029635686427354813e-02 9.995359778404235840e-01 -2.870986238121986389e-02 -1.637415409088134766e+00 -9.984852075576782227e-01 1.183096133172512054e-02 5.380689352750778198e-02 8.588436126708984375e+01
2.844833955168724060e-02 2.769312262535095215e-02 9.992128610610961914e-01 2.659673690795898438e+01 1.316385809332132339e-02 9.995203018188476562e-01 -2.807640656828880310e-02 -1.686770558357238770e+00 -9.995124340057373047e-01 1.395236700773239136e-02 2.807703055441379547e-02 8.590383148193359375e+01
5.896417889744043350e-03 2.376382239162921906e-02 9.997013807296752930e-01 2.757777404785156250e+01 1.408034749329090118e-02 9.996176362037658691e-01 -2.384484745562076569e-02 -1.740062475204467773e+00 -9.998874664306640625e-01 1.421686261892318726e-02 5.566448438912630081e-03 8.590853881835937500e+01
-1.322895009070634842e-02 2.055411785840988159e-02 9.997023940086364746e-01 2.856064414978027344e+01 1.436560880392789841e-02 9.996905922889709473e-01 -2.036375552415847778e-02 -1.785583257675170898e+00 -9.998134374618530273e-01 1.409203931689262390e-02 -1.351315807551145554e-02 8.589237213134765625e+01
-2.974223718047142029e-02 2.343911118805408478e-02 9.992839097976684570e-01 2.953915214538574219e+01 1.629229076206684113e-02 9.996048808097839355e-01 -2.296168543398380280e-02 -1.850373029708862305e+00 -9.994290471076965332e-01 1.559781283140182495e-02 -3.010537102818489075e-02 8.586036682128906250e+01
-4.451176151633262634e-02 2.917321585118770599e-02 9.985839128494262695e-01 3.052058792114257812e+01 1.897170394659042358e-02 9.994190335273742676e-01 -2.835192903876304626e-02 -1.910044789314270020e+00 -9.988329410552978516e-01 1.768300496041774750e-02 -4.503288492560386658e-02 8.580993652343750000e+01
-5.644691362977027893e-02 3.313709795475006104e-02 9.978568553924560547e-01 3.150613975524902344e+01 2.335372939705848694e-02 9.992205500602722168e-01 -3.186129033565521240e-02 -1.968582868576049805e+00 -9.981367588043212891e-01 2.150538749992847443e-02 -5.717048794031143188e-02 8.574644470214843750e+01
-6.558737903833389282e-02 3.696841001510620117e-02 9.971629381179809570e-01 3.249555969238281250e+01 2.936166524887084961e-02 9.989532828330993652e-01 -3.510352596640586853e-02 -2.034292697906494141e+00 -9.974192380905151367e-01 2.697622403502464294e-02 -6.659780442714691162e-02 8.567008972167968750e+01
-7.133191078901290894e-02 4.201287776231765747e-02 9.965686202049255371e-01 3.348525619506835938e+01 3.294281661510467529e-02 9.986678361892700195e-01 -3.974337875843048096e-02 -2.096511363983154297e+00 -9.969131350517272949e-01 2.999507449567317963e-02 -7.261443883180618286e-02 8.558785247802734375e+01
-7.497990876436233521e-02 4.736710712313652039e-02 9.960606098175048828e-01 3.447576904296875000e+01 3.484806418418884277e-02 9.983865618705749512e-01 -4.485447332262992859e-02 -2.165170431137084961e+00 -9.965806007385253906e-01 3.134788200259208679e-02 -7.650320976972579956e-02 8.550620269775390625e+01
-7.772065699100494385e-02 5.100181326270103455e-02 9.956709146499633789e-01 3.547395324707031250e+01 3.710226342082023621e-02 9.981478452682495117e-01 -4.823252931237220764e-02 -2.230292797088623047e+00 -9.962891936302185059e-01 3.319330513477325439e-02 -7.946284115314483643e-02 8.541964721679687500e+01
-8.041104674339294434e-02 5.455566570162773132e-02 9.952689409255981445e-01 3.647412872314453125e+01 3.755352646112442017e-02 9.979590177536010742e-01 -5.166904628276824951e-02 -2.302430868148803711e+00 -9.960588216781616211e-01 3.322143480181694031e-02 -8.228953182697296143e-02 8.533317565917968750e+01
-8.277057856321334839e-02 5.712859705090522766e-02 9.949311614036560059e-01 3.747627639770507812e+01 3.843793645501136780e-02 9.977968335151672363e-01 -5.409541353583335876e-02 -2.372413396835327148e+00 -9.958317875862121582e-01 3.376594930887222290e-02 -8.477783948183059692e-02 8.524391937255859375e+01
-8.466812223196029663e-02 6.126161664724349976e-02 9.945254325866699219e-01 3.847943496704101562e+01 3.950437903404235840e-02 9.975308179855346680e-01 -5.808357149362564087e-02 -2.446548700332641602e+00 -9.956305623054504395e-01 3.437066078186035156e-02 -8.687286823987960815e-02 8.515131378173828125e+01
-8.668549358844757080e-02 6.295578181743621826e-02 9.942458271980285645e-01 3.948799133300781250e+01 4.222103953361511230e-02 9.973376989364624023e-01 -5.947043746709823608e-02 -2.531912326812744141e+00 -9.953453540802001953e-01 3.682326525449752808e-02 -8.910618722438812256e-02 8.504750823974609375e+01
-8.870591968297958374e-02 6.205832585692405701e-02 9.941241145133972168e-01 4.050495910644531250e+01 4.252216592431068420e-02 9.973841905593872070e-01 -5.846760794520378113e-02 -2.620467424392700195e+00 -9.951545596122741699e-01 3.708627074956893921e-02 -9.110604226589202881e-02 8.494375610351562500e+01
-9.119762480258941650e-02 6.078599393367767334e-02 9.939771890640258789e-01 4.152318572998046875e+01 4.136860743165016174e-02 9.975057244300842285e-01 -5.720623210072517395e-02 -2.703794002532958984e+00 -9.949780106544494629e-01 3.590276092290878296e-02 -9.347814321517944336e-02 8.484051513671875000e+01
-9.318061172962188721e-02 6.236755847930908203e-02 9.936953783035278320e-01 4.254158020019531250e+01 4.189177230000495911e-02 9.973989129066467285e-01 -5.867178365588188171e-02 -2.782434940338134766e+00 -9.947723746299743652e-01 3.616097941994667053e-02 -9.554407745599746704e-02 8.473381042480468750e+01
-9.565342962741851807e-02 6.425890326499938965e-02 9.933398962020874023e-01 4.356324768066406250e+01 4.068659618496894836e-02 9.973336458206176758e-01 -6.059938669204711914e-02 -2.862846612930297852e+00 -9.945877194404602051e-01 3.461948037147521973e-02 -9.800595790147781372e-02 8.462680816650390625e+01
-9.826752543449401855e-02 6.680705398321151733e-02 9.929165840148925781e-01 4.459164428710937500e+01 3.932744637131690979e-02 9.972264766693115234e-01 -6.320489943027496338e-02 -2.947049379348754883e+00 -9.943876266479492188e-01 3.283829987049102783e-02 -1.006153300404548645e-01 8.451316070556640625e+01
-1.008220687508583069e-01 7.017319649457931519e-02 9.924281835556030273e-01 4.562393188476562500e+01 3.714924305677413940e-02 9.970803856849670410e-01 -6.672815978527069092e-02 -3.034106731414794922e+00 -9.942157864570617676e-01 3.014072962105274200e-02 -1.031275466084480286e-01 8.439659118652343750e+01
-1.030372679233551025e-01 7.454552501440048218e-02 9.918816685676574707e-01 4.665837478637695312e+01 3.383049368858337402e-02 9.968743920326232910e-01 -7.140645384788513184e-02 -3.121718883514404297e+00 -9.941072463989257812e-01 2.619878947734832764e-02 -1.052300706505775452e-01 8.428070068359375000e+01
-1.055616736412048340e-01 7.713979482650756836e-02 9.914177060127258301e-01 4.769862365722656250e+01 3.158560022711753845e-02 9.967447519302368164e-01 -7.419121265411376953e-02 -3.212408781051635742e+00 -9.939163327217102051e-01 2.348325587809085846e-02 -1.076475307345390320e-01 8.416019439697265625e+01
-1.082517802715301514e-01 7.568373531103134155e-02 9.912398457527160645e-01 4.874268722534179688e+01 2.980119176208972931e-02 9.968978166580200195e-01 -7.286120951175689697e-02 -3.300682306289672852e+00 -9.936820864677429199e-01 2.165325358510017395e-02 -1.101643443107604980e-01 8.403845977783203125e+01
-1.113400831818580627e-01 7.123117148876190186e-02 9.912278056144714355e-01 4.979769897460937500e+01 2.642011642456054688e-02 9.972887635231018066e-01 -6.869908422231674194e-02 -3.399466514587402344e+00 -9.934363961219787598e-01 1.853982359170913696e-02 -1.129131242632865906e-01 8.391226196289062500e+01
-1.139164790511131287e-01 6.959571689367294312e-02 9.910510778427124023e-01 5.085132598876953125e+01 2.627211436629295349e-02 9.974067807197570801e-01 -6.702218949794769287e-02 -3.491218566894531250e+00 -9.931480884552001953e-01 1.840250566601753235e-02 -1.154424473643302917e-01 8.378082275390625000e+01
-1.158251687884330750e-01 6.985045969486236572e-02 9.908118844032287598e-01 5.190711593627929688e+01 2.598176151514053345e-02 9.973971247673034668e-01 -6.727746129035949707e-02 -3.581331491470336914e+00 -9.929348230361938477e-01 1.795102283358573914e-02 -1.173316687345504761e-01 8.364638519287109375e+01
-1.171498820185661316e-01 7.263410836458206177e-02 9.904560446739196777e-01 5.296286773681640625e+01 2.737643569707870483e-02 9.971802234649658203e-01 -6.988919526338577271e-02 -3.668472528457641602e+00 -9.927420020103454590e-01 1.892807334661483765e-02 -1.188011169433593750e-01 8.350918579101562500e+01
-1.177717819809913635e-01 7.541690766811370850e-02 9.901742935180664062e-01 5.402131271362304688e+01 2.790445461869239807e-02 9.969706535339355469e-01 -7.261560112237930298e-02 -3.758475780487060547e+00 -9.926536679267883301e-01 1.907866448163986206e-02 -1.195127740502357483e-01 8.337059020996093750e+01
-1.182044744491577148e-01 7.659698277711868286e-02 9.900321960449218750e-01 5.508954238891601562e+01 2.708119526505470276e-02 9.968993067741394043e-01 -7.389497011899948120e-02 -3.853302955627441406e+00 -9.926249980926513672e-01 1.807699911296367645e-02 -1.199055239558219910e-01 8.323164367675781250e+01
-1.180777847766876221e-01 7.482947409152984619e-02 9.901823997497558594e-01 5.616220092773437500e+01 2.374352142214775085e-02 9.970854520797729492e-01 -7.251979410648345947e-02 -3.946918725967407227e+00 -9.927256703376770020e-01 1.494789216667413712e-02 -1.195035353302955627e-01 8.309722137451171875e+01
-1.183117777109146118e-01 7.450337707996368408e-02 9.901790022850036621e-01 5.723650741577148438e+01 1.999766565859317780e-02 9.971588253974914551e-01 -7.263913750648498535e-02 -4.043438911437988281e+00 -9.927803277969360352e-01 1.120764296501874924e-02 -1.194587051868438721e-01 8.296369171142578125e+01
-1.184145808219909668e-01 7.536466419696807861e-02 9.901015162467956543e-01 5.831228256225585938e+01 1.629362069070339203e-02 9.971296787261962891e-01 -7.395096123218536377e-02 -4.137483596801757812e+00 -9.928357601165771484e-01 7.375909015536308289e-03 -1.192957088351249695e-01 8.283238220214843750e+01
-1.187916845083236694e-01 7.570447772741317749e-02 9.900304079055786133e-01 5.939431762695312500e+01 1.225764770060777664e-02 9.971260428428649902e-01 -7.477629929780960083e-02 -4.235523223876953125e+00 -9.928487539291381836e-01 3.253085771575570107e-03 -1.193712204694747925e-01 8.269882965087890625e+01
-1.192828789353370667e-01 7.481215894222259521e-02 9.900391697883605957e-01 6.048418045043945312e+01 8.649848401546478271e-03 9.971986413002014160e-01 -7.431102544069290161e-02 -4.332876682281494141e+00 -9.928278326988220215e-01 -2.999278658535331488e-04 -1.195889487862586975e-01 8.256495666503906250e+01
-1.196762770414352417e-01 6.989094614982604980e-02 9.903512597084045410e-01 6.158949661254882812e+01 8.554858155548572540e-03 9.975556731224060059e-01 -6.936560571193695068e-02 -4.427685260772705078e+00 -9.927813410758972168e-01 1.712622033664956689e-04 -1.199747696518898010e-01 8.242056274414062500e+01
-1.199741810560226440e-01 6.147790700197219849e-02 9.908730387687683105e-01 6.269202804565429688e+01 1.156220864504575729e-02 9.981006383895874023e-01 -6.052641570568084717e-02 -4.507439136505126953e+00 -9.927149415016174316e-01 4.195387009531259537e-03 -1.204502508044242859e-01 8.227685546875000000e+01
-1.199895814061164856e-01 5.482832342386245728e-02 9.912613630294799805e-01 6.380165481567382812e+01 1.624670438468456268e-02 9.984495639801025391e-01 -5.325930938124656677e-02 -4.575109481811523438e+00 -9.926475286483764648e-01 9.714433923363685608e-03 -1.206874176859855652e-01 8.212708282470703125e+01
-1.191901713609695435e-01 5.753565207123756409e-02 9.912043213844299316e-01 6.490302276611328125e+01 2.502534538507461548e-02 9.981775879859924316e-01 -5.493119731545448303e-02 -4.637322902679443359e+00 -9.925613403320312500e-01 1.825826615095138550e-02 -1.204061210155487061e-01 8.197224426269531250e+01
-1.179478615522384644e-01 6.349048763513565063e-02 9.909894466400146484e-01 6.600678253173828125e+01 3.117518313229084015e-02 9.976999163627624512e-01 -6.020996347069740295e-02 -4.698823451995849609e+00 -9.925357103347778320e-01 2.379298582673072815e-02 -1.196491867303848267e-01 8.181898498535156250e+01
-1.170728802680969238e-01 6.916159391403198242e-02 9.907135963439941406e-01 6.711538696289062500e+01 3.455192595720291138e-02 9.972529411315917969e-01 -6.553514301776885986e-02 -4.769758224487304688e+00 -9.925276041030883789e-01 2.655907161533832550e-02 -1.191341504454612732e-01 8.167181396484375000e+01
-1.163452640175819397e-01 7.294959574937820435e-02 9.905275106430053711e-01 6.822844696044921875e+01 3.564826771616935730e-02 9.969640374183654785e-01 -6.923648715019226074e-02 -4.848158359527587891e+00 -9.925743937492370605e-01 2.725568041205406189e-02 -1.185858994722366333e-01 8.152789306640625000e+01
-1.163710579276084900e-01 7.198815047740936279e-02 9.905949831008911133e-01 6.935298156738281250e+01 3.285763785243034363e-02 9.971038699150085449e-01 -6.860122829675674438e-02 -4.927906513214111328e+00 -9.926675558090209961e-01 2.456584013998508453e-02 -1.183926016092300415e-01 8.138887786865234375e+01
-1.161348596215248108e-01 6.691424548625946045e-02 9.909783005714416504e-01 7.048503875732421875e+01 3.072076104581356049e-02 9.974936842918395996e-01 -6.375399231910705566e-02 -5.011016368865966797e+00 -9.927636384963989258e-01 2.303991839289665222e-02 -1.178927347064018250e-01 8.124924468994140625e+01
-1.159476637840270996e-01 6.394354999065399170e-02 9.911964535713195801e-01 7.162120056152343750e+01 2.916137129068374634e-02 9.977154731750488281e-01 -6.095294654369354248e-02 -5.086994171142578125e+00 -9.928325414657592773e-01 2.183763869106769562e-02 -1.175407841801643372e-01 8.111078643798828125e+01
-1.158280596137046814e-01 6.476004421710968018e-02 9.911573529243469238e-01 7.275315093994140625e+01 2.780442871153354645e-02 9.976935386657714844e-01 -6.193791329860687256e-02 -5.162948608398437500e+00 -9.928854107856750488e-01 2.038475498557090759e-02 -1.173548996448516846e-01 8.097318267822265625e+01
