9.999977946281433105e-01 -9.315472561866044998e-04 -1.877842703834176064e-03 -2.249134005978703499e-03 9.322090772911906242e-04 9.999995231628417969e-01 3.516194119583815336e-04 -1.063120085746049881e-02 1.877514179795980453e-03 -3.533691924531012774e-04 9.999981522560119629e-01 7.178860902786254883e-01
9.999780654907226562e-01 -1.629171310923993587e-03 -6.411773618310689926e-03 -8.833291009068489075e-03 1.630514045245945454e-03 9.999986886978149414e-01 2.042065170826390386e-04 -1.919618248939514160e-02 6.411431822925806046e-03 -2.146565821021795273e-04 9.999793767929077148e-01 1.409938454627990723e+00
9.999583363533020020e-01 -2.471182029694318771e-03 -8.783962577581405640e-03 -1.678254269063472748e-02 2.468225779011845589e-03 9.999969601631164551e-01 -3.473756369203329086e-04 -3.073247894644737244e-02 8.784794248640537262e-03 3.256802738178521395e-04 9.999613165855407715e-01 2.114922046661376953e+00
9.999322891235351562e-01 -3.242092439904808998e-03 -1.117323711514472961e-02 -2.610612660646438599e-02 3.232911229133605957e-03 9.999944567680358887e-01 -8.396878256462514400e-04 -4.108229279518127441e-02 1.117589790374040604e-02 8.035087375901639462e-04 9.999371767044067383e-01 2.815704345703125000e+00
9.998984932899475098e-01 -4.068138543516397476e-03 -1.365617197006940842e-02 -3.625766932964324951e-02 4.059919156134128571e-03 9.999915957450866699e-01 -6.295806379057466984e-04 -5.106950178742408752e-02 1.365861855447292328e-02 5.740736378356814384e-04 9.999064803123474121e-01 3.478986740112304688e+00
9.998743534088134766e-01 -4.921237006783485413e-03 -1.506714336574077606e-02 -4.740992188453674316e-02 4.902781452983617783e-03 9.999871850013732910e-01 -1.261626486666500568e-03 -6.333753466606140137e-02 1.507315877825021744e-02 1.187596935778856277e-03 9.998856186866760254e-01 4.178260326385498047e+00
9.998198747634887695e-01 -5.525871179997920990e-03 -1.815363392233848572e-02 -5.998402833938598633e-02 5.488181952387094498e-03 9.999826550483703613e-01 -2.125347964465618134e-03 -7.430605590343475342e-02 1.816506497561931610e-02 2.025334630161523819e-03 9.998328685760498047e-01 4.843289375305175781e+00
9.997468590736389160e-01 -6.492651533335447311e-03 -2.153845503926277161e-02 -7.685596495866775513e-02 6.442999467253684998e-03 9.999763965606689453e-01 -2.373942872509360313e-03 -8.734010905027389526e-02 2.155336178839206696e-02 2.234569750726222992e-03 9.997650980949401855e-01 5.560872077941894531e+00
9.996908903121948242e-01 -7.531980518251657486e-03 -2.368958666920661926e-02 -9.447661787271499634e-02 7.454625330865383148e-03 9.999666213989257812e-01 -3.352032043039798737e-03 -1.005180850625038147e-01 2.371404320001602173e-02 3.174399258568882942e-03 9.997136592864990234e-01 6.269815921783447266e+00
9.996098875999450684e-01 -8.223861455917358398e-03 -2.668636105954647064e-02 -1.133510321378707886e-01 8.089702576398849487e-03 9.999541640281677246e-01 -5.131346173584461212e-03 -1.125698089599609375e-01 2.672733552753925323e-02 4.913459997624158859e-03 9.996305704116821289e-01 6.930873394012451172e+00
9.995527863502502441e-01 -8.878048509359359741e-03 -2.855043485760688782e-02 -1.321613639593124390e-01 8.712021633982658386e-03 9.999444484710693359e-01 -5.934416782110929489e-03 -1.256227642297744751e-01 2.860153466463088989e-02 5.683030933141708374e-03 9.995746016502380371e-01 7.587030410766601562e+00
9.994941949844360352e-01 -9.849201887845993042e-03 -3.023125045001506805e-02 -1.546609997749328613e-01 9.672512300312519073e-03 9.999353289604187012e-01 -5.985319614410400391e-03 -1.415119916200637817e-01 3.028824552893638611e-02 5.689880345016717911e-03 9.995248317718505859e-01 8.317561149597167969e+00
9.994567632675170898e-01 -1.103344466537237167e-02 -3.104947693645954132e-02 -1.797599196434020996e-01 1.082862541079521179e-02 9.999185204505920410e-01 -6.757024209946393967e-03 -1.591026633977890015e-01 3.112150356173515320e-02 6.417130120098590851e-03 9.994947910308837891e-01 9.093580245971679688e+00
9.994031786918640137e-01 -1.188025251030921936e-02 -3.243125975131988525e-02 -2.078807801008224487e-01 1.167254615575075150e-02 9.999101758003234863e-01 -6.586391013115644455e-03 -1.770714372396469116e-01 3.250659629702568054e-02 6.203904747962951660e-03 9.994520545005798340e-01 9.941882133483886719e+00
9.993704557418823242e-01 -1.316407788544893265e-02 -3.293836489319801331e-02 -2.361470162868499756e-01 1.293160486966371536e-02 9.998900294303894043e-01 -7.260969839990139008e-03 -1.953909844160079956e-01 3.303032740950584412e-02 6.830453407019376755e-03 9.994307756423950195e-01 1.078892898559570312e+01
9.993198513984680176e-01 -1.436188630759716034e-02 -3.395569697022438049e-02 -2.650686204433441162e-01 1.410547550767660141e-02 9.998703002929687500e-01 -7.778930943459272385e-03 -2.150883078575134277e-01 3.406301140785217285e-02 7.294679991900920868e-03 9.993928074836730957e-01 1.164400386810302734e+01
9.992057085037231445e-01 -1.556528452783823013e-02 -3.667676076292991638e-02 -2.933682203292846680e-01 1.527663785964250565e-02 9.998502731323242188e-01 -8.137229830026626587e-03 -2.323683947324752808e-01 3.679792210459709167e-02 7.570469751954078674e-03 9.992938041687011719e-01 1.241762542724609375e+01
9.991964697837829590e-01 -1.651885174214839935e-02 -3.650999069213867188e-02 -3.311690092086791992e-01 1.623135805130004883e-02 9.998350739479064941e-01 -8.156857453286647797e-03 -2.574453651905059814e-01 3.663870319724082947e-02 7.557697594165802002e-03 9.992997646331787109e-01 1.339649105072021484e+01
9.992208480834960938e-01 -1.743188500404357910e-02 -3.540233522653579712e-02 -3.646273314952850342e-01 1.717302389442920685e-02 9.998236894607543945e-01 -7.603014819324016571e-03 -2.805449962615966797e-01 3.552861884236335754e-02 6.989127025008201599e-03 9.993439912796020508e-01 1.432221698760986328e+01
9.992930889129638672e-01 -1.821433007717132568e-02 -3.287978470325469971e-02 -3.956412672996520996e-01 1.798554882407188416e-02 9.998120665550231934e-01 -7.240636739879846573e-03 -3.048488199710845947e-01 3.300547972321510315e-02 6.644159555435180664e-03 9.994328022003173828e-01 1.529730510711669922e+01
9.993045330047607422e-01 -1.908746734261512756e-02 -3.202505782246589661e-02 -4.323531091213226318e-01 1.884581707417964935e-02 9.997917413711547852e-01 -7.830693386495113373e-03 -3.308081924915313721e-01 3.216785192489624023e-02 7.221710868179798126e-03 9.994561076164245605e-01 1.636278533935546875e+01
9.993166327476501465e-01 -2.051358669996261597e-02 -3.074038401246070862e-02 -4.667513370513916016e-01 2.026795223355293274e-02 9.997602701187133789e-01 -8.281221613287925720e-03 -3.589577376842498779e-01 3.090289048850536346e-02 7.652519270777702332e-03 9.994927644729614258e-01 1.738229942321777344e+01
9.993117451667785645e-01 -2.172459289431571960e-02 -3.006041236221790314e-02 -4.972883462905883789e-01 2.149783819913864136e-02 9.997380971908569336e-01 -7.846260443329811096e-03 -3.847533464431762695e-01 3.022299334406852722e-02 7.194627542048692703e-03 9.995169639587402344e-01 1.835163307189941406e+01
9.992964863777160645e-01 -2.296322025358676910e-02 -2.964420616626739502e-02 -5.254137516021728516e-01 2.273591794073581696e-02 9.997096657752990723e-01 -7.982308045029640198e-03 -4.088170528411865234e-01 2.981889434158802032e-02 7.302705198526382446e-03 9.995282888412475586e-01 1.925576019287109375e+01
9.993042945861816406e-01 -2.411726303398609161e-02 -2.844067476689815521e-02 -5.520380139350891113e-01 2.387753501534461975e-02 9.996767044067382812e-01 -8.738975040614604950e-03 -4.318312406539916992e-01 2.864223532378673553e-02 8.053802885115146637e-03 9.995568990707397461e-01 2.017225837707519531e+01
9.993522763252258301e-01 -2.542122453451156616e-02 -2.546589449048042297e-02 -5.758887529373168945e-01 2.518915198743343353e-02 9.996386170387268066e-01 -9.393082931637763977e-03 -4.542177319526672363e-01 2.569547109305858612e-02 8.745536208152770996e-03 9.996311664581298828e-01 2.104681205749511719e+01
9.993631839752197266e-01 -2.663709782063961029e-02 -2.373770810663700104e-02 -5.959146618843078613e-01 2.639556489884853363e-02 9.995971322059631348e-01 -1.043134182691574097e-02 -4.785209298133850098e-01 2.400600351393222809e-02 9.798130020499229431e-03 9.996634125709533691e-01 2.192189025878906250e+01
9.993407726287841797e-01 -2.794290520250797272e-02 -2.317208796739578247e-02 -6.147419214248657227e-01 2.768623456358909607e-02 9.995524883270263672e-01 -1.132490579038858414e-02 -5.034256577491760254e-01 2.347816899418830872e-02 1.067589223384857178e-02 9.996669888496398926e-01 2.279864692687988281e+01
9.993562102317810059e-01 -2.918535843491554260e-02 -2.085719630122184753e-02 -6.355551481246948242e-01 2.892866730690002441e-02 9.995032548904418945e-01 -1.250497531145811081e-02 -5.303664803504943848e-01 2.121179923415184021e-02 1.189355365931987762e-02 9.997038841247558594e-01 2.371074676513671875e+01
9.993314146995544434e-01 -3.059018403291702271e-02 -2.001703158020973206e-02 -6.539479494094848633e-01 3.032017126679420471e-02 9.994469285011291504e-01 -1.365688350051641464e-02 -5.579935908317565918e-01 2.042373083531856537e-02 1.304083224385976791e-02 9.997059702873229980e-01 2.462478065490722656e+01
9.992954134941101074e-01 -3.223349526524543762e-02 -1.921827159821987152e-02 -6.722643375396728516e-01 3.197074681520462036e-02 9.993931055068969727e-01 -1.382627431303262711e-02 -5.849306583404541016e-01 1.965228281915187836e-02 1.320210937410593033e-02 9.997193217277526855e-01 2.555680656433105469e+01
9.992190003395080566e-01 -3.349015489220619202e-02 -2.096071839332580566e-02 -6.917534470558166504e-01 3.319869190454483032e-02 9.993491768836975098e-01 -1.410250551998615265e-02 -6.122825145721435547e-01 2.141937613487243652e-02 1.339562237262725830e-02 9.996804594993591309e-01 2.647629165649414062e+01
9.991580843925476074e-01 -3.496768698096275330e-02 -2.144828811287879944e-02 -7.113469839096069336e-01 3.465775772929191589e-02 9.992917180061340332e-01 -1.465585827827453613e-02 -6.381286978721618652e-01 2.194558084011077881e-02 1.390017010271549225e-02 9.996621608734130859e-01 2.737605476379394531e+01
9.990466833114624023e-01 -3.635619953274726868e-02 -2.415889687836170197e-02 -7.330563068389892578e-01 3.598948195576667786e-02 9.992327690124511719e-01 -1.544494554400444031e-02 -6.657608151435852051e-01 2.470188401639461517e-02 1.456075441092252731e-02 9.995884299278259277e-01 2.824771881103515625e+01
9.989462494850158691e-01 -3.765904903411865234e-02 -2.622773684561252594e-02 -7.560093998908996582e-01 3.727142140269279480e-02 9.991908073425292969e-01 -1.511485222727060318e-02 -6.939365863800048828e-01 2.677572704851627350e-02 1.412137877196073532e-02 9.995413422584533691e-01 2.914332962036132812e+01
9.988817572593688965e-01 -3.885791823267936707e-02 -2.692630887031555176e-02 -7.814018130302429199e-01 3.844986855983734131e-02 9.991401433944702148e-01 -1.550993882119655609e-02 -7.225970029830932617e-01 2.750583924353122711e-02 1.445727981626987457e-02 9.995167255401611328e-01 3.004461860656738281e+01
9.988345503807067871e-01 -4.004867374897003174e-02 -2.693122252821922302e-02 -8.061493635177612305e-01 3.962277993559837341e-02 9.990838766098022461e-01 -1.616611704230308533e-02 -7.520559430122375488e-01 2.755398117005825043e-02 1.508018653839826584e-02 9.995061755180358887e-01 3.092519187927246094e+01
9.987623095512390137e-01 -4.146113619208335876e-02 -2.746724709868431091e-02 -8.326925635337829590e-01 4.101717099547386169e-02 9.990215301513671875e-01 -1.653447933495044708e-02 -7.836992740631103516e-01 2.812591008841991425e-02 1.538738515228033066e-02 9.994855523109436035e-01 3.187825775146484375e+01
9.986494779586791992e-01 -4.292215034365653992e-02 -2.926644496619701385e-02 -8.608662486076354980e-01 4.245644435286521912e-02 9.989643692970275879e-01 -1.635275222361087799e-02 -8.159312605857849121e-01 2.993803098797798157e-02 1.508811581879854202e-02 9.994375109672546387e-01 3.283847808837890625e+01
9.985905885696411133e-01 -4.446529224514961243e-02 -2.897035703063011169e-02 -8.887808322906494141e-01 4.400372877717018127e-02 9.988969564437866211e-01 -1.637999154627323151e-02 -8.499730825424194336e-01 2.966674417257308960e-02 1.508210133761167526e-02 9.994456768035888672e-01 3.383497619628906250e+01
9.985304474830627441e-01 -4.626002162694931030e-02 -2.822565473616123199e-02 -9.176667332649230957e-01 4.584220796823501587e-02 9.988317489624023438e-01 -1.527479477226734161e-02 -8.870319128036499023e-01 2.889929711818695068e-02 1.395841967314481735e-02 9.994844794273376465e-01 3.487617492675781250e+01
9.984852075576782227e-01 -4.742098227143287659e-02 -2.789937518537044525e-02 -9.454475641250610352e-01 4.700576141476631165e-02 9.987764358520507812e-01 -1.535541191697120667e-02 -9.213067889213562012e-01 2.859341353178024292e-02 1.402071770280599594e-02 9.994924068450927734e-01 3.590287780761718750e+01
9.984223842620849609e-01 -4.886734113097190857e-02 -2.764973975718021393e-02 -9.713426828384399414e-01 4.847281426191329956e-02 9.987152218818664551e-01 -1.476395130157470703e-02 -9.515968561172485352e-01 2.833569794893264771e-02 1.340039540082216263e-02 9.995082616806030273e-01 3.684628677368164062e+01
9.983285665512084961e-01 -5.009814724326133728e-02 -2.881097793579101562e-02 -9.985182881355285645e-01 4.969582334160804749e-02 9.986587762832641602e-01 -1.451536174863576889e-02 -9.817155599594116211e-01 2.949953638017177582e-02 1.305931061506271362e-02 9.994791150093078613e-01 3.780899047851562500e+01
9.982233047485351562e-01 -5.128230899572372437e-02 -3.033377975225448608e-02 -1.027689576148986816e+00 5.086050555109977722e-02 9.986000657081604004e-01 -1.451801229268312454e-02 -1.011110186576843262e+00 3.103584051132202148e-02 1.294942293316125870e-02 9.994340538978576660e-01 3.874577713012695312e+01
9.981145858764648438e-01 -5.274436250329017639e-02 -3.138492256402969360e-02 -1.060927510261535645e+00 5.231654271483421326e-02 9.985279440879821777e-01 -1.430070120841264725e-02 -1.045515418052673340e+00 3.209301456809043884e-02 1.263178419321775436e-02 9.994047284126281738e-01 3.979791259765625000e+01
9.980244040489196777e-01 -5.417694151401519775e-02 -3.181008249521255493e-02 -1.090658187866210938e+00 5.375201627612113953e-02 9.984550476074218750e-01 -1.406552921980619431e-02 -1.076399087905883789e+00 3.252297639846801758e-02 1.232788152992725372e-02 9.993945956230163574e-01 4.076886749267578125e+01
9.979426860809326172e-01 -5.583254992961883545e-02 -3.150763362646102905e-02 -1.123851895332336426e+00 5.540768802165985107e-02 9.983626008033752441e-01 -1.420087460428476334e-02 -1.108634710311889648e+00 3.224893286824226379e-02 1.242589112371206284e-02 9.994022846221923828e-01 4.177521514892578125e+01
9.979052543640136719e-01 -5.685937032103538513e-02 -3.085098601877689362e-02 -1.156278014183044434e+00 5.644234642386436462e-02 9.983042478561401367e-01 -1.422472205013036728e-02 -1.140092730522155762e+00 3.160750120878219604e-02 1.245362032204866409e-02 9.994224309921264648e-01 4.278794860839843750e+01
9.978411197662353516e-01 -5.873859673738479614e-02 -2.936931326985359192e-02 -1.187280893325805664e+00 5.834758281707763672e-02 9.981979131698608398e-01 -1.399879343807697296e-02 -1.172086834907531738e+00 3.013867512345314026e-02 1.225494034588336945e-02 9.994702339172363281e-01 4.381917572021484375e+01
9.977502822875976562e-01 -6.007404997944831848e-02 -2.975052595138549805e-02 -1.218656539916992188e+00 5.966849997639656067e-02 9.981150031089782715e-01 -1.433766633272171021e-02 -1.205002427101135254e+00 3.055578656494617462e-02 1.253023836761713028e-02 9.994541406631469727e-01 4.485215759277343750e+01
9.976573586463928223e-01 -6.160723045468330383e-02 -2.973044849932193756e-02 -1.249638199806213379e+00 6.120972707867622375e-02 9.980251193046569824e-01 -1.410085428506135941e-02 -1.236327528953552246e+00 3.054046258330345154e-02 1.224802527576684952e-02 9.994581341743469238e-01 4.587356948852539062e+01
9.976025223731994629e-01 -6.272391229867935181e-02 -2.923116274178028107e-02 -1.279915571212768555e+00 6.230622529983520508e-02 9.979443550109863281e-01 -1.498806476593017578e-02 -1.269344210624694824e+00 3.011119738221168518e-02 1.313084550201892853e-02 9.994599223136901855e-01 4.689475250244140625e+01
9.975168108940124512e-01 -6.373608112335205078e-02 -2.995867468416690826e-02 -1.308292865753173828e+00 6.328400224447250366e-02 9.978702664375305176e-01 -1.580444909632205963e-02 -1.301729917526245117e+00 3.090219572186470032e-02 1.386929769068956375e-02 9.994258284568786621e-01 4.787980270385742188e+01
9.974253177642822266e-01 -6.527584791183471680e-02 -2.968722209334373474e-02 -1.336694002151489258e+00 6.483839452266693115e-02 9.977757334709167480e-01 -1.546783559024333954e-02 -1.335701823234558105e+00 3.063087910413742065e-02 1.350313890725374222e-02 9.994391798973083496e-01 4.887158966064453125e+01
9.973488450050354004e-01 -6.621078401803970337e-02 -3.018349036574363708e-02 -1.366624593734741211e+00 6.577991694211959839e-02 9.977204799652099609e-01 -1.505245175212621689e-02 -1.370411515235900879e+00 3.111133538186550140e-02 1.302707754075527191e-02 9.994306564331054688e-01 4.988289642333984375e+01
9.972495436668395996e-01 -6.761672347784042358e-02 -3.034734539687633514e-02 -1.397919654846191406e+00 6.717745959758758545e-02 9.976240396499633789e-01 -1.526934094727039337e-02 -1.405949950218200684e+00 3.130771964788436890e-02 1.318868529051542282e-02 9.994223713874816895e-01 5.092283630371093750e+01
9.971903562545776367e-01 -6.870977580547332764e-02 -2.983105182647705078e-02 -1.427870392799377441e+00 6.828374415636062622e-02 9.975519180297851562e-01 -1.507413387298583984e-02 -1.437490224838256836e+00 3.079377487301826477e-02 1.299480721354484558e-02 9.994408488273620605e-01 5.195608520507812500e+01
9.971105456352233887e-01 -7.050403207540512085e-02 -2.827209234237670898e-02 -1.460111737251281738e+00 7.010492682456970215e-02 9.974286556243896484e-01 -1.486917492002248764e-02 -1.471483826637268066e+00 2.924774587154388428e-02 1.284420024603605270e-02 9.994892477989196777e-01 5.305018615722656250e+01
9.970470070838928223e-01 -7.175005227327346802e-02 -2.736377902328968048e-02 -1.487045764923095703e+00 7.137636840343475342e-02 9.973453879356384277e-01 -1.439815293997526169e-02 -1.505313038825988770e+00 2.832422032952308655e-02 1.240251027047634125e-02 9.995214343070983887e-01 5.407627868652343750e+01
9.970023632049560547e-01 -7.286641001701354980e-02 -2.600605040788650513e-02 -1.513783335685729980e+00 7.249639183282852173e-02 9.972572326660156250e-01 -1.489928737282752991e-02 -1.537432551383972168e+00 2.702039293944835663e-02 1.296928338706493378e-02 9.995502829551696777e-01 5.506631088256835938e+01
9.969137310981750488e-01 -7.437554746866226196e-02 -2.511754631996154785e-02 -1.539775729179382324e+00 7.402054965496063232e-02 9.971470236778259277e-01 -1.478024199604988098e-02 -1.570152044296264648e+00 2.614519000053405762e-02 1.287541538476943970e-02 9.995747804641723633e-01 5.607806015014648438e+01
9.968202710151672363e-01 -7.584292441606521606e-02 -2.443061210215091705e-02 -1.562575340270996094e+00 7.552004605531692505e-02 9.970474839210510254e-01 -1.387944910675287247e-02 -1.599805593490600586e+00 2.541115507483482361e-02 1.199031807482242584e-02 9.996047019958496094e-01 5.703441238403320312e+01
9.967390894889831543e-01 -7.719217240810394287e-02 -2.349835820496082306e-02 -1.588561296463012695e+00 7.690495997667312622e-02 9.969549179077148438e-01 -1.289184577763080597e-02 -1.631739258766174316e+00 2.442196942865848541e-02 1.104266848415136337e-02 9.996402859687805176e-01 5.804949188232421875e+01
9.966316819190979004e-01 -7.848609238862991333e-02 -2.376613579690456390e-02 -1.613433122634887695e+00 7.820018380880355835e-02 9.968561530113220215e-01 -1.273135282099246979e-02 -1.664864182472229004e+00 2.469067089259624481e-02 1.082995533943176270e-02 9.996359944343566895e-01 5.909640121459960938e+01
9.965147376060485840e-01 -7.966995239257812500e-02 -2.471223846077919006e-02 -1.637125611305236816e+00 7.937923073768615723e-02 9.967654347419738770e-01 -1.253213360905647278e-02 -1.697154164314270020e+00 2.563075721263885498e-02 1.052682008594274521e-02 9.996155500411987305e-01 6.010984039306640625e+01
9.964196681976318359e-01 -8.099176734685897827e-02 -2.424356155097484589e-02 -1.662256836891174316e+00 8.071728795766830444e-02 9.966633319854736328e-01 -1.209579035639762878e-02 -1.726922392845153809e+00 2.514234557747840881e-02 1.009561121463775635e-02 9.996324181556701660e-01 6.110114669799804688e+01
9.963520169258117676e-01 -8.211094886064529419e-02 -2.323739603161811829e-02 -1.683531880378723145e+00 8.184913545846939087e-02 9.965721368789672852e-01 -1.200449280440807343e-02 -1.755421757698059082e+00 2.414345927536487579e-02 1.005874201655387878e-02 9.996573925018310547e-01 6.207191848754882812e+01
9.962593913078308105e-01 -8.332198113203048706e-02 -2.289531566202640533e-02 -1.705106973648071289e+00 8.307923376560211182e-02 9.964779019355773926e-01 -1.135914400219917297e-02 -1.785433173179626465e+00 2.376115880906581879e-02 9.414530359208583832e-03 9.996728301048278809e-01 6.304037857055664062e+01
9.962072372436523438e-01 -8.428507298231124878e-02 -2.160304039716720581e-02 -1.727428674697875977e+00 8.406263589859008789e-02 9.963994026184082031e-01 -1.100786495953798294e-02 -1.814595818519592285e+00 2.245307154953479767e-02 9.150108322501182556e-03 9.997055530548095703e-01 6.405755615234375000e+01
9.961241483688354492e-01 -8.539900183677673340e-02 -2.105166949331760406e-02 -1.749722719192504883e+00 8.519637584686279297e-02 9.963102340698242188e-01 -1.034355629235506058e-02 -1.843169689178466797e+00 2.185733802616596222e-02 8.509942330420017242e-03 9.997244477272033691e-01 6.508333587646484375e+01
9.960408806800842285e-01 -8.646494150161743164e-02 -2.063503116369247437e-02 -1.770456433296203613e+00 8.627678453922271729e-02 9.962222576141357422e-01 -9.843090549111366272e-03 -1.870373725891113281e+00 2.140817791223526001e-02 8.023797534406185150e-03 9.997381567955017090e-01 6.608647155761718750e+01
9.959249496459960938e-01 -8.783017843961715698e-02 -2.046380750834941864e-02 -1.789931058883666992e+00 8.764493465423583984e-02 9.961034059524536133e-01 -9.782241657376289368e-03 -1.898440718650817871e+00 2.124326117336750031e-02 7.948830723762512207e-03 9.997422695159912109e-01 6.708327484130859375e+01
9.957969188690185547e-01 -8.934746682643890381e-02 -2.012401260435581207e-02 -1.809652209281921387e+00 8.917785435914993286e-02 9.959730505943298340e-01 -9.176312014460563660e-03 -1.928145766258239746e+00 2.086287364363670349e-02 7.343127392232418060e-03 9.997549057006835938e-01 6.811300659179687500e+01
9.956737756729125977e-01 -9.078795462846755981e-02 -1.976645179092884064e-02 -1.831583619117736816e+00 9.064779430627822876e-02 9.958513975143432617e-01 -7.878096774220466614e-03 -1.956438660621643066e+00 2.039970830082893372e-02 6.052229087799787521e-03 9.997731447219848633e-01 6.918240356445312500e+01
9.955416917800903320e-01 -9.224975109100341797e-02 -1.964844204485416412e-02 -1.852684617042541504e+00 9.212014824151992798e-02 9.957199096679687500e-01 -7.404915057122707367e-03 -1.982011318206787109e+00 2.024747058749198914e-02 5.561884492635726929e-03 9.997791051864624023e-01 7.019433593750000000e+01
9.954312443733215332e-01 -9.350752085447311401e-02 -1.929607614874839783e-02 -1.871936798095703125e+00 9.338808804750442505e-02 9.956046938896179199e-01 -7.003125268965959549e-03 -2.007245540618896484e+00 1.986613124608993530e-02 5.169105250388383865e-03 9.997888803482055664e-01 7.123929595947265625e+01
9.953190684318542480e-01 -9.464551508426666260e-02 -1.953477784991264343e-02 -1.890076518058776855e+00 9.452607482671737671e-02 9.954976439476013184e-01 -6.952113937586545944e-03 -2.032094955444335938e+00 2.010483294725418091e-02 5.073024891316890717e-03 9.997846484184265137e-01 7.225012207031250000e+01
9.951912760734558105e-01 -9.587181359529495239e-02 -2.005678787827491760e-02 -1.909782052040100098e+00 9.576472640037536621e-02 9.953839778900146484e-01 -6.236190441995859146e-03 -2.056683063507080078e+00 2.056210301816463470e-02 4.285468719899654388e-03 9.997789859771728516e-01 7.329103851318359375e+01
9.950616955757141113e-01 -9.728658944368362427e-02 -1.966925337910652161e-02 -1.928997755050659180e+00 9.717760980129241943e-02 9.952458143234252930e-01 -6.425118073821067810e-03 -2.080667257308959961e+00 2.020084299147129059e-02 4.481977783143520355e-03 9.997854828834533691e-01 7.430961608886718750e+01
9.949060082435607910e-01 -9.887056052684783936e-02 -1.964609138667583466e-02 -1.949224829673767090e+00 9.876097738742828369e-02 9.950895905494689941e-01 -6.474901922047138214e-03 -2.104829549789428711e+00 2.018981985747814178e-02 4.501651972532272339e-03 9.997856020927429199e-01 7.532941436767578125e+01
9.947926998138427734e-01 -9.981661289930343628e-02 -2.057827450335025787e-02 -1.968196034431457520e+00 9.970484673976898193e-02 9.949960112571716309e-01 -6.390515249222517014e-03 -2.131278514862060547e+00 2.111320011317729950e-02 4.305483773350715637e-03 9.997674226760864258e-01 7.635243988037109375e+01
9.946273565292358398e-01 -1.013359948992729187e-01 -2.113735489547252655e-02 -1.988670349121093750e+00 1.012148782610893250e-01 9.948413372039794922e-01 -6.726598832756280899e-03 -2.155881643295288086e+00 2.170998044312000275e-02 4.551043733954429626e-03 9.997535347938537598e-01 7.737615203857421875e+01
9.944204688072204590e-01 -1.030822396278381348e-01 -2.238866873085498810e-02 -2.011394977569580078e+00 1.029715165495872498e-01 9.946653842926025391e-01 -6.047199480235576630e-03 -2.183218955993652344e+00 2.289261296391487122e-02 3.708063159137964249e-03 9.997306466102600098e-01 7.843529510498046875e+01
9.942116737365722656e-01 -1.048814356327056885e-01 -2.328574471175670624e-02 -2.033867359161376953e+00 1.047640442848205566e-01 9.944772124290466309e-01 -6.209432613104581833e-03 -2.206408262252807617e+00 2.380841597914695740e-02 3.733980702236294746e-03 9.997091293334960938e-01 7.944611358642578125e+01
9.940552711486816406e-01 -1.065104231238365173e-01 -2.255843020975589752e-02 -2.057048320770263672e+00 1.063955947756767273e-01 9.943037629127502441e-01 -6.234928034245967865e-03 -2.232078552246093750e+00 2.309403568506240845e-02 3.797744167968630791e-03 9.997256994247436523e-01 8.048418426513671875e+01
9.938840866088867188e-01 -1.079450920224189758e-01 -2.327206730842590332e-02 -2.079535007476806641e+00 1.078385859727859497e-01 9.941509962081909180e-01 -5.788235925137996674e-03 -2.257790803909301758e+00 2.376077882945537567e-02 3.243207000195980072e-03 9.997120499610900879e-01 8.153837585449218750e+01
9.937170147895812988e-01 -1.093209907412528992e-01 -2.397414296865463257e-02 -2.104313373565673828e+00 1.092180013656616211e-01 9.940016865730285645e-01 -5.568493157625198364e-03 -2.280673265457153320e+00 2.443911135196685791e-02 2.915096469223499298e-03 9.996966719627380371e-01 8.258071899414062500e+01
9.935488104820251465e-01 -1.106615513563156128e-01 -2.478104270994663239e-02 -2.130021572113037109e+00 1.105492264032363892e-01 9.938527941703796387e-01 -5.862417165189981461e-03 -2.305127143859863281e+00 2.527747675776481628e-02 3.085070056840777397e-03 9.996753334999084473e-01 8.363758850097656250e+01
9.933959841728210449e-01 -1.120750457048416138e-01 -2.455422095954418182e-02 -2.153885841369628906e+00 1.119651347398757935e-01 9.936946034431457520e-01 -5.811273120343685150e-03 -2.331830501556396484e+00 2.505071833729743958e-02 3.023676341399550438e-03 9.996812343597412109e-01 8.471623992919921875e+01
9.932262897491455078e-01 -1.135134100914001465e-01 -2.480828575789928436e-02 -2.178411960601806641e+00 1.134044900536537170e-01 9.935316443443298340e-01 -5.759436171501874924e-03 -2.356309890747070312e+00 2.530161663889884949e-02 2.907050307840108871e-03 9.996752142906188965e-01 8.578603363037109375e+01
9.930708408355712891e-01 -1.150089800357818604e-01 -2.413434907793998718e-02 -2.202003002166748047e+00 1.149060055613517761e-01 9.933599233627319336e-01 -5.616048816591501236e-03 -2.380974054336547852e+00 2.462001703679561615e-02 2.803950803354382515e-03 9.996924996376037598e-01 8.682408142089843750e+01
9.929236173629760742e-01 -1.162468418478965759e-01 -2.426329068839550018e-02 -2.224581480026245117e+00 1.161562651395797729e-01 9.932171702384948730e-01 -5.115151870995759964e-03 -2.407682418823242188e+00 2.469336427748203278e-02 2.260619075968861580e-03 9.996920824050903320e-01 8.793691253662109375e+01
9.927502870559692383e-01 -1.173406243324279785e-01 -2.602515555918216705e-02 -2.250020742416381836e+00 1.172408536076545715e-01 9.930886030197143555e-01 -5.332729779183864594e-03 -2.433228254318237305e+00 2.647105790674686432e-02 2.242855029180645943e-03 9.996466636657714844e-01 8.905847930908203125e+01
9.925296306610107422e-01 -1.189297884702682495e-01 -2.719927951693534851e-02 -2.277810811996459961e+00 1.188241541385650635e-01 9.928996562957763672e-01 -5.473947618156671524e-03 -2.460916757583618164e+00 2.765719965100288391e-02 2.201121300458908081e-03 9.996146559715270996e-01 9.014764404296875000e+01
9.924203157424926758e-01 -1.197006478905677795e-01 -2.779859863221645355e-02 -2.304516077041625977e+00 1.195877715945243835e-01 9.928067326545715332e-01 -5.694475024938583374e-03 -2.483874797821044922e+00 2.828029915690422058e-02 2.326937858015298843e-03 9.995969533920288086e-01 9.119485473632812500e+01
9.923043251037597656e-01 -1.203946545720100403e-01 -2.891733124852180481e-02 -2.333668708801269531e+00 1.202787235379219055e-01 9.927231073379516602e-01 -5.721994210034608841e-03 -2.507442474365234375e+00 2.939583174884319305e-02 2.199818147346377373e-03 9.995650053024291992e-01 9.228581237792968750e+01
9.920884966850280762e-01 -1.218931302428245544e-01 -3.002422302961349487e-02 -2.364542722702026367e+00 1.217687278985977173e-01 9.925401210784912109e-01 -5.944407545030117035e-03 -2.530497074127197266e+00 3.052486106753349304e-02 2.241365145891904831e-03 9.995310306549072266e-01 9.333147430419921875e+01
9.918204545974731445e-01 -1.230880469083786011e-01 -3.377015143632888794e-02 -2.398633003234863281e+00 1.229351013898849487e-01 9.923923015594482422e-01 -6.576217245310544968e-03 -2.551926136016845703e+00 3.432272747159004211e-02 2.370887901633977890e-03 9.994075298309326172e-01 9.440074920654296875e+01
9.915571808815002441e-01 -1.246186047792434692e-01 -3.582541272044181824e-02 -2.430008649826049805e+00 1.244783028960227966e-01 9.922027587890625000e-01 -6.128984503448009491e-03 -2.571222305297851562e+00 3.630989417433738708e-02 1.617749454453587532e-03 9.993388056755065918e-01 9.530593109130859375e+01
9.913291931152343750e-01 -1.258849203586578369e-01 -3.765974566340446472e-02 -2.461301326751708984e+00 1.257535070180892944e-01 9.920436143875122070e-01 -5.847832653671503067e-03 -2.588323354721069336e+00 3.809630125761032104e-02 1.061279559507966042e-03 9.992730617523193359e-01 9.616178131103515625e+01
9.911465048789978027e-01 -1.269513517618179321e-01 -3.886974230408668518e-02 -2.491036415100097656e+00 1.267929673194885254e-01 9.919070601463317871e-01 -6.523347925394773483e-03 -2.606041669845581055e+00 3.938336297869682312e-02 1.537180272862315178e-03 9.992225766181945801e-01 9.695236968994140625e+01
9.909237027168273926e-01 -1.283829957246780396e-01 -3.983510285615921021e-02 -2.523076772689819336e+00 1.282196789979934692e-01 9.917228221893310547e-01 -6.639083381742238998e-03 -2.624253988265991211e+00 4.035777226090431213e-02 1.471178140491247177e-03 9.991837739944458008e-01 9.777140808105468750e+01
9.906958341598510742e-01 -1.295672059059143066e-01 -4.162770137190818787e-02 -2.554903745651245117e+00 1.293590813875198364e-01 9.915673732757568359e-01 -7.666749879717826843e-03 -2.641087055206298828e+00 4.227008298039436340e-02 2.210493199527263641e-03 9.991033077239990234e-01 9.854552459716796875e+01
9.904897212982177734e-01 -1.306733042001724243e-01 -4.305033758282661438e-02 -2.588522672653198242e+00 1.304363310337066650e-01 9.914212822914123535e-01 -8.280606009066104889e-03 -2.658952474594116211e+00 4.376313090324401855e-02 2.586524235084652901e-03 9.990381002426147461e-01 9.933442687988281250e+01
9.902830719947814941e-01 -1.318790316581726074e-01 -4.411267489194869995e-02 -2.624617099761962891e+00 1.316145807504653931e-01 9.912605285644531250e-01 -8.859399706125259399e-03 -2.678268432617187500e+00 4.489557817578315735e-02 2.967440290376543999e-03 9.989867806434631348e-01 1.001427993774414062e+02
9.901168942451477051e-01 -1.330533921718597412e-01 -4.431588202714920044e-02 -2.659495353698730469e+00 1.327868103981018066e-01 9.911035895347595215e-01 -8.919130079448223114e-03 -2.697789430618286133e+00 4.510840773582458496e-02 2.946414751932024956e-03 9.989773035049438477e-01 1.009458694458007812e+02
9.899752140045166016e-01 -1.340809911489486694e-01 -4.438344761729240417e-02 -2.694882631301879883e+00 1.337956488132476807e-01 9.909639358520507812e-01 -9.351703338325023651e-03 -2.718250274658203125e+00 4.523633792996406555e-02 3.319641109555959702e-03 9.989703297615051270e-01 1.017623443603515625e+02
9.898033142089843750e-01 -1.352943181991577148e-01 -4.453430697321891785e-02 -2.731844663619995117e+00 1.350008398294448853e-01 9.907985925674438477e-01 -9.546944871544837952e-03 -2.740085124969482422e+00 4.541623592376708984e-02 3.437429200857877731e-03 9.989617466926574707e-01 1.026110534667968750e+02
9.896411895751953125e-01 -1.365519911050796509e-01 -4.429760947823524475e-02 -2.769844055175781250e+00 1.362862139940261841e-01 9.906279444694519043e-01 -8.979790844023227692e-03 -2.761974334716796875e+00 4.510871320962905884e-02 2.849617041647434235e-03 9.989775419235229492e-01 1.035119400024414062e+02
9.895481467247009277e-01 -1.378634423017501831e-01 -4.226768016815185547e-02 -2.809303522109985352e+00 1.376023888587951660e-01 9.904454350471496582e-01 -9.038444608449935913e-03 -2.786345005035400391e+00 4.310995340347290039e-02 3.127842443063855171e-03 9.990649223327636719e-01 1.044674758911132812e+02
9.895076751708984375e-01 -1.391130834817886353e-01 -3.899507597088813782e-02 -2.847023725509643555e+00 1.388734281063079834e-01 9.902701377868652344e-01 -8.801646530628204346e-03 -2.810507535934448242e+00 3.984013199806213379e-02 3.293916815891861916e-03 9.992001652717590332e-01 1.054379272460937500e+02
9.897000193595886230e-01 -1.401090174913406372e-01 -2.935585752129554749e-02 -2.872147083282470703e+00 1.398958116769790649e-01 9.901225566864013672e-01 -9.205043315887451172e-03 -2.830744266510009766e+00 3.035564348101615906e-02 5.003472790122032166e-03 9.995261430740356445e-01 1.063585510253906250e+02
9.898865818977355957e-01 -1.412456333637237549e-01 -1.313993148505687714e-02 -2.877768993377685547e+00 1.411459594964981079e-01 9.899536967277526855e-01 -8.230808191001415253e-03 -2.853745222091674805e+00 1.417050510644912720e-02 6.292922887951135635e-03 9.998793005943298340e-01 1.072819824218750000e+02
9.897868037223815918e-01 -1.425406783819198608e-01 -1.642023213207721710e-03 -2.871690988540649414e+00 1.425269395112991333e-01 9.897677898406982422e-01 -6.639169529080390930e-03 -2.872019529342651367e+00 2.571574412286281586e-03 6.337334401905536652e-03 9.999761581420898438e-01 1.080884399414062500e+02
9.895516633987426758e-01 -1.437240242958068848e-01 1.137144770473241806e-02 -2.855383634567260742e+00 1.437911689281463623e-01 9.895928502082824707e-01 -5.322935059666633606e-03 -2.888634681701660156e+00 -1.048808358609676361e-02 6.902438588440418243e-03 9.999207258224487305e-01 1.088616333007812500e+02
9.889188408851623535e-01 -1.456854343414306641e-01 2.852261997759342194e-02 -2.821964025497436523e+00 1.458474099636077881e-01 9.892992973327636719e-01 -3.672850551083683968e-03 -2.904078722000122070e+00 -2.768236398696899414e-02 7.792108226567506790e-03 9.995859861373901367e-01 1.096832122802734375e+02
9.882140755653381348e-01 -1.472757607698440552e-01 4.172728955745697021e-02 -2.784734487533569336e+00 1.474941521883010864e-01 9.890595078468322754e-01 -2.188071841374039650e-03 -2.915485382080078125e+00 -4.094858467578887939e-02 8.316822350025177002e-03 9.991262555122375488e-01 1.103331527709960938e+02
9.869396090507507324e-01 -1.491238176822662354e-01 6.091385707259178162e-02 -2.733655929565429688e+00 1.493845432996749878e-01 9.887781143188476562e-01 2.762482035905122757e-04 -2.924115419387817383e+00 -6.027157604694366455e-02 8.826957084238529205e-03 9.981426000595092773e-01 1.109499893188476562e+02
9.851537346839904785e-01 -1.511242985725402832e-01 8.143557608127593994e-02 -2.671944618225097656e+00 1.512941867113113403e-01 9.884791970252990723e-01 4.115760792046785355e-03 -2.930177450180053711e+00 -8.111949265003204346e-02 8.266080170869827271e-03 9.966697096824645996e-01 1.115504150390625000e+02
9.828264713287353516e-01 -1.522738039493560791e-01 1.042255237698554993e-01 -2.599428653717041016e+00 1.523929387331008911e-01 9.882950782775878906e-01 6.865910254418849945e-03 -2.933803081512451172e+00 -1.040512323379516602e-01 9.135244414210319519e-03 9.945296049118041992e-01 1.120908279418945312e+02
9.795477986335754395e-01 -1.536814868450164795e-01 1.298695653676986694e-01 -2.524492502212524414e+00 1.537490189075469971e-01 9.880625009536743164e-01 9.566276334226131439e-03 -2.932232379913330078e+00 -1.297896057367324829e-01 1.059670373797416687e-02 9.914845824241638184e-01 1.124762802124023438e+02
9.765769839286804199e-01 -1.551270931959152222e-01 1.491007953882217407e-01 -2.438986063003540039e+00 1.552354097366333008e-01 9.878153800964355469e-01 1.098295021802186966e-02 -2.932031631469726562e+00 -1.489880532026290894e-01 1.242004148662090302e-02 9.887605905532836914e-01 1.129149551391601562e+02
9.721696376800537109e-01 -1.565995663404464722e-01 1.742431819438934326e-01 -2.335301876068115234e+00 1.564916968345642090e-01 9.875725507736206055e-01 1.444488391280174255e-02 -2.928860664367675781e+00 -1.743401139974594116e-01 1.322474703192710876e-02 9.845962524414062500e-01 1.133795089721679688e+02
9.673793315887451172e-01 -1.576352864503860474e-01 1.983085274696350098e-01 -2.221643686294555664e+00 1.574389487504959106e-01 9.873836636543273926e-01 1.685910485684871674e-02 -2.924772262573242188e+00 -1.984645128250122070e-01 1.491235103458166122e-02 9.799941778182983398e-01 1.138196105957031250e+02
9.622505903244018555e-01 -1.589483618736267090e-01 2.209234535694122314e-01 -2.099116802215576172e+00 1.586632579565048218e-01 9.871457815170288086e-01 1.915323920547962189e-02 -2.920803785324096680e+00 -2.211283892393112183e-01 1.662223599851131439e-02 9.751026034355163574e-01 1.142769088745117188e+02
9.562031030654907227e-01 -1.608532518148422241e-01 2.445400059223175049e-01 -1.949675440788269043e+00 1.601986140012741089e-01 9.868225455284118652e-01 2.270056679844856262e-02 -2.914446592330932617e+00 -2.449694275856018066e-01 1.746863871812820435e-02 9.693729281425476074e-01 1.147962722778320312e+02
9.490988850593566895e-01 -1.625578552484512329e-01 2.697853744029998779e-01 -1.801869630813598633e+00 1.613946557044982910e-01 9.865289330482482910e-01 2.664537541568279266e-02 -2.906233549118041992e+00 -2.704829275608062744e-01 1.825284399092197418e-02 9.625512361526489258e-01 1.152426452636718750e+02
9.414563775062561035e-01 -1.636408269405364990e-01 2.947531640529632568e-01 -1.669336557388305664e+00 1.618470847606658936e-01 9.863386154174804688e-01 3.064687736332416534e-02 -2.899598360061645508e+00 -2.957420051097869873e-01 1.885226927697658539e-02 9.550812840461730957e-01 1.155954208374023438e+02
9.370104074478149414e-01 -1.639292538166046143e-01 3.084420263767242432e-01 -1.522518396377563477e+00 1.624355167150497437e-01 9.862402081489562988e-01 3.070206940174102783e-02 -2.892878532409667969e+00 -3.092314302921295166e-01 2.133381180465221405e-02 9.507469534873962402e-01 1.160117340087890625e+02
9.339382648468017578e-01 -1.638629138469696045e-01 3.176571130752563477e-01 -1.349936604499816895e+00 1.623430103063583374e-01 9.862321019172668457e-01 3.144415467977523804e-02 -2.882947206497192383e+00 -3.184367120265960693e-01 2.220254763960838318e-02 9.476835131645202637e-01 1.165004196166992188e+02
