9.999837279319763184e-01 -1.698081265203654766e-03 -5.448287352919578552e-03 -1.194924023002386093e-02 1.711297431029379368e-03 9.999955892562866211e-01 2.421990735456347466e-03 -2.762597054243087769e-03 5.444150418043136597e-03 -2.431275090202689171e-03 9.999822378158569336e-01 3.936708271503448486e-01
9.998763799667358398e-01 2.083701547235250473e-03 -1.558244135230779648e-02 -2.841027826070785522e-02 -2.001111395657062531e-03 9.999838471412658691e-01 5.313897505402565002e-03 -1.801776140928268433e-02 1.559326332062482834e-02 -5.282058380544185638e-03 9.998644590377807617e-01 7.470034360885620117e-01
9.993087649345397949e-01 1.923283445648849010e-03 -3.712283074855804443e-02 -7.291665673255920410e-02 -1.521457103081047535e-03 9.999399781227111816e-01 1.084943860769271851e-02 -3.350467234849929810e-02 3.714147210121154785e-02 -1.078545954078435898e-02 9.992518424987792969e-01 9.688196182250976562e-01
9.979645013809204102e-01 1.518043410032987595e-02 -6.193759664893150330e-02 -1.213790774345397949e-01 -1.438703946769237518e-02 9.998088479042053223e-01 1.323554757982492447e-02 -4.902737215161323547e-02 6.212668865919113159e-02 -1.231750939041376114e-02 9.979922771453857422e-01 1.199964642524719238e+00
9.975884556770324707e-01 1.867954805493354797e-02 -6.684459745883941650e-02 -1.630913019180297852e-01 -1.759002543985843658e-02 9.997031688690185547e-01 1.685099676251411438e-02 -6.127672642469406128e-02 6.713954359292984009e-02 -1.563456282019615173e-02 9.976211190223693848e-01 1.622017383575439453e+00
9.972572922706604004e-01 1.910041458904743195e-02 -7.150456309318542480e-02 -2.062405347824096680e-01 -1.779539324343204498e-02 9.996639490127563477e-01 1.884370483458042145e-02 -6.678374856710433960e-02 7.184047996997833252e-02 -1.751957088708877563e-02 9.972622990608215332e-01 2.106150388717651367e+00
9.971917867660522461e-01 2.195922844111919403e-02 -7.159715890884399414e-02 -2.537082433700561523e-01 -2.049296908080577850e-02 9.995661377906799316e-01 2.115001715719699860e-02 -7.094155997037887573e-02 7.203056663274765015e-02 -1.962338760495185852e-02 9.972093701362609863e-01 2.615814685821533203e+00
9.963069558143615723e-01 2.190676704049110413e-02 -8.302000910043716431e-02 -3.194051384925842285e-01 -1.986606419086456299e-02 9.994816780090332031e-01 2.532781288027763367e-02 -6.931564956903457642e-02 8.353185653686523438e-02 -2.358499914407730103e-02 9.962259531021118164e-01 3.246842861175537109e+00
9.957669973373413086e-01 2.498708106577396393e-02 -8.845005929470062256e-02 -3.809256851673126221e-01 -2.267414890229701996e-02 9.993765354156494141e-01 2.705859765410423279e-02 -6.477868556976318359e-02 8.907105773687362671e-02 -2.493853494524955750e-02 9.957129955291748047e-01 3.863512754440307617e+00
9.947391748428344727e-01 2.443349920213222504e-02 -9.948164224624633789e-02 -4.731287956237792969e-01 -2.156135812401771545e-02 9.993218183517456055e-01 2.984472364187240601e-02 -6.025429069995880127e-02 1.001434177160263062e-01 -2.754276432096958160e-02 9.945917129516601562e-01 4.332883834838867188e+00
9.905681610107421875e-01 1.799693331122398376e-02 -1.358327567577362061e-01 -5.585681200027465820e-01 -1.299848314374685287e-02 9.992083311080932617e-01 3.759625926613807678e-02 -5.841154232621192932e-02 1.364018768072128296e-01 -3.547604382038116455e-02 9.900181889533996582e-01 4.677035331726074219e+00
9.870387315750122070e-01 2.028539776802062988e-02 -1.591942757368087769e-01 -6.451755762100219727e-01 -1.397433597594499588e-02 9.990750551223754883e-01 4.066367819905281067e-02 -6.180780380964279175e-02 1.598719656467437744e-01 -3.791199624538421631e-02 9.864095449447631836e-01 4.850283145904541016e+00
9.856244921684265137e-01 2.338143065571784973e-02 -1.673242896795272827e-01 -7.008048892021179199e-01 -1.586117781698703766e-02 9.988089203834533691e-01 4.614044353365898132e-02 -7.100760191679000854e-02 1.682039052248001099e-01 -4.282319918274879456e-02 9.848216772079467773e-01 4.985119819641113281e+00
9.809943437576293945e-01 2.780552767217159271e-02 -1.920332312583923340e-01 -7.751923203468322754e-01 -1.938145793974399567e-02 9.987713098526000977e-01 4.560804739594459534e-02 -7.005570083856582642e-02 1.930655092000961304e-01 -4.101936146616935730e-02 9.803281426429748535e-01 5.089217185974121094e+00
9.748916029930114746e-01 2.533544413745403290e-02 -2.212334424257278442e-01 -8.392892479896545410e-01 -1.403406728059053421e-02 9.985219240188598633e-01 5.250696465373039246e-02 -7.198490202426910400e-02 2.222367972135543823e-01 -4.808380827307701111e-02 9.738063812255859375e-01 5.197184562683105469e+00
9.722223281860351562e-01 2.636853978037834167e-02 -2.325686514377593994e-01 -8.847899436950683594e-01 -1.380783598870038986e-02 9.983647465705871582e-01 5.547232925891876221e-02 -7.373373955488204956e-02 2.336511313915252686e-01 -5.072018504142761230e-02 9.709967374801635742e-01 5.322349548339843750e+00
9.651226401329040527e-01 2.281961217522621155e-02 -2.608011066913604736e-01 -9.337021708488464355e-01 -8.152564987540245056e-03 9.983304142951965332e-01 5.718258023262023926e-02 -8.286205679178237915e-02 2.616706490516662598e-01 -5.306202545762062073e-02 9.636975526809692383e-01 5.389404773712158203e+00
9.661570787429809570e-01 3.146661072969436646e-02 -2.560272812843322754e-01 -9.565974473953247070e-01 -1.781581901013851166e-02 9.983016848564147949e-01 5.546394735574722290e-02 -9.363373368978500366e-02 2.573378384113311768e-01 -4.902556911110877991e-02 9.650771021842956543e-01 5.504832267761230469e+00
9.670276045799255371e-01 3.795882686972618103e-02 -2.518261671066284180e-01 -9.235611557960510254e-01 -2.515877597033977509e-02 9.982316493988037109e-01 5.385646224021911621e-02 -1.216839551925659180e-01 2.534252703189849854e-01 -4.574506729841232300e-02 9.662727713584899902e-01 5.504654884338378906e+00
9.678797125816345215e-01 4.195552691817283630e-02 -2.478874623775482178e-01 -9.550743699073791504e-01 -2.804759517312049866e-02 9.978416562080383301e-01 5.937477201223373413e-02 -1.251428425312042236e-01 2.498436123132705688e-01 -5.051501467823982239e-02 9.669676423072814941e-01 5.669987678527832031e+00
9.696617722511291504e-01 4.685045778751373291e-02 -2.399180084466934204e-01 -9.837172627449035645e-01 -3.175595402717590332e-02 9.972875118255615234e-01 6.640113890171051025e-02 -1.231903582811355591e-01 2.423782199621200562e-01 -5.676784738898277283e-02 9.685196280479431152e-01 5.894938468933105469e+00
9.736794829368591309e-01 4.357199743390083313e-02 -2.237168550491333008e-01 -9.930171370506286621e-01 -2.864638715982437134e-02 9.971680641174316406e-01 6.953515112400054932e-02 -1.207076534628868103e-01 2.261131256818771362e-01 -6.129629909992218018e-02 9.721705913543701172e-01 6.088455200195312500e+00
9.762064814567565918e-01 5.320666730403900146e-02 -2.102130353450775146e-01 -9.924156665802001953e-01 -3.912509232759475708e-02 9.967377781867980957e-01 7.058986276388168335e-02 -1.284829825162887573e-01 2.132831662893295288e-01 -6.068570166826248169e-02 9.751039147377014160e-01 6.232700347900390625e+00
9.822215437889099121e-01 4.975891485810279846e-02 -1.810092478990554810e-01 -9.857932925224304199e-01 -3.839239850640296936e-02 9.970960617065429688e-01 6.576769798994064331e-02 -1.320166438817977905e-01 1.837561428546905518e-01 -5.764910206198692322e-02 9.812799692153930664e-01 6.428667068481445312e+00
9.860315322875976562e-01 4.828387126326560974e-02 -1.594050824642181396e-01 -9.710273146629333496e-01 -3.786212578415870667e-02 9.969813227653503418e-01 6.778240203857421875e-02 -1.279611587524414062e-01 1.621967107057571411e-01 -6.080019846558570862e-02 9.848836064338684082e-01 6.641279697418212891e+00
9.903986454010009766e-01 4.879784956574440002e-02 -1.293402910232543945e-01 -9.908416867256164551e-01 -4.050197452306747437e-02 9.969962239265441895e-01 6.601320952177047729e-02 -1.110481098294258118e-01 1.321730911731719971e-01 -6.014088541269302368e-02 9.894005656242370605e-01 7.070024013519287109e+00
9.931396842002868652e-01 5.235380679368972778e-02 -1.045575737953186035e-01 -1.023284673690795898e+00 -4.547157511115074158e-02 9.967055916786193848e-01 6.715629249811172485e-02 -9.024225920438766479e-02 1.077289953827857971e-01 -6.194121018052101135e-02 9.922488927841186523e-01 7.607896327972412109e+00
9.947874546051025391e-01 5.287223681807518005e-02 -8.719049394130706787e-02 -1.043438076972961426e+00 -4.716767370700836182e-02 9.966882467269897461e-01 6.623797863721847534e-02 -5.824609100818634033e-02 9.040386229753494263e-02 -6.178016588091850281e-02 9.939871430397033691e-01 8.309417724609375000e+00
9.968367218971252441e-01 5.190357938408851624e-02 -6.018523126840591431e-02 -1.074431061744689941e+00 -4.799308627843856812e-02 9.967502355575561523e-01 6.469414383172988892e-02 -1.767526566982269287e-02 6.334746628999710083e-02 -6.160105019807815552e-02 9.960885643959045410e-01 9.182032585144042969e+00
9.972963929176330566e-01 5.300842598080635071e-02 -5.088865384459495544e-02 -1.101931691169738770e+00 -4.969404265284538269e-02 9.966909289360046387e-01 6.432327628135681152e-02 2.045766264200210571e-02 5.412989482283592224e-02 -6.162053346633911133e-02 9.966307282447814941e-01 9.990542411804199219e+00
9.974763393402099609e-01 5.217760801315307617e-02 -4.814641177654266357e-02 -1.126046538352966309e+00 -4.887337610125541687e-02 9.965264201164245605e-01 6.742603331804275513e-02 6.258843839168548584e-02 5.149726197123527527e-02 -6.490281969308853149e-02 9.965618252754211426e-01 1.083997154235839844e+01
9.979413747787475586e-01 4.710786789655685425e-02 -4.351306706666946411e-02 -1.164701819419860840e+00 -4.388812184333801270e-02 9.964240789413452148e-01 7.219962030649185181e-02 1.137678623199462891e-01 4.675859212875366211e-02 -7.014130055904388428e-02 9.964404702186584473e-01 1.183194637298583984e+01
9.985771179199218750e-01 4.575712978839874268e-02 -2.737751789391040802e-02 -1.192222595214843750e+00 -4.373924434185028076e-02 9.965702295303344727e-01 7.024619728326797485e-02 1.637878119945526123e-01 3.049783408641815186e-02 -6.894879043102264404e-02 9.971538186073303223e-01 1.281065845489501953e+01
9.987465143203735352e-01 4.352339357137680054e-02 -2.471112087368965149e-02 -1.202150106430053711e+00 -4.159034788608551025e-02 9.963921308517456055e-01 7.397998124361038208e-02 2.260707318782806396e-01 2.784177288413047791e-02 -7.285951822996139526e-02 9.969534277915954590e-01 1.382334327697753906e+01
9.989277720451354980e-01 4.167547821998596191e-02 -2.014839835464954376e-02 -1.212860226631164551e+00 -4.012680426239967346e-02 9.965996742248535156e-01 7.196427881717681885e-02 2.792025208473205566e-01 2.307897992432117462e-02 -7.107863575220108032e-02 9.972036480903625488e-01 1.479937553405761719e+01
9.992275238037109375e-01 3.743569180369377136e-02 -1.193606108427047729e-02 -1.219103813171386719e+00 -3.649124130606651306e-02 9.967808127403259277e-01 7.138904184103012085e-02 3.339269161224365234e-01 1.457008160650730133e-02 -7.089834660291671753e-02 9.973770976066589355e-01 1.579682350158691406e+01
9.992164373397827148e-01 3.928070142865180969e-02 -4.806111566722393036e-03 -1.210694909095764160e+00 -3.880901262164115906e-02 9.964153766632080078e-01 7.516850531101226807e-02 3.870299756526947021e-01 7.741499692201614380e-03 -7.492309063673019409e-02 9.971591830253601074e-01 1.668664550781250000e+01
9.992339611053466797e-01 3.912784159183502197e-02 2.098386175930500031e-04 -1.194258332252502441e+00 -3.902762383222579956e-02 9.962619543075561523e-01 7.706475257873535156e-02 4.359506964683532715e-01 2.806266769766807556e-03 -7.701390981674194336e-02 9.970260262489318848e-01 1.749560546875000000e+01
9.992212057113647461e-01 3.703191876411437988e-02 1.360693480819463730e-02 -1.165375113487243652e+00 -3.797775134444236755e-02 9.962693452835083008e-01 7.749228179454803467e-02 4.891272187232971191e-01 -1.068654283881187439e-02 -7.794869691133499146e-02 9.969000220298767090e-01 1.842180252075195312e+01
9.990054368972778320e-01 4.055717960000038147e-02 1.851822994649410248e-02 -1.137810707092285156e+00 -4.191217944025993347e-02 9.959258437156677246e-01 7.984401285648345947e-02 5.388962626457214355e-01 -1.520459540188312531e-02 -8.054073899984359741e-02 9.966353178024291992e-01 1.925398635864257812e+01
9.987162351608276367e-01 4.017710685729980469e-02 3.084384649991989136e-02 -1.103660106658935547e+00 -4.254171624779701233e-02 9.958639740943908691e-01 8.028136193752288818e-02 5.938465595245361328e-01 -2.749086543917655945e-02 -8.149044960737228394e-02 9.962948560714721680e-01 2.012261581420898438e+01
9.979730844497680664e-01 4.058081284165382385e-02 4.901626706123352051e-02 -1.062561511993408203e+00 -4.445711523294448853e-02 9.957407116889953613e-01 8.077017962932586670e-02 6.328322887420654297e-01 -4.552984237670898438e-02 -8.278558403253555298e-02 9.955267310142517090e-01 2.085386085510253906e+01
9.974793791770935059e-01 3.982032090425491333e-02 5.872740596532821655e-02 -1.009366273880004883e+00 -4.456037282943725586e-02 9.956564903259277344e-01 8.174554258584976196e-02 6.793819069862365723e-01 -5.521725863218307495e-02 -8.415640145540237427e-02 9.949214458465576172e-01 2.154620170593261719e+01
9.967667460441589355e-01 4.037885367870330811e-02 6.946364790201187134e-02 -9.416321516036987305e-01 -4.599866643548011780e-02 9.956272244453430176e-01 8.130387961864471436e-02 7.176809310913085938e-01 -6.587701290845870972e-02 -8.423623442649841309e-02 9.942657947540283203e-01 2.220084190368652344e+01
9.950013756752014160e-01 3.905171155929565430e-02 9.190674871206283569e-02 -8.814405202865600586e-01 -4.656526446342468262e-02 9.956190586090087891e-01 8.108090609312057495e-02 7.599143385887145996e-01 -8.833783119916915894e-02 -8.495526760816574097e-02 9.924610853195190430e-01 2.281178855895996094e+01
9.931450486183166504e-01 4.182003065943717957e-02 1.091493144631385803e-01 -8.049834966659545898e-01 -5.076441541314125061e-02 9.954611659049987793e-01 8.049724251031875610e-02 7.860131859779357910e-01 -1.052875816822052002e-01 -8.548632264137268066e-02 9.907606244087219238e-01 2.327387619018554688e+01
9.920436143875122070e-01 4.195821657776832581e-02 1.186951696872711182e-01 -7.282969951629638672e-01 -5.163078010082244873e-02 9.954867362976074219e-01 7.962533086538314819e-02 8.100227713584899902e-01 -1.148186177015304565e-01 -8.512010425329208374e-02 9.897328615188598633e-01 2.378516769409179688e+01
9.903448224067687988e-01 4.137951135635375977e-02 1.323041915893554688e-01 -6.279131174087524414e-01 -5.201173573732376099e-02 9.956001043319702148e-01 7.794247567653656006e-02 8.510338068008422852e-01 -1.284969449043273926e-01 -8.407129347324371338e-02 9.881398677825927734e-01 2.441701126098632812e+01
9.886990785598754883e-01 4.248763993382453918e-02 1.437656581401824951e-01 -5.076604485511779785e-01 -5.412095412611961365e-02 9.954832196235656738e-01 7.799921929836273193e-02 8.912898898124694824e-01 -1.398024111986160278e-01 -8.489847928285598755e-02 9.865329861640930176e-01 2.507911682128906250e+01
9.873651862144470215e-01 4.214669764041900635e-02 1.527522504329681396e-01 -3.705801367759704590e-01 -5.495473742485046387e-02 9.952287077903747559e-01 8.061938732862472534e-02 9.445754289627075195e-01 -1.486257165670394897e-01 -8.799523115158081055e-02 9.849705100059509277e-01 2.588259887695312500e+01
9.853884577751159668e-01 4.224320873618125916e-02 1.649988740682601929e-01 -1.963682919740676880e-01 -5.598066747188568115e-02 9.952604770660400391e-01 7.951395958662033081e-02 1.000461101531982422e+00 -1.608580648899078369e-01 -8.758887648582458496e-02 9.830832481384277344e-01 2.676819038391113281e+01
9.827187657356262207e-01 4.304805397987365723e-02 1.800286918878555298e-01 -2.947580814361572266e-02 -5.778975412249565125e-02 9.953192472457885742e-01 7.745720446109771729e-02 1.054525375366210938e+00 -1.758517771959304810e-01 -8.652244508266448975e-02 9.806069135665893555e-01 2.762683296203613281e+01
9.790694713592529297e-01 3.928970918059349060e-02 1.996970176696777344e-01 1.342682689428329468e-01 -5.608044937252998352e-02 9.952853918075561523e-01 7.913079112768173218e-02 1.104263901710510254e+00 -1.956466436386108398e-01 -8.867362886667251587e-02 9.766572117805480957e-01 2.841391181945800781e+01
9.771666526794433594e-01 4.034918546676635742e-02 2.086069583892822266e-01 3.087377846240997314e-01 -5.818126350641250610e-02 9.950901865959167480e-01 8.006305992603302002e-02 1.146072864532470703e+00 -2.043524235486984253e-01 -9.037195891141891479e-02 9.747167825698852539e-01 2.914489173889160156e+01
9.760943055152893066e-01 4.151906445622444153e-02 2.133442908525466919e-01 4.521971344947814941e-01 -5.990459024906158447e-02 9.949569702148437500e-01 8.044667541980743408e-02 1.184832215309143066e+00 -2.089284807443618774e-01 -9.130382537841796875e-02 9.736592173576354980e-01 2.976591300964355469e+01
9.760041236877441406e-01 4.145257547497749329e-02 2.137693017721176147e-01 6.216563582420349121e-01 -6.023839861154556274e-02 9.947996735572814941e-01 8.212548494338989258e-02 1.234752416610717773e+00 -2.092534750699996948e-01 -9.303192049264907837e-02 9.734258055686950684e-01 3.051097488403320312e+01
9.763113856315612793e-01 4.158387705683708191e-02 2.123358994722366333e-01 7.891671657562255859e-01 -6.060481071472167969e-02 9.946319460868835449e-01 8.386950194835662842e-02 1.288284778594970703e+00 -2.077086120843887329e-01 -9.475131332874298096e-02 9.735907912254333496e-01 3.127066421508789062e+01
9.776214957237243652e-01 4.026655852794647217e-02 2.064812481403350830e-01 9.491213560104370117e-01 -6.009533628821372986e-02 9.940654039382934570e-01 9.067595750093460083e-02 1.342668652534484863e+00 -2.016048580408096313e-01 -1.010553091764450073e-01 9.742397069931030273e-01 3.201246261596679688e+01
9.788940548896789551e-01 4.182948544621467590e-02 2.000414282083511353e-01 1.062504649162292480e+00 -6.130044534802436829e-02 9.938560128211975098e-01 9.215157479047775269e-02 1.382759928703308105e+00 -1.949579417705535889e-01 -1.024692282080650330e-01 9.754441380500793457e-01 3.258158874511718750e+01
9.812728762626647949e-01 4.121228307485580444e-02 1.881619095802307129e-01 1.145109415054321289e+00 -5.957200750708580017e-02 9.938834905624389648e-01 9.298460930585861206e-02 1.419635653495788574e+00 -1.831791400909423828e-01 -1.024524345993995667e-01 9.777262806892395020e-01 3.309934997558593750e+01
9.812458753585815430e-01 4.173121228814125061e-02 1.881884187459945679e-01 1.258730411529541016e+00 -6.027568876743316650e-02 9.937530159950256348e-01 9.392036497592926025e-02 1.463850140571594238e+00 -1.830936521291732788e-01 -1.035021319985389709e-01 9.776317477226257324e-01 3.370120239257812500e+01
9.822371602058410645e-01 3.932943940162658691e-02 1.834752559661865234e-01 1.411296963691711426e+00 -5.708356201648712158e-02 9.940738677978515625e-01 9.250949323177337646e-02 1.525589823722839355e+00 -1.787498593330383301e-01 -1.013396605849266052e-01 9.786616563796997070e-01 3.448427200317382812e+01
9.826166033744812012e-01 3.933054953813552856e-02 1.814321428537368774e-01 1.549488902091979980e+00 -5.716920644044876099e-02 9.939135909080505371e-01 9.416311234235763550e-02 1.580908656120300293e+00 -1.766246557235717773e-01 -1.028985455632209778e-01 9.788848161697387695e-01 3.522691726684570312e+01
9.809107184410095215e-01 3.983543440699577332e-02 1.903343796730041504e-01 1.730985164642333984e+00 -5.861886218190193176e-02 9.938353300094604492e-01 9.409745037555694580e-02 1.651926994323730469e+00 -1.854129135608673096e-01 -1.034583598375320435e-01 9.771991968154907227e-01 3.609603118896484375e+01
9.799216985702514648e-01 3.851005807518959045e-02 1.956281810998916626e-01 1.925287604331970215e+00 -5.796827003359794617e-02 9.938130378723144531e-01 9.473344683647155762e-02 1.727692365646362305e+00 -1.907699704170227051e-01 -1.041715592145919800e-01 9.760916829109191895e-01 3.701029205322265625e+01
9.804066419601440430e-01 3.632549569010734558e-02 1.936059892177581787e-01 2.120355606079101562e+00 -5.659397691488265991e-02 9.933552145957946777e-01 1.002084016799926758e-01 1.806015133857727051e+00 -1.886797249317169189e-01 -1.092018932104110718e-01 9.759481549263000488e-01 3.795554733276367188e+01
9.809632301330566406e-01 3.299181908369064331e-02 1.913703680038452148e-01 2.302006483078002930e+00 -5.403185263276100159e-02 9.929190874099731445e-01 1.057896912097930908e-01 1.889801502227783203e+00 -1.865254193544387817e-01 -1.141158714890480042e-01 9.758000373840332031e-01 3.887677001953125000e+01
9.806635975837707520e-01 3.126036748290061951e-02 1.931880861520767212e-01 2.494734764099121094e+00 -5.238690227270126343e-02 9.930660724639892578e-01 1.052356362342834473e-01 1.983636379241943359e+00 -1.885591745376586914e-01 -1.133212596178054810e-01 9.755017161369323730e-01 3.985139465332031250e+01
9.807501435279846191e-01 2.965671196579933167e-02 1.930013149976730347e-01 2.695658445358276367e+00 -5.100279673933982849e-02 9.929936528205871582e-01 1.065900847315788269e-01 2.076302528381347656e+00 -1.884883195161819458e-01 -1.143818348646163940e-01 9.753915667533874512e-01 4.080981063842773438e+01
9.810310602188110352e-01 2.896704152226448059e-02 1.916736811399459839e-01 2.870061159133911133e+00 -5.043147131800651550e-02 9.928627014160156250e-01 1.080716997385025024e-01 2.163276672363281250e+00 -1.871754676103591919e-01 -1.156880781054496765e-01 9.754903316497802734e-01 4.168717193603515625e+01
9.805658459663391113e-01 2.672760561108589172e-02 1.943606734275817871e-01 3.062179088592529297e+00 -4.895589873194694519e-02 9.926716685295104980e-01 1.104786247014999390e-01 2.253905057907104492e+00 -1.899838447570800781e-01 -1.178466677665710449e-01 9.746887087821960449e-01 4.262557983398437500e+01
9.800099730491638184e-01 2.737863175570964813e-02 1.970551162958145142e-01 3.249267101287841797e+00 -4.997357726097106934e-02 9.926051497459411621e-01 1.106207519769668579e-01 2.342442750930786133e+00 -1.925696134567260742e-01 -1.182569935917854309e-01 9.741314053535461426e-01 4.354235076904296875e+01
9.796447753906250000e-01 2.644213847815990448e-02 1.989895403385162354e-01 3.443822383880615234e+00 -4.910184815526008606e-02 9.927380084991455078e-01 1.098158210515975952e-01 2.430135726928710938e+00 -1.946410685777664185e-01 -1.173512563109397888e-01 9.738291501998901367e-01 4.446877670288085938e+01
9.804324507713317871e-01 2.768831700086593628e-02 1.948987394571304321e-01 3.636364698410034180e+00 -5.031244456768035889e-02 9.924212694168090820e-01 1.121065393090248108e-01 2.528477191925048828e+00 -1.903179734945297241e-01 -1.197187229990959167e-01 9.743952751159667969e-01 4.542892837524414062e+01
9.813515543937683105e-01 2.663282491266727448e-02 1.903679221868515015e-01 3.825692653656005859e+00 -4.913680627942085266e-02 9.922081232070922852e-01 1.144894510507583618e-01 2.625519037246704102e+00 -1.858357936143875122e-01 -1.217084676027297974e-01 9.750137329101562500e-01 4.638018417358398438e+01
9.856784939765930176e-01 1.914016529917716980e-02 1.675459444522857666e-01 4.002465248107910156e+00 -3.992551937699317932e-02 9.917774200439453125e-01 1.215839087963104248e-01 2.732051134109497070e+00 -1.638415157794952393e-01 -1.265320032835006714e-01 9.783380031585693359e-01 4.733520126342773438e+01
9.863901734352111816e-01 1.787958107888698578e-02 1.634466052055358887e-01 4.155272960662841797e+00 -3.805527463555335999e-02 9.919033050537109375e-01 1.211556494235992432e-01 2.825337886810302734e+00 -1.599573940038681030e-01 -1.257267445325851440e-01 9.790843129158020020e-01 4.822736358642578125e+01
9.869896769523620605e-01 1.694536954164505005e-02 1.598883867263793945e-01 4.317655086517333984e+00 -3.654556721448898315e-02 9.920452833175659180e-01 1.204557269811630249e-01 2.932658195495605469e+00 -1.565757393836975098e-01 -1.247317641973495483e-01 9.797579646110534668e-01 4.921892166137695312e+01
9.870578646659851074e-01 1.478930469602346420e-02 1.596813052892684937e-01 4.477247238159179688e+00 -3.441926091909408569e-02 9.920701384544372559e-01 1.208765134215354919e-01 3.044126033782958984e+00 -1.566277593374252319e-01 -1.248082220554351807e-01 9.797399044036865234e-01 5.021010208129882812e+01
9.869495034217834473e-01 1.459891162812709808e-02 1.603673547506332397e-01 4.641375064849853516e+00 -3.431091830134391785e-02 9.920775890350341797e-01 1.208465024828910828e-01 3.156381607055664062e+00 -1.573330163955688477e-01 -1.247717440128326416e-01 9.796315431594848633e-01 5.120505142211914062e+01
9.872949719429016113e-01 1.258775778114795685e-02 1.583993434906005859e-01 4.816812515258789062e+00 -3.207635506987571716e-02 9.921229481697082520e-01 1.210873872041702271e-01 3.269889116287231445e+00 -1.556278169155120850e-01 -1.246298477053642273e-01 9.799219369888305664e-01 5.225796890258789062e+01
9.874108433723449707e-01 8.008051663637161255e-03 1.579741686582565308e-01 5.002087593078613281e+00 -2.783903479576110840e-02 9.919256567955017090e-01 1.237234920263290405e-01 3.388533830642700195e+00 -1.557082533836364746e-01 -1.265637576580047607e-01 9.796612858772277832e-01 5.334643936157226562e+01
9.875482320785522461e-01 7.655174471437931061e-03 1.571305394172668457e-01 5.181294441223144531e+00 -2.782804705202579498e-02 9.915644526481628418e-01 1.265882849693298340e-01 3.512526512145996094e+00 -1.548364013433456421e-01 -1.293846666812896729e-01 9.794309735298156738e-01 5.443913650512695312e+01
9.881506562232971191e-01 2.916485304012894630e-03 1.534593999385833740e-01 5.355131149291992188e+00 -2.319917641580104828e-02 9.911702871322631836e-01 1.305458992719650269e-01 3.625024318695068359e+00 -1.517240554094314575e-01 -1.325591355562210083e-01 9.794935584068298340e-01 5.547812271118164062e+01
9.880858063697814941e-01 3.116135718300938606e-03 1.538722813129425049e-01 5.518241405487060547e+00 -2.344035357236862183e-02 9.911774992942810059e-01 1.304483413696289062e-01 3.750613212585449219e+00 -1.521086245775222778e-01 -1.325009614229202271e-01 9.794417619705200195e-01 5.651994323730468750e+01
9.887735247611999512e-01 5.217012017965316772e-03 1.493305414915084839e-01 5.672838687896728516e+00 -2.558213658630847931e-02 9.905443787574768066e-01 1.347828805446624756e-01 3.861942291259765625e+00 -1.472157537937164307e-01 -1.370899379253387451e-01 9.795578718185424805e-01 5.750821685791015625e+01
9.885278344154357910e-01 3.750236239284276962e-03 1.509915441274642944e-01 5.822713851928710938e+00 -2.437884174287319183e-02 9.905447363853454590e-01 1.350031346082687378e-01 3.986786842346191406e+00 -1.490579694509506226e-01 -1.371353715658187866e-01 9.792728424072265625e-01 5.848930740356445312e+01
9.880936145782470703e-01 4.202002659440040588e-03 1.537957936525344849e-01 5.982932090759277344e+00 -2.527984231710433960e-02 9.904742836952209473e-01 1.353536397218704224e-01 4.113465785980224609e+00 -1.517624109983444214e-01 -1.376300156116485596e-01 9.787878990173339844e-01 5.949355697631835938e+01
9.881075620651245117e-01 2.523574512451887131e-03 1.537426710128784180e-01 6.146394729614257812e+00 -2.425626292824745178e-02 9.899038076400756836e-01 1.396466195583343506e-01 4.248741626739501953e+00 -1.518384367227554321e-01 -1.417151391506195068e-01 9.781929254531860352e-01 6.054664611816406250e+01
9.879342317581176758e-01 2.236315282061696053e-03 1.548567861318588257e-01 6.317574501037597656e+00 -2.412698045372962952e-02 9.899098277091979980e-01 1.396261900663375854e-01 4.383984088897705078e+00 -1.529824137687683105e-01 -1.416777372360229492e-01 9.780200719833374023e-01 6.161838531494140625e+01
9.877892136573791504e-01 1.017549075186252594e-03 1.557918488979339600e-01 6.481950759887695312e+00 -2.335798181593418121e-02 9.896427392959594727e-01 1.416357457637786865e-01 4.512127876281738281e+00 -1.540345698595046997e-01 -1.435452699661254883e-01 9.775825142860412598e-01 6.263444519042968750e+01
9.877982139587402344e-01 7.350188679993152618e-04 1.557367295026779175e-01 6.645150661468505859e+00 -2.314497344195842743e-02 9.895766377449035645e-01 1.421318352222442627e-01 4.649241447448730469e+00 -1.540093719959259033e-01 -1.440021246671676636e-01 9.775192737579345703e-01 6.365603637695312500e+01
9.884355068206787109e-01 -2.134935464709997177e-03 1.516259759664535522e-01 6.804124832153320312e+00 -1.949007436633110046e-02 9.898186326026916504e-01 1.409905105829238892e-01 4.779758930206298828e+00 -1.503836214542388916e-01 -1.423152536153793335e-01 9.783305525779724121e-01 6.464608001708984375e+01
9.884447455406188965e-01 -4.829824436455965042e-03 1.515039503574371338e-01 6.952978134155273438e+00 -1.707158796489238739e-02 9.895858168601989746e-01 1.429255902767181396e-01 4.908992290496826172e+00 -1.506168395280838013e-01 -1.438604742288589478e-01 9.780686497688293457e-01 6.561135864257812500e+01
9.892094731330871582e-01 -6.625258363783359528e-03 1.463579386472702026e-01 7.103518486022949219e+00 -1.489654369652271271e-02 9.892510771751403809e-01 1.454638391733169556e-01 5.046303272247314453e+00 -1.457488536834716797e-01 -1.460744440555572510e-01 9.784778952598571777e-01 6.662796783447265625e+01
9.886671304702758789e-01 -5.678587593138217926e-03 1.500166058540344238e-01 7.258189201354980469e+00 -1.647786051034927368e-02 9.891415238380432129e-01 1.460370719432830811e-01 5.177484989166259766e+00 -1.492173224687576294e-01 -1.468540132045745850e-01 9.778382778167724609e-01 6.761430358886718750e+01
9.880043864250183105e-01 -9.652208536863327026e-03 1.541238576173782349e-01 7.415580749511718750e+00 -1.409012638032436371e-02 9.882467985153198242e-01 1.522140055894851685e-01 5.307124137878417969e+00 -1.537820100784301758e-01 -1.525597274303436279e-01 9.762562513351440430e-01 6.859652709960937500e+01
9.881951808929443359e-01 -1.172391045838594437e-02 1.527507752180099487e-01 7.565130710601806641e+00 -1.218963507562875748e-02 9.878889918327331543e-01 1.546807140111923218e-01 5.449382781982421875e+00 -1.527146697044372559e-01 -1.547167301177978516e-01 9.760843515396118164e-01 6.956955718994140625e+01
9.880093336105346680e-01 -1.079184468835592270e-02 1.540161818265914917e-01 7.720672130584716797e+00 -1.325736194849014282e-02 9.879395365715026855e-01 1.542696803808212280e-01 5.589987754821777344e+00 -1.538239270448684692e-01 -1.544617414474487305e-01 9.759505391120910645e-01 7.053261566162109375e+01
9.874431490898132324e-01 -1.188681740313768387e-02 1.575261950492858887e-01 7.875923156738281250e+00 -1.282645389437675476e-02 9.878397583961486816e-01 1.549431681632995605e-01 5.724934577941894531e+00 -1.574528217315673828e-01 -1.550180763006210327e-01 9.752833843231201172e-01 7.146497344970703125e+01
9.866473078727722168e-01 -1.365528628230094910e-02 1.622977107763290405e-01 8.037040710449218750e+00 -1.288514770567417145e-02 9.868112206459045410e-01 1.613591909408569336e-01 5.867671966552734375e+00 -1.623610407114028931e-01 -1.612958461046218872e-01 9.734588861465454102e-01 7.242937469482421875e+01
9.865171313285827637e-01 -1.400273572653532028e-02 1.630574464797973633e-01 8.200989723205566406e+00 -1.251228898763656616e-02 9.869630932807922363e-01 1.604570150375366211e-01 6.010278701782226562e+00 -1.631789505481719971e-01 -1.603338420391082764e-01 9.734809994697570801e-01 7.337298583984375000e+01
9.865844249725341797e-01 -1.570449583232402802e-02 1.624942570924758911e-01 8.366102218627929688e+00 -1.131646148860454559e-02 9.863885641098022461e-01 1.640385389328002930e-01 6.157251834869384766e+00 -1.628590524196624756e-01 -1.636767536401748657e-01 9.729781150817871094e-01 7.433405303955078125e+01
9.860787987709045410e-01 -1.819300279021263123e-02 1.652801632881164551e-01 8.528490066528320312e+00 -9.466152638196945190e-03 9.862418174743652344e-01 1.650350093841552734e-01 6.305404663085937500e+00 -1.660091280937194824e-01 -1.643021255731582642e-01 9.723401069641113281e-01 7.527871704101562500e+01
9.867359399795532227e-01 -2.137556672096252441e-02 1.609194725751876831e-01 8.686384201049804688e+00 -7.225036155432462692e-03 9.845269918441772461e-01 1.750811487436294556e-01 6.450155258178710938e+00 -1.621724665164947510e-01 -1.739215552806854248e-01 9.713140130043029785e-01 7.620728302001953125e+01
9.862923026084899902e-01 -2.044865675270557404e-02 1.637348830699920654e-01 8.828118324279785156e+00 -8.593780919909477234e-03 9.845785498619079590e-01 1.747290045022964478e-01 6.595971584320068359e+00 -1.647832542657852173e-01 -1.737409979104995728e-01 9.709067940711975098e-01 7.705709838867187500e+01
9.863377809524536133e-01 -2.217776887118816376e-02 1.632350981235504150e-01 8.961030960083007812e+00 -7.648737635463476181e-03 9.836618304252624512e-01 1.798608750104904175e-01 6.722129344940185547e+00 -1.645574718713760376e-01 -1.786521375179290771e-01 9.700534939765930176e-01 7.782109069824218750e+01
9.861143827438354492e-01 -2.306918986141681671e-02 1.644563227891921997e-01 9.097494125366210938e+00 -7.073054090142250061e-03 9.835706949234008789e-01 1.803820133209228516e-01 6.853285789489746094e+00 -1.659161001443862915e-01 -1.790405511856079102e-01 9.697503447532653809e-01 7.860213470458984375e+01
9.858373403549194336e-01 -2.307745628058910370e-02 1.661078482866287231e-01 9.227222442626953125e+00 -7.761916145682334900e-03 9.831458926200866699e-01 1.826550513505935669e-01 6.983174800872802734e+00 -1.675238907337188721e-01 -1.813575327396392822e-01 9.690431356430053711e-01 7.935563659667968750e+01
9.850854873657226562e-01 -2.326643094420433044e-02 1.704838871955871582e-01 9.372429847717285156e+00 -8.351668715476989746e-03 9.831819534301757812e-01 1.824347674846649170e-01 7.122747421264648438e+00 -1.718617230653762817e-01 -1.811377108097076416e-01 9.683243632316589355e-01 8.014657592773437500e+01
9.846565127372741699e-01 -2.252525091171264648e-02 1.730422675609588623e-01 9.500587463378906250e+00 -9.553757496178150177e-03 9.831873178482055664e-01 1.823465228080749512e-01 7.246540546417236328e+00 -1.742408126592636108e-01 -1.812019497156143188e-01 9.678870439529418945e-01 8.088122558593750000e+01
9.854092597961425781e-01 -2.461935952305793762e-02 1.684101372957229614e-01 9.642606735229492188e+00 -6.879281718283891678e-03 9.829126000404357910e-01 1.839410215616226196e-01 7.384222507476806641e+00 -1.700614094734191895e-01 -1.824157983064651489e-01 9.684022665023803711e-01 8.167187500000000000e+01
9.865159988403320312e-01 -2.884264290332794189e-02 1.611016839742660522e-01 9.788218498229980469e+00 -2.587376628071069717e-03 9.814766645431518555e-01 1.915610879659652710e-01 7.537840366363525391e+00 -1.636431366205215454e-01 -1.893949955701828003e-01 9.681682586669921875e-01 8.250952911376953125e+01
9.866066575050354004e-01 -2.850296534597873688e-02 1.606059372425079346e-01 9.926952362060546875e+00 -3.109656739979982376e-03 9.811483621597290039e-01 1.932281255722045898e-01 7.685819625854492188e+00 -1.630862951278686523e-01 -1.911396980285644531e-01 9.679192900657653809e-01 8.331922912597656250e+01
9.875442981719970703e-01 -3.085497766733169556e-02 1.542838066816329956e-01 1.006217098236083984e+01 -8.760989876464009285e-04 9.794887900352478027e-01 2.014937996864318848e-01 7.839169502258300781e+00 -1.573368161916732788e-01 -1.991193443536758423e-01 9.672620296478271484e-01 8.413928985595703125e+01
9.868659973144531250e-01 -3.039632178843021393e-02 1.586533337831497192e-01 1.019861316680908203e+01 -2.268915064632892609e-03 9.794313907623291016e-01 2.017616927623748779e-01 7.996019840240478516e+00 -1.615233421325683594e-01 -1.994718611240386963e-01 9.664990305900573730e-01 8.495214843750000000e+01
9.857627153396606445e-01 -2.903047204017639160e-02 1.656151115894317627e-01 1.034475231170654297e+01 -5.115373525768518448e-03 9.793476462364196777e-01 2.021156698465347290e-01 8.159502983093261719e+00 -1.680627763271331787e-01 -2.000854164361953735e-01 9.652563929557800293e-01 8.580337524414062500e+01
9.844186305999755859e-01 -3.064406849443912506e-02 1.731475144624710083e-01 1.050742340087890625e+01 -5.812822841107845306e-03 9.784870147705078125e-01 2.062230855226516724e-01 8.334547996520996094e+00 -1.757426112890243530e-01 -2.040164917707443237e-01 9.630632996559143066e-01 8.671824645996093750e+01
9.841644167900085449e-01 -3.029893338680267334e-02 1.746465414762496948e-01 1.067823410034179688e+01 -6.671552546322345734e-03 9.782519936561584473e-01 2.073092162609100342e-01 8.515564918518066406e+00 -1.771300733089447021e-01 -2.051917016506195068e-01 9.625592827796936035e-01 8.763697052001953125e+01
9.837242960929870605e-01 -2.887721918523311615e-02 1.773462742567062378e-01 1.085347843170166016e+01 -8.604199625551700592e-03 9.782976508140563965e-01 2.070222198963165283e-01 8.707164764404296875e+00 -1.794761568307876587e-01 -2.051788866519927979e-01 9.621273279190063477e-01 8.858437347412109375e+01
9.842408299446105957e-01 -3.208649903535842896e-02 1.738950014114379883e-01 1.102040672302246094e+01 -5.772314965724945068e-03 9.770449399948120117e-01 2.129517346620559692e-01 8.886874198913574219e+00 -1.767365932464599609e-01 -2.105997502803802490e-01 9.614629149436950684e-01 8.947059631347656250e+01
9.844074845314025879e-01 -3.261049836874008179e-02 1.728512048721313477e-01 1.117350864410400391e+01 -5.215676035732030869e-03 9.768205881118774414e-01 2.139927148818969727e-01 9.058996200561523438e+00 -1.758235245943069458e-01 -2.115577310323715210e-01 9.614200592041015625e-01 9.029816436767578125e+01
9.844864010810852051e-01 -3.446836397051811218e-02 1.720394641160964966e-01 1.132991695404052734e+01 -3.464353503659367561e-03 9.765039682388305664e-01 2.154682427644729614e-01 9.233000755310058594e+00 -1.754245609045028687e-01 -2.127217203378677368e-01 9.612361192703247070e-01 9.114501190185546875e+01
9.836587309837341309e-01 -3.395659476518630981e-02 1.768093705177307129e-01 1.148207855224609375e+01 -4.836016334593296051e-03 9.767147302627563477e-01 2.144843190908432007e-01 9.401680946350097656e+00 -1.799759715795516968e-01 -2.118345797061920166e-01 9.605904221534729004e-01 9.196903991699218750e+01
9.860240817070007324e-01 -4.044226929545402527e-02 1.616169512271881104e-01 1.162355232238769531e+01 3.320573596283793449e-03 9.746661782264709473e-01 2.236367166042327881e-01 9.571213722229003906e+00 -1.665674597024917603e-01 -2.199746817350387573e-01 9.611792564392089844e-01 9.275885009765625000e+01
9.853394031524658203e-01 -3.950987756252288818e-02 1.659646034240722656e-01 1.175768756866455078e+01 1.415576320141553879e-03 9.746728539466857910e-01 2.236279249191284180e-01 9.739209175109863281e+00 -1.705972105264663696e-01 -2.201146483421325684e-01 9.604401588439941406e-01 9.353637695312500000e+01
9.867390990257263184e-01 -3.940765187144279480e-02 1.574544906616210938e-01 1.187650680541992188e+01 3.512222319841384888e-03 9.750350117683410645e-01 2.220205366611480713e-01 9.899529457092285156e+00 -1.622734218835830688e-01 -2.185235172510147095e-01 9.622442722320556641e-01 9.428044891357421875e+01
9.870465993881225586e-01 -3.976980969309806824e-02 1.554228961467742920e-01 1.200014400482177734e+01 4.130903165787458420e-03 9.747656583786010742e-01 2.231896966695785522e-01 1.007150173187255859e+01 -1.603775769472122192e-01 -2.196568101644515991e-01 9.623041152954101562e-01 9.507316589355468750e+01
9.868389964103698730e-01 -3.923426195979118347e-02 1.568704843521118164e-01 1.213483619689941406e+01 3.158505773171782494e-03 9.746095538139343262e-01 2.238859236240386963e-01 1.024601459503173828e+01 -1.616719365119934082e-01 -2.204440981149673462e-01 9.619074463844299316e-01 9.589759063720703125e+01
9.876776337623596191e-01 -3.809917345643043518e-02 1.517898589372634888e-01 1.226424217224121094e+01 3.534349147230386734e-03 9.750963449478149414e-01 2.217507064342498779e-01 1.042215728759765625e+01 -1.564587205648422241e-01 -2.184819430112838745e-01 9.632163047790527344e-01 9.673264312744140625e+01
9.879413843154907227e-01 -3.853629902005195618e-02 1.499520987272262573e-01 1.239800548553466797e+01 4.283857531845569611e-03 9.749609827995300293e-01 2.223318815231323242e-01 1.060379314422607422e+01 -1.547657549381256104e-01 -2.190086841583251953e-01 9.633702039718627930e-01 9.759223175048828125e+01
