9.999921917915344238e-01 -2.204736461862921715e-03 -3.278088290244340897e-03 -4.559095483273267746e-03 2.212966093793511391e-03 9.999943971633911133e-01 2.507522469386458397e-03 -5.184027925133705139e-02 3.272538539022207260e-03 -2.514761174097657204e-03 9.999914765357971191e-01 2.732117414474487305e+00
9.999917149543762207e-01 -3.918009810149669647e-03 -1.096557360142469406e-03 -1.259134151041507721e-02 3.920090384781360626e-03 9.999904632568359375e-01 1.892026513814926147e-03 -9.269165992736816406e-02 1.089134952053427696e-03 -1.896298606880009174e-03 9.999976158142089844e-01 5.153958797454833984e+00
9.999795556068420410e-01 -3.493272000923752785e-03 -5.351251922547817230e-03 -2.373010106384754181e-02 3.494729055091738701e-03 9.999938011169433594e-01 2.627837238833308220e-04 -1.368359774351119995e-01 5.350301042199134827e-03 -2.814661711454391479e-04 9.999856352806091309e-01 7.806106567382812500e+00
9.999517202377319336e-01 -5.473091732710599899e-03 -8.163290098309516907e-03 -4.485276341438293457e-02 5.443046335130929947e-03 9.999782443046569824e-01 -3.698826767504215240e-03 -1.859804242849349976e-01 8.183354511857032776e-03 3.654230386018753052e-03 9.999598264694213867e-01 1.055262851715087891e+01
9.998560547828674316e-01 -6.294734310358762741e-03 -1.575431041419506073e-02 -7.982290536165237427e-02 6.197877693921327591e-03 9.999614953994750977e-01 -6.189282983541488647e-03 -2.405255585908889771e-01 1.579266414046287537e-02 6.090763956308364868e-03 9.998567104339599609e-01 1.328444194793701172e+01
9.997724294662475586e-01 -6.769871339201927185e-03 -2.022746950387954712e-02 -1.318862885236740112e-01 6.640176288783550262e-03 9.999569058418273926e-01 -6.471998523920774460e-03 -2.995961904525756836e-01 2.027041278779506683e-02 6.336221005767583847e-03 9.997743964195251465e-01 1.580167770385742188e+01
9.996366500854492188e-01 -8.075299672782421112e-03 -2.571497112512588501e-02 -1.990620791912078857e-01 7.925432175397872925e-03 9.999508857727050781e-01 -5.924518685787916183e-03 -3.659676313400268555e-01 2.576155215501785278e-02 5.718570202589035034e-03 9.996517300605773926e-01 1.844488716125488281e+01
9.996186494827270508e-01 -9.513164870440959930e-03 -2.592343464493751526e-02 -2.694012820720672607e-01 9.395929984748363495e-03 9.999449253082275391e-01 -4.640225786715745926e-03 -4.405449032783508301e-01 2.596617676317691803e-02 4.394891206175088882e-03 9.996531605720520020e-01 2.113725852966308594e+01
9.994601607322692871e-01 -9.548682719469070435e-03 -3.143357858061790466e-02 -3.446058034896850586e-01 9.399622678756713867e-03 9.999437332153320312e-01 -4.886200651526451111e-03 -4.974279701709747314e-01 3.147849068045616150e-02 4.588108975440263748e-03 9.994938373565673828e-01 2.362816429138183594e+01
9.992881417274475098e-01 -1.093060150742530823e-02 -3.610621020197868347e-02 -4.273797869682312012e-01 1.078646630048751831e-02 9.999329447746276855e-01 -4.184079356491565704e-03 -5.590073466300964355e-01 3.614954650402069092e-02 3.791658906266093254e-03 9.993391633033752441e-01 2.615798377990722656e+01
9.992060065269470215e-01 -1.429733261466026306e-02 -3.718477860093116760e-02 -5.256056785583496094e-01 1.414370723068714142e-02 9.998902678489685059e-01 -4.390918184071779251e-03 -6.211098432540893555e-01 3.724349662661552429e-02 3.861518343910574913e-03 9.992987513542175293e-01 2.877349472045898438e+01
9.990913867950439453e-01 -1.652204245328903198e-02 -3.928158804774284363e-02 -6.298543810844421387e-01 1.643425785005092621e-02 9.998615980148315430e-01 -2.556839957833290100e-03 -6.870709657669067383e-01 3.931839764118194580e-02 1.908948994241654873e-03 9.992248415946960449e-01 3.145572662353515625e+01
9.989440441131591797e-01 -1.704384945333003998e-02 -4.265987500548362732e-02 -7.416718006134033203e-01 1.690239831805229187e-02 9.998503327369689941e-01 -3.674819599837064743e-03 -7.410321831703186035e-01 4.271612316370010376e-02 2.949887420982122421e-03 9.990828633308410645e-01 3.402101135253906250e+01
9.988083839416503906e-01 -1.943059265613555908e-02 -4.476512968540191650e-02 -8.535407781600952148e-01 1.931571401655673981e-02 9.998089075088500977e-01 -2.997732488438487053e-03 -7.994049191474914551e-01 4.481482505798339844e-02 2.129509113729000092e-03 9.989930391311645508e-01 3.664137649536132812e+01
9.987256526947021484e-01 -2.042630687355995178e-02 -4.614684358239173889e-02 -9.748514890670776367e-01 2.027428336441516876e-02 9.997873902320861816e-01 -3.760139690712094307e-03 -8.564250469207763672e-01 4.621384292840957642e-02 2.819760702550411224e-03 9.989275932312011719e-01 3.923003005981445312e+01
9.986907839775085449e-01 -2.226842567324638367e-02 -4.604801163077354431e-02 -1.103541135787963867e+00 2.219884656369686127e-02 9.997514486312866211e-01 -2.021952066570520401e-03 -9.109008908271789551e-01 4.608157277107238770e-02 9.971009567379951477e-04 9.989371299743652344e-01 4.187067031860351562e+01
9.982040524482727051e-01 -2.146278321743011475e-02 -5.592520534992218018e-02 -1.243031978607177734e+00 2.133478410542011261e-02 9.997681379318237305e-01 -2.884905552491545677e-03 -9.614877700805664062e-01 5.597414076328277588e-02 1.686582341790199280e-03 9.984307289123535156e-01 4.445273971557617188e+01
9.978314042091369629e-01 -2.329002320766448975e-02 -6.156040355563163757e-02 -1.400088906288146973e+00 2.308110892772674561e-02 9.997251033782958984e-01 -4.102770239114761353e-03 -1.020650386810302734e+00 6.163902208209037781e-02 2.673002425581216812e-03 9.980947971343994141e-01 4.708263397216796875e+01
9.973868131637573242e-01 -2.392268180847167969e-02 -6.816875934600830078e-02 -1.566590309143066406e+00 2.372738532721996307e-02 9.997115731239318848e-01 -3.673276165500283241e-03 -1.082365274429321289e+00 6.823696196079254150e-02 2.046226058155298233e-03 9.976669549942016602e-01 4.961498641967773438e+01
9.971705675125122070e-01 -2.543798834085464478e-02 -7.073509693145751953e-02 -1.754971146583557129e+00 2.537655271589756012e-02 9.996762275695800781e-01 -1.767166424542665482e-03 -1.143141627311706543e+00 7.075714319944381714e-02 -3.282935358583927155e-05 9.974934458732604980e-01 5.222644424438476562e+01
9.973425269126892090e-01 -2.589711174368858337e-02 -6.809434294700622559e-02 -1.945060253143310547e+00 2.564525790512561798e-02 9.996604919433593750e-01 -4.570073448121547699e-03 -1.198640227317810059e+00 6.818956136703491211e-02 2.811646787449717522e-03 9.976683259010314941e-01 5.492181396484375000e+01
9.968665242195129395e-01 -2.744859643280506134e-02 -7.418435066938400269e-02 -2.132181882858276367e+00 2.719596028327941895e-02 9.996201992034912109e-01 -4.413506947457790375e-03 -1.260773539543151855e+00 7.427731156349182129e-02 2.382175298407673836e-03 9.972347021102905273e-01 5.758956909179687500e+01
9.967930316925048828e-01 -2.662776038050651550e-02 -7.545954734086990356e-02 -2.334412097930908203e+00 2.634095400571823120e-02 9.996412992477416992e-01 -4.793489351868629456e-03 -1.321892619132995605e+00 7.556010782718658447e-02 2.790452912449836731e-03 9.971372485160827637e-01 6.024103164672851562e+01
9.966104030609130859e-01 -2.666062116622924805e-02 -7.782306522130966187e-02 -2.534514665603637695e+00 2.625095844268798828e-02 9.996353983879089355e-01 -6.282186135649681091e-03 -1.381691694259643555e+00 7.796216756105422974e-02 4.217974841594696045e-03 9.969472885131835938e-01 6.283530044555664062e+01
9.962934851646423340e-01 -2.770353853702545166e-02 -8.143261075019836426e-02 -2.734785556793212891e+00 2.724891342222690582e-02 9.996060729026794434e-01 -6.688833236694335938e-03 -1.441028475761413574e+00 8.158582448959350586e-02 4.445110913366079330e-03 9.966562986373901367e-01 6.533277130126953125e+01
9.959144592285156250e-01 -2.560105733573436737e-02 -8.659340441226959229e-02 -2.953753232955932617e+00 2.514407970011234283e-02 9.996633529663085938e-01 -6.363836582750082016e-03 -1.504573702812194824e+00 8.672716468572616577e-02 4.160545766353607178e-03 9.962233304977416992e-01 6.787591552734375000e+01
9.956521391868591309e-01 -2.634082920849323273e-02 -8.934388309717178345e-02 -3.194419384002685547e+00 2.568200603127479553e-02 9.996336698532104492e-01 -8.515312336385250092e-03 -1.579334855079650879e+00 8.953544497489929199e-02 6.183771416544914246e-03 9.959643483161926270e-01 7.057059478759765625e+01
9.952592849731445312e-01 -2.673461660742759705e-02 -9.350714087486267090e-02 -3.436321973800659180e+00 2.595885843038558960e-02 9.996176958084106445e-01 -9.502473287284374237e-03 -1.653439521789550781e+00 9.372542798519134521e-02 7.030095905065536499e-03 9.955731630325317383e-01 7.316388702392578125e+01
9.949401021003723145e-01 -2.708383463323116302e-02 -9.674680233001708984e-02 -3.693083763122558594e+00 2.629854902625083923e-02 9.996099472045898438e-01 -9.382584132254123688e-03 -1.734810948371887207e+00 9.696317464113235474e-02 6.790820043534040451e-03 9.952646493911743164e-01 7.583817291259765625e+01
9.947087168693542480e-01 -2.790223434567451477e-02 -9.887067973613739014e-02 -3.949192047119140625e+00 2.717037312686443329e-02 9.995924234390258789e-01 -8.740620687603950500e-03 -1.808347821235656738e+00 9.907426685094833374e-02 6.008041091263294220e-03 9.950617551803588867e-01 7.850141143798828125e+01
9.942625164985656738e-01 -2.651227451860904694e-02 -1.036263406276702881e-01 -4.209479331970214844e+00 2.567607164382934570e-02 9.996259808540344238e-01 -9.394699707627296448e-03 -1.873703956604003906e+00 1.038366556167602539e-01 6.680101621896028519e-03 9.945718050003051758e-01 8.108283996582031250e+01
9.927669763565063477e-01 -2.859855629503726959e-02 -1.165980249643325806e-01 -4.514779567718505859e+00 2.764165587723255157e-02 9.995695352554321289e-01 -9.815398603677749634e-03 -1.954387545585632324e+00 1.168285310268402100e-01 6.521468516439199448e-03 9.931306242942810059e-01 8.378910064697265625e+01
9.927260875701904297e-01 -2.824456617236137390e-02 -1.170332282781600952e-01 -4.819284439086914062e+00 2.725856751203536987e-02 9.995781779289245605e-01 -1.001768652349710464e-02 -2.025524616241455078e+00 1.172668635845184326e-01 6.754529662430286407e-03 9.930775165557861328e-01 8.636452484130859375e+01
9.921435713768005371e-01 -2.817147597670555115e-02 -1.218893751502037048e-01 -5.125988006591796875e+00 2.703802473843097687e-02 9.995744228363037109e-01 -1.094378903508186340e-02 -2.101578712463378906e+00 1.221458762884140015e-01 7.562030572444200516e-03 9.924833774566650391e-01 8.892736816406250000e+01
9.911941885948181152e-01 -2.910766564309597015e-02 -1.291756629943847656e-01 -5.455093860626220703e+00 2.811973169445991516e-02 9.995596408843994141e-01 -9.466079063713550568e-03 -2.177635908126831055e+00 1.293943971395492554e-01 5.750204436480998993e-03 9.915765523910522461e-01 9.150000762939453125e+01
9.906544685363769531e-01 -2.839370258152484894e-02 -1.334058195352554321e-01 -5.802182674407958984e+00 2.735529839992523193e-02 9.995795488357543945e-01 -9.611046873033046722e-03 -2.248751640319824219e+00 1.336227059364318848e-01 5.871729459613561630e-03 9.910148978233337402e-01 9.413830566406250000e+01
9.894033074378967285e-01 -2.899264730513095856e-02 -1.422674953937530518e-01 -6.167494297027587891e+00 2.806811220943927765e-02 9.995697736740112305e-01 -8.501892909407615662e-03 -2.325012207031250000e+00 1.424528658390045166e-01 4.418480675667524338e-03 9.897916913032531738e-01 9.677088928222656250e+01
9.879580140113830566e-01 -3.011365048587322235e-02 -1.517615616321563721e-01 -6.546442031860351562e+00 2.925864607095718384e-02 9.995408058166503906e-01 -7.864732295274734497e-03 -2.396796941757202148e+00 1.519288122653961182e-01 3.329543396830558777e-03 9.883857965469360352e-01 9.931908416748046875e+01
9.878834486007690430e-01 -2.985073439776897430e-02 -1.522979438304901123e-01 -6.923429965972900391e+00 2.924144081771373749e-02 9.995527267456054688e-01 -6.239855661988258362e-03 -2.467234134674072266e+00 1.524161994457244873e-01 1.710696611553430557e-03 9.883148670196533203e-01 1.017752532958984375e+02
9.883038997650146484e-01 -3.031240403652191162e-02 -1.494521498680114746e-01 -7.318114757537841797e+00 3.012588806450366974e-02 9.995397329330444336e-01 -3.512927331030368805e-03 -2.538084506988525391e+00 1.494899541139602661e-01 -1.030686195008456707e-03 9.887626767158508301e-01 1.043301773071289062e+02
9.873040318489074707e-01 -3.116969019174575806e-02 -1.557511687278747559e-01 -7.747241973876953125e+00 3.064233995974063873e-02 9.995134472846984863e-01 -5.786855705082416534e-03 -2.601055622100830078e+00 1.558558791875839233e-01 9.406585013493895531e-04 9.877793192863464355e-01 1.070901641845703125e+02
9.871324300765991211e-01 -3.188465535640716553e-02 -1.566910594701766968e-01 -8.160579681396484375e+00 3.135306760668754578e-02 9.994909763336181641e-01 -5.864299368113279343e-03 -2.665832757949829102e+00 1.567983925342559814e-01 8.759466581977903843e-04 9.876301884651184082e-01 1.097119293212890625e+02
9.874338507652282715e-01 -3.254900872707366943e-02 -1.546417474746704102e-01 -8.555105209350585938e+00 3.192913904786109924e-02 9.994688630104064941e-01 -6.491741165518760681e-03 -2.730905294418334961e+00 1.547710150480270386e-01 1.472436590120196342e-03 9.879491925239562988e-01 1.122213439941406250e+02
9.866016507148742676e-01 -3.399616479873657227e-02 -1.595638543367385864e-01 -8.961641311645507812e+00 3.313440456986427307e-02 9.994181394577026367e-01 -8.059621788561344147e-03 -2.795173406600952148e+00 1.597451269626617432e-01 2.664438914507627487e-03 9.871546626091003418e-01 1.147655792236328125e+02
9.856908917427062988e-01 -3.264734148979187012e-02 -1.653686612844467163e-01 -9.381547927856445312e+00 3.149853646755218506e-02 9.994577169418334961e-01 -9.565961547195911407e-03 -2.858690023422241211e+00 1.655914187431335449e-01 4.220073111355304718e-03 9.861853718757629395e-01 1.172982635498046875e+02
9.855176210403442383e-01 -3.351879492402076721e-02 -1.662246286869049072e-01 -9.842013359069824219e+00 3.240981325507164001e-02 9.994302988052368164e-01 -9.381027892231941223e-03 -2.940091848373413086e+00 1.664445251226425171e-01 3.857706207782030106e-03 9.860432147979736328e-01 1.200355148315429688e+02
9.852815270423889160e-01 -3.386630862951278687e-02 -1.675482839345932007e-01 -1.025163936614990234e+01 3.297002613544464111e-02 9.994229078292846680e-01 -8.129650726914405823e-03 -3.010740518569946289e+00 1.677270680665969849e-01 2.485769568011164665e-03 9.858302474021911621e-01 1.224477767944335938e+02
9.846453666687011719e-01 -3.333861380815505981e-02 -1.713509857654571533e-01 -1.070416355133056641e+01 3.258190676569938660e-02 9.994425773620605469e-01 -7.227939553558826447e-03 -3.085784196853637695e+00 1.714965850114822388e-01 1.533864531666040421e-03 9.851834177970886230e-01 1.250793380737304688e+02
9.838812947273254395e-01 -3.395031020045280457e-02 -1.755678206682205200e-01 -1.114894294738769531e+01 3.342533484101295471e-02 9.994231462478637695e-01 -5.947982892394065857e-03 -3.152564525604248047e+00 1.756686121225357056e-01 -1.645775046199560165e-05 9.844492077827453613e-01 1.276006393432617188e+02
9.828751683235168457e-01 -3.506011143326759338e-02 -1.809039115905761719e-01 -1.161567115783691406e+01 3.465072065591812134e-02 9.993843436241149902e-01 -5.424430593848228455e-03 -3.213091135025024414e+00 1.809828877449035645e-01 -9.370604529976844788e-04 9.834856390953063965e-01 1.301692199707031250e+02
9.820929765701293945e-01 -3.704717382788658142e-02 -1.847156882286071777e-01 -1.208366870880126953e+01 3.633780032396316528e-02 9.993129968643188477e-01 -7.225918117910623550e-03 -3.277743577957153320e+00 1.848566532135009766e-01 3.842219011858105659e-04 9.827653169631958008e-01 1.327031402587890625e+02
9.815686345100402832e-01 -3.633442893624305725e-02 -1.876214742660522461e-01 -1.258695983886718750e+01 3.499472513794898987e-02 9.993324279785156250e-01 -1.044970378279685974e-02 -3.342190265655517578e+00 1.878760755062103271e-01 3.691196907311677933e-03 9.821857810020446777e-01 1.353592529296875000e+02
9.803251028060913086e-01 -3.580074757337570190e-02 -1.941135525703430176e-01 -1.307852363586425781e+01 3.443272039294242859e-02 9.993522167205810547e-01 -1.041886582970619202e-02 -3.416682481765747070e+00 1.943609863519668579e-01 3.529874142259359360e-03 9.809237122535705566e-01 1.379078979492187500e+02
9.801589846611022949e-01 -3.485449776053428650e-02 -1.951216310262680054e-01 -1.358806228637695312e+01 3.384849056601524353e-02 9.993904232978820801e-01 -8.489566855132579803e-03 -3.494136571884155273e+00 1.952987611293792725e-01 1.716411323286592960e-03 9.807422757148742676e-01 1.404586944580078125e+02
9.797706007957458496e-01 -3.585880249738693237e-02 -1.968823820352554321e-01 -1.408094501495361328e+01 3.516491502523422241e-02 9.993563294410705566e-01 -7.021064404398202896e-03 -3.563423395156860352e+00 1.970076113939285278e-01 -4.446459934115409851e-05 9.804019331932067871e-01 1.428972778320312500e+02
9.799754619598388672e-01 -3.558159619569778442e-02 -1.959106177091598511e-01 -1.462457370758056641e+01 3.539957478642463684e-02 9.993628859519958496e-01 -4.432449582964181900e-03 -3.629379749298095703e+00 1.959436982870101929e-01 -2.591608092188835144e-03 9.806116223335266113e-01 1.455979156494140625e+02
9.790521860122680664e-01 -3.656430169939994812e-02 -2.002971470355987549e-01 -1.518675231933593750e+01 3.572076931595802307e-02 9.993306398391723633e-01 -7.825810462236404419e-03 -3.691148757934570312e+00 2.004494071006774902e-01 5.069635808467864990e-04 9.797037839889526367e-01 1.483783111572265625e+02
9.790558815002441406e-01 -3.498646616935729980e-02 -2.005604952573776245e-01 -1.570347690582275391e+01 3.423752635717391968e-02 9.993872642517089844e-01 -7.203430403023958206e-03 -3.758024692535400391e+00 2.006898075342178345e-01 1.857145107351243496e-04 9.796546697616577148e-01 1.509248809814453125e+02
9.781768918037414551e-01 -3.753080219030380249e-02 -2.043536454439163208e-01 -1.622819328308105469e+01 3.677198663353919983e-02 9.992949366569519043e-01 -7.511380128562450409e-03 -3.829707860946655273e+00 2.044916599988937378e-01 -1.671865175012499094e-04 9.788681268692016602e-01 1.534713745117187500e+02
9.789091944694519043e-01 -3.727007657289505005e-02 -2.008648961782455444e-01 -1.672784233093261719e+01 3.629061579704284668e-02 9.993041157722473145e-01 -8.558366447687149048e-03 -3.894669532775878906e+00 2.010442763566970825e-01 1.088197459466755390e-03 9.795813560485839844e-01 1.558857116699218750e+02
9.784376025199890137e-01 -3.727727383375167847e-02 -2.031480669975280762e-01 -1.727456283569335938e+01 3.636354580521583557e-02 9.993041753768920898e-01 -8.230620995163917542e-03 -3.967247962951660156e+00 2.033137232065200806e-01 6.658099009655416012e-04 9.791132211685180664e-01 1.585200805664062500e+02
9.767466783523559570e-01 -3.890721499919891357e-02 -2.108342200517654419e-01 -1.782892417907714844e+01 3.822554647922515869e-02 9.992418289184570312e-01 -7.310003973543643951e-03 -4.041273593902587891e+00 2.109590023756027222e-01 -9.193922160193324089e-04 9.774942398071289062e-01 1.611402587890625000e+02
9.754598736763000488e-01 -3.775420412421226501e-02 -2.169136404991149902e-01 -1.839590072631835938e+01 3.730891644954681396e-02 9.992842674255371094e-01 -6.149888504296541214e-03 -4.102530956268310547e+00 2.169908136129379272e-01 -2.093996852636337280e-03 9.761711359024047852e-01 1.637074127197265625e+02
9.725217223167419434e-01 -3.904188424348831177e-02 -2.295126467943191528e-01 -1.899741935729980469e+01 3.853775560855865479e-02 9.992341995239257812e-01 -6.680883467197418213e-03 -4.167318820953369141e+00 2.295979857444763184e-01 -2.347756177186965942e-03 9.732823371887207031e-01 1.663144836425781250e+02
9.715557694435119629e-01 -3.853693976998329163e-02 -2.336514890193939209e-01 -1.962283706665039062e+01 3.796860575675964355e-02 9.992542266845703125e-01 -6.932319141924381256e-03 -4.237587451934814453e+00 2.337446659803390503e-01 -2.136443043127655983e-03 9.722952246665954590e-01 1.689423980712890625e+02
9.717232584953308105e-01 -4.068144038319587708e-02 -2.325887829065322876e-01 -2.025470924377441406e+01 3.997682780027389526e-02 9.991698861122131348e-01 -7.745102513581514359e-03 -4.306639671325683594e+00 2.327110767364501953e-01 -1.772230025380849838e-03 9.725437760353088379e-01 1.716101074218750000e+02
9.711539745330810547e-01 -4.242621362209320068e-02 -2.346455901861190796e-01 -2.087646484375000000e+01 4.209602996706962585e-02 9.990922808647155762e-01 -6.418880540877580643e-03 -4.379966735839843750e+00 2.347051948308944702e-01 -3.644110634922981262e-03 9.720591902732849121e-01 1.741995086669921875e+02
9.700253605842590332e-01 -4.085289314389228821e-02 -2.395421415567398071e-01 -2.148724937438964844e+01 4.084813222289085388e-02 9.991522431373596191e-01 -4.987578839063644409e-03 -4.440793991088867188e+00 2.395431101322174072e-01 -4.946946166455745697e-03 9.708725214004516602e-01 1.766767425537109375e+02
9.687482118606567383e-01 -4.438438266515731812e-02 -2.440399974584579468e-01 -2.206888580322265625e+01 4.415547475218772888e-02 9.990034103393554688e-01 -6.412107031792402267e-03 -4.503688812255859375e+00 2.440817058086395264e-01 -4.564164206385612488e-03 9.697433114051818848e-01 1.790154113769531250e+02
9.695699810981750488e-01 -4.267228767275810242e-02 -2.410637140274047852e-01 -2.270167350769042969e+01 4.293830320239067078e-02 9.990683794021606445e-01 -4.152575973421335220e-03 -4.570181846618652344e+00 2.410166561603546143e-01 -6.324842572212219238e-03 9.704997539520263672e-01 1.815399627685546875e+02
9.692709445953369141e-01 -4.479390382766723633e-02 -2.418797165155410767e-01 -2.335741806030273438e+01 4.481774568557739258e-02 9.989798069000244141e-01 -5.407063756138086319e-03 -4.632090568542480469e+00 2.418754696846008301e-01 -5.599780939519405365e-03 9.702905416488647461e-01 1.841632232666015625e+02
9.687699675559997559e-01 -4.777372628450393677e-02 -2.433122396469116211e-01 -2.401201820373535156e+01 4.728918522596359253e-02 9.988496899604797363e-01 -7.836116477847099304e-03 -4.703743934631347656e+00 2.434070557355880737e-01 -3.914838656783103943e-03 9.699157476425170898e-01 1.867749938964843750e+02
9.689877033233642578e-01 -4.866001754999160767e-02 -2.422670423984527588e-01 -2.461401176452636719e+01 4.808273911476135254e-02 9.988080263137817383e-01 -8.299242705106735229e-03 -4.771573066711425781e+00 2.423824667930603027e-01 -3.607178572565317154e-03 9.701734185218811035e-01 1.891832427978515625e+02
9.684225320816040039e-01 -5.078206956386566162e-02 -2.440844029188156128e-01 -2.530575752258300781e+01 4.982678219676017761e-02 9.987059831619262695e-01 -1.009147614240646362e-02 -4.850161552429199219e+00 2.442813962697982788e-01 -2.389321569353342056e-03 9.697007536888122559e-01 1.919403381347656250e+02
9.683774113655090332e-01 -5.044898390769958496e-02 -2.443326413631439209e-01 -2.595264053344726562e+01 4.938039183616638184e-02 9.987241029739379883e-01 -1.050239522010087967e-02 -4.930808544158935547e+00 2.445512413978576660e-01 -1.895245281048119068e-03 9.696339964866638184e-01 1.945173339843750000e+02
9.679800271987915039e-01 -5.206890404224395752e-02 -2.455643117427825928e-01 -2.662226104736328125e+01 5.023440346121788025e-02 9.986422657966613770e-01 -1.373415626585483551e-02 -5.005487918853759766e+00 2.459465563297271729e-01 9.583244100213050842e-04 9.692823290824890137e-01 1.971816711425781250e+02
9.667860269546508789e-01 -5.212866142392158508e-02 -2.502112686634063721e-01 -2.728612899780273438e+01 4.999727010726928711e-02 9.986378550529479980e-01 -1.487260684370994568e-02 -5.089405536651611328e+00 2.506462931632995605e-01 1.868460676632821560e-03 9.680762887001037598e-01 1.997600555419921875e+02
9.653433561325073242e-01 -5.238053575158119202e-02 -2.556692957878112793e-01 -2.793342018127441406e+01 5.032254010438919067e-02 9.986256957054138184e-01 -1.459041237831115723e-02 -5.171691417694091797e+00 2.560827732086181641e-01 1.218541292473673820e-03 9.666534662246704102e-01 2.022455749511718750e+02
9.635944962501525879e-01 -5.082579329609870911e-02 -2.624893784523010254e-01 -2.858338356018066406e+01 4.887541383504867554e-02 9.987066388130187988e-01 -1.395972352474927902e-02 -5.261925220489501953e+00 2.628599703311920166e-01 6.219558417797088623e-04 9.648331403732299805e-01 2.046604156494140625e+02
9.625833630561828613e-01 -5.095090344548225403e-02 -2.661495208740234375e-01 -2.927888107299804688e+01 4.793965816497802734e-02 9.986908435821533203e-01 -1.780431903898715973e-02 -5.343993663787841797e+00 2.667087912559509277e-01 4.378749057650566101e-03 9.637665748596191406e-01 2.071777648925781250e+02
9.603285789489746094e-01 -5.136162042617797852e-02 -2.740970253944396973e-01 -2.999277114868164062e+01 4.892065003514289856e-02 9.986779093742370605e-01 -1.573952846229076385e-02 -5.441418170928955078e+00 2.745436429977416992e-01 1.705833943560719490e-03 9.615724682807922363e-01 2.097019348144531250e+02
9.587938785552978516e-01 -5.322859436273574829e-02 -2.790684401988983154e-01 -3.073726654052734375e+01 5.029729381203651428e-02 9.985774159431457520e-01 -1.766050048172473907e-02 -5.540073394775390625e+00 2.796120643615722656e-01 2.896129386499524117e-03 9.601080417633056641e-01 2.122783966064453125e+02
9.575760960578918457e-01 -5.346891283988952637e-02 -2.831733822822570801e-01 -3.144753456115722656e+01 5.066427215933799744e-02 9.985664486885070801e-01 -1.722522079944610596e-02 -5.631431579589843750e+00 2.836890518665313721e-01 2.147421706467866898e-03 9.589132666587829590e-01 2.147003173828125000e+02
9.554920196533203125e-01 -5.617941170930862427e-02 -2.896150350570678711e-01 -3.219828796386718750e+01 5.425838753581047058e-02 9.984184503555297852e-01 -1.466586813330650330e-02 -5.726993083953857422e+00 2.899815142154693604e-01 -1.701191999018192291e-03 9.570300579071044922e-01 2.171955566406250000e+02
9.551890492439270020e-01 -5.675221234560012817e-02 -2.905013859272003174e-01 -3.294215774536132812e+01 5.479779839515686035e-02 9.983860254287719727e-01 -1.486640330404043198e-02 -5.817749977111816406e+00 2.908768057823181152e-01 -1.718869199976325035e-03 9.567583203315734863e-01 2.196599578857421875e+02
9.553543329238891602e-01 -5.867681652307510376e-02 -2.895739078521728516e-01 -3.369225311279296875e+01 5.651943385601043701e-02 9.982754588127136230e-01 -1.581596210598945618e-02 -5.909522056579589844e+00 2.900030910968780518e-01 -1.256962539628148079e-03 9.570242762565612793e-01 2.221652832031250000e+02
9.528361558914184570e-01 -5.787408724427223206e-02 -2.979121506214141846e-01 -3.451052856445312500e+01 5.528165772557258606e-02 9.983230829238891602e-01 -1.712928712368011475e-02 -6.003375530242919922e+00 2.984044551849365234e-01 -1.479275524616241455e-04 9.544388651847839355e-01 2.248040771484375000e+02
9.504793286323547363e-01 -5.643516406416893005e-02 -3.056173026561737061e-01 -3.528082656860351562e+01 5.399399623274803162e-02 9.984050393104553223e-01 -1.644320413470268250e-02 -6.094603061676025391e+00 3.060584366321563721e-01 -8.728228858672082424e-04 9.520116448402404785e-01 2.272438201904296875e+02
9.506351351737976074e-01 -5.401763692498207092e-02 -3.055696785449981689e-01 -3.607761764526367188e+01 5.153578519821166992e-02 9.985390901565551758e-01 -1.619057916104793549e-02 -6.182556629180908203e+00 3.059984743595123291e-01 -3.566846135072410107e-04 9.520312547683715820e-01 2.297409973144531250e+02
9.499303698539733887e-01 -5.287104472517967224e-02 -3.079525828361511230e-01 -3.688043594360351562e+01 5.132259055972099304e-02 9.985949397087097168e-01 -1.313264667987823486e-02 -6.268665313720703125e+00 3.082148730754852295e-01 -3.330067964270710945e-03 9.513102173805236816e-01 2.322080688476562500e+02
9.491680264472961426e-01 -5.431849882006645203e-02 -3.100442886352539062e-01 -3.763084411621093750e+01 5.214432254433631897e-02 9.985214471817016602e-01 -1.530367787927389145e-02 -6.345200538635253906e+00 3.104178309440612793e-01 -1.641540904529392719e-03 9.505980610847473145e-01 2.345285339355468750e+02
9.483280181884765625e-01 -5.422987416386604309e-02 -3.126195073127746582e-01 -3.850799560546875000e+01 5.186289176344871521e-02 9.985269904136657715e-01 -1.588932611048221588e-02 -6.442141056060791016e+00 3.130213618278503418e-01 -1.145309768617153168e-03 9.497446417808532715e-01 2.371975097656250000e+02
9.484409689903259277e-01 -5.170468240976333618e-02 -3.127046227455139160e-01 -3.926526641845703125e+01 4.917319118976593018e-02 9.986615180969238281e-01 -1.598302088677883148e-02 -6.527369022369384766e+00 3.131131529808044434e-01 -2.179819857701659203e-04 9.497150778770446777e-01 2.395016784667968750e+02
9.486148953437805176e-01 -5.253199487924575806e-02 -3.120387494564056396e-01 -4.007665252685546875e+01 5.021683126688003540e-02 9.986178278923034668e-01 -1.545747648924589157e-02 -6.618112087249755859e+00 3.124201595783233643e-01 -1.006674021482467651e-03 9.499427676200866699e-01 2.419676666259765625e+02
9.486253261566162109e-01 -5.492214486002922058e-02 -3.115952908992767334e-01 -4.088912200927734375e+01 5.234106257557868958e-02 9.984895586967468262e-01 -1.664823107421398163e-02 -6.715026855468750000e+00 3.120397031307220459e-01 -5.165741313248872757e-04 9.500681757926940918e-01 2.444554138183593750e+02
9.481828808784484863e-01 -5.500923842191696167e-02 -3.129236102104187012e-01 -4.163584518432617188e+01 5.238130316138267517e-02 9.984847903251647949e-01 -1.680668629705905914e-02 -6.801864147186279297e+00 3.133746981620788574e-01 -4.558166256174445152e-04 9.496287107467651367e-01 2.467413177490234375e+02
9.469129443168640137e-01 -5.588168278336524963e-02 -3.165930807590484619e-01 -4.239515304565429688e+01 5.332446843385696411e-02 9.984359145164489746e-01 -1.674398966133594513e-02 -6.891520023345947266e+00 3.170343339443206787e-01 -1.027341699227690697e-03 9.484127759933471680e-01 2.490400238037109375e+02
9.474951624870300293e-01 -5.623058229684829712e-02 -3.147841095924377441e-01 -4.323052597045898438e+01 5.325345695018768311e-02 9.984167814254760742e-01 -1.805856078863143921e-02 -6.987994194030761719e+00 3.153019547462463379e-01 3.467763308435678482e-04 9.489905834197998047e-01 2.515424194335937500e+02
9.486914277076721191e-01 -5.834185332059860229e-02 -3.107711076736450195e-01 -4.407086181640625000e+01 5.541986599564552307e-02 9.982956647872924805e-01 -1.823350973427295685e-02 -7.090765953063964844e+00 3.113059699535369873e-01 7.481407374143600464e-05 9.503089785575866699e-01 2.541128082275390625e+02
9.472803473472595215e-01 -6.123466417193412781e-02 -3.144969642162322998e-01 -4.492216491699218750e+01 5.847515165805816650e-02 9.981217384338378906e-01 -1.821214891970157623e-02 -7.198574066162109375e+00 3.150222301483154297e-01 -1.138494932092726231e-03 9.490828514099121094e-01 2.567019958496093750e+02
9.460437297821044922e-01 -6.198563054203987122e-02 -3.180520534515380859e-01 -4.570074462890625000e+01 5.903506278991699219e-02 9.980756640434265137e-01 -1.891819015145301819e-02 -7.293226718902587891e+00 3.186134099960327148e-01 -8.790420833975076675e-04 9.478835463523864746e-01 2.590526428222656250e+02
9.450054764747619629e-01 -6.177533417940139771e-02 -3.211643695831298828e-01 -4.656829452514648438e+01 6.021890044212341309e-02 9.980746507644653320e-01 -1.478859223425388336e-02 -7.390448093414306641e+00 3.214603066444396973e-01 -5.365124903619289398e-03 9.469070434570312500e-01 2.616184997558593750e+02
9.443238377571105957e-01 -6.001269444823265076e-02 -3.234949409961700439e-01 -4.743154525756835938e+01 5.897248536348342896e-02 9.981735944747924805e-01 -1.302749570459127426e-02 -7.476675987243652344e+00 3.236866593360900879e-01 -6.775385700166225433e-03 9.461392164230346680e-01 2.641582641601562500e+02
9.442711472511291504e-01 -5.764124169945716858e-02 -3.240794539451599121e-01 -4.828686141967773438e+01 5.674302205443382263e-02 9.983129501342773438e-01 -1.223020534962415695e-02 -7.553526878356933594e+00 3.242384493350982666e-01 -6.840880960226058960e-03 9.459497332572937012e-01 2.666702880859375000e+02
9.443951845169067383e-01 -6.098986044526100159e-02 -3.231036961078643799e-01 -4.912733840942382812e+01 5.986541137099266052e-02 9.981151819229125977e-01 -1.342806406319141388e-02 -7.637175559997558594e+00 3.233144581317901611e-01 -6.661613006144762039e-03 9.462671875953674316e-01 2.691118164062500000e+02
9.433402419090270996e-01 -6.164968386292457581e-02 -3.260469734668731689e-01 -4.999034118652343750e+01 5.992725864052772522e-02 9.980839490890502930e-01 -1.533567160367965698e-02 -7.725892543792724609e+00 3.263684511184692383e-01 -5.072611849755048752e-03 9.452280998229980469e-01 2.716260070800781250e+02
9.418004155158996582e-01 -6.382958590984344482e-02 -3.300544619560241699e-01 -5.084979629516601562e+01 6.169033795595169067e-02 9.979501366615295410e-01 -1.696432940661907196e-02 -7.814743518829345703e+00 3.304615318775177002e-01 -4.384412430226802826e-03 9.438083767890930176e-01 2.741020812988281250e+02
9.422346949577331543e-01 -6.455080956220626831e-02 -3.286719322204589844e-01 -5.175991439819335938e+01 6.224672868847846985e-02 9.979056715965270996e-01 -1.754022762179374695e-02 -7.918481826782226562e+00 3.291166424751281738e-01 -3.932001534849405289e-03 9.442801475524902344e-01 2.767249450683593750e+02
9.384799003601074219e-01 -6.686804443597793579e-02 -3.387955427169799805e-01 -5.268196868896484375e+01 6.424789130687713623e-02 9.977529048919677734e-01 -1.895779557526111603e-02 -8.023252487182617188e+00 3.393027186393737793e-01 -3.975652158260345459e-03 9.406678676605224609e-01 2.793482055664062500e+02
9.379888772964477539e-01 -6.791963428258895874e-02 -3.399441540241241455e-01 -5.353807830810546875e+01 6.531769782304763794e-02 9.976806044578552246e-01 -1.910670660436153412e-02 -8.117594718933105469e+00 3.404542207717895508e-01 -4.282766021788120270e-03 9.402503967285156250e-01 2.817039489746093750e+02
9.359323978424072266e-01 -6.822767853736877441e-02 -3.455048799514770508e-01 -5.443360137939453125e+01 6.627285480499267578e-02 9.976473450660705566e-01 -1.748353987932205200e-02 -8.214527130126953125e+00 3.458856940269470215e-01 -6.534462794661521912e-03 9.382529854774475098e-01 2.841755981445312500e+02
9.352901577949523926e-01 -6.735705584287643433e-02 -3.474095463752746582e-01 -5.533174133300781250e+01 6.565712392330169678e-02 9.977018833160400391e-01 -1.667830906808376312e-02 -8.307374000549316406e+00 3.477353453636169434e-01 -7.211123593151569366e-03 9.375640153884887695e-01 2.866060485839843750e+02
9.345093965530395508e-01 -6.753550469875335693e-02 -3.494697809219360352e-01 -5.630066680908203125e+01 6.661826372146606445e-02 9.976698160171508789e-01 -1.465982384979724884e-02 -8.404004096984863281e+00 3.496463298797607422e-01 -9.581603109836578369e-03 9.368317723274230957e-01 2.892207031250000000e+02
9.334334135055541992e-01 -6.635642051696777344e-02 -3.525575399398803711e-01 -5.718801879882812500e+01 6.597246229648590088e-02 9.977341294288635254e-01 -1.312011666595935822e-02 -8.489794731140136719e+00 3.526301383972167969e-01 -1.101260632276535034e-02 9.356969594955444336e-01 2.915801696777343750e+02
9.308821558952331543e-01 -6.706354767084121704e-02 -3.591083288192749023e-01 -5.799605560302734375e+01 6.742534041404724121e-02 9.976565837860107422e-01 -1.153341494500637054e-02 -8.563757896423339844e+00 3.590411245822906494e-01 -1.347702182829380035e-02 9.332234263420104980e-01 2.936972961425781250e+02
9.289597868919372559e-01 -6.852663308382034302e-02 -3.637796342372894287e-01 -5.894439697265625000e+01 6.809350848197937012e-02 9.975791573524475098e-01 -1.403324492275714874e-02 -8.652596473693847656e+00 3.638615310192108154e-01 -1.173499040305614471e-02 9.313781261444091797e-01 2.961384887695312500e+02
9.282143712043762207e-01 -6.832154840230941772e-02 -3.657156527042388916e-01 -5.991918182373046875e+01 6.815175712108612061e-02 9.975839853286743164e-01 -1.339141931384801865e-02 -8.737878799438476562e+00 3.657479286193847656e-01 -1.249433215707540512e-02 9.306290745735168457e-01 2.986172790527343750e+02
9.267460107803344727e-01 -6.904353946447372437e-02 -3.692863881587982178e-01 -6.090530395507812500e+01 6.913019716739654541e-02 9.975216388702392578e-01 -1.301620807498693466e-02 -8.826173782348632812e+00 3.692707121372222900e-01 -1.346640195697546005e-02 9.292232990264892578e-01 3.011037902832031250e+02
9.257850646972656250e-01 -6.971258670091629028e-02 -3.715639114379882812e-01 -6.191444396972656250e+01 6.966432183980941772e-02 9.974770545959472656e-01 -1.357218250632286072e-02 -8.913404464721679688e+00 3.715734779834747314e-01 -1.332010608166456223e-02 9.283069968223571777e-01 3.036342773437500000e+02
9.266400337219238281e-01 -7.086938619613647461e-02 -3.692064881324768066e-01 -6.292238998413085938e+01 7.063539326190948486e-02 9.974004626274108887e-01 -1.417090743780136108e-02 -9.000816345214843750e+00 3.692518472671508789e-01 -1.294801104813814163e-02 9.292381405830383301e-01 3.061708679199218750e+02
9.249236583709716797e-01 -7.244135439395904541e-02 -3.731836974620819092e-01 -6.379111862182617188e+01 7.246673107147216797e-02 9.972717761993408203e-01 -1.398220192641019821e-02 -9.081164360046386719e+00 3.731793165206909180e-01 -1.411121431738138199e-02 9.276509284973144531e-01 3.083491821289062500e+02
9.253793954849243164e-01 -7.080820202827453613e-02 -3.723664879798889160e-01 -6.476985168457031250e+01 7.055974751710891724e-02 9.974038600921630859e-01 -1.431447640061378479e-02 -9.167919158935546875e+00 3.724141716957092285e-01 -1.302802376449108124e-02 9.279742836952209473e-01 3.107778320312500000e+02
9.247733354568481445e-01 -7.038810849189758301e-02 -3.739483952522277832e-01 -6.572241973876953125e+01 7.021155208349227905e-02 9.974312782287597656e-01 -1.411405485123395920e-02 -9.248700141906738281e+00 3.739821314811706543e-01 -1.320344675332307816e-02 9.273409843444824219e-01 3.131512451171875000e+02
9.245982170104980469e-01 -6.884074211120605469e-02 -3.746687471866607666e-01 -6.668752288818359375e+01 6.934366375207901001e-02 9.975177645683288574e-01 -1.215801760554313660e-02 -9.336478233337402344e+00 3.745765686035156250e-01 -1.473988220095634460e-02 9.270778894424438477e-01 3.155532226562500000e+02
9.239552021026611328e-01 -6.853443384170532227e-02 -3.763076066970825195e-01 -6.767824554443359375e+01 6.884912401437759399e-02 9.975461363792419434e-01 -1.263103447854518890e-02 -9.413818359375000000e+00 3.762507140636444092e-01 -1.423820108175277710e-02 9.264075756072998047e-01 3.179873046875000000e+02
9.240593314170837402e-01 -6.968776136636734009e-02 -3.758397996425628662e-01 -6.863887023925781250e+01 7.000778615474700928e-02 9.974630475044250488e-01 -1.282464619725942612e-02 -9.492531776428222656e+00 3.757808506488800049e-01 -1.446122862398624420e-02 9.265947341918945312e-01 3.203793334960937500e+02
9.235002994537353516e-01 -6.962397694587707520e-02 -3.772231638431549072e-01 -6.958512878417968750e+01 6.924564391374588013e-02 9.974920749664306641e-01 -1.458385307341814041e-02 -9.572478294372558594e+00 3.772933483123779297e-01 -1.265311613678932190e-02 9.260063767433166504e-01 3.227131347656250000e+02
9.222179055213928223e-01 -7.145343720912933350e-02 -3.800082504749298096e-01 -7.059937286376953125e+01 7.158080488443374634e-02 9.973381161689758301e-01 -1.381680462509393692e-02 -9.659037590026855469e+00 3.799848258495330811e-01 -1.445942651480436325e-02 9.248787760734558105e-01 3.251904296875000000e+02
9.201791882514953613e-01 -7.380563020706176758e-02 -3.844745159149169922e-01 -7.159548950195312500e+01 7.377218455076217651e-02 9.971634149551391602e-01 -1.485926378518342972e-02 -9.751344680786132812e+00 3.844814896583557129e-01 -1.469058543443679810e-02 9.230148196220397949e-01 3.276045837402343750e+02
9.196932315826416016e-01 -7.581757754087448120e-02 -3.852451145648956299e-01 -7.257550811767578125e+01 7.559724152088165283e-02 9.970131516456604004e-01 -1.574377343058586121e-02 -9.837915420532226562e+00 3.852889835834503174e-01 -1.464427262544631958e-02 9.226787686347961426e-01 3.299565124511718750e+02
