9.998803734779357910e-01 1.381571055389940739e-03 1.540756039321422577e-02 1.210187003016471863e-02 -1.365954987704753876e-03 9.999985098838806152e-01 -1.023970311507582664e-03 4.468735423870384693e-04 -1.540894992649555206e-02 1.002800650894641876e-03 9.998807907104492188e-01 1.267281025648117065e-01
9.993410706520080566e-01 4.139270167797803879e-03 3.605873137712478638e-02 3.021791204810142517e-02 -4.118322860449552536e-03 9.999914169311523438e-01 -6.552075501531362534e-04 9.791736956685781479e-04 -3.606112673878669739e-02 5.062742857262492180e-04 9.993494153022766113e-01 2.686229944229125977e-01
9.980123639106750488e-01 5.708758719265460968e-03 6.275817751884460449e-02 5.987545475363731384e-02 -5.760679952800273895e-03 9.999832510948181152e-01 6.463836180046200752e-04 2.308105118572711945e-03 -6.275342404842376709e-02 -1.006628037430346012e-03 9.980285167694091797e-01 4.305402934551239014e-01
9.953526258468627930e-01 5.411576479673385620e-03 9.614397585391998291e-02 1.050407961010932922e-01 -5.718903616070747375e-03 9.999794363975524902e-01 2.921235747635364532e-03 3.322381060570478439e-03 -9.612616151571273804e-02 -3.457497106865048409e-03 9.953631758689880371e-01 6.034613251686096191e-01
9.909969568252563477e-01 2.437992952764034271e-03 1.338619887828826904e-01 1.652962863445281982e-01 -3.155109239742159843e-03 9.999818205833435059e-01 5.145250353962182999e-03 5.264528095722198486e-03 -1.338469535112380981e-01 -5.521274637430906296e-03 9.909864664077758789e-01 7.870087027549743652e-01
9.848812818527221680e-01 -8.797592017799615860e-04 1.732287853956222534e-01 2.401942908763885498e-01 -1.148613810073584318e-04 9.999835491180419922e-01 5.731548182666301727e-03 7.625042926520109177e-03 -1.732309758663177490e-01 -5.664789117872714996e-03 9.848647117614746094e-01 9.812571406364440918e-01
9.763388633728027344e-01 -1.209269626997411251e-03 2.162425667047500610e-01 3.220546841621398926e-01 -3.105264622718095779e-04 9.999756217002868652e-01 6.994083058089017868e-03 1.121243089437484741e-02 -2.162457406520843506e-01 -6.895740516483783722e-03 9.763143658638000488e-01 1.185452938079833984e+00
9.644807577133178711e-01 -1.175212208181619644e-03 2.641503214836120605e-01 4.170053005218505859e-01 -1.347062876448035240e-03 9.999552965164184570e-01 9.367301128804683685e-03 1.474469900131225586e-02 -2.641495168209075928e-01 -9.390405379235744476e-03 9.644358158111572266e-01 1.399472713470458984e+00
9.500985741615295410e-01 -4.177903756499290466e-03 3.119215071201324463e-01 5.318266153335571289e-01 -1.009851926937699318e-03 9.998640418052673340e-01 1.646823249757289886e-02 1.361740939319133759e-02 -3.119477927684783936e-01 -1.596142537891864777e-02 9.499650001525878906e-01 1.620035648345947266e+00
9.333564043045043945e-01 -1.416071876883506775e-02 3.586713373661041260e-01 6.772187948226928711e-01 5.593755748122930527e-03 9.996741414070129395e-01 2.491176500916481018e-02 1.304237172007560730e-02 -3.589070439338684082e-01 -2.124522626399993896e-02 9.331312775611877441e-01 1.841927647590637207e+00
9.123319387435913086e-01 -2.014889754354953766e-02 4.089550971984863281e-01 8.328049182891845703e-01 8.864985778927803040e-03 9.995265007019042969e-01 2.946912311017513275e-02 1.601613312959671021e-02 -4.093551337718963623e-01 -2.326023392379283905e-02 9.120784401893615723e-01 2.063051462173461914e+00
8.872655630111694336e-01 -2.177657000720500946e-02 4.607444405555725098e-01 9.991015791893005371e-01 7.355617824941873550e-03 9.994259476661682129e-01 3.307187557220458984e-02 1.908195950090885162e-02 -4.612000584602355957e-01 -2.595446445047855377e-02 8.869163990020751953e-01 2.286904573440551758e+00
8.590209484100341797e-01 -2.409303933382034302e-02 5.113730430603027344e-01 1.188049674034118652e+00 5.460110958665609360e-03 9.992663264274597168e-01 3.790778294205665588e-02 2.416489273309707642e-02 -5.119112730026245117e-01 -2.977140620350837708e-02 8.585221767425537109e-01 2.512799024581909180e+00
8.270452618598937988e-01 -2.918261289596557617e-02 5.613772869110107422e-01 1.399777770042419434e+00 6.631357129663228989e-03 9.990884661674499512e-01 4.216697439551353455e-02 3.070197254419326782e-02 -5.620962381362915039e-01 -3.115128912031650543e-02 8.264849781990051270e-01 2.733366250991821289e+00
7.911862134933471680e-01 -3.486678749322891235e-02 6.105806827545166016e-01 1.634195804595947266e+00 8.791725151240825653e-03 9.989185929298400879e-01 4.565031081438064575e-02 3.653766214847564697e-02 -6.115119457244873047e-01 -3.074983507394790649e-02 7.906374335289001465e-01 2.948014974594116211e+00
7.532742619514465332e-01 -3.928513824939727783e-02 6.565321683883666992e-01 1.890111565589904785e+00 9.846345521509647369e-03 9.987759590148925781e-01 4.846687614917755127e-02 4.599883779883384705e-02 -6.576325297355651855e-01 -3.004439175128936768e-02 7.527393698692321777e-01 3.160519838333129883e+00
7.135452032089233398e-01 -4.262496903538703918e-02 6.993114352226257324e-01 2.166151523590087891e+00 1.112297456711530685e-02 9.987106323242187500e-01 4.952482879161834717e-02 5.994961783289909363e-02 -7.005206346511840820e-01 -2.755977958440780640e-02 7.130997180938720703e-01 3.369734048843383789e+00
6.716418862342834473e-01 -4.460763558745384216e-02 7.395318150520324707e-01 2.465896606445312500e+00 1.077425107359886169e-02 9.986680746078491211e-01 5.045326426625251770e-02 7.581134885549545288e-02 -7.407973408699035645e-01 -2.591862156987190247e-02 6.712283492088317871e-01 3.579896211624145508e+00
6.289067268371582031e-01 -4.493066295981407166e-02 7.761813402175903320e-01 2.784665584564208984e+00 6.144224666059017181e-03 9.985845088958740234e-01 5.282647535204887390e-02 9.232524782419204712e-02 -7.774561643600463867e-01 -2.845389768481254578e-02 6.282931566238403320e-01 3.792150259017944336e+00
5.870425701141357422e-01 -4.577422514557838440e-02 8.082609176635742188e-01 3.131896495819091797e+00 3.200797131285071373e-03 9.985232353210449219e-01 5.422461777925491333e-02 1.077990978956222534e-01 -8.095496296882629395e-01 -2.924507670104503632e-02 5.863227248191833496e-01 4.000365257263183594e+00
5.468502640724182129e-01 -4.700298234820365906e-02 8.359100222587585449e-01 3.507610321044921875e+00 1.579461153596639633e-03 9.984785914421081543e-01 5.511091277003288269e-02 1.241317838430404663e-01 -8.372288346290588379e-01 -2.881713025271892548e-02 5.460930466651916504e-01 4.202252864837646484e+00
5.079967975616455078e-01 -4.952765628695487976e-02 8.599339723587036133e-01 3.909355401992797852e+00 3.120401524938642979e-04 9.983554482460021973e-01 5.731570720672607422e-02 1.392365992069244385e-01 -8.613587617874145508e-01 -2.884786017239093781e-02 5.071774125099182129e-01 4.402126312255859375e+00
4.705740511417388916e-01 -4.939765110611915588e-02 8.809767961502075195e-01 4.338560581207275391e+00 -2.506191609427332878e-03 9.983522891998291016e-01 5.731777846813201904e-02 1.575564891099929810e-01 -8.823567628860473633e-01 -2.918015606701374054e-02 4.696754813194274902e-01 4.600409507751464844e+00
4.341105222702026367e-01 -4.876218736171722412e-02 8.995389938354492188e-01 4.794195175170898438e+00 -3.833422670140862465e-03 9.984242916107177734e-01 5.597257986664772034e-02 1.775271296501159668e-01 -9.008513092994689941e-01 -2.774659544229507446e-02 4.332402348518371582e-01 4.791821956634521484e+00
4.001982808113098145e-01 -4.738001152873039246e-02 9.152031540870666504e-01 5.277727127075195312e+00 -2.459841547533869743e-03 9.986028671264648438e-01 5.277329310774803162e-02 1.987945288419723511e-01 -9.164252281188964844e-01 -2.337102405726909637e-02 3.995232284069061279e-01 4.974124908447265625e+00
3.705131113529205322e-01 -4.579344391822814941e-02 9.276977777481079102e-01 5.789741039276123047e+00 -3.407531185075640678e-04 9.987764954566955566e-01 4.943819716572761536e-02 2.220147997140884399e-01 -9.288271069526672363e-01 -1.863360032439231873e-02 3.700448572635650635e-01 5.152035713195800781e+00
3.447496592998504639e-01 -4.391010478138923645e-02 9.376672506332397461e-01 6.329741477966308594e+00 1.047853496856987476e-03 9.989221096038818359e-01 4.639339819550514221e-02 2.453954666852951050e-01 -9.386941194534301758e-01 -1.501155458390712738e-02 3.444248139858245850e-01 5.330721855163574219e+00
3.239117264747619629e-01 -4.320487007498741150e-02 9.451004862785339355e-01 6.895349502563476562e+00 2.240009373053908348e-03 9.989883899688720703e-01 4.490065947175025940e-02 2.686404585838317871e-01 -9.460848569869995117e-01 -1.242679450660943985e-02 3.236815333366394043e-01 5.510972499847412109e+00
3.087524473667144775e-01 -4.375508055090904236e-02 9.501356482505798340e-01 7.490214824676513672e+00 3.193213371559977531e-03 9.989827275276184082e-01 4.496694356203079224e-02 2.909017801284790039e-01 -9.511373043060302734e-01 -1.084964256733655930e-02 3.085787296295166016e-01 5.692965030670166016e+00
2.971356809139251709e-01 -4.535063356161117554e-02 9.537579417228698730e-01 8.109243392944335938e+00 4.506633616983890533e-03 9.989262819290161133e-01 4.609440267086029053e-02 3.131204843521118164e-01 -9.548248648643493652e-01 -9.398031048476696014e-03 2.970215976238250732e-01 5.878027915954589844e+00
2.861732542514801025e-01 -4.734783247113227844e-02 9.570075869560241699e-01 8.752693176269531250e+00 3.322572913020849228e-03 9.988207817077636719e-01 4.842302575707435608e-02 3.367871046066284180e-01 -9.581722617149353027e-01 -1.067763101309537888e-02 2.859937548637390137e-01 6.068196296691894531e+00
2.755820155143737793e-01 -4.911161214113235474e-02 9.600223302841186523e-01 9.421851158142089844e+00 1.669342978857457638e-03 9.987164139747619629e-01 5.061190202832221985e-02 3.626880049705505371e-01 -9.612763524055480957e-01 -1.234510354697704315e-02 2.753109037876129150e-01 6.260273456573486328e+00
2.654905617237091064e-01 -5.082935467362403870e-02 9.627728462219238281e-01 1.011200809478759766e+01 9.290064335800707340e-04 9.986217021942138672e-01 5.246584117412567139e-02 3.902643322944641113e-01 -9.641131758689880371e-01 -1.303474977612495422e-02 2.651725113391876221e-01 6.449695587158203125e+00
2.552864551544189453e-01 -5.276707187294960022e-02 9.654247164726257324e-01 1.082596683502197266e+01 -1.024285375024192035e-04 9.985074996948242188e-01 5.460239946842193604e-02 4.193162322044372559e-01 -9.668656587600708008e-01 -1.403813343495130539e-02 2.549006342887878418e-01 6.636983871459960938e+00
2.447068691253662109e-01 -5.444156751036643982e-02 9.680677056312561035e-01 1.155970668792724609e+01 -2.433388726785778999e-04 9.984183311462402344e-01 5.620995163917541504e-02 4.514514505863189697e-01 -9.695972800254821777e-01 -1.399052515625953674e-02 2.443072497844696045e-01 6.820542812347412109e+00
2.344777733087539673e-01 -5.557489767670631409e-02 9.705318808555603027e-01 1.231145668029785156e+01 -2.675293071661144495e-04 9.983602166175842285e-01 5.723307654261589050e-02 4.861177504062652588e-01 -9.721216559410095215e-01 -1.367952767759561539e-02 2.340790629386901855e-01 7.000762462615966797e+00
2.239595353603363037e-01 -5.876757204532623291e-02 9.728252291679382324e-01 1.308226585388183594e+01 -1.673788996413350105e-03 9.981551170349121094e-01 6.068309023976325989e-02 5.233619809150695801e-01 -9.745972156524658203e-01 -1.521885767579078674e-02 2.234486639499664307e-01 7.178252220153808594e+00
2.126914262771606445e-01 -6.187357008457183838e-02 9.751586318016052246e-01 1.386202621459960938e+01 -3.499279031530022621e-03 9.979379177093505859e-01 6.408217549324035645e-02 5.631452202796936035e-01 -9.771133661270141602e-01 -1.704207435250282288e-02 2.120370566844940186e-01 7.350293159484863281e+00
2.005649209022521973e-01 -6.644519418478012085e-02 9.774246215820312500e-01 1.464993572235107422e+01 -4.535104613751173019e-03 9.976230859756469727e-01 6.874889880418777466e-02 6.034896969795227051e-01 -9.796702265739440918e-01 -1.822132989764213562e-02 1.997874528169631958e-01 7.512327671051025391e+00
1.876915544271469116e-01 -6.885221600532531738e-02 9.798119068145751953e-01 1.544430732727050781e+01 -5.479817744344472885e-03 9.974505305290222168e-01 7.114140689373016357e-02 6.443423032760620117e-01 -9.822129607200622559e-01 -1.872182264924049377e-02 1.868362724781036377e-01 7.663700103759765625e+00
1.736600548028945923e-01 -6.949139386415481567e-02 9.823510050773620605e-01 1.624123573303222656e+01 -5.967325996607542038e-03 9.974139928817749023e-01 7.161187380552291870e-02 6.849783658981323242e-01 -9.847878217697143555e-01 -1.829812303185462952e-02 1.727968454360961914e-01 7.803821563720703125e+00
1.593306511640548706e-01 -6.850010156631469727e-02 9.848459959030151367e-01 1.704598617553710938e+01 -7.306830491870641708e-03 9.974800944328308105e-01 7.056096941232681274e-02 7.272436618804931641e-01 -9.871984124183654785e-01 -1.843862235546112061e-02 1.584291458129882812e-01 7.933469295501708984e+00
1.429601460695266724e-01 -6.748331338167190552e-02 9.874253273010253906e-01 1.785698699951171875e+01 -7.923216558992862701e-03 9.975622296333312988e-01 6.932321935892105103e-02 7.679908275604248047e-01 -9.896968603134155273e-01 -1.773403584957122803e-02 1.420774757862091064e-01 8.048261642456054688e+00
1.227352395653724670e-01 -6.585886329412460327e-02 9.902520775794982910e-01 1.867272567749023438e+01 -1.036801002919673920e-02 9.976554512977600098e-01 6.763628870248794556e-02 8.064536452293395996e-01 -9.923854470252990723e-01 -1.856829598546028137e-02 1.217651888728141785e-01 8.147360801696777344e+00
9.757029265165328979e-02 -6.460915505886077881e-02 9.931294322013854980e-01 1.949575614929199219e+01 -1.483435835689306259e-02 9.976845979690551758e-01 6.636289507150650024e-02 8.456490635871887207e-01 -9.951182603836059570e-01 -2.120748162269592285e-02 9.638650715351104736e-02 8.228215217590332031e+00
6.770274788141250610e-02 -6.432265788316726685e-02 9.956301450729370117e-01 2.032200813293457031e+01 -1.914780586957931519e-02 9.976513981819152832e-01 6.575530022382736206e-02 8.850077390670776367e-01 -9.975220561027526855e-01 -2.351593412458896637e-02 6.631268560886383057e-02 8.284774780273437500e+00
3.479924052953720093e-02 -6.389874964952468872e-02 9.973496198654174805e-01 2.115626907348632812e+01 -2.241609431803226471e-02 9.976522922515869141e-01 6.470026075839996338e-02 9.232779145240783691e-01 -9.991430640220642090e-01 -2.460820972919464111e-02 3.328578919172286987e-02 8.311052322387695312e+00
5.544812884181737900e-04 -6.357695907354354858e-02 9.979769587516784668e-01 2.199271965026855469e+01 -2.432322688400745392e-02 9.976801872253417969e-01 6.357155740261077881e-02 9.585630297660827637e-01 -9.997041225433349609e-01 -2.430926822125911713e-02 -9.926235070452094078e-04 8.306313514709472656e+00
-3.340222314000129700e-02 -6.247784942388534546e-02 9.974873065948486328e-01 2.283005905151367188e+01 -2.520043402910232544e-02 9.977788329124450684e-01 6.165221706032752991e-02 9.929262995719909668e-01 -9.991244673728942871e-01 -2.307779528200626373e-02 -3.490199148654937744e-02 8.271723747253417969e+00
-6.618857383728027344e-02 -6.032887101173400879e-02 9.959818124771118164e-01 2.366830253601074219e+01 -2.699713222682476044e-02 9.979128241539001465e-01 5.865170061588287354e-02 1.025646209716796875e+00 -9.974420666694641113e-01 -2.300657704472541809e-02 -6.767862290143966675e-02 8.211113929748535156e+00
-9.850088506937026978e-02 -5.772379040718078613e-02 9.934616088867187500e-01 2.450483131408691406e+01 -2.971434034407138824e-02 9.980410933494567871e-01 5.504369735717773438e-02 1.056280374526977539e+00 -9.946934580802917480e-01 -2.409821189939975739e-02 -1.000226959586143494e-01 8.124879837036132812e+00
-1.309166252613067627e-01 -5.342836678028106689e-02 9.899529218673706055e-01 2.533863258361816406e+01 -2.760772220790386200e-02 9.983553290367126465e-01 5.023084580898284912e-02 1.084175229072570801e+00 -9.910092949867248535e-01 -2.075428888201713562e-02 -1.321758776903152466e-01 8.006454467773437500e+00
-1.625340431928634644e-01 -4.777261242270469666e-02 9.855460524559020996e-01 2.616891098022460938e+01 -2.228190936148166656e-02 9.987494945526123047e-01 4.473793506622314453e-02 1.109162211418151855e+00 -9.864516258239746094e-01 -1.468840520828962326e-02 -1.633947938680648804e-01 7.855579376220703125e+00
-1.929809451103210449e-01 -4.087268188595771790e-02 9.803510308265686035e-01 2.699155044555664062e+01 -1.639381982386112213e-02 9.991261363029479980e-01 3.842833638191223145e-02 1.128261208534240723e+00 -9.810658097267150879e-01 -8.655744604766368866e-03 -1.934820562601089478e-01 7.679840564727783203e+00
-2.217763662338256836e-01 -3.548262268304824829e-02 9.744518995285034180e-01 2.781161117553710938e+01 -1.032220385968685150e-02 9.993664622306823730e-01 3.404057770967483521e-02 1.143099308013916016e+00 -9.750431776046752930e-01 -2.509073121473193169e-03 -2.220017462968826294e-01 7.478537082672119141e+00
-2.497960478067398071e-01 -2.943701855838298798e-02 9.678510427474975586e-01 2.863097190856933594e+01 -2.214598702266812325e-03 9.995518326759338379e-01 2.982959710061550140e-02 1.152061343193054199e+00 -9.682961106300354004e-01 5.307943094521760941e-03 -2.497490942478179932e-01 7.246695518493652344e+00
-2.760851681232452393e-01 -2.011546678841114044e-02 9.609227776527404785e-01 2.943803024291992188e+01 3.834806848317384720e-03 9.997492432594299316e-01 2.203000150620937347e-02 1.152695298194885254e+00 -9.611257314682006836e-01 9.767142124474048615e-03 -2.759384810924530029e-01 6.997722148895263672e+00
-3.015544116497039795e-01 -4.619971383363008499e-03 9.534378051757812500e-01 3.023006629943847656e+01 8.514421060681343079e-03 9.999346733093261719e-01 7.538191508501768112e-03 1.146023273468017578e+00 -9.534112215042114258e-01 1.039119064807891846e-02 -3.014951348304748535e-01 6.731678485870361328e+00
-3.263614475727081299e-01 1.306858565658330917e-02 9.451546669006347656e-01 3.101164436340332031e+01 9.918827563524246216e-03 9.998959898948669434e-01 -1.040055975317955017e-02 1.131822943687438965e+00 -9.451931715011596680e-01 5.980530753731727600e-03 -3.264570832252502441e-01 6.452448368072509766e+00
-3.514701724052429199e-01 2.863445319235324860e-02 9.357610344886779785e-01 3.178303337097167969e+01 9.904420934617519379e-03 9.995892047882080078e-01 -2.686757780611515045e-02 1.108614206314086914e+00 -9.361468553543090820e-01 -1.749293151078745723e-04 -3.516093194484710693e-01 6.157694816589355469e+00
-3.762473762035369873e-01 3.929349407553672791e-02 9.256857037544250488e-01 3.255085372924804688e+01 1.331025082617998123e-02 9.992256164550781250e-01 -3.700518235564231873e-02 1.070947170257568359e+00 -9.264238476753234863e-01 -1.601941999979317188e-03 -3.764791786670684814e-01 5.836957454681396484e+00
-3.998267948627471924e-01 4.341494664549827576e-02 9.155619740486145020e-01 3.331008148193359375e+01 1.623304747045040131e-02 9.990555047988891602e-01 -4.028517752885818481e-02 1.026378273963928223e+00 -9.164471626281738281e-01 -1.244678627699613571e-03 -4.001540839672088623e-01 5.495466232299804688e+00
-4.223469793796539307e-01 4.311258718371391296e-02 9.054085016250610352e-01 3.406147384643554688e+01 1.953331381082534790e-02 9.990683794021606445e-01 -3.846068680286407471e-02 9.790896177291870117e-01 -9.062239527702331543e-01 1.441927044652402401e-03 -4.227957427501678467e-01 5.135806083679199219e+00
-4.426798820495605469e-01 3.912390023469924927e-02 8.958259224891662598e-01 3.480409240722656250e+01 2.306826971471309662e-02 9.992130994796752930e-01 -3.223985061049461365e-02 9.319903850555419922e-01 -8.963831067085266113e-01 6.393278017640113831e-03 -4.432342052459716797e-01 4.758146762847900391e+00
-4.606859683990478516e-01 3.664417937397956848e-02 8.868064284324645996e-01 3.553209304809570312e+01 2.965525351464748383e-02 9.992241859436035156e-01 -2.588392235338687897e-02 8.869770169258117676e-01 -8.870677947998046875e-01 1.437417883425951004e-02 -4.614153504371643066e-01 4.363877296447753906e+00
-4.745912849903106689e-01 3.835753723978996277e-02 8.793700933456420898e-01 3.624908447265625000e+01 3.368180617690086365e-02 9.991087913513183594e-01 -2.540262229740619659e-02 8.426910638809204102e-01 -8.795617222785949707e-01 1.756297796964645386e-02 -4.754603803157806396e-01 3.963236331939697266e+00
-4.858029782772064209e-01 4.150119796395301819e-02 8.730824589729309082e-01 3.695411682128906250e+01 3.666318580508232117e-02 9.989596605300903320e-01 -2.708448655903339386e-02 8.025505542755126953e-01 -8.732992410659790039e-01 1.885232888162136078e-02 -4.868191480636596680e-01 3.562211751937866211e+00
-4.957199990749359131e-01 4.472545534372329712e-02 8.673298954963684082e-01 3.764821624755859375e+01 3.863941133022308350e-02 9.988190531730651855e-01 -2.942175231873989105e-02 7.630247473716735840e-01 -8.676226735115051270e-01 1.892823912203311920e-02 -4.968627691268920898e-01 3.157990455627441406e+00
-5.063044428825378418e-01 4.474433511495590210e-02 8.611931204795837402e-01 3.833940505981445312e+01 3.299494460225105286e-02 9.989258646965026855e-01 -3.250240907073020935e-02 7.189931869506835938e-01 -8.617236018180847168e-01 1.195896789431571960e-02 -5.072369575500488281e-01 2.756409168243408203e+00
-5.178821086883544922e-01 4.212194308638572693e-02 8.544143438339233398e-01 3.902883148193359375e+01 3.066631592810153961e-02 9.990581274032592773e-01 -3.066522441804409027e-02 6.757539510726928711e-01 -8.549025058746337891e-01 1.032082550227642059e-02 -5.186860561370849609e-01 2.346028804779052734e+00
-5.266309380531311035e-01 4.415409639477729797e-02 8.489466309547424316e-01 3.970736694335937500e+01 3.331454843282699585e-02 9.989539384841918945e-01 -3.128995373845100403e-02 6.348354220390319824e-01 -8.494412899017333984e-01 1.180407591164112091e-02 -5.275509953498840332e-01 1.915656805038452148e+00
-5.337538123130798340e-01 4.751278832554817200e-02 8.443041443824768066e-01 4.038699722290039062e+01 3.698332980275154114e-02 9.987756013870239258e-01 -3.282546997070312500e-02 5.915970802307128906e-01 -8.448311090469360352e-01 1.370452716946601868e-02 -5.348573327064514160e-01 1.476585507392883301e+00
-5.377404093742370605e-01 5.089541152119636536e-02 8.415729403495788574e-01 4.107845306396484375e+01 3.782414644956588745e-02 9.986265897750854492e-01 -3.622500970959663391e-02 5.487051606178283691e-01 -8.422618508338928223e-01 1.235219743102788925e-02 -5.389267802238464355e-01 1.032651066780090332e+00
-5.375857949256896973e-01 5.280505865812301636e-02 8.415540456771850586e-01 4.178414154052734375e+01 3.775584697723388672e-02 9.985426068305969238e-01 -3.853721916675567627e-02 5.077504515647888184e-01 -8.423635363578796387e-01 1.105658710002899170e-02 -5.387958288192749023e-01 5.810946226119995117e-01
-5.344234108924865723e-01 5.341069400310516357e-02 8.435276150703430176e-01 4.250743865966796875e+01 3.971996158361434937e-02 9.984847903251647949e-01 -3.805747628211975098e-02 4.621980488300323486e-01 -8.442832231521606445e-01 1.316615473479032516e-02 -5.357350111007690430e-01 1.215493381023406982e-01
-5.288199782371520996e-01 5.163408443331718445e-02 8.471619486808776855e-01 4.325223159790039062e+01 3.804199770092964172e-02 9.985854625701904297e-01 -3.711654618382453918e-02 4.157694876194000244e-01 -8.478811979293823242e-01 1.259983424097299576e-02 -5.300359725952148438e-01 -3.378278017044067383e-01
-5.220726728439331055e-01 5.058521404862403870e-02 8.513996005058288574e-01 4.401651382446289062e+01 3.598409146070480347e-02 9.986559152603149414e-01 -3.726917877793312073e-02 3.696093559265136719e-01 -8.521417379379272461e-01 1.117970328778028488e-02 -5.231910347938537598e-01 -7.952216267585754395e-01
-5.150924324989318848e-01 5.001529678702354431e-02 8.556742072105407715e-01 4.479845809936523438e+01 3.429054096341133118e-02 9.986980557441711426e-01 -3.773334994912147522e-02 3.229213058948516846e-01 -8.564485907554626465e-01 9.905437007546424866e-03 -5.161366462707519531e-01 -1.255562305450439453e+00
-5.088810324668884277e-01 4.844948276877403259e-02 8.594723939895629883e-01 4.559795761108398438e+01 3.153593838214874268e-02 9.987927079200744629e-01 -3.763123974204063416e-02 2.752433419227600098e-01 -8.602591753005981445e-01 7.954523898661136627e-03 -5.097944140434265137e-01 -1.718067646026611328e+00
-5.044192075729370117e-01 4.647976905107498169e-02 8.622070550918579102e-01 4.641669464111328125e+01 2.735815383493900299e-02 9.989079236984252930e-01 -3.784369304776191711e-02 2.251213043928146362e-01 -8.630255460739135742e-01 4.499386064708232880e-03 -5.051397681236267090e-01 -2.182603836059570312e+00
-5.029012560844421387e-01 4.338909313082695007e-02 8.632541894912719727e-01 4.725342178344726562e+01 2.275907061994075775e-02 9.990565180778503418e-01 -3.695626929402351379e-02 1.721293181180953979e-01 -8.640444874763488770e-01 1.061575138010084629e-03 -5.034140944480895996e-01 -2.652705669403076172e+00
-5.033484697341918945e-01 4.071242362260818481e-02 8.631239533424377441e-01 4.810241699218750000e+01 1.953130401670932770e-02 9.991690516471862793e-01 -3.573948144912719727e-02 1.191952824592590332e-01 -8.638630509376525879e-01 -1.131420489400625229e-03 -5.037252902984619141e-01 -3.132570028305053711e+00
-5.044135451316833496e-01 3.921973705291748047e-02 8.625711202621459961e-01 4.896153640747070312e+01 1.799247413873672485e-02 9.992273449897766113e-01 -3.491171821951866150e-02 6.614577770233154297e-02 -8.632751107215881348e-01 -2.090096706524491310e-03 -5.047292709350585938e-01 -3.622601032257080078e+00
-5.048519372940063477e-01 3.860665112733840942e-02 8.623423576354980469e-01 4.982910537719726562e+01 1.791856251657009125e-02 9.992517232894897461e-01 -3.424580022692680359e-02 1.543530076742172241e-02 -8.630201816558837891e-01 -1.837068004533648491e-03 -5.051658153533935547e-01 -4.119787693023681641e+00
-5.050506591796875000e-01 3.780324012041091919e-02 8.622617125511169434e-01 5.070983505249023438e+01 1.785756275057792664e-02 9.992830753326416016e-01 -3.335093334317207336e-02 -3.397324681282043457e-02 -8.629051446914672852e-01 -1.445960369892418385e-03 -5.053634047508239746e-01 -4.626513481140136719e+00
-5.050734877586364746e-01 3.726609051227569580e-02 8.622716069221496582e-01 5.160089111328125000e+01 1.804426312446594238e-02 9.993038773536682129e-01 -3.261911496520042419e-02 -8.460997045040130615e-02 -8.628878593444824219e-01 -9.159413748420774937e-04 -5.053941607475280762e-01 -5.138513088226318359e+00
-5.051533579826354980e-01 3.675075247883796692e-02 8.622469305992126465e-01 5.249656677246093750e+01 1.772597059607505798e-02 9.993228316307067871e-01 -3.220840170979499817e-02 -1.359778642654418945e-01 -8.628476858139038086e-01 -9.859662968665361404e-04 -5.054625272750854492e-01 -5.654185771942138672e+00
-5.053926706314086914e-01 3.521005064249038696e-02 8.621708154678344727e-01 5.339934539794921875e+01 1.608029194176197052e-02 9.993768334388732910e-01 -3.138739988207817078e-02 -1.889404952526092529e-01 -8.627396225929260254e-01 -1.998960273340344429e-03 -5.056437253952026367e-01 -6.170345783233642578e+00
-5.053617954254150391e-01 3.420738130807876587e-02 8.622293472290039062e-01 5.429894638061523438e+01 1.557387132197618484e-02 9.994117021560668945e-01 -3.052188269793987274e-02 -2.428102046251296997e-01 -8.627668619155883789e-01 -1.996301347389817238e-03 -5.055971741676330566e-01 -6.686842441558837891e+00
-5.048319101333618164e-01 3.357885032892227173e-02 8.625643849372863770e-01 5.519746398925781250e+01 1.438184268772602081e-02 9.994305968284606934e-01 -3.048975393176078796e-02 -2.987015247344970703e-01 -8.630978465080261230e-01 -2.986895618960261345e-03 -5.050272941589355469e-01 -7.201405048370361328e+00
-5.036774873733520508e-01 3.212022781372070312e-02 8.632944226264953613e-01 5.609466934204101562e+01 1.388346496969461441e-02 9.994794726371765137e-01 -2.908715419471263885e-02 -3.531225919723510742e-01 -8.637800812721252441e-01 -2.664983272552490234e-03 -5.038611292839050293e-01 -7.714203834533691406e+00
-5.016360282897949219e-01 2.992052212357521057e-02 8.645613193511962891e-01 5.699223327636718750e+01 1.431064400821924210e-02 9.995509386062622070e-01 -2.628893963992595673e-02 -4.067690372467041016e-01 -8.649604320526123047e-01 -8.150124922394752502e-04 -5.018386840820312500e-01 -8.225624084472656250e+00
-4.992241859436035156e-01 2.838952280580997467e-02 8.660078048706054688e-01 5.788901138305664062e+01 1.463775523006916046e-02 9.995958805084228516e-01 -2.433070167899131775e-02 -4.587532877922058105e-01 -8.663491010665893555e-01 5.299696931615471840e-04 -4.994377791881561279e-01 -8.733332633972167969e+00
-4.969069063663482666e-01 2.798476628959178925e-02 8.673526644706726074e-01 5.878290176391601562e+01 1.489229407161474228e-02 9.996067285537719727e-01 -2.372014150023460388e-02 -5.090464949607849121e-01 -8.676759004592895508e-01 1.130207208916544914e-03 -4.971279799938201904e-01 -9.236680030822753906e+00
-4.947333037853240967e-01 2.852659486234188080e-02 8.685766458511352539e-01 5.967598724365234375e+01 1.553879398852586746e-02 9.995907545089721680e-01 -2.397878095507621765e-02 -5.592480301856994629e-01 -8.689057230949401855e-01 1.633573090657591820e-03 -4.949738979339599609e-01 -9.738306999206542969e+00
-4.938511252403259277e-01 2.886032313108444214e-02 8.690675497055053711e-01 6.056826019287109375e+01 1.538348477333784103e-02 9.995816349983215332e-01 -2.445281855762004852e-02 -6.093961000442504883e-01 -8.694102168083190918e-01 1.293280394747853279e-03 -4.940881133079528809e-01 -1.023715019226074219e+01
-4.943764805793762207e-01 3.022566251456737518e-02 8.687223196029663086e-01 6.145385360717773438e+01 1.478569675236940384e-02 9.995421171188354492e-01 -2.636305615305900574e-02 -6.617817282676696777e-01 -8.691220283508300781e-01 -1.885686651803553104e-04 -4.945966899394989014e-01 -1.073107910156250000e+01
-4.972169697284698486e-01 3.192214667797088623e-02 8.670389056205749512e-01 6.233528137207031250e+01 1.346881873905658722e-02 9.994856119155883789e-01 -2.907465584576129913e-02 -7.144452333450317383e-01 -8.675216436386108398e-01 -2.778379013761878014e-03 -4.973908364772796631e-01 -1.122457885742187500e+01
-5.016094446182250977e-01 3.254088759422302246e-02 8.644822239875793457e-01 6.320899200439453125e+01 1.236758194863796234e-02 9.994590878486633301e-01 -3.044555708765983582e-02 -7.673891186714172363e-01 -8.650059103965759277e-01 -4.580181557685136795e-03 -5.017400979995727539e-01 -1.172052860260009766e+01
-5.070402622222900391e-01 3.135646134614944458e-02 8.613521456718444824e-01 6.407968902587890625e+01 1.295150350779294968e-02 9.995015859603881836e-01 -2.876169048249721527e-02 -8.195818662643432617e-01 -8.618252277374267578e-01 -3.427488030865788460e-03 -5.071932077407836914e-01 -1.222481822967529297e+01
-5.125312209129333496e-01 2.874160371720790863e-02 8.581877350807189941e-01 6.494003295898437500e+01 1.437742169946432114e-02 9.995859861373901367e-01 -2.489067427814006805e-02 -8.749890327453613281e-01 -8.585483431816101074e-01 -4.186783335171639919e-04 -5.127317309379577637e-01 -1.273743534088134766e+01
-5.177336335182189941e-01 2.656502462923526764e-02 8.551297187805175781e-01 6.579468536376953125e+01 1.185186300426721573e-02 9.996438026428222656e-01 -2.387883514165878296e-02 -9.282010793685913086e-01 -8.554599881172180176e-01 -2.227954333648085594e-03 -5.178635120391845703e-01 -1.324555301666259766e+01
-5.226364731788635254e-01 2.941151708364486694e-02 8.520483970642089844e-01 6.663745117187500000e+01 1.399649307131767273e-02 9.995653033256530762e-01 -2.591836266219615936e-02 -9.805333018302917480e-01 -8.524408340454101562e-01 -1.620151218958199024e-03 -5.228204131126403809e-01 -1.375915145874023438e+01
-5.274223089218139648e-01 3.189319744706153870e-02 8.490046858787536621e-01 6.747263336181640625e+01 1.432568207383155823e-02 9.994861483573913574e-01 -2.864668890833854675e-02 -1.033055782318115234e+00 -8.494827151298522949e-01 -2.946291584521532059e-03 -5.276077985763549805e-01 -1.427374267578125000e+01
-5.323120951652526855e-01 3.183274343609809875e-02 8.459498286247253418e-01 6.830611419677734375e+01 1.267505344003438950e-02 9.994797706604003906e-01 -2.963429689407348633e-02 -1.087153553962707520e+00 -8.464534878730773926e-01 -5.052193067967891693e-03 -5.324380993843078613e-01 -1.478941154479980469e+01
-5.360909700393676758e-01 3.225963562726974487e-02 8.435440063476562500e-01 6.913162994384765625e+01 1.171096507459878922e-02 9.994569420814514160e-01 -3.077966719865798950e-02 -1.141058087348937988e+00 -8.440790772438049316e-01 -6.621946115046739578e-03 -5.361770391464233398e-01 -1.530801677703857422e+01
-5.393465161323547363e-01 3.139763325452804565e-02 8.414988517761230469e-01 6.995234680175781250e+01 1.242010667920112610e-02 9.994919300079345703e-01 -2.933214791119098663e-02 -1.192208051681518555e+00 -8.419924974441528320e-01 -5.368640646338462830e-03 -5.394617319107055664e-01 -1.583034324645996094e+01
-5.418387651443481445e-01 2.556546032428741455e-02 8.400940895080566406e-01 7.077481079101562500e+01 1.359320618212223053e-02 9.996724724769592285e-01 -2.165447175502777100e-02 -1.238523125648498535e+00 -8.403727412223815918e-01 -3.136225568596273661e-04 -5.420081019401550293e-01 -1.635923194885253906e+01
-5.439623594284057617e-01 1.656095124781131744e-02 8.389467597007751465e-01 7.159490966796875000e+01 1.328963600099086761e-02 9.998490810394287109e-01 -1.112041063606739044e-02 -1.282212257385253906e+00 -8.390046954154968262e-01 5.100236274302005768e-03 -5.440997481346130371e-01 -1.688670539855957031e+01
-5.457265973091125488e-01 1.194760762155056000e-02 8.378787636756896973e-01 7.240879821777343750e+01 1.266235671937465668e-02 9.999009370803833008e-01 -6.010753102600574493e-03 -1.318042039871215820e+00 -8.378679752349853516e-01 7.329315878450870514e-03 -5.458232164382934570e-01 -1.741126251220703125e+01
-5.467922091484069824e-01 1.945578120648860931e-02 8.370429277420043945e-01 7.320710754394531250e+01 1.388608571141958237e-02 9.998023509979248047e-01 -1.416794396936893463e-02 -1.352726817131042480e+00 -8.371535539627075195e-01 3.876360831782221794e-03 -5.469537377357482910e-01 -1.793037033081054688e+01
-5.478067994117736816e-01 2.543601393699645996e-02 8.362187147140502930e-01 7.399920654296875000e+01 1.563669368624687195e-02 9.996735453605651855e-01 -2.016443014144897461e-02 -1.391227602958679199e+00 -8.364590406417846680e-01 2.029520692303776741e-03 -5.480251312255859375e-01 -1.845095634460449219e+01
-5.482499003410339355e-01 3.003013506531715393e-02 8.357758522033691406e-01 7.479175567626953125e+01 2.118689008057117462e-02 9.995322823524475098e-01 -2.201597765088081360e-02 -1.430022716522216797e+00 -8.360463976860046387e-01 5.637273192405700684e-03 -5.486290454864501953e-01 -1.897572708129882812e+01
-5.479918718338012695e-01 3.041691519320011139e-02 8.359310030937194824e-01 7.558509063720703125e+01 2.480577677488327026e-02 9.994891881942749023e-01 -2.010699734091758728e-02 -1.475618243217468262e+00 -8.361160755157470703e-01 9.717483073472976685e-03 -5.484659671783447266e-01 -1.950004959106445312e+01
-5.474531054496765137e-01 2.758298255503177643e-02 8.363823294639587402e-01 7.638150787353515625e+01 2.401018515229225159e-02 9.995620250701904297e-01 -1.724868826568126678e-02 -1.517744064331054688e+00 -8.364922404289245605e-01 1.063888426870107651e-02 -5.478751659393310547e-01 -2.001763153076171875e+01
-5.467382669448852539e-01 2.340859919786453247e-02 8.369769454002380371e-01 7.717756652832031250e+01 2.306224592030048370e-02 9.996500015258789062e-01 -1.289335265755653381e-02 -1.553834915161132812e+00 -8.369862437248229980e-01 1.225331239402294159e-02 -5.470864176750183105e-01 -2.053351974487304688e+01
-5.459644198417663574e-01 1.677800342440605164e-02 8.376408219337463379e-01 7.797609710693359375e+01 2.007545903325080872e-02 9.997734427452087402e-01 -6.940640974789857864e-03 -1.590763807296752930e+00 -8.375681638717651367e-01 1.302671059966087341e-02 -5.461773276329040527e-01 -2.104558753967285156e+01
-5.455095767974853516e-01 1.006160117685794830e-02 8.380447030067443848e-01 7.877324676513671875e+01 1.161545980721712112e-02 9.999216794967651367e-01 -4.444298800081014633e-03 -1.622921824455261230e+00 -8.380244970321655273e-01 7.309896405786275864e-03 -5.455834269523620605e-01 -2.154504585266113281e+01
-5.440670251846313477e-01 5.812844727188348770e-03 8.390220999717712402e-01 7.957080078125000000e+01 4.337499849498271942e-03 9.999812841415405273e-01 -4.115376155823469162e-03 -1.647447824478149414e+00 -8.390309214591979980e-01 1.400242326781153679e-03 -5.440817475318908691e-01 -2.204322624206542969e+01
-5.420743227005004883e-01 5.488356575369834900e-03 8.403130173683166504e-01 8.035963439941406250e+01 6.576289422810077667e-03 9.999747872352600098e-01 -2.288938732817769051e-03 -1.672571420669555664e+00 -8.403051495552062988e-01 4.285393282771110535e-03 -5.420964360237121582e-01 -2.254995727539062500e+01
-5.389630198478698730e-01 7.989011704921722412e-03 8.422920703887939453e-01 8.114474487304687500e+01 1.078107953071594238e-02 9.999376535415649414e-01 -2.585745649412274361e-03 -1.699972629547119141e+00 -8.422606587409973145e-01 7.687226869165897369e-03 -5.390153527259826660e-01 -2.305543708801269531e+01
-5.339359045028686523e-01 1.250462234020233154e-02 8.454329371452331543e-01 8.193154907226562500e+01 1.321289688348770142e-02 9.998909831047058105e-01 -6.444583646953105927e-03 -1.723699331283569336e+00 -8.454218506813049316e-01 7.729654200375080109e-03 -5.340427756309509277e-01 -2.355197143554687500e+01
-5.262427330017089844e-01 1.515721436589956284e-02 8.501997590065002441e-01 8.272149658203125000e+01 1.899026334285736084e-02 9.998002648353576660e-01 -6.070032715797424316e-03 -1.744710445404052734e+00 -8.501224517822265625e-01 1.295123808085918427e-02 -5.264253616333007812e-01 -2.404549980163574219e+01
-5.181166529655456543e-01 1.686555519700050354e-02 8.551442027091979980e-01 8.351703643798828125e+01 2.586386725306510925e-02 9.996563196182250977e-01 -4.045287147164344788e-03 -1.770213484764099121e+00 -8.549188375473022461e-01 2.002143487334251404e-02 -5.183746218681335449e-01 -2.453500366210937500e+01
-5.083153843879699707e-01 1.723885536193847656e-02 8.609989285469055176e-01 8.431868743896484375e+01 2.451948821544647217e-02 9.996830224990844727e-01 -5.539849400520324707e-03 -1.788528203964233398e+00 -8.608218431472778320e-01 1.829528622329235077e-02 -5.085768103599548340e-01 -2.500273513793945312e+01
-4.974734783172607422e-01 1.516475342214107513e-02 8.673471212387084961e-01 8.513076782226562500e+01 2.234392799437046051e-02 9.997384548187255859e-01 -4.664015024900436401e-03 -1.805747985839843750e+00 -8.671914339065551758e-01 1.705974340438842773e-02 -4.976819455623626709e-01 -2.545717048645019531e+01
-4.858921170234680176e-01 1.153782196342945099e-02 8.739429712295532227e-01 8.594470977783203125e+01 2.212481014430522919e-02 9.997538924217224121e-01 -8.979578269645571709e-04 -1.822546958923339844e+00 -8.737387657165527344e-01 1.889954134821891785e-02 -4.860274195671081543e-01 -2.590583801269531250e+01
-4.747082293033599854e-01 1.005327049642801285e-02 8.800861835479736328e-01 8.675933074951171875e+01 2.184010110795497894e-02 9.997605681419372559e-01 3.599156625568866730e-04 -1.839841365814208984e+00 -8.798722028732299805e-01 1.939205266535282135e-02 -4.748137891292572021e-01 -2.633921241760253906e+01
-4.628422260284423828e-01 9.424669668078422546e-03 8.863909840583801270e-01 8.758338928222656250e+01 2.261335961520671844e-02 9.997427463531494141e-01 1.177946105599403381e-03 -1.851765036582946777e+00 -8.861521482467651367e-01 2.058950252830982208e-02 -4.629358947277069092e-01 -2.676340293884277344e+01
-4.508181512355804443e-01 1.059839129447937012e-02 8.925532698631286621e-01 8.840524291992187500e+01 2.496479637920856476e-02 9.996871948242187500e-01 7.388417143374681473e-04 -1.869070172309875488e+00 -8.922663927078247070e-01 2.261552214622497559e-02 -4.509413242340087891e-01 -2.717752075195312500e+01
-4.386414289474487305e-01 1.304324343800544739e-02 8.985679149627685547e-01 8.923073577880859375e+01 2.421532385051250458e-02 9.997023344039916992e-01 -2.690458670258522034e-03 -1.893878459930419922e+00 -8.983355760574340820e-01 2.057900466024875641e-02 -4.388264119625091553e-01 -2.757501792907714844e+01
