9.999982118606567383e-01 -1.881494070403277874e-03 -5.517269892152398825e-05 -1.760199957061558962e-04 1.881461939774453640e-03 9.999980926513671875e-01 -5.779227940365672112e-04 -2.047471329569816589e-02 5.625995254376903176e-05 5.778180202469229698e-04 9.999998211860656738e-01 1.135718703269958496e+00
9.999960660934448242e-01 -2.801975002512335777e-03 -5.755812162533402443e-05 1.100712106563150883e-04 2.801951719447970390e-03 9.999960660934448242e-01 -4.003314534202218056e-04 -4.118862748146057129e-02 5.867961226613260806e-05 4.001686465926468372e-04 9.999999403953552246e-01 2.303743839263916016e+00
9.999855756759643555e-01 -5.284381099045276642e-03 9.317583171650767326e-04 2.023988170549273491e-03 5.285752937197685242e-03 9.999850392341613770e-01 -1.476040924899280071e-03 -6.326875835657119751e-02 -9.239441715180873871e-04 1.480944803915917873e-03 9.999985098838806152e-01 3.495797634124755859e+00
9.999777078628540039e-01 -6.659833248704671860e-03 3.308932646177709103e-04 4.803042858839035034e-03 6.660406477749347687e-03 9.999763369560241699e-01 -1.762209110893309116e-03 -8.364345878362655640e-02 -3.191492287442088127e-04 1.764373853802680969e-03 9.999983906745910645e-01 4.615612983703613281e+00
9.999636411666870117e-01 -8.472887799143791199e-03 8.889578748494386673e-04 2.827312331646680832e-03 8.473706431686878204e-03 9.999637603759765625e-01 -9.221098152920603752e-04 -1.072464436292648315e-01 -8.811125298961997032e-04 9.296092903241515160e-04 9.999991655349731445e-01 5.784038543701171875e+00
9.999369978904724121e-01 -1.115212868899106979e-02 1.188160851597785950e-03 5.992935039103031158e-03 1.115249283611774445e-02 9.999378919601440430e-01 -3.010484506376087666e-04 -1.345452219247817993e-01 -1.184729393571615219e-03 3.142807981930673122e-04 9.999992251396179199e-01 7.108283996582031250e+00
9.999134540557861328e-01 -1.308006606996059418e-02 1.359673449769616127e-03 7.281489670276641846e-03 1.308064721524715424e-02 9.999144673347473145e-01 -4.194450157228857279e-04 -1.557929366827011108e-01 -1.354070380330085754e-03 4.371944523882120848e-04 9.999989867210388184e-01 8.273307800292968750e+00
9.999010562896728516e-01 -1.405711285769939423e-02 -4.299974534660577774e-04 8.821873925626277924e-03 1.405670493841171265e-02 9.999008774757385254e-01 -9.390655905008316040e-04 -1.810739934444427490e-01 4.431556444615125656e-04 9.329285239800810814e-04 9.999994635581970215e-01 9.481896400451660156e+00
9.998745322227478027e-01 -1.559472735971212387e-02 -2.761045238003134727e-03 4.818473942577838898e-03 1.558982860296964645e-02 9.998769760131835938e-01 -1.787210232578217983e-03 -2.052101194858551025e-01 2.788576763123273849e-03 1.743941917084157467e-03 9.999945759773254395e-01 1.070204257965087891e+01
9.998342990875244141e-01 -1.798909157514572144e-02 -2.784795360639691353e-03 2.124394755810499191e-03 1.798298582434654236e-02 9.998359680175781250e-01 -2.203580690547823906e-03 -2.294396609067916870e-01 2.823979128152132034e-03 2.153136534616351128e-03 9.999936819076538086e-01 1.191915512084960938e+01
9.998088479042053223e-01 -1.923877373337745667e-02 -3.491968847811222076e-03 -3.592916764318943024e-04 1.922807842493057251e-02 9.998105168342590332e-01 -3.072197549045085907e-03 -2.561767697334289551e-01 3.550412831827998161e-03 3.004466416314244270e-03 9.999891519546508789e-01 1.317782497406005859e+01
9.997803568840026855e-01 -2.079850807785987854e-02 -2.594221848994493484e-03 -2.613068558275699615e-03 2.079007960855960846e-02 9.997787475585937500e-01 -3.235970390960574150e-03 -2.848290205001831055e-01 2.660951577126979828e-03 3.181325504556298256e-03 9.999913573265075684e-01 1.444223976135253906e+01
9.997482299804687500e-01 -2.231005392968654633e-02 -2.436562441289424896e-03 -5.243043415248394012e-03 2.230155095458030701e-02 9.997453689575195312e-01 -3.464472712948918343e-03 -3.079165518283843994e-01 2.513235202059149742e-03 3.409261116757988930e-03 9.999909400939941406e-01 1.559461021423339844e+01
9.996905326843261719e-01 -2.478867769241333008e-02 -2.146139973774552345e-03 -8.631529286503791809e-03 2.478319592773914337e-02 9.996896982192993164e-01 -2.545590745285153389e-03 -3.385260105133056641e-01 2.208576770499348640e-03 2.491614781320095062e-03 9.999943375587463379e-01 1.695072746276855469e+01
9.996286034584045410e-01 -2.717637456953525543e-02 -2.080898266285657883e-03 -1.110228430479764938e-02 2.717023529112339020e-02 9.996266365051269531e-01 -2.925390843302011490e-03 -3.683848083019256592e-01 2.159623894840478897e-03 2.867765724658966064e-03 9.999934434890747070e-01 1.825824546813964844e+01
9.995916485786437988e-01 -2.857695147395133972e-02 1.841713674366474152e-04 -1.157180778682231903e-02 2.857743762433528900e-02 9.995849728584289551e-01 -3.653509309515357018e-03 -3.981775343418121338e-01 -7.968721911311149597e-05 3.657280001789331436e-03 9.999932050704956055e-01 1.958446311950683594e+01
9.995502829551696777e-01 -2.998863160610198975e-02 9.197380131809040904e-05 -8.673625066876411438e-03 2.998876757919788361e-02 9.995433688163757324e-01 -3.721323329955339432e-03 -4.278875887393951416e-01 1.966712443390861154e-05 3.722407389432191849e-03 9.999929666519165039e-01 2.089651298522949219e+01
9.994775652885437012e-01 -3.230530768632888794e-02 1.074370928108692169e-03 -7.432959042489528656e-03 3.230953961610794067e-02 9.994692206382751465e-01 -4.185305442661046982e-03 -4.578769207000732422e-01 -9.385913726873695850e-04 4.217830486595630646e-03 9.999905824661254883e-01 2.205661392211914062e+01
9.994254708290100098e-01 -3.389099985361099243e-02 -5.610552616417407990e-04 -6.459102500230073929e-03 3.388791531324386597e-02 9.994141459465026855e-01 -4.810221027582883835e-03 -4.862342178821563721e-01 7.237511454150080681e-04 4.788443446159362793e-03 9.999881982803344727e-01 2.331307983398437500e+01
9.993485212326049805e-01 -3.605588153004646301e-02 1.617826987057924271e-03 -4.918667487800121307e-03 3.606463968753814697e-02 9.993329644203186035e-01 -5.755917169153690338e-03 -5.133756399154663086e-01 -1.409211196005344391e-03 5.810513161122798920e-03 9.999820590019226074e-01 2.454588508605957031e+01
9.992940425872802734e-01 -3.753836825489997864e-02 1.504328334704041481e-03 -2.213756553828716278e-03 3.754681721329689026e-02 9.992766380310058594e-01 -6.048272829502820969e-03 -5.449861884117126465e-01 -1.276195864193141460e-03 6.100486032664775848e-03 9.999805092811584473e-01 2.581116104125976562e+01
9.992502927780151367e-01 -3.868246451020240784e-02 1.589163090102374554e-03 -4.731481894850730896e-04 3.869239613413810730e-02 9.992281794548034668e-01 -6.784495897591114044e-03 -5.774007439613342285e-01 -1.325493562035262585e-03 6.840898655354976654e-03 9.999756217002868652e-01 2.705715370178222656e+01
9.991791844367980957e-01 -4.044667258858680725e-02 2.237128792330622673e-03 7.880073972046375275e-04 4.045920819044113159e-02 9.991639256477355957e-01 -5.875780712813138962e-03 -6.106057763099670410e-01 -1.997600775212049484e-03 5.961471237242221832e-03 9.999801516532897949e-01 2.832164382934570312e+01
9.990920424461364746e-01 -4.253989830613136292e-02 2.340428531169891357e-03 5.719204433262348175e-03 4.255407676100730896e-02 9.990737438201904297e-01 -6.384598091244697571e-03 -6.414728760719299316e-01 -2.066658576950430870e-03 6.478396244347095490e-03 9.999768137931823730e-01 2.959403610229492188e+01
9.990243315696716309e-01 -4.411254450678825378e-02 2.135735703632235527e-03 1.029574498534202576e-02 4.412587359547615051e-02 9.990038275718688965e-01 -6.657346151769161224e-03 -6.707462668418884277e-01 -1.839933684095740318e-03 6.745092570781707764e-03 9.999755024909973145e-01 3.083441925048828125e+01
9.989657402038574219e-01 -4.538255557417869568e-02 2.826428972184658051e-03 1.683695986866950989e-02 4.539962857961654663e-02 9.989490509033203125e-01 -6.302690133452415466e-03 -7.057849168777465820e-01 -2.537424210458993912e-03 6.424490828067064285e-03 9.999760985374450684e-01 3.216131591796875000e+01
9.988676309585571289e-01 -4.736502841114997864e-02 4.493344575166702271e-03 2.244396880269050598e-02 4.739374667406082153e-02 9.988550543785095215e-01 -6.515936926007270813e-03 -7.415530681610107422e-01 -4.179569892585277557e-03 6.721515208482742310e-03 9.999685883522033691e-01 3.352925491333007812e+01
9.987461566925048828e-01 -4.959352687001228333e-02 6.835266482084989548e-03 3.061496466398239136e-02 4.963605850934982300e-02 9.987481832504272461e-01 -6.199361756443977356e-03 -7.757276296615600586e-01 -6.519258487969636917e-03 6.530865095555782318e-03 9.999573230743408203e-01 3.491662979125976562e+01
9.986124038696289062e-01 -5.199547484517097473e-02 8.364258334040641785e-03 4.295489192008972168e-02 5.204543471336364746e-02 9.986275434494018555e-01 -5.869685206562280655e-03 -8.074049353599548340e-01 -8.047577925026416779e-03 6.296862848103046417e-03 9.999476671218872070e-01 3.620630264282226562e+01
9.984936714172363281e-01 -5.395693331956863403e-02 9.964308701455593109e-03 5.546334013342857361e-02 5.400421470403671265e-02 9.985304474830627441e-01 -4.538069479167461395e-03 -8.363817334175109863e-01 -9.704801253974437714e-03 5.069348961114883423e-03 9.999399781227111816e-01 3.740634918212890625e+01
9.984061121940612793e-01 -5.536103621125221252e-02 1.098116207867860794e-02 7.074409723281860352e-02 5.542162433266639709e-02 9.984490871429443359e-01 -5.291802342981100082e-03 -8.640782833099365234e-01 -1.067116577178239822e-02 5.891962442547082901e-03 9.999256730079650879e-01 3.869552230834960938e+01
9.982784986495971680e-01 -5.748967453837394714e-02 1.162488199770450592e-02 8.699335157871246338e-02 5.755966156721115112e-02 9.983254075050354004e-01 -5.778400693088769913e-03 -8.969994783401489258e-01 -1.127321086823940277e-02 6.437577772885560989e-03 9.999157190322875977e-01 3.993059158325195312e+01
9.981740117073059082e-01 -5.929628387093544006e-02 1.152268890291452408e-02 1.028335094451904297e-01 5.936732888221740723e-02 9.982186555862426758e-01 -5.924779921770095825e-03 -9.288522601127624512e-01 -1.115083973854780197e-02 6.598033010959625244e-03 9.999160766601562500e-01 4.121552658081054688e+01
9.980745911598205566e-01 -6.072597578167915344e-02 1.263219397515058517e-02 1.210686266422271729e-01 6.080357730388641357e-02 9.981325864791870117e-01 -5.852924194186925888e-03 -9.584439992904663086e-01 -1.225317362695932388e-02 6.609738338738679886e-03 9.999031424522399902e-01 4.249550628662109375e+01
9.979342818260192871e-01 -6.282690167427062988e-02 1.342109497636556625e-02 1.394656449556350708e-01 6.292419880628585815e-02 9.979940652847290039e-01 -6.954828742891550064e-03 -9.880170822143554688e-01 -1.295721624046564102e-02 7.784974295645952225e-03 9.998858571052551270e-01 4.369789886474609375e+01
9.977771639823913574e-01 -6.505303084850311279e-02 1.445868425071239471e-02 1.606154888868331909e-01 6.514339148998260498e-02 9.978586435317993164e-01 -5.869057029485702515e-03 -1.021478772163391113e+00 -1.404591649770736694e-02 6.797899492084980011e-03 9.998783469200134277e-01 4.501744079589843750e+01
9.976364970207214355e-01 -6.702081859111785889e-02 1.516302023082971573e-02 1.828922182321548462e-01 6.711163371801376343e-02 9.977300167083740234e-01 -5.561249330639839172e-03 -1.056586265563964844e+00 -1.475587394088506699e-02 6.565720774233341217e-03 9.998696446418762207e-01 4.636523056030273438e+01
9.974882602691650391e-01 -6.879826635122299194e-02 1.686122268438339233e-02 2.039475142955780029e-01 6.891072541475296021e-02 9.976036548614501953e-01 -6.181146949529647827e-03 -1.089867115020751953e+00 -1.639555767178535461e-02 7.327540777623653412e-03 9.998388290405273438e-01 4.763887786865234375e+01
9.973449707031250000e-01 -7.089140266180038452e-02 1.666670851409435272e-02 2.262746989727020264e-01 7.100106030702590942e-02 9.974576830863952637e-01 -6.081672850996255875e-03 -1.119431614875793457e+00 -1.619319245219230652e-02 7.248879410326480865e-03 9.998427033424377441e-01 4.890953063964843750e+01
9.972102642059326172e-01 -7.291825860738754272e-02 1.596811972558498383e-02 2.468006312847137451e-01 7.300999760627746582e-02 9.973174333572387695e-01 -5.239722784608602524e-03 -1.145614266395568848e+00 -1.554320473223924637e-02 6.390937138348817825e-03 9.998588562011718750e-01 5.007938003540039062e+01
9.971018433570861816e-01 -7.425609976053237915e-02 1.656045950949192047e-02 2.667424082756042480e-01 7.434660941362380981e-02 9.972202777862548828e-01 -4.918992053717374802e-03 -1.173647761344909668e+00 -1.614915393292903900e-02 6.135949864983558655e-03 9.998508095741271973e-01 5.132551574707031250e+01
9.969570040702819824e-01 -7.595463842153549194e-02 1.754687167704105377e-02 2.893986105918884277e-01 7.604535669088363647e-02 9.970938563346862793e-01 -4.562701098620891571e-03 -1.203580737113952637e+00 -1.714931242167949677e-02 5.883174948394298553e-03 9.998356699943542480e-01 5.262011337280273438e+01
9.968984127044677734e-01 -7.666011154651641846e-02 1.780378818511962891e-02 3.151003420352935791e-01 7.674843072891235352e-02 9.970409870147705078e-01 -4.331679549068212509e-03 -1.233452320098876953e+00 -1.741903275251388550e-02 5.684657488018274307e-03 9.998321533203125000e-01 5.388182449340820312e+01
9.967536926269531250e-01 -7.838723808526992798e-02 1.837647520005702972e-02 3.379854261875152588e-01 7.846512645483016968e-02 9.969104528427124023e-01 -3.556491807103157043e-03 -1.261463165283203125e+00 -1.804090850055217743e-02 4.986858926713466644e-03 9.998248219490051270e-01 5.518479156494140625e+01
9.965949058532714844e-01 -7.999833673238754272e-02 1.997441798448562622e-02 3.629410564899444580e-01 8.008906990289688110e-02 9.967804551124572754e-01 -3.784420667216181755e-03 -1.288189888000488281e+00 -1.960735395550727844e-02 5.371266975998878479e-03 9.997933506965637207e-01 5.644128799438476562e+01
9.964122176170349121e-01 -8.189236372709274292e-02 2.136585116386413574e-02 3.898393213748931885e-01 8.199844509363174438e-02 9.966238141059875488e-01 -4.136569797992706299e-03 -1.314624190330505371e+00 -2.095495164394378662e-02 5.873695015907287598e-03 9.997631907463073730e-01 5.767333602905273438e+01
9.962542653083801270e-01 -8.359175175428390503e-02 2.213596366345882416e-02 4.203809201717376709e-01 8.368485420942306519e-02 9.964866638183593750e-01 -3.313250606879591942e-03 -1.344414710998535156e+00 -2.178122289478778839e-02 5.153284873813390732e-03 9.997494816780090332e-01 5.902820968627929688e+01
9.960929155349731445e-01 -8.576205372810363770e-02 2.107034251093864441e-02 4.523029625415802002e-01 8.585162460803985596e-02 9.963020682334899902e-01 -3.383551957085728645e-03 -1.376667976379394531e+00 -2.070223726332187653e-02 5.179254803806543350e-03 9.997722506523132324e-01 6.041757202148437500e+01
9.959435462951660156e-01 -8.740147948265075684e-02 2.138879708945751190e-02 4.799764454364776611e-01 8.749949932098388672e-02 9.961575865745544434e-01 -3.690351732075214386e-03 -1.407580971717834473e+00 -2.098406106233596802e-02 5.546890664845705032e-03 9.997643828392028809e-01 6.171239471435546875e+01
9.956831932067871094e-01 -9.008666127920150757e-02 2.234826236963272095e-02 5.088611841201782227e-01 9.016733616590499878e-02 9.959229826927185059e-01 -2.627906855195760727e-03 -1.435317158699035645e+00 -2.202040143311023712e-02 4.631645511835813522e-03 9.997467398643493652e-01 6.293304824829101562e+01
9.954546689987182617e-01 -9.216128289699554443e-02 2.400610595941543579e-02 5.432031154632568359e-01 9.224168211221694946e-02 9.957338571548461914e-01 -2.262144582346081734e-03 -1.461289525032043457e+00 -2.369520440697669983e-02 4.466225393116474152e-03 9.997091889381408691e-01 6.430099487304687500e+01
9.951503872871398926e-01 -9.483757615089416504e-02 2.610433287918567657e-02 5.785304903984069824e-01 9.493584930896759033e-02 9.954799413681030273e-01 -2.549830358475446701e-03 -1.490006327629089355e+00 -2.574451267719268799e-02 5.015701986849308014e-03 9.996559023857116699e-01 6.563128662109375000e+01
9.949509501457214355e-01 -9.673894941806793213e-02 2.672007307410240173e-02 6.173452138900756836e-01 9.683531522750854492e-02 9.952974915504455566e-01 -2.334614517167210579e-03 -1.515553355216979980e+00 -2.636856585741043091e-02 4.910273943096399307e-03 9.996401071548461914e-01 6.689723968505859375e+01
9.948199987411499023e-01 -9.810809791088104248e-02 2.660425007343292236e-02 6.542949080467224121e-01 9.821043163537979126e-02 9.951621890068054199e-01 -2.565613249316811562e-03 -1.541970372200012207e+00 -2.622382901608943939e-02 5.165138747543096542e-03 9.996426105499267578e-01 6.820871734619140625e+01
9.945813417434692383e-01 -1.003499776124954224e-01 2.715968154370784760e-02 6.918758749961853027e-01 1.004380881786346436e-01 9.949412941932678223e-01 -1.897437730804085732e-03 -1.575507879257202148e+00 -2.683187276124954224e-02 4.615022800862789154e-03 9.996291995048522949e-01 6.958261871337890625e+01
9.943370819091796875e-01 -1.025192216038703918e-01 2.798762917518615723e-02 7.277401089668273926e-01 1.026046499609947205e-01 9.947206974029541016e-01 -1.630719518288969994e-03 -1.599071502685546875e+00 -2.767268568277359009e-02 4.493145737797021866e-03 9.996068477630615234e-01 7.084689331054687500e+01
9.941034913063049316e-01 -1.046496555209159851e-01 2.839687652885913849e-02 7.670383453369140625e-01 1.047476753592491150e-01 9.944966435432434082e-01 -1.983372960239648819e-03 -1.624275922775268555e+00 -2.803303301334381104e-02 4.946185275912284851e-03 9.995946884155273438e-01 7.215029144287109375e+01
9.939596056938171387e-01 -1.059563234448432922e-01 2.858718857169151306e-02 8.077257871627807617e-01 1.060457006096839905e-01 9.943597316741943359e-01 -1.625640434212982655e-03 -1.651729345321655273e+00 -2.825369499623775482e-02 4.647369962185621262e-03 9.995899200439453125e-01 7.343879699707031250e+01
9.938009381294250488e-01 -1.071180403232574463e-01 2.975057996809482574e-02 8.486965894699096680e-01 1.071966141462326050e-01 9.942370653152465820e-01 -1.055334461852908134e-03 -1.679642915725708008e+00 -2.946607582271099091e-02 4.237954039126634598e-03 9.995567202568054199e-01 7.478025054931640625e+01
9.934746623039245605e-01 -1.098875999450683594e-01 3.053679130971431732e-02 8.893725275993347168e-01 1.099591702222824097e-01 9.939356446266174316e-01 -6.703041726723313332e-04 -1.705622792243957520e+00 -3.027794137597084045e-02 4.023730754852294922e-03 9.995333552360534668e-01 7.609652709960937500e+01
9.931908249855041504e-01 -1.120613291859626770e-01 3.184231370687484741e-02 9.305619001388549805e-01 1.121265664696693420e-01 9.936937093734741211e-01 -2.657576696947216988e-04 -1.732366561889648438e+00 -3.161172196269035339e-02 3.834317903965711594e-03 9.994927644729614258e-01 7.740904998779296875e+01
9.930472970008850098e-01 -1.133647188544273376e-01 3.170562162995338440e-02 9.714674949645996094e-01 1.134463250637054443e-01 9.935436248779296875e-01 -7.817961741238832474e-04 -1.755044341087341309e+00 -3.141228482127189636e-02 4.373247269541025162e-03 9.994968771934509277e-01 7.865573120117187500e+01
9.927090406417846680e-01 -1.156929507851600647e-01 3.382014483213424683e-02 1.015264630317687988e+00 1.157398819923400879e-01 9.932791590690612793e-01 5.727249663323163986e-04 -1.775407433509826660e+00 -3.365910053253173828e-02 3.345790319144725800e-03 9.994276762008666992e-01 7.995790100097656250e+01
9.924077987670898438e-01 -1.177207157015800476e-01 3.561431914567947388e-02 1.062276840209960938e+00 1.177499443292617798e-01 9.930422306060791016e-01 1.282336306758224964e-03 -1.798256039619445801e+00 -3.551747649908065796e-02 2.920983359217643738e-03 9.993647336959838867e-01 8.130583190917968750e+01
9.922024011611938477e-01 -1.189269497990608215e-01 3.728920966386795044e-02 1.112417936325073242e+00 1.189961284399032593e-01 9.928944110870361328e-01 3.659327048808336258e-04 -1.816709637641906738e+00 -3.706776723265647888e-02 4.074193071573972702e-03 9.993043541908264160e-01 8.264526367187500000e+01
9.919881820678710938e-01 -1.203569993376731873e-01 3.838384523987770081e-02 1.164025783538818359e+00 1.204136461019515991e-01 9.927232265472412109e-01 8.403520332649350166e-04 -1.836518764495849609e+00 -3.820567578077316284e-02 3.788320347666740417e-03 9.992626309394836426e-01 8.395007324218750000e+01
9.917091131210327148e-01 -1.220855489373207092e-01 4.009668529033660889e-02 1.215967416763305664e+00 1.221571937203407288e-01 9.925103187561035156e-01 6.669246940873563290e-04 -1.859628558158874512e+00 -3.987779095768928528e-02 4.236704669892787933e-03 9.991955161094665527e-01 8.521363067626953125e+01
9.914378523826599121e-01 -1.242007985711097717e-01 4.030818119645118713e-02 1.268692612648010254e+00 1.242491304874420166e-01 9.922499656677246094e-01 1.312847947701811790e-03 -1.884682536125183105e+00 -4.015884548425674438e-02 3.706650342792272568e-03 9.991863369941711426e-01 8.653186035156250000e+01
9.912880063056945801e-01 -1.254358291625976562e-01 4.016965255141258240e-02 1.323176145553588867e+00 1.254929751157760620e-01 9.920936822891235352e-01 1.104372320696711540e-03 -1.905337452888488770e+00 -3.999058529734611511e-02 3.946260083466768265e-03 9.991921186447143555e-01 8.774594116210937500e+01
9.909583330154418945e-01 -1.278604716062545776e-01 4.065601527690887451e-02 1.375120878219604492e+00 1.278862506151199341e-01 9.917866587638854980e-01 1.975497230887413025e-03 -1.927062034606933594e+00 -4.057468101382255554e-02 3.241711528971791267e-03 9.991711378097534180e-01 8.895049285888671875e+01
9.907245635986328125e-01 -1.292688846588134766e-01 4.188079386949539185e-02 1.429288387298583984e+00 1.292828768491744995e-01 9.916046857833862305e-01 2.384344115853309631e-03 -1.947131514549255371e+00 -4.183741286396980286e-02 3.052242798730731010e-03 9.991196393966674805e-01 9.021118164062500000e+01
9.905374646186828613e-01 -1.306015700101852417e-01 4.217085614800453186e-02 1.486948251724243164e+00 1.306107938289642334e-01 9.914302229881286621e-01 2.547367708757519722e-03 -1.969519376754760742e+00 -4.214215278625488281e-02 2.984707010909914970e-03 9.991070032119750977e-01 9.148931121826171875e+01
9.904054999351501465e-01 -1.316246092319488525e-01 4.208940267562866211e-02 1.540672421455383301e+00 1.316553652286529541e-01 9.912932515144348145e-01 2.051744610071182251e-03 -1.987486958503723145e+00 -4.199299961328506470e-02 3.509238129481673241e-03 9.991115927696228027e-01 9.269693756103515625e+01
9.902068376541137695e-01 -1.329958140850067139e-01 4.245145246386528015e-02 1.598589658737182617e+00 1.330302655696868896e-01 9.911097884178161621e-01 2.024442423135042191e-03 -2.008641242980957031e+00 -4.234329238533973694e-02 3.642712952569127083e-03 9.990963339805603027e-01 9.396898651123046875e+01
9.898573756217956543e-01 -1.353194415569305420e-01 4.325089976191520691e-02 1.655825018882751465e+00 1.353307515382766724e-01 9.907966852188110352e-01 2.679249038919806480e-03 -2.031577825546264648e+00 -4.321540519595146179e-02 3.201104700565338135e-03 9.990605115890502930e-01 9.526395416259765625e+01
9.895808696746826172e-01 -1.369386017322540283e-01 4.446520656347274780e-02 1.714836716651916504e+00 1.369557529687881470e-01 9.905734062194824219e-01 2.674480434507131577e-03 -2.048549890518188477e+00 -4.441229254007339478e-02 3.443152876570820808e-03 9.990072250366210938e-01 9.652918243408203125e+01
9.892414212226867676e-01 -1.389831006526947021e-01 4.566088318824768066e-02 1.772265434265136719e+00 1.389537602663040161e-01 9.902912974357604980e-01 3.831026144325733185e-03 -2.067556142807006836e+00 -4.575002565979957581e-02 2.554943552240729332e-03 9.989495277404785156e-01 9.775334930419921875e+01
9.889292716979980469e-01 -1.409761309623718262e-01 4.630682617425918579e-02 1.833811163902282715e+00 1.409339606761932373e-01 9.900099635124206543e-01 4.190214443951845169e-03 -2.087146520614624023e+00 -4.643494635820388794e-02 2.382380655035376549e-03 9.989183545112609863e-01 9.905312347412109375e+01
9.887034296989440918e-01 -1.422060728073120117e-01 4.735659062862396240e-02 1.895226001739501953e+00 1.421458721160888672e-01 9.898346066474914551e-01 4.653023555874824524e-03 -2.104207515716552734e+00 -4.753688722848892212e-02 2.131085377186536789e-03 9.988670945167541504e-01 1.003275146484375000e+02
9.885038137435913086e-01 -1.434805095195770264e-01 4.767845198512077332e-02 1.955167770385742188e+00 1.434405148029327393e-01 9.896495342254638672e-01 4.276315215975046158e-03 -2.118543863296508789e+00 -4.779853671789169312e-02 2.611870877444744110e-03 9.988534450531005859e-01 1.015513687133789062e+02
9.882526993751525879e-01 -1.447500884532928467e-01 4.902740567922592163e-02 2.019079923629760742e+00 1.447376012802124023e-01 9.894624948501586914e-01 3.822910599410533905e-03 -2.134443521499633789e+00 -4.906415939331054688e-02 3.318110713735222816e-03 9.987899661064147949e-01 1.028165130615234375e+02
9.880161881446838379e-01 -1.465008854866027832e-01 4.859108850359916687e-02 2.082557678222656250e+00 1.464591473340988159e-01 9.892065525054931641e-01 4.437285009771585464e-03 -2.153571367263793945e+00 -4.871670901775360107e-02 2.732502529397606850e-03 9.988087415695190430e-01 1.040492019653320312e+02
9.877803921699523926e-01 -1.479670405387878418e-01 4.894085973501205444e-02 2.148603916168212891e+00 1.479272246360778809e-01 9.889879822731018066e-01 4.454088862985372543e-03 -2.170810461044311523e+00 -4.906100034713745117e-02 2.840026980265974998e-03 9.987915754318237305e-01 1.053581848144531250e+02
9.874392151832580566e-01 -1.498755067586898804e-01 5.000721290707588196e-02 2.215119123458862305e+00 1.498266607522964478e-01 9.887006282806396484e-01 4.744656849652528763e-03 -2.188969373703002930e+00 -5.015329271554946899e-02 2.807355951517820358e-03 9.987374544143676758e-01 1.066188812255859375e+02
9.872835278511047363e-01 -1.509470790624618530e-01 4.985770583152770996e-02 2.283718109130859375e+00 1.508668214082717896e-01 9.885390996932983398e-01 5.390802863985300064e-03 -2.205381870269775391e+00 -5.010003969073295593e-02 2.199624199420213699e-03 9.987416267395019531e-01 1.079253387451171875e+02
9.870591163635253906e-01 -1.525660008192062378e-01 4.937011003494262695e-02 2.347222566604614258e+00 1.524085551500320435e-01 9.882926940917968750e-01 6.960258353501558304e-03 -2.221206426620483398e+00 -4.985404387116432190e-02 6.542407209053635597e-04 9.987561106681823730e-01 1.092231445312500000e+02
9.866428971290588379e-01 -1.547167450189590454e-01 5.097020789980888367e-02 2.417812347412109375e+00 1.545358747243881226e-01 9.879583120346069336e-01 7.494271732866764069e-03 -2.237528562545776367e+00 -5.151596292853355408e-02 4.825556825380772352e-04 9.986718893051147461e-01 1.106267929077148438e+02
9.862085580825805664e-01 -1.567045748233795166e-01 5.325300246477127075e-02 2.493006467819213867e+00 1.564812511205673218e-01 9.876450896263122559e-01 8.363403379917144775e-03 -2.253033161163330078e+00 -5.390568077564239502e-02 8.503568824380636215e-05 9.985458850860595703e-01 1.120105819702148438e+02
9.858992695808410645e-01 -1.587694138288497925e-01 5.286243185400962830e-02 2.567180395126342773e+00 1.585451066493988037e-01 9.873151779174804688e-01 8.436481468379497528e-03 -2.269674777984619141e+00 -5.353136733174324036e-02 6.355873483698815107e-05 9.985660314559936523e-01 1.133690948486328125e+02
9.857188463211059570e-01 -1.600717008113861084e-01 5.229663848876953125e-02 2.646210193634033203e+00 1.598043292760848999e-01 9.871045351028442383e-01 9.281444363296031952e-03 -2.286222457885742188e+00 -5.310797691345214844e-02 -7.916662143543362617e-04 9.985883235931396484e-01 1.148222961425781250e+02
9.853383898735046387e-01 -1.622970700263977051e-01 5.260572209954261780e-02 2.719138860702514648e+00 1.620300859212875366e-01 9.867411851882934570e-01 9.329068474471569061e-03 -2.299108982086181641e+00 -5.342234671115875244e-02 -6.685805274173617363e-04 9.985716342926025391e-01 1.161978988647460938e+02
9.848952293395996094e-01 -1.643905490636825562e-01 5.437460169196128845e-02 2.793000221252441406e+00 1.641148030757904053e-01 9.863947629928588867e-01 9.528270922601222992e-03 -2.312325716018676758e+00 -5.520121008157730103e-02 -4.606712609529495239e-04 9.984749555587768555e-01 1.175281219482421875e+02
9.844740033149719238e-01 -1.664303392171859741e-01 5.578009039163589478e-02 2.869676113128662109e+00 1.661648899316787720e-01 9.860527515411376953e-01 9.395799599587917328e-03 -2.326052665710449219e+00 -5.656589195132255554e-02 1.877284375950694084e-05 9.983986616134643555e-01 1.188388977050781250e+02
9.842476248741149902e-01 -1.677754968404769897e-01 5.574566125869750977e-02 2.941290855407714844e+00 1.675240248441696167e-01 9.858247637748718262e-01 9.186872281134128571e-03 -2.336838245391845703e+00 -5.649681761860847473e-02 2.965810999739915133e-04 9.984025359153747559e-01 1.200715789794921875e+02
9.839668273925781250e-01 -1.691688597202301025e-01 5.648744106292724609e-02 3.014250755310058594e+00 1.689238250255584717e-01 9.855865240097045898e-01 9.119198657572269440e-03 -2.347378969192504883e+00 -5.721597373485565186e-02 5.690864636562764645e-04 9.983614683151245117e-01 1.213014297485351562e+02
9.837180972099304199e-01 -1.706277877092361450e-01 5.643087998032569885e-02 3.087008714675903320e+00 1.703919768333435059e-01 9.853348731994628906e-01 8.999336510896682739e-03 -2.359702825546264648e+00 -5.713887885212898254e-02 7.625598809681832790e-04 9.983657598495483398e-01 1.225508499145507812e+02
9.834840297698974609e-01 -1.718004792928695679e-01 5.695057287812232971e-02 3.165532588958740234e+00 1.715664416551589966e-01 9.851309657096862793e-01 9.009849280118942261e-03 -2.371821403503417969e+00 -5.765169858932495117e-02 9.097661240957677364e-04 9.983361959457397461e-01 1.239152069091796875e+02
9.830874204635620117e-01 -1.739425212144851685e-01 5.729551985859870911e-02 3.255557060241699219e+00 1.736576557159423828e-01 9.847554564476013184e-01 9.951652958989143372e-03 -2.390419483184814453e+00 -5.815311521291732788e-02 1.664618612267076969e-04 9.983075261116027832e-01 1.254342269897460938e+02
9.828839302062988281e-01 -1.750503927469253540e-01 5.741353705525398254e-02 3.333090066909790039e+00 1.747357249259948730e-01 9.845591187477111816e-01 1.049472671002149582e-02 -2.399715185165405273e+00 -5.836415663361549377e-02 -2.829011646099388599e-04 9.982951879501342773e-01 1.267234344482421875e+02
9.825612902641296387e-01 -1.766169220209121704e-01 5.813321843743324280e-02 3.417299509048461914e+00 1.762852370738983154e-01 9.842792749404907227e-01 1.082572340965270996e-02 -2.406752586364746094e+00 -5.913135781884193420e-02 -3.889072395395487547e-04 9.982500076293945312e-01 1.280710601806640625e+02
9.823026657104492188e-01 -1.784383654594421387e-01 5.692994222044944763e-02 3.493954420089721680e+00 1.781063377857208252e-01 9.839506149291992188e-01 1.089439261704683304e-02 -2.416252613067626953e+00 -5.796025693416595459e-02 -5.620061419904232025e-04 9.983186125755310059e-01 1.293594360351562500e+02
9.820014834403991699e-01 -1.800105869770050049e-01 5.717488378286361694e-02 3.575272798538208008e+00 1.796785891056060791e-01 9.836642146110534668e-01 1.093703042715787888e-02 -2.428014516830444336e+00 -5.820970237255096436e-02 -4.670769849326461554e-04 9.983041286468505859e-01 1.306617584228515625e+02
9.815801978111267090e-01 -1.819974631071090698e-01 5.811179056763648987e-02 3.657646179199218750e+00 1.816424429416656494e-01 9.832985401153564453e-01 1.137799676507711411e-02 -2.436291694641113281e+00 -5.921203643083572388e-02 -6.128484383225440979e-04 9.982451200485229492e-01 1.320331726074218750e+02
9.811668395996093750e-01 -1.839252412319183350e-01 5.901607125997543335e-02 3.731623888015747070e+00 1.835545003414154053e-01 9.829397797584533691e-01 1.168846245855093002e-02 -2.445665121078491211e+00 -6.015907600522041321e-02 -6.356661906465888023e-04 9.981884360313415527e-01 1.332749481201171875e+02
9.806848764419555664e-01 -1.863117665052413940e-01 5.953881517052650452e-02 3.812551259994506836e+00 1.859412789344787598e-01 9.824903011322021484e-01 1.175159774720668793e-02 -2.455707550048828125e+00 -6.068579852581024170e-02 -4.538899811450392008e-04 9.981566667556762695e-01 1.346059570312500000e+02
9.803032279014587402e-01 -1.882840991020202637e-01 5.961943417787551880e-02 3.888803958892822266e+00 1.879228055477142334e-01 9.821143746376037598e-01 1.165966317057609558e-02 -2.463027954101562500e+00 -6.074846163392066956e-02 -2.261536428704857826e-04 9.981529116630554199e-01 1.358602752685546875e+02
9.800354838371276855e-01 -1.897859573364257812e-01 5.925671383738517761e-02 3.972641468048095703e+00 1.894250810146331787e-01 9.818252325057983398e-01 1.169962156563997269e-02 -2.472917318344116211e+00 -6.040019169449806213e-02 -2.413364709354937077e-04 9.981740713119506836e-01 1.371985168457031250e+02
9.795986413955688477e-01 -1.920543015003204346e-01 5.917223915457725525e-02 4.060442924499511719e+00 1.916463673114776611e-01 9.813836216926574707e-01 1.254558376967906952e-02 -2.479635000228881836e+00 -6.048013269901275635e-02 -9.494900587014853954e-04 9.981688261032104492e-01 1.385521697998046875e+02
9.793864488601684570e-01 -1.932448595762252808e-01 5.880685150623321533e-02 4.136428833007812500e+00 1.927907317876815796e-01 9.811487197875976562e-01 1.335321832448244095e-02 -2.485704898834228516e+00 -6.027874723076820374e-02 -1.740543986670672894e-03 9.981799125671386719e-01 1.397799987792968750e+02
9.792318940162658691e-01 -1.942152231931686401e-01 5.818113684654235840e-02 4.215992450714111328e+00 1.937178373336791992e-01 9.809552431106567383e-01 1.412368472665548325e-02 -2.489510536193847656e+00 -5.981617048382759094e-02 -2.559636952355504036e-03 9.982060194015502930e-01 1.410326690673828125e+02
9.789786934852600098e-01 -1.960708498954772949e-01 5.618366599082946777e-02 4.287337779998779297e+00 1.955397427082061768e-01 9.805829524993896484e-01 1.485258061438798904e-02 -2.496473073959350586e+00 -5.800494179129600525e-02 -3.554219845682382584e-03 9.983098506927490234e-01 1.422193756103515625e+02
9.786465764045715332e-01 -1.977100074291229248e-01 5.622433125972747803e-02 4.362889766693115234e+00 1.971280276775360107e-01 9.802505970001220703e-01 1.576949283480644226e-02 -2.498559236526489258e+00 -5.823175609111785889e-02 -4.349369090050458908e-03 9.982935190200805664e-01 1.434407348632812500e+02
9.783752560615539551e-01 -1.991417109966278076e-01 5.589123070240020752e-02 4.435774326324462891e+00 1.985366493463516235e-01 9.799586534500122070e-01 1.623244583606719971e-02 -2.501091957092285156e+00 -5.800369009375572205e-02 -4.784968215972185135e-03 9.983047842979431152e-01 1.446504516601562500e+02
9.783690571784973145e-01 -1.997326761484146118e-01 5.385353043675422668e-02 4.505261898040771484e+00 1.991453170776367188e-01 9.798370599746704102e-01 1.611458696424961090e-02 -2.501209020614624023e+00 -5.598632991313934326e-02 -5.041337572038173676e-03 9.984186887741088867e-01 1.458194732666015625e+02
9.780220389366149902e-01 -2.014012038707733154e-01 5.394296348094940186e-02 4.565796375274658203e+00 2.007646113634109497e-01 9.794911742210388184e-01 1.702612452208995819e-02 -2.501569747924804688e+00 -5.626577138900756836e-02 -5.822089966386556625e-03 9.983987212181091309e-01 1.469197540283203125e+02
9.776391983032226562e-01 -2.035088986158370972e-01 5.296396836638450623e-02 4.631616115570068359e+00 2.028432041406631470e-01 9.790506958961486816e-01 1.771049760282039642e-02 -2.504271268844604492e+00 -5.545868352055549622e-02 -6.571100093424320221e-03 9.984392523765563965e-01 1.480758514404296875e+02
9.776172637939453125e-01 -2.039556354284286499e-01 5.163221433758735657e-02 4.693006038665771484e+00 2.032596766948699951e-01 9.789507389068603516e-01 1.844356209039688110e-02 -2.503941774368286133e+00 -5.430709198117256165e-02 -7.536004297435283661e-03 9.984957575798034668e-01 1.492056427001953125e+02
9.775184988975524902e-01 -2.047619074583053589e-01 5.029263719916343689e-02 4.755836963653564453e+00 2.040665447711944580e-01 9.787790179252624512e-01 1.864616759121417999e-02 -2.500875711441040039e+00 -5.304342508316040039e-02 -7.963937707245349884e-03 9.985603690147399902e-01 1.503500061035156250e+02
9.772430658340454102e-01 -2.062160521745681763e-01 4.970064014196395874e-02 4.815872669219970703e+00 2.055291533470153809e-01 9.784736037254333496e-01 1.861102320253849030e-02 -2.498965024948120117e+00 -5.246867984533309937e-02 -7.972571998834609985e-03 9.985906481742858887e-01 1.514694519042968750e+02
9.769951701164245605e-01 -2.074894011020660400e-01 4.927194491028785706e-02 4.881885051727294922e+00 2.067450731992721558e-01 9.781939387321472168e-01 1.980573497712612152e-02 -2.496388196945190430e+00 -5.230702459812164307e-02 -9.163385257124900818e-03 9.985888600349426270e-01 1.527080230712890625e+02
9.768838882446289062e-01 -2.083498239517211914e-01 4.782578721642494202e-02 4.950876235961914062e+00 2.075846195220947266e-01 9.780018329620361328e-01 2.049871161580085754e-02 -2.496514081954956055e+00 -5.104463919997215271e-02 -1.009697467088699341e-02 9.986451268196105957e-01 1.540141296386718750e+02
9.764422774314880371e-01 -2.103961706161499023e-01 4.788490757346153259e-02 5.014710903167724609e+00 2.095638960599899292e-01 9.775505661964416504e-01 2.183932438492774963e-02 -2.493381977081298828e+00 -5.140485987067222595e-02 -1.128990482538938522e-02 9.986138939857482910e-01 1.552922058105468750e+02
9.762157797813415527e-01 -2.118464112281799316e-01 4.607481881976127625e-02 5.076569557189941406e+00 2.109995633363723755e-01 9.772248864173889160e-01 2.258049324154853821e-02 -2.489993333816528320e+00 -4.980908706784248352e-02 -1.232167985290288925e-02 9.986825585365295410e-01 1.565760040283203125e+02
9.758170247077941895e-01 -2.138370275497436523e-01 4.532034695148468018e-02 5.135490417480468750e+00 2.129502594470977783e-01 9.767770171165466309e-01 2.362142316997051239e-02 -2.483971595764160156e+00 -4.931904003024101257e-02 -1.339922100305557251e-02 9.986929893493652344e-01 1.577595367431640625e+02
9.755690097808837891e-01 -2.150441557168960571e-01 4.494535177946090698e-02 5.194600105285644531e+00 2.141643315553665161e-01 9.765118956565856934e-01 2.360679768025875092e-02 -2.475811004638671875e+00 -4.896620661020278931e-02 -1.340438332408666611e-02 9.987102746963500977e-01 1.589464416503906250e+02
9.752463102340698242e-01 -2.165302932262420654e-01 4.481155797839164734e-02 5.254835605621337891e+00 2.156215608119964600e-01 9.761751294136047363e-01 2.426278404891490936e-02 -2.467846155166625977e+00 -4.899758473038673401e-02 -1.399987004697322845e-02 9.987005591392517090e-01 1.601752014160156250e+02
9.749001860618591309e-01 -2.180866003036499023e-01 4.479660093784332275e-02 5.317799091339111328e+00 2.171712070703506470e-01 9.758273363113403320e-01 2.443269453942775726e-02 -2.461502790451049805e+00 -4.904222115874290466e-02 -1.409092266112565994e-02 9.986971020698547363e-01 1.614880371093750000e+02
9.744259715080261230e-01 -2.199054658412933350e-01 4.620058834552764893e-02 5.384246826171875000e+00 2.189534604549407959e-01 9.754195809364318848e-01 2.480596676468849182e-02 -2.453416824340820312e+00 -5.051995813846588135e-02 -1.405581645667552948e-02 9.986239075660705566e-01 1.628398895263671875e+02
9.738966822624206543e-01 -2.218171358108520508e-01 4.817928746342658997e-02 5.452671051025390625e+00 2.208327949047088623e-01 9.749923944473266602e-01 2.493992447853088379e-02 -2.447081565856933594e+00 -5.250657349824905396e-02 -1.364935934543609619e-02 9.985270500183105469e-01 1.642060852050781250e+02
9.735043644905090332e-01 -2.233981937170028687e-01 4.879816994071006775e-02 5.521472930908203125e+00 2.224746644496917725e-01 9.746507406234741211e-01 2.366952225565910339e-02 -2.436732053756713867e+00 -5.284893140196800232e-02 -1.218604389578104019e-02 9.985278844833374023e-01 1.654690399169921875e+02
9.729878902435302734e-01 -2.255656272172927856e-01 4.912693798542022705e-02 5.592585086822509766e+00 2.246207147836685181e-01 9.741491675376892090e-01 2.404478192329406738e-02 -2.432223558425903320e+00 -5.328067392110824585e-02 -1.236037351191043854e-02 9.985027909278869629e-01 1.667966461181640625e+02
