9.993590116500854492e-01 -5.031506880186498165e-04 -3.579421713948249817e-02 -4.611036553978919983e-02 4.908663104288280010e-04 9.999997615814208984e-01 -3.519779711496084929e-04 -3.729037567973136902e-02 3.579438850283622742e-02 3.341819683555513620e-04 9.993590712547302246e-01 1.905176877975463867e+00
9.971010684967041016e-01 -1.692732563242316246e-03 -7.606840878725051880e-02 -1.721470952033996582e-01 1.876046764664351940e-03 9.999953508377075195e-01 2.338446443900465965e-03 -7.857626676559448242e-02 7.606410980224609375e-02 -2.474376698955893517e-03 9.970997571945190430e-01 3.793632268905639648e+00
9.953694939613342285e-01 -2.804136602208018303e-03 -9.608019888401031494e-02 -3.294668197631835938e-01 3.244630526751279831e-03 9.999847412109375000e-01 4.428684711456298828e-03 -1.082871854305267334e-01 9.606632590293884277e-02 -4.719925113022327423e-03 9.953635931015014648e-01 5.437006950378417969e+00
9.922744631767272949e-01 -5.020146258175373077e-03 -1.239587515592575073e-01 -5.749530196189880371e-01 5.591285880655050278e-03 9.999750852584838867e-01 4.260012879967689514e-03 -1.446450799703598022e-01 1.239342838525772095e-01 -4.920195322483778000e-03 9.922780990600585938e-01 7.557969093322753906e+00
9.881493449211120605e-01 -5.507403053343296051e-03 -1.533951908349990845e-01 -8.490079641342163086e-01 6.595514249056577682e-03 9.999563097953796387e-01 6.585524417459964752e-03 -1.760487854480743408e-01 1.533522456884384155e-01 -7.519206963479518890e-03 9.881428480148315430e-01 9.407494544982910156e+00
9.819598197937011719e-01 -7.530041038990020752e-03 -1.889387667179107666e-01 -1.201894044876098633e+00 9.307915344834327698e-03 9.999200701713562012e-01 8.524243719875812531e-03 -1.962215006351470947e-01 1.888595223426818848e-01 -1.012909412384033203e-02 9.819517135620117188e-01 1.135411357879638672e+01
9.776654243469238281e-01 -7.881737314164638519e-03 -2.100184708833694458e-01 -1.565025210380554199e+00 9.968536905944347382e-03 9.999105930328369141e-01 8.879506029188632965e-03 -2.142720520496368408e-01 2.099297642707824707e-01 -1.077476795762777328e-02 9.776569008827209473e-01 1.307213401794433594e+01
9.728224277496337891e-01 -9.860116988420486450e-03 -2.313413769006729126e-01 -2.016382217407226562e+00 1.189826801419258118e-02 9.999013543128967285e-01 7.416545879095792770e-03 -2.424873411655426025e-01 2.312455028295516968e-01 -9.967544116079807281e-03 9.728441834449768066e-01 1.502336406707763672e+01
9.693316221237182617e-01 -1.065242104232311249e-02 -2.455246597528457642e-01 -2.441178321838378906e+00 1.230848021805286407e-02 9.999102950096130371e-01 5.211386829614639282e-03 -2.719107270240783691e-01 2.454472035169601440e-01 -8.073594421148300171e-03 9.693762063980102539e-01 1.671514892578125000e+01
9.664191603660583496e-01 -1.093089208006858826e-02 -2.567375302314758301e-01 -2.907157659530639648e+00 1.268294174224138260e-02 9.999058246612548828e-01 5.169348325580358505e-03 -2.974324524402618408e-01 2.566569447517395020e-01 -8.251941762864589691e-03 9.664671421051025391e-01 1.848166847229003906e+01
9.633992314338684082e-01 -1.036181673407554626e-02 -2.678697407245635986e-01 -3.316755294799804688e+00 1.202439144253730774e-02 9.999169111251831055e-01 4.566873423755168915e-03 -3.225753009319305420e-01 2.678002715110778809e-01 -7.620688993483781815e-03 9.634441137313842773e-01 1.996675872802734375e+01
9.601119756698608398e-01 -1.047565042972564697e-02 -2.794188857078552246e-01 -3.661314964294433594e+00 1.226871088147163391e-02 9.999134540557861328e-01 4.668923560529947281e-03 -3.448818325996398926e-01 2.793458700180053711e-01 -7.910794578492641449e-03 9.601576924324035645e-01 2.115650558471679688e+01
9.559680819511413574e-01 -1.048605516552925110e-02 -2.932824492454528809e-01 -4.045680522918701172e+00 1.228534337133169174e-02 9.999149441719055176e-01 4.293563775718212128e-03 -3.669042587280273438e-01 2.932125329971313477e-01 -7.707580924034118652e-03 9.560158848762512207e-01 2.241415405273437500e+01
9.500487446784973145e-01 -1.104702893644571304e-02 -3.119050860404968262e-01 -4.430132865905761719e+00 1.273611281067132950e-02 9.999127984046936035e-01 3.378779394552111626e-03 -3.911650776863098145e-01 3.118406236171722412e-01 -7.182461209595203400e-03 9.501068592071533203e-01 2.358590126037597656e+01
9.495968222618103027e-01 -9.476289153099060059e-03 -3.133296966552734375e-01 -4.880418777465820312e+00 1.098654139786958694e-02 9.999345541000366211e-01 3.054685425013303757e-03 -4.142382740974426270e-01 3.132803142070770264e-01 -6.343105807900428772e-03 9.496390819549560547e-01 2.494787788391113281e+01
9.493070840835571289e-01 -9.855387732386589050e-03 -3.141947090625762939e-01 -5.511722087860107422e+00 1.123993285000324249e-02 9.999330639839172363e-01 2.595266560092568398e-03 -4.476396441459655762e-01 3.141481876373291016e-01 -5.995198618620634079e-03 9.493546485900878906e-01 2.684496498107910156e+01
9.517357349395751953e-01 -1.044470444321632385e-02 -3.067397773265838623e-01 -6.088719844818115234e+00 1.178560592234134674e-02 9.999269247055053711e-01 2.519530477002263069e-03 -4.790902137756347656e-01 3.066911399364471436e-01 -6.013005971908569336e-03 9.517897367477416992e-01 2.862424850463867188e+01
9.509548544883728027e-01 -1.053592935204505920e-02 -3.091489672660827637e-01 -6.745894432067871094e+00 1.257120072841644287e-02 9.999099969863891602e-01 4.592176061123609543e-03 -5.181931257247924805e-01 3.090728223323822021e-01 -8.253292180597782135e-03 9.510021805763244629e-01 3.064640235900878906e+01
9.456696510314941406e-01 -8.653917349874973297e-03 -3.250127434730529785e-01 -7.174091339111328125e+00 1.065182872116565704e-02 9.999333024024963379e-01 4.368366207927465439e-03 -5.371338129043579102e-01 3.249533176422119141e-01 -7.592977955937385559e-03 9.456991553306579590e-01 3.189511108398437500e+01
9.415071010589599609e-01 -9.256247431039810181e-03 -3.368648290634155273e-01 -7.684665679931640625e+00 1.139785349369049072e-02 9.999250769615173340e-01 4.380416590720415115e-03 -5.641465783119201660e-01 3.367991149425506592e-01 -7.963698357343673706e-03 9.415423870086669922e-01 3.333913421630859375e+01
9.414491653442382812e-01 -1.077836658805608749e-02 -3.369813263416290283e-01 -8.244138717651367188e+00 1.309228409081697464e-02 9.999033212661743164e-01 4.594903904944658279e-03 -5.916749238967895508e-01 3.368993103504180908e-01 -8.737696334719657898e-03 9.414996504783630371e-01 3.489667892456054688e+01
9.397501945495605469e-01 -1.205139327794313431e-02 -3.416482806205749512e-01 -8.830392837524414062e+00 1.425572764128446579e-02 9.998902082443237305e-01 3.941928967833518982e-03 -6.170977950096130371e-01 3.415633738040924072e-01 -8.574845269322395325e-03 9.398190975189208984e-01 3.651192855834960938e+01
9.399811625480651855e-01 -1.208586432039737701e-02 -3.410116732120513916e-01 -9.449540138244628906e+00 1.432025432586669922e-02 9.998888969421386719e-01 4.035564605146646500e-03 -6.421840190887451172e-01 3.409251272678375244e-01 -8.676719851791858673e-03 9.400501251220703125e-01 3.821194458007812500e+01
9.389613270759582520e-01 -1.281984616070985794e-02 -3.437833487987518311e-01 -1.019058322906494141e+01 1.527060661464929581e-02 9.998732209205627441e-01 4.421992227435112000e-03 -6.820630431175231934e-01 3.436831831932067871e-01 -9.401858784258365631e-03 9.390382170677185059e-01 4.022582244873046875e+01
9.386987686157226562e-01 -1.164522767066955566e-02 -3.445414900779724121e-01 -1.090412712097167969e+01 1.435375027358531952e-02 9.998824596405029297e-01 5.311157088726758957e-03 -7.113671302795410156e-01 3.444392383098602295e-01 -9.931050240993499756e-03 9.387557506561279297e-01 4.214182662963867188e+01
9.384167194366455078e-01 -1.142398547381162643e-02 -3.453164696693420410e-01 -1.158124542236328125e+01 1.468807552009820938e-02 9.998683333396911621e-01 6.837175693362951279e-03 -7.366395592689514160e-01 3.451929688453674316e-01 -1.148816756904125214e-02 9.384611248970031738e-01 4.397858810424804688e+01
9.383033514022827148e-01 -1.278994791209697723e-02 -3.455766737461090088e-01 -1.230539989471435547e+01 1.630913466215133667e-02 9.998401403427124023e-01 7.277553901076316833e-03 -7.625171542167663574e-01 3.454284071922302246e-01 -1.246461831033229828e-02 9.383620619773864746e-01 4.593249511718750000e+01
9.374933242797851562e-01 -1.166585460305213928e-02 -3.478077650070190430e-01 -1.304786396026611328e+01 1.510645356029272079e-02 9.998596906661987305e-01 7.181896828114986420e-03 -7.873604297637939453e-01 3.476752638816833496e-01 -1.198713388293981552e-02 9.375380873680114746e-01 4.793551254272460938e+01
9.379573464393615723e-01 -1.311321463435888290e-02 -3.465025722980499268e-01 -1.374985027313232422e+01 1.590289920568466187e-02 9.998595118522644043e-01 5.208698101341724396e-03 -8.123895525932312012e-01 3.463856875896453857e-01 -1.039596274495124817e-02 9.380342960357666016e-01 4.981120300292968750e+01
9.384177327156066895e-01 -1.428666058927774429e-02 -3.452071547508239746e-01 -1.447399234771728516e+01 1.613294892013072968e-02 9.998663663864135742e-01 2.475798362866044044e-03 -8.430835008621215820e-01 3.451257348060607910e-01 -7.892576977610588074e-03 9.385229945182800293e-01 5.177523040771484375e+01
9.392097592353820801e-01 -1.635303162038326263e-02 -3.429540097713470459e-01 -1.511144828796386719e+01 1.807798072695732117e-02 9.998344182968139648e-01 1.833074027672410011e-03 -8.774729371070861816e-01 3.428673744201660156e-01 -7.921576499938964844e-03 9.393501281738281250e-01 5.351149749755859375e+01
9.415482282638549805e-01 -1.692977547645568848e-02 -3.364522159099578857e-01 -1.580902767181396484e+01 1.856667362153530121e-02 9.998257756233215332e-01 1.648264704272150993e-03 -9.167659282684326172e-01 3.363658189773559570e-01 -7.798742037266492844e-03 9.416987895965576172e-01 5.544916534423828125e+01
9.424453973770141602e-01 -1.554135326296091080e-02 -3.339983522891998291e-01 -1.648524475097656250e+01 1.769533567130565643e-02 9.998371601104736328e-01 3.407292999327182770e-03 -9.549992084503173828e-01 3.338911533355712891e-01 -9.121418930590152740e-03 9.425671696662902832e-01 5.734050750732421875e+01
9.421839118003845215e-01 -1.552574429661035538e-02 -3.347368836402893066e-01 -1.717923927307128906e+01 1.776320114731788635e-02 9.998352527618408203e-01 3.624214092269539833e-03 -9.838212728500366211e-01 3.346256017684936523e-01 -9.360698983073234558e-03 9.423046708106994629e-01 5.929646682739257812e+01
9.424384236335754395e-01 -1.701122336089611053e-02 -3.339471518993377686e-01 -1.788172531127929688e+01 1.922136731445789337e-02 9.998093843460083008e-01 3.315255744382739067e-03 -1.018983602523803711e+00 3.338272571563720703e-01 -9.543351829051971436e-03 9.425859451293945312e-01 6.127045440673828125e+01
9.428773522377014160e-01 -1.653517223894596100e-02 -3.327298164367675781e-01 -1.863450813293457031e+01 1.838064752519130707e-02 9.998278021812438965e-01 2.399886958301067352e-03 -1.052089810371398926e+00 3.326330184936523438e-01 -8.378595113754272461e-03 9.430190920829772949e-01 6.338954925537109375e+01
9.429980516433715820e-01 -1.738375239074230194e-02 -3.323442935943603516e-01 -1.934913253784179688e+01 1.968800835311412811e-02 9.997994303703308105e-01 3.567464649677276611e-03 -1.086414933204650879e+00 3.322158157825469971e-01 -9.907321073114871979e-03 9.431513547897338867e-01 6.542700195312500000e+01
9.418541789054870605e-01 -1.892951317131519318e-02 -3.354887664318084717e-01 -2.001629066467285156e+01 2.131644263863563538e-02 9.997665286064147949e-01 3.433891804888844490e-03 -1.122509360313415527e+00 3.353456258773803711e-01 -1.038564089685678482e-02 9.420379400253295898e-01 6.729646301269531250e+01
9.418899416923522949e-01 -1.900925301015377045e-02 -3.353839814662933350e-01 -2.063021469116210938e+01 2.133593522012233734e-02 9.997667074203491211e-01 3.254316281527280807e-03 -1.150516033172607422e+00 3.352440595626831055e-01 -1.022093556821346283e-02 9.420759081840515137e-01 6.901815032958984375e+01
9.418828487396240234e-01 -1.950240321457386017e-02 -3.353755176067352295e-01 -2.134728813171386719e+01 2.222575433552265167e-02 9.997434020042419434e-01 4.284205846488475800e-03 -1.183697700500488281e+00 3.352060616016387939e-01 -1.148919016122817993e-02 9.420748353004455566e-01 7.102253723144531250e+01
9.423941969871520996e-01 -2.007834613323211670e-02 -3.339015543460845947e-01 -2.199412345886230469e+01 2.281656488776206970e-02 9.997301101684570312e-01 4.281017463654279709e-03 -1.208866715431213379e+00 3.337256610393524170e-01 -1.165287289768457413e-02 9.425982236862182617e-01 7.284160614013671875e+01
9.388033747673034668e-01 -2.008287049829959869e-02 -3.438675403594970703e-01 -2.260009002685546875e+01 2.267256379127502441e-02 9.997363686561584473e-01 3.512043505907058716e-03 -1.239876866340637207e+00 3.437065184116363525e-01 -1.109345909208059311e-02 9.390115141868591309e-01 7.449397277832031250e+01
9.321704506874084473e-01 -2.078129537403583527e-02 -3.614225089550018311e-01 -2.316399383544921875e+01 2.308054082095623016e-02 9.997311234474182129e-01 2.045984379947185516e-03 -1.274251341819763184e+00 3.612830042839050293e-01 -1.024901401251554489e-02 9.323998093605041504e-01 7.595761871337890625e+01
9.288554787635803223e-01 -2.036137692630290985e-02 -3.698818683624267578e-01 -2.380186653137207031e+01 2.257641777396202087e-02 9.997432827949523926e-01 1.660686917603015900e-03 -1.308538675308227539e+00 3.697532713413238525e-01 -9.893124923110008240e-03 9.290771484375000000e-01 7.757469940185546875e+01
9.217246174812316895e-01 -1.928475126624107361e-02 -3.873649239540100098e-01 -2.446310997009277344e+01 2.278881147503852844e-02 9.997298717498779297e-01 4.454838111996650696e-03 -1.341330051422119141e+00 3.871745765209197998e-01 -1.293370127677917480e-02 9.219155311584472656e-01 7.916607666015625000e+01
9.200565218925476074e-01 -1.852996647357940674e-02 -3.913466632366180420e-01 -2.518519210815429688e+01 2.235521934926509857e-02 9.997360110282897949e-01 5.220867227762937546e-03 -1.374164104461669922e+00 3.911468088626861572e-01 -1.355210784822702408e-02 9.202283620834350586e-01 8.086367034912109375e+01
9.186667799949645996e-01 -1.970226876437664032e-02 -3.945411145687103271e-01 -2.601749038696289062e+01 2.387231402099132538e-02 9.996985197067260742e-01 5.663664545863866806e-03 -1.408672690391540527e+00 3.943107724189758301e-01 -1.462161075323820114e-02 9.188606739044189453e-01 8.280709838867187500e+01
9.186662435531616211e-01 -2.035048976540565491e-02 -3.945094645023345947e-01 -2.683219718933105469e+01 2.559299580752849579e-02 9.996396899223327637e-01 8.031338453292846680e-03 -1.439927577972412109e+00 3.942040503025054932e-01 -1.747478172183036804e-02 9.188566207885742188e-01 8.469136810302734375e+01
9.192281961441040039e-01 -2.200516127049922943e-02 -3.931091427803039551e-01 -2.769311714172363281e+01 2.634166926145553589e-02 9.996365904808044434e-01 5.639642477035522461e-03 -1.468277215957641602e+00 3.928423821926116943e-01 -1.553923450410366058e-02 9.194743633270263672e-01 8.670128631591796875e+01
9.188066720962524414e-01 -2.296182140707969666e-02 -3.940387666225433350e-01 -2.851408004760742188e+01 2.733409963548183441e-02 9.996108412742614746e-01 5.486825946718454361e-03 -1.496445178985595703e+00 3.937596380710601807e-01 -1.581199653446674347e-02 9.190772771835327148e-01 8.861511230468750000e+01
9.182162880897521973e-01 -2.236271835863590240e-02 -3.954468369483947754e-01 -2.935440635681152344e+01 2.593261562287807465e-02 9.996564388275146484e-01 3.684166353195905685e-03 -1.524637222290039062e+00 3.952287733554840088e-01 -1.363779511302709579e-02 9.184812903404235840e-01 9.055819702148437500e+01
9.161199331283569336e-01 -2.262945286929607391e-02 -4.002643525600433350e-01 -3.025483322143554688e+01 2.552172169089317322e-02 9.996719360351562500e-01 1.896552625112235546e-03 -1.565979957580566406e+00 4.000903367996215820e-01 -1.195286959409713745e-02 9.163975715637207031e-01 9.262193298339843750e+01
9.131043553352355957e-01 -2.427043579518795013e-02 -4.070020020008087158e-01 -3.118992233276367188e+01 2.587396092712879181e-02 9.996634125709533691e-01 -1.563696772791445255e-03 -1.603601455688476562e+00 4.069031774997711182e-01 -9.102907963097095490e-03 9.134256839752197266e-01 9.472995758056640625e+01
9.126982688903808594e-01 -2.412912249565124512e-02 -4.079202115535736084e-01 -3.204235458374023438e+01 2.616519108414649963e-02 9.996568560600280762e-01 -5.876009818166494370e-04 -1.641396999359130859e+00 4.077946543693542480e-01 -1.013698242604732513e-02 9.130171537399291992e-01 9.663816833496093750e+01
9.134551286697387695e-01 -2.505180053412914276e-02 -4.061667025089263916e-01 -3.291768264770507812e+01 2.670243009924888611e-02 9.996414780616760254e-01 -1.603100216016173363e-03 -1.685632109642028809e+00 4.060615599155426025e-01 -9.381251409649848938e-03 9.137973189353942871e-01 9.859281921386718750e+01
9.125618934631347656e-01 -2.516871877014636993e-02 -4.081623256206512451e-01 -3.376334381103515625e+01 2.753857336938381195e-02 9.996200799942016602e-01 -6.933452095836400986e-05 -1.728436827659606934e+00 4.080093204975128174e-01 -1.117691304534673691e-02 9.129090905189514160e-01 1.004824371337890625e+02
9.128796458244323730e-01 -2.475939132273197174e-02 -4.074762463569641113e-01 -3.469540405273437500e+01 2.769990637898445129e-02 9.996147751808166504e-01 1.317929476499557495e-03 -1.777685523033142090e+00 4.072869420051574707e-01 -1.249014120548963547e-02 9.132145643234252930e-01 1.025686721801757812e+02
9.115869402885437012e-01 -2.782265283167362213e-02 -4.101638495922088623e-01 -3.565269470214843750e+01 2.934342063963413239e-02 9.995653629302978516e-01 -2.587428083643317223e-03 -1.820577502250671387e+00 4.100579321384429932e-01 -9.676937013864517212e-03 9.120078682899475098e-01 1.047004394531250000e+02
9.156848192214965820e-01 -2.791863679885864258e-02 -4.009251296520233154e-01 -3.651200485229492188e+01 2.951922640204429626e-02 9.995611906051635742e-01 -2.184599405154585838e-03 -1.865782260894775391e+00 4.008105695247650146e-01 -9.834588505327701569e-03 9.161078929901123047e-01 1.066373214721679688e+02
9.192481040954589844e-01 -2.745163440704345703e-02 -3.927194178104400635e-01 -3.738252639770507812e+01 2.913427539169788361e-02 9.995734691619873047e-01 -1.675707520917057991e-03 -1.911333918571472168e+00 3.925983309745788574e-01 -9.901197627186775208e-03 9.196564555168151855e-01 1.086588821411132812e+02
9.230446815490722656e-01 -2.703485637903213501e-02 -3.837406337261199951e-01 -3.822066497802734375e+01 2.899552322924137115e-02 9.995786547660827637e-01 -6.751647451892495155e-04 -1.951845049858093262e+00 3.835976123809814453e-01 -1.050354540348052979e-02 9.234403371810913086e-01 1.106520156860351562e+02
9.229988455772399902e-01 -2.715709991753101349e-02 -3.838422596454620361e-01 -3.913686752319335938e+01 2.916377037763595581e-02 9.995738267898559570e-01 -5.918315728195011616e-04 -2.004680633544921875e+00 3.836951851844787598e-01 -1.064800657331943512e-02 9.233981370925903320e-01 1.128465347290039062e+02
9.250351190567016602e-01 -2.866226062178611755e-02 -3.787978589534759521e-01 -4.003156280517578125e+01 3.052442520856857300e-02 9.995327591896057129e-01 -1.088904333300888538e-03 -2.052557945251464844e+00 3.786525428295135498e-01 -1.055530179291963577e-02 9.254783987998962402e-01 1.150237274169921875e+02
9.242208600044250488e-01 -2.724998816847801208e-02 -3.808839917182922363e-01 -4.085658645629882812e+01 2.937932312488555908e-02 9.995676279067993164e-01 -2.231496619060635567e-04 -2.099264860153198242e+00 3.807258605957031250e-01 -1.098386198282241821e-02 9.246224164962768555e-01 1.170277481079101562e+02
9.239628314971923828e-01 -2.654874697327613831e-02 -3.815589249134063721e-01 -4.165549850463867188e+01 2.914999984204769135e-02 9.995738267898559570e-01 1.038702437654137611e-03 -2.136617660522460938e+00 3.813692033290863037e-01 -1.208216138184070587e-02 9.243435263633728027e-01 1.189611816406250000e+02
9.234991073608398438e-01 -3.020592592656612396e-02 -3.824086785316467285e-01 -4.241910552978515625e+01 3.219758346676826477e-02 9.994800686836242676e-01 -1.191243063658475876e-03 -2.180407047271728516e+00 3.822463154792785645e-01 -1.121252216398715973e-02 9.239920973777770996e-01 1.208082809448242188e+02
9.256438016891479492e-01 -2.852664701640605927e-02 -3.773182928562164307e-01 -4.323490142822265625e+01 3.071520850062370300e-02 9.995273947715759277e-01 -2.162096207030117512e-04 -2.222091436386108398e+00 3.771465718746185303e-01 -1.138928625732660294e-02 9.260832071304321289e-01 1.227890548706054688e+02
9.276726245880126953e-01 -2.928784303367137909e-02 -3.722433149814605713e-01 -4.404650497436523438e+01 3.142072260379791260e-02 9.995054006576538086e-01 -3.357213572598993778e-04 -2.269276380538940430e+00 3.720695078372955322e-01 -1.138471998274326324e-02 9.281346797943115234e-01 1.247869262695312500e+02
9.275544285774230957e-01 -3.018117509782314301e-02 -3.724664449691772461e-01 -4.482487869262695312e+01 3.255688771605491638e-02 9.994690418243408203e-01 8.959806291386485100e-05 -2.308533430099487305e+00 3.722664415836334229e-01 -1.220946293324232101e-02 9.280452132225036621e-01 1.267208480834960938e+02
9.297089576721191406e-01 -3.052261471748352051e-02 -3.670271635055541992e-01 -4.560813903808593750e+01 3.260819241404533386e-02 9.994672536849975586e-01 -5.176428239792585373e-04 -2.349206924438476562e+00 3.668479025363922119e-01 -1.148684136569499969e-02 9.302096366882324219e-01 1.286988525390625000e+02
9.317722320556640625e-01 -3.078036941587924957e-02 -3.617351055145263672e-01 -4.639089202880859375e+01 3.249769285321235657e-02 9.994700551033020020e-01 -1.336276298388838768e-03 -2.388396263122558594e+00 3.615850210189819336e-01 -1.051045581698417664e-02 9.322794675827026367e-01 1.307009887695312500e+02
9.325817227363586426e-01 -3.092187643051147461e-02 -3.596308827400207520e-01 -4.711236190795898438e+01 3.269757330417633057e-02 9.994637966156005859e-01 -1.145364949479699135e-03 -2.427553176879882812e+00 3.594739735126495361e-01 -1.069091819226741791e-02 9.330934882164001465e-01 1.325681915283203125e+02
9.317117929458618164e-01 -3.157974779605865479e-02 -3.618216812610626221e-01 -4.798358917236328125e+01 3.289289772510528564e-02 9.994548559188842773e-01 -2.530498895794153214e-03 -2.470027923583984375e+00 3.617048561573028564e-01 -9.543679654598236084e-03 9.322434067726135254e-01 1.348089294433593750e+02
9.301327466964721680e-01 -3.105412237346172333e-02 -3.659067451953887939e-01 -4.888545227050781250e+01 3.212564438581466675e-02 9.994779825210571289e-01 -3.160774707794189453e-03 -2.520664215087890625e+00 3.658143877983093262e-01 -8.815055713057518005e-03 9.306456446647644043e-01 1.371033935546875000e+02
9.301953911781311035e-01 -3.169971331954002380e-02 -3.656920194625854492e-01 -4.970766067504882812e+01 3.315970674157142639e-02 9.994466304779052734e-01 -2.288561547175049782e-03 -2.569335460662841797e+00 3.655626773834228516e-01 -9.997436776757240295e-03 9.307325482368469238e-01 1.392000274658203125e+02
9.297408461570739746e-01 -3.320020437240600586e-02 -3.667132258415222168e-01 -5.059425735473632812e+01 3.485808894038200378e-02 9.993892312049865723e-01 -2.101601101458072662e-03 -2.615298509597778320e+00 3.665594756603240967e-01 -1.082899887114763260e-02 9.303310513496398926e-01 1.414532318115234375e+02
9.304924011230468750e-01 -3.209974244236946106e-02 -3.649004399776458740e-01 -5.152019882202148438e+01 3.385856375098228455e-02 9.994245767593383789e-01 -1.578172203153371811e-03 -2.664953470230102539e+00 3.647415637969970703e-01 -1.088656764477491379e-02 9.310445785522460938e-01 1.438070220947265625e+02
9.312725663185119629e-01 -3.318656980991363525e-02 -3.628068566322326660e-01 -5.235690689086914062e+01 3.587484359741210938e-02 9.993551969528198242e-01 6.734690396115183830e-04 -2.717617511749267578e+00 3.625510036945343018e-01 -1.364286616444587708e-02 9.318634867668151855e-01 1.459393615722656250e+02
9.292852282524108887e-01 -3.498349338769912720e-02 -3.677007853984832764e-01 -5.331607818603515625e+01 3.722063079476356506e-02 9.993057250976562500e-01 -1.007242361083626747e-03 -2.762315511703491211e+00 3.674811720848083496e-01 -1.275008823722600937e-02 9.299429059028625488e-01 1.483903198242187500e+02
9.290083050727844238e-01 -3.558070585131645203e-02 -3.683438301086425781e-01 -5.416103363037109375e+01 3.768466413021087646e-02 9.992879629135131836e-01 -1.482136663980782032e-03 -2.807734251022338867e+00 3.681344389915466309e-01 -1.250361371785402298e-02 9.296881556510925293e-01 1.505225067138671875e+02
9.298345446586608887e-01 -3.638929128646850586e-02 -3.661736547946929932e-01 -5.494316864013671875e+01 3.839175030589103699e-02 9.992604851722717285e-01 -1.814253395423293114e-03 -2.856611251831054688e+00 3.659690618515014648e-01 -1.237070374190807343e-02 9.305444359779357910e-01 1.524990692138671875e+02
9.295489192008972168e-01 -3.731806203722953796e-02 -3.668048083782196045e-01 -5.580781555175781250e+01 4.010052606463432312e-02 9.991950392723083496e-01 -3.419688437134027481e-05 -2.906931400299072266e+00 3.665110170841217041e-01 -1.467689033597707748e-02 9.302976131439208984e-01 1.546963806152343750e+02
9.284803867340087891e-01 -3.822781518101692200e-02 -3.694081604480743408e-01 -5.676803970336914062e+01 4.114098846912384033e-02 9.991527795791625977e-01 8.811122825136408210e-06 -2.957556962966918945e+00 3.690950274467468262e-01 -1.520561333745718002e-02 9.292669296264648438e-01 1.571213531494140625e+02
9.296488165855407715e-01 -4.051024466753005981e-02 -3.662124276161193848e-01 -5.757109069824218750e+01 4.323368519544601440e-02 9.990640878677368164e-01 -7.648820756003260612e-04 -2.999152421951293945e+00 3.659008443355560303e-01 -1.512125134468078613e-02 9.305306077003479004e-01 1.591361541748046875e+02
9.264826774597167969e-01 -3.925949335098266602e-02 -3.742834627628326416e-01 -5.828412246704101562e+01 4.173698276281356812e-02 9.991268515586853027e-01 -1.486977096647024155e-03 -3.039189100265502930e+00 3.740152716636657715e-01 -1.424342114478349686e-02 9.273127913475036621e-01 1.609196014404296875e+02
9.273020625114440918e-01 -4.090924188494682312e-02 -3.720709383487701416e-01 -5.906805419921875000e+01 4.324635490775108337e-02 9.990616440773010254e-01 -2.065051114186644554e-03 -3.088489294052124023e+00 3.718065619468688965e-01 -1.417538058012723923e-02 9.282016158103942871e-01 1.628624572753906250e+02
9.262328743934631348e-01 -4.165861755609512329e-02 -3.746419847011566162e-01 -5.988820648193359375e+01 4.397403076291084290e-02 9.990292191505432129e-01 -2.370005706325173378e-03 -3.141048192977905273e+00 3.743772804737091064e-01 -1.427894085645675659e-02 9.271661639213562012e-01 1.648868865966796875e+02
9.230232238769531250e-01 -4.284476116299629211e-02 -3.823504745960235596e-01 -6.069158554077148438e+01 4.534497857093811035e-02 9.989677071571350098e-01 -2.474119188264012337e-03 -3.190850019454956055e+00 3.820620477199554443e-01 -1.505360007286071777e-02 9.240136742591857910e-01 1.668350982666015625e+02
9.222528338432312012e-01 -4.362465068697929382e-02 -3.841172754764556885e-01 -6.152277374267578125e+01 4.581183940172195435e-02 9.989434480667114258e-01 -3.458245657384395599e-03 -3.243269205093383789e+00 3.838625550270080566e-01 -1.440734509378671646e-02 9.232774376869201660e-01 1.688342895507812500e+02
9.213763475418090820e-01 -4.343981295824050903e-02 -3.862357139587402344e-01 -6.235691452026367188e+01 4.601118713617324829e-02 9.989369511604309082e-01 -2.588900737464427948e-03 -3.295669317245483398e+00 3.859378397464752197e-01 -1.538541726768016815e-02 9.223960638046264648e-01 1.708222198486328125e+02
9.213461875915527344e-01 -4.403864592313766479e-02 -3.862398266792297363e-01 -6.319213867187500000e+01 4.596426710486412048e-02 9.989334344863891602e-01 -4.252749960869550705e-03 -3.340764522552490234e+00 3.860154151916503906e-01 -1.383458077907562256e-02 9.223881959915161133e-01 1.728037567138671875e+02
9.213689565658569336e-01 -4.313855990767478943e-02 -3.862882554531097412e-01 -6.398979949951171875e+01 4.510198161005973816e-02 9.989742636680603027e-01 -3.983183763921260834e-03 -3.388000011444091797e+00 3.860638737678527832e-01 -1.375202555209398270e-02 9.223691821098327637e-01 1.747069549560546875e+02
9.189440011978149414e-01 -4.443838074803352356e-02 -3.918769061565399170e-01 -6.480484008789062500e+01 4.635472968220710754e-02 9.989143610000610352e-01 -4.574523307383060455e-03 -3.440142393112182617e+00 3.916547894477844238e-01 -1.396126765757799149e-02 9.200059175491333008e-01 1.766259613037109375e+02
9.175468087196350098e-01 -4.410509765148162842e-02 -3.951745927333831787e-01 -6.565926361083984375e+01 4.605162888765335083e-02 9.989284276962280273e-01 -4.563106223940849304e-03 -3.487908124923706055e+00 3.949524462223052979e-01 -1.401121914386749268e-02 9.185943603515625000e-01 1.786054229736328125e+02
9.161994457244873047e-01 -4.585573822259902954e-02 -3.980904817581176758e-01 -6.639189147949218750e+01 4.732380434870719910e-02 9.988605380058288574e-01 -6.142682861536741257e-03 -3.533793210983276367e+00 3.979185819625854492e-01 -1.321089267730712891e-02 9.173252582550048828e-01 1.802967987060546875e+02
9.146570563316345215e-01 -4.539987817406654358e-02 -4.016732871532440186e-01 -6.716065216064453125e+01 4.662500321865081787e-02 9.988896250724792480e-01 -6.730541586875915527e-03 -3.578184604644775391e+00 4.015328288078308105e-01 -1.257154066115617752e-02 9.157580137252807617e-01 1.820436096191406250e+02
9.135059714317321777e-01 -4.412848874926567078e-02 -4.044251441955566406e-01 -6.785500335693359375e+01 4.539075121283531189e-02 9.989482164382934570e-01 -6.471536122262477875e-03 -3.621532678604125977e+00 4.042853415012359619e-01 -1.244502700865268707e-02 9.145478606224060059e-01 1.836153411865234375e+02
9.110721945762634277e-01 -4.395123571157455444e-02 -4.098973870277404785e-01 -6.865564727783203125e+01 4.509966075420379639e-02 9.989587068557739258e-01 -6.870804820209741592e-03 -3.669701337814331055e+00 4.097725152969360352e-01 -1.222608610987663269e-02 9.121055006980895996e-01 1.853956451416015625e+02
9.098898768424987793e-01 -4.378286004066467285e-02 -4.125331044197082520e-01 -6.935330200195312500e+01 4.486954957246780396e-02 9.989678263664245605e-01 -7.056932896375656128e-03 -3.716467380523681641e+00 4.124162197113037109e-01 -1.208879426121711731e-02 9.109149575233459473e-01 1.869378204345703125e+02
9.101312756538391113e-01 -4.310556128621101379e-02 -4.120725095272064209e-01 -7.001399993896484375e+01 4.435758292675018311e-02 9.989945888519287109e-01 -6.530477199703454971e-03 -3.758591175079345703e+00 4.119392931461334229e-01 -1.233423780649900436e-02 9.111276268959045410e-01 1.883965606689453125e+02
9.097246527671813965e-01 -4.275926575064659119e-02 -4.130054414272308350e-01 -7.068998718261718750e+01 4.375551640987396240e-02 9.990175962448120117e-01 -7.050329819321632385e-03 -3.800040006637573242e+00 4.129007458686828613e-01 -1.165669783949851990e-02 9.107012748718261719e-01 1.898837890625000000e+02
9.093914031982421875e-01 -4.344519600272178650e-02 -4.136671721935272217e-01 -7.137735748291015625e+01 4.409055784344673157e-02 9.989957809448242188e-01 -7.991990074515342712e-03 -3.845458745956420898e+00 4.135985374450683594e-01 -1.097026374191045761e-02 9.103931188583374023e-01 1.913992919921875000e+02
9.097331166267395020e-01 -4.314938932657241821e-02 -4.129461944103240967e-01 -7.206372833251953125e+01 4.359618201851844788e-02 9.990146160125732422e-01 -8.344883099198341370e-03 -3.888131380081176758e+00 4.128988981246948242e-01 -1.041054446250200272e-02 9.107172489166259766e-01 1.929111480712890625e+02
9.098840951919555664e-01 -4.251681640744209290e-02 -4.126791059970855713e-01 -7.273073577880859375e+01 4.369959980249404907e-02 9.990233182907104492e-01 -6.575884763151407242e-03 -3.928978681564331055e+00 4.125551581382751465e-01 -1.204990036785602570e-02 9.108527898788452148e-01 1.943832855224609375e+02
9.089626669883728027e-01 -4.238293319940567017e-02 -4.147184193134307861e-01 -7.339440917968750000e+01 4.394287243485450745e-02 9.990175366401672363e-01 -5.784356035292148590e-03 -3.969966888427734375e+00 4.145556688308715820e-01 -1.296543702483177185e-02 9.099314808845520020e-01 1.958425903320312500e+02
9.065389633178710938e-01 -4.301481321454048157e-02 -4.199257791042327881e-01 -7.406380462646484375e+01 4.479133710265159607e-02 9.989807009696960449e-01 -5.634060129523277283e-03 -4.017867088317871094e+00 4.197396039962768555e-01 -1.370081957429647446e-02 9.075410962104797363e-01 1.972898559570312500e+02
9.035542607307434082e-01 -4.457657411694526672e-02 -4.261494576930999756e-01 -7.474580383300781250e+01 4.641890153288841248e-02 9.989038109779357910e-01 -6.067647598683834076e-03 -4.062147140502929688e+00 4.259523153305053711e-01 -1.429821737110614777e-02 9.046325683593750000e-01 1.987411956787109375e+02
9.034278988838195801e-01 -4.498921334743499756e-02 -4.263742268085479736e-01 -7.543742370605468750e+01 4.656308516860008240e-02 9.988930225372314453e-01 -6.738611962646245956e-03 -4.101545333862304688e+00 4.262046515941619873e-01 -1.376460865139961243e-02 9.045221805572509766e-01 2.002104949951171875e+02
9.041611552238464355e-01 -4.559724032878875732e-02 -4.247523844242095947e-01 -7.612519073486328125e+01 4.697597026824951172e-02 9.988702535629272461e-01 -7.232510019093751907e-03 -4.143513679504394531e+00 4.246015846729278564e-01 -1.341297291219234467e-02 9.052811264991760254e-01 2.016816253662109375e+02
9.029909968376159668e-01 -4.530374705791473389e-02 -4.272656738758087158e-01 -7.681395721435546875e+01 4.707002267241477966e-02 9.988713264465332031e-01 -6.433807779103517532e-03 -4.189555168151855469e+00 4.270741641521453857e-01 -1.430090609937906265e-02 9.041036963462829590e-01 2.031380920410156250e+02
9.045631885528564453e-01 -4.611047729849815369e-02 -4.238399267196655273e-01 -7.740932464599609375e+01 4.779540374875068665e-02 9.988353848457336426e-01 -6.660414859652519226e-03 -4.228878021240234375e+00 4.236526787281036377e-01 -1.423199940472841263e-02 9.057130813598632812e-01 2.044127502441406250e+02
9.119288921356201172e-01 -4.629869759082794189e-02 -4.077291488647460938e-01 -7.776651000976562500e+01 4.735877737402915955e-02 9.988502264022827148e-01 -7.499517407268285751e-03 -4.259886264801025391e+00 4.076068103313446045e-01 -1.246969215571880341e-02 9.130725860595703125e-01 2.052364807128906250e+02
9.217808842658996582e-01 -4.434497281908988953e-02 -3.851679861545562744e-01 -7.798635864257812500e+01 4.463559761643409729e-02 9.989700913429260254e-01 -8.191780187189579010e-03 -4.294886589050292969e+00 3.851338624954223633e-01 -9.640340693295001984e-03 9.228105545043945312e-01 2.058008117675781250e+02
9.318373203277587891e-01 -4.417668655514717102e-02 -3.601784408092498779e-01 -7.819076538085937500e+01 4.455747455358505249e-02 9.989808201789855957e-01 -7.250579539686441422e-03 -4.324973583221435547e+00 3.601309955120086670e-01 -9.291444905102252960e-03 9.328556060791015625e-01 2.063797607421875000e+02
9.369247555732727051e-01 -4.634417220950126648e-02 -3.464463651180267334e-01 -7.843297576904296875e+01 4.660074412822723389e-02 9.988850355148315430e-01 -7.595017552375793457e-03 -4.353679180145263672e+00 3.464114367961883545e-01 -9.027860127389431000e-03 9.380393028259277344e-01 2.070736236572265625e+02
9.440323710441589355e-01 -4.857220873236656189e-02 -3.262583315372467041e-01 -7.864138793945312500e+01 4.989229887723922729e-02 9.987455606460571289e-01 -4.326268099248409271e-03 -4.388217926025390625e+00 3.260585963726043701e-01 -1.219279691576957703e-02 9.452709555625915527e-01 2.077281646728515625e+02
9.564402699470520020e-01 -5.150365829467773438e-02 -2.873502373695373535e-01 -7.888636779785156250e+01 5.234699323773384094e-02 9.986179471015930176e-01 -4.753248766064643860e-03 -4.413474559783935547e+00 2.871973514556884766e-01 -1.049488130956888199e-02 9.578139185905456543e-01 2.085781097412109375e+02
9.704169631004333496e-01 -5.149896815419197083e-02 -2.358800768852233887e-01 -7.905995178222656250e+01 5.266202613711357117e-02 9.986116886138916016e-01 -1.371417660266160965e-03 -4.441482067108154297e+00 2.356227338314056396e-01 -1.109023485332727432e-02 9.717813134193420410e-01 2.093954315185546875e+02
9.740393757820129395e-01 -5.357101187109947205e-02 -2.199500799179077148e-01 -7.919337463378906250e+01 5.483122915029525757e-02 9.984958171844482422e-01 -3.764259163290262222e-04 -4.470313549041748047e+00 2.196389138698577881e-01 -1.169263850897550583e-02 9.755111932754516602e-01 2.100506134033203125e+02
9.740263819694519043e-01 -5.655167996883392334e-02 -2.192602902650833130e-01 -7.926844787597656250e+01 5.673611164093017578e-02 9.983744621276855469e-01 -5.461224820464849472e-03 -4.500923156738281250e+00 2.192122489213943481e-01 -7.119755726307630539e-03 9.756512045860290527e-01 2.103971557617187500e+02
9.743123650550842285e-01 -5.648739263415336609e-02 -2.180027365684509277e-01 -7.932176208496093750e+01 5.609389767050743103e-02 9.983936548233032227e-01 -7.998977787792682648e-03 -4.528985977172851562e+00 2.181039303541183472e-01 -4.434277303516864777e-03 9.759155511856079102e-01 2.106307067871093750e+02
9.735808372497558594e-01 -5.617205798625946045e-02 -2.213269919157028198e-01 -7.936784362792968750e+01 5.580847337841987610e-02 9.984104633331298828e-01 -7.901570759713649750e-03 -4.562546253204345703e+00 2.214185595512390137e-01 -4.658260848373174667e-03 9.751678109169006348e-01 2.108279113769531250e+02
9.790806770324707031e-01 -5.441723391413688660e-02 -1.960619986057281494e-01 -7.941556549072265625e+01 5.418561026453971863e-02 9.985096454620361328e-01 -6.549785379320383072e-03 -4.595330715179443359e+00 1.961257308721542358e-01 -4.210130777209997177e-03 9.805697202682495117e-01 2.111950225830078125e+02
9.851022362709045410e-01 -5.460223928093910217e-02 -1.630724370479583740e-01 -7.946833801269531250e+01 5.438123643398284912e-02 9.985034465789794922e-01 -5.822949577122926712e-03 -4.621622562408447266e+00 1.631458848714828491e-01 -3.131041768938302994e-03 9.865969419479370117e-01 2.116888122558593750e+02
9.891183972358703613e-01 -5.413679406046867371e-02 -1.368005424737930298e-01 -7.946423339843750000e+01 5.405125394463539124e-02 9.985288977622985840e-01 -4.343377891927957535e-03 -4.648302078247070312e+00 1.368339955806732178e-01 -3.097287844866514206e-03 9.905891418457031250e-01 2.119361114501953125e+02
9.928568005561828613e-01 -5.337018147110939026e-02 -1.067109480500221252e-01 -7.947476196289062500e+01 5.320202559232711792e-02 9.985741376876831055e-01 -4.425035789608955383e-03 -4.672598838806152344e+00 1.067945286631584167e-01 -1.282975194044411182e-03 9.942802786827087402e-01 2.123314514160156250e+02
9.953055381774902344e-01 -5.343493819236755371e-02 -8.069591224193572998e-02 -7.946514129638671875e+01 5.330295860767364502e-02 9.985713958740234375e-01 -3.791748778894543648e-03 -4.696274280548095703e+00 8.078280836343765259e-02 -5.265458603389561176e-04 9.967315793037414551e-01 2.125578918457031250e+02
9.979026913642883301e-01 -5.398892238736152649e-02 -3.571592643857002258e-02 -7.944332122802734375e+01 5.381911620497703552e-02 9.985345602035522461e-01 -5.702572874724864960e-03 -4.721962451934814453e+00 3.597104921936988831e-02 3.769248258322477341e-03 9.993457198143005371e-01 2.130965728759765625e+02
9.980822801589965820e-01 -5.727205425500869751e-02 -2.349108085036277771e-02 -7.944317626953125000e+01 5.713710561394691467e-02 9.983460307121276855e-01 -6.381008308380842209e-03 -4.754028320312500000e+00 2.381727099418640137e-02 5.027383565902709961e-03 9.997037053108215332e-01 2.136265411376953125e+02
9.981882572174072266e-01 -5.916946753859519958e-02 1.091734878718852997e-02 -7.941981506347656250e+01 5.923296883702278137e-02 9.982286095619201660e-01 -5.578354466706514359e-03 -4.787009239196777344e+00 -1.056834496557712555e-02 6.215739529579877853e-03 9.999248385429382324e-01 2.143632507324218750e+02
