9.999986290931701660e-01 7.122129900380969048e-04 1.533513423055410385e-03 -1.101102121174335480e-02 -7.055719033814966679e-04 9.999904036521911621e-01 -4.327035974711179733e-03 -1.712164096534252167e-02 -1.536580733954906464e-03 4.325946792960166931e-03 9.999895095825195312e-01 9.617131352424621582e-01
9.999969005584716797e-01 -1.383964088745415211e-03 2.129265572875738144e-03 -1.699529215693473816e-02 1.395070808939635754e-03 9.999854564666748047e-01 -5.223266780376434326e-03 -3.304158896207809448e-02 -2.122006611898541451e-03 5.226219538599252701e-03 9.999841451644897461e-01 1.924885153770446777e+00
9.999936223030090332e-01 -2.875213278457522392e-03 2.196983434259891510e-03 -3.106702491641044617e-02 2.877222141250967979e-03 9.999956488609313965e-01 -9.111923864111304283e-04 -6.341853737831115723e-02 -2.194353612139821053e-03 9.175074519589543343e-04 9.999971389770507812e-01 2.888054132461547852e+00
9.999895095825195312e-01 -4.378257784992456436e-03 1.426927279680967331e-03 -4.462738707661628723e-02 4.370283335447311401e-03 9.999752640724182129e-01 5.546377040445804596e-03 -9.503621608018875122e-02 -1.451175659894943237e-03 -5.540079437196254730e-03 9.999835491180419922e-01 3.848312377929687500e+00
9.999613761901855469e-01 -8.800745010375976562e-03 4.930283103021793067e-05 -5.337243154644966125e-02 8.800421841442584991e-03 9.999504685401916504e-01 4.659580066800117493e-03 -1.222173124551773071e-01 -9.030848013935610652e-05 -4.658963065594434738e-03 9.999892115592956543e-01 4.806551933288574219e+00
9.999330639839172363e-01 -1.154122315347194672e-02 -9.928835788741707802e-04 -6.458550691604614258e-02 1.154281012713909149e-02 9.999321699142456055e-01 1.608235295861959457e-03 -1.448705196380615234e-01 9.742547408677637577e-04 -1.619584509171545506e-03 9.999982118606567383e-01 5.738958835601806641e+00
9.999251961708068848e-01 -1.210851222276687622e-02 -1.791952177882194519e-03 -7.542793452739715576e-02 1.210589893162250519e-02 9.999258518218994141e-01 -1.463263412006199360e-03 -1.535673141479492188e-01 1.809536712244153023e-03 1.441462780348956585e-03 9.999974966049194336e-01 6.676396369934082031e+00
9.999308586120605469e-01 -1.148261129856109619e-02 -2.596194390207529068e-03 -8.936431258916854858e-02 1.147712953388690948e-02 9.999319911003112793e-01 -2.115604002028703690e-03 -1.678813993930816650e-01 2.620310056954622269e-03 2.085662912577390671e-03 9.999944567680358887e-01 7.606158733367919922e+00
9.999353289604187012e-01 -1.082459092140197754e-02 -3.547009546309709549e-03 -1.013034284114837646e-01 1.082532946020364761e-02 9.999414086341857910e-01 1.915076281875371933e-04 -1.791661083698272705e-01 3.544727806001901627e-03 -2.298909821547567844e-04 9.999937415122985840e-01 8.535488128662109375e+00
9.999334812164306641e-01 -1.074628066271543503e-02 -4.252913873642683029e-03 -1.141317337751388550e-01 1.075959019362926483e-02 9.999372363090515137e-01 3.119016531854867935e-03 -1.865847855806350708e-01 4.219129215925931931e-03 -3.164566121995449066e-03 9.999862313270568848e-01 9.465868949890136719e+00
9.999270439147949219e-01 -1.090491097420454025e-02 -5.254532210528850555e-03 -1.275574415922164917e-01 1.092821825295686722e-02 9.999303817749023438e-01 4.428362008184194565e-03 -1.916300654411315918e-01 5.205877590924501419e-03 -4.485457669943571091e-03 9.999765157699584961e-01 1.038891983032226562e+01
9.999055266380310059e-01 -1.246298197656869888e-02 -5.868033505976200104e-03 -1.421945691108703613e-01 1.249286998063325882e-02 9.999089837074279785e-01 5.084308329969644547e-03 -1.997184604406356812e-01 5.804133601486682892e-03 -5.157133098691701889e-03 9.999700784683227539e-01 1.133952140808105469e+01
9.998973011970520020e-01 -1.263069082051515579e-02 -6.826219148933887482e-03 -1.548813879489898682e-01 1.266477908939123154e-02 9.999073147773742676e-01 4.973291419446468353e-03 -2.155600488185882568e-01 6.762770935893058777e-03 -5.059228744357824326e-03 9.999645352363586426e-01 1.222344970703125000e+01
9.998893737792968750e-01 -1.287236157804727554e-02 -7.500848732888698578e-03 -1.693123877048492432e-01 1.289811916649341583e-02 9.999109506607055664e-01 3.394727129489183426e-03 -2.354857474565505981e-01 7.456482388079166412e-03 -3.491094335913658142e-03 9.999661445617675781e-01 1.313325023651123047e+01
9.998702406883239746e-01 -1.336574181914329529e-02 -9.034487418830394745e-03 -1.849064081907272339e-01 1.337691862136125565e-02 9.999098181724548340e-01 1.177819794975221157e-03 -2.602521181106567383e-01 9.017931297421455383e-03 -1.298517687246203423e-03 9.999585747718811035e-01 1.404135990142822266e+01
9.998371601104736328e-01 -1.468699146062135696e-02 -1.051998231559991837e-02 -1.992847025394439697e-01 1.468670740723609924e-02 9.998920559883117676e-01 -1.034081797115504742e-04 -2.760572731494903564e-01 1.052036974579095840e-02 -5.111025166115723550e-05 9.999446868896484375e-01 1.494551944732666016e+01
9.998233318328857422e-01 -1.432671118527650833e-02 -1.218625251203775406e-02 -2.169483900070190430e-01 1.431970577687025070e-02 9.998970627784729004e-01 -6.616142927668988705e-04 -2.851104438304901123e-01 1.219447795301675797e-02 4.869960248470306396e-04 9.999254941940307617e-01 1.584626770019531250e+01
9.998222589492797852e-01 -1.304143108427524567e-02 -1.363681349903345108e-02 -2.367130964994430542e-01 1.302121672779321671e-02 9.999136924743652344e-01 -1.569334883242845535e-03 -2.933608591556549072e-01 1.365610770881175995e-02 1.391489407978951931e-03 9.999056458473205566e-01 1.674308776855468750e+01
9.998150467872619629e-01 -1.159649062901735306e-02 -1.536125503480434418e-02 -2.548522055149078369e-01 1.157274749130010605e-02 9.999313950538635254e-01 -1.633661799132823944e-03 -2.982437610626220703e-01 1.537915039807558060e-02 1.455589313991367817e-03 9.998806715011596680e-01 1.763483810424804688e+01
9.997835755348205566e-01 -1.213664095848798752e-02 -1.691845431923866272e-02 -2.730780541896820068e-01 1.212688814848661423e-02 9.999260306358337402e-01 -6.787522579543292522e-04 -3.044053614139556885e-01 1.692545041441917419e-02 4.734390531666576862e-04 9.998565912246704102e-01 1.852683830261230469e+01
9.997678399085998535e-01 -1.148422993719577789e-02 -1.825599558651447296e-02 -2.937435209751129150e-01 1.149903796613216400e-02 9.999334216117858887e-01 7.061501382850110531e-04 -3.138400316238403320e-01 1.824668236076831818e-02 -9.159098262898623943e-04 9.998328685760498047e-01 1.941418838500976562e+01
9.997410774230957031e-01 -1.132285874336957932e-02 -1.975877583026885986e-02 -3.146035969257354736e-01 1.134558767080307007e-02 9.999347925186157227e-01 1.038629678077995777e-03 -3.236880004405975342e-01 1.974572986364364624e-02 -1.262533362023532391e-03 9.998041987419128418e-01 2.029477691650390625e+01
9.996917247772216797e-01 -1.246783882379531860e-02 -2.149326540529727936e-02 -3.335671126842498779e-01 1.249153725802898407e-02 9.999212622642517090e-01 9.685105178505182266e-04 -3.220395743846893311e-01 2.147950045764446259e-02 -1.236692653037607670e-03 9.997685551643371582e-01 2.116889381408691406e+01
9.996533393859863281e-01 -1.268780138343572617e-02 -2.308809570968151093e-02 -3.517750799655914307e-01 1.269884686917066574e-02 9.999191164970397949e-01 3.318100643809884787e-04 -3.205086886882781982e-01 2.308201976120471954e-02 -6.248848512768745422e-04 9.997333288192749023e-01 2.203792190551757812e+01
9.996301531791687012e-01 -1.261377893388271332e-02 -2.411198988556861877e-02 -3.725492060184478760e-01 1.263649761676788330e-02 9.999196529388427734e-01 7.899158517830073833e-04 -3.172182738780975342e-01 2.410008944571018219e-02 -1.094311592169106007e-03 9.997088909149169922e-01 2.290088081359863281e+01
9.996072649955749512e-01 -1.236723922193050385e-02 -2.516464143991470337e-02 -3.933685719966888428e-01 1.244025584310293198e-02 9.999185800552368164e-01 2.747131278738379478e-03 -3.159263432025909424e-01 2.512861974537372589e-02 -3.059102687984704971e-03 9.996795654296875000e-01 2.375771903991699219e+01
9.995697140693664551e-01 -1.363816112279891968e-02 -2.598841115832328796e-02 -4.121037423610687256e-01 1.378816552460193634e-02 9.998890161514282227e-01 5.601314827799797058e-03 -3.140238225460052490e-01 2.590912953019142151e-02 -5.957231391221284866e-03 9.996464252471923828e-01 2.461541748046875000e+01
9.995565414428710938e-01 -1.327670086175203323e-02 -2.667520195245742798e-02 -4.280329942703247070e-01 1.346664410084486008e-02 9.998848438262939453e-01 6.953739561140537262e-03 -3.057380318641662598e-01 2.657980099320411682e-02 -7.309875916689634323e-03 9.996198415756225586e-01 2.544216728210449219e+01
9.995418190956115723e-01 -1.282492186874151230e-02 -2.743675187230110168e-02 -4.474025666713714600e-01 1.298762485384941101e-02 9.998988509178161621e-01 5.760452244430780411e-03 -2.988488972187042236e-01 2.736009098589420319e-02 -6.114147603511810303e-03 9.996067881584167480e-01 2.626619720458984375e+01
9.995378851890563965e-01 -1.142993196845054626e-02 -2.819323353469371796e-02 -4.690777063369750977e-01 1.151921600103378296e-02 9.999288916587829590e-01 3.006466198712587357e-03 -2.930487096309661865e-01 2.815686538815498352e-02 -3.329837927594780922e-03 9.995978474617004395e-01 2.708035469055175781e+01
9.995213150978088379e-01 -1.092301215976476669e-02 -2.896975725889205933e-02 -4.916233122348785400e-01 1.096821669489145279e-02 9.999386072158813477e-01 1.401952235028147697e-03 -2.934048175811767578e-01 2.895266935229301453e-02 -1.719026011414825916e-03 9.995791316032409668e-01 2.787695693969726562e+01
9.995012283325195312e-01 -1.020425092428922653e-02 -2.990980818867683411e-02 -5.147237777709960938e-01 1.023689843714237213e-02 9.999469518661499023e-01 9.386513847857713699e-04 -2.982764542102813721e-01 2.989865466952323914e-02 -1.244366052560508251e-03 9.995520710945129395e-01 2.866955757141113281e+01
9.994558095932006836e-01 -1.042435225099325180e-02 -3.131938353180885315e-02 -5.377292037010192871e-01 1.044601947069168091e-02 9.999450445175170898e-01 5.283551290631294250e-04 -3.030383288860321045e-01 3.131215646862983704e-02 -8.552299113944172859e-04 9.995090961456298828e-01 2.945469474792480469e+01
9.993987083435058594e-01 -1.012000069022178650e-02 -3.318484127521514893e-02 -5.610506534576416016e-01 1.012244820594787598e-02 9.999485015869140625e-01 -9.415321983397006989e-05 -3.024558126926422119e-01 3.318409994244575500e-02 -2.418150979792699218e-04 9.994491338729858398e-01 3.022663497924804688e+01
9.993354678153991699e-01 -1.013991981744766235e-02 -3.503168001770973206e-02 -5.837102532386779785e-01 1.012932695448398590e-02 9.999483227729797363e-01 -4.799907910637557507e-04 -2.893162965774536133e-01 3.503474593162536621e-02 1.248245243914425373e-04 9.993858933448791504e-01 3.099323463439941406e+01
9.992578625679016113e-01 -1.045439019799232483e-02 -3.709052130579948425e-02 -6.098831892013549805e-01 1.048558764159679413e-02 9.999445676803588867e-01 6.466151680797338486e-04 -2.849456965923309326e-01 3.708170354366302490e-02 -1.035049790516495705e-03 9.993113875389099121e-01 3.175329399108886719e+01
9.991831779479980469e-01 -1.044166833162307739e-02 -3.905300796031951904e-02 -6.373477578163146973e-01 1.057813595980405807e-02 9.999384880065917969e-01 3.289437154307961464e-03 -2.859578728675842285e-01 3.901626169681549072e-02 -3.699854714795947075e-03 9.992313385009765625e-01 3.249743270874023438e+01
9.991173744201660156e-01 -9.676449000835418701e-03 -4.089459031820297241e-02 -6.694974899291992188e-01 9.870610199868679047e-03 9.999408125877380371e-01 4.548581317067146301e-03 -2.913151383399963379e-01 4.084815829992294312e-02 -4.948215093463659286e-03 9.991527199745178223e-01 3.323488235473632812e+01
9.990490674972534180e-01 -8.212270215153694153e-03 -4.283879324793815613e-02 -7.070288062095642090e-01 8.425609208643436432e-03 9.999527931213378906e-01 4.801792092621326447e-03 -2.980984747409820557e-01 4.279734939336776733e-02 -5.158162675797939301e-03 9.990701675415039062e-01 3.396226501464843750e+01
9.989879131317138672e-01 -5.570431705564260483e-03 -4.465127363801002502e-02 -7.475979328155517578e-01 5.752146709710359573e-03 9.999755024909973145e-01 3.942095674574375153e-03 -3.011804521083831787e-01 4.462822899222373962e-02 -4.194940440356731415e-03 9.989945888519287109e-01 3.470351409912109375e+01
9.989150166511535645e-01 -4.076815675944089890e-03 -4.640856012701988220e-02 -7.861236929893493652e-01 4.225971177220344543e-03 9.999859333038330078e-01 3.116201143711805344e-03 -3.012982308864593506e-01 4.639523103833198547e-02 -3.308936255052685738e-03 9.989172816276550293e-01 3.539315032958984375e+01
9.988454580307006836e-01 -3.602315206080675125e-03 -4.792025685310363770e-02 -8.225015401840209961e-01 3.824190469458699226e-03 9.999821186065673828e-01 4.539099521934986115e-03 -2.934997379779815674e-01 4.790306836366653442e-02 -4.717108793556690216e-03 9.988405108451843262e-01 3.608570861816406250e+01
9.987985491752624512e-01 -2.421911573037505150e-03 -4.896158352494239807e-02 -8.579748272895812988e-01 2.724893623962998390e-03 9.999772906303405762e-01 6.122218444943428040e-03 -2.845596671104431152e-01 4.894566908478736877e-02 -6.248271092772483826e-03 9.987814426422119141e-01 3.677335739135742188e+01
9.988047480583190918e-01 6.059716688469052315e-04 -4.889414831995964050e-02 -8.979844450950622559e-01 -2.707571547944098711e-04 9.999759793281555176e-01 6.862041540443897247e-03 -2.829218208789825439e-01 4.889716580510139465e-02 -6.840592250227928162e-03 9.987798929214477539e-01 3.744918441772460938e+01
9.988498687744140625e-01 3.748508170247077942e-03 -4.782371968030929565e-02 -9.356943964958190918e-01 -3.523551626130938530e-03 9.999819993972778320e-01 4.787031561136245728e-03 -2.753499150276184082e-01 4.784084111452102661e-02 -4.613008815795183182e-03 9.988437891006469727e-01 3.811121368408203125e+01
9.989258050918579102e-01 5.352139007300138474e-03 -4.605102911591529846e-02 -9.662445187568664551e-01 -5.291338078677654266e-03 9.999847412109375000e-01 1.441748812794685364e-03 -2.643948197364807129e-01 4.605806618928909302e-02 -1.196526223793625832e-03 9.989374279975891113e-01 3.876352310180664062e+01
9.990203380584716797e-01 5.712825804948806763e-03 -4.390411451458930969e-02 -9.940690398216247559e-01 -5.743067245930433273e-03 9.999831914901733398e-01 -5.630354280583560467e-04 -2.590329051017761230e-01 4.390018060803413391e-02 8.146269829012453556e-04 9.990348219871520996e-01 3.940060043334960938e+01
9.991423487663269043e-01 6.928159855306148529e-03 -4.084787890315055847e-02 -1.022967696189880371e+00 -6.919996347278356552e-03 9.999758601188659668e-01 3.408683987800031900e-04 -2.546904981136322021e-01 4.084927588701248169e-02 -5.790846262243576348e-05 9.991645812988281250e-01 4.003744888305664062e+01
9.992334246635437012e-01 1.197641249746084213e-02 -3.729938343167304993e-02 -1.054571628570556641e+00 -1.185276079922914505e-02 9.999232888221740723e-01 3.533974057063460350e-03 -2.561411857604980469e-01 3.733911737799644470e-02 -3.089151810854673386e-03 9.992969632148742676e-01 4.068679428100585938e+01
9.993057847023010254e-01 1.641606725752353668e-02 -3.347332030534744263e-02 -1.082779526710510254e+00 -1.618096791207790375e-02 9.998424053192138672e-01 7.282553240656852722e-03 -2.559988498687744141e-01 3.358701616525650024e-02 -6.735833361744880676e-03 9.994122982025146484e-01 4.129207611083984375e+01
9.993486404418945312e-01 2.131607010960578918e-02 -2.915360592305660248e-02 -1.107347369194030762e+00 -2.108765766024589539e-02 9.997444748878479004e-01 8.120117709040641785e-03 -2.542434632778167725e-01 2.931808121502399445e-02 -7.499969098716974258e-03 9.995412826538085938e-01 4.189085388183593750e+01
9.994055032730102539e-01 2.502002567052841187e-02 -2.376614138484001160e-02 -1.127463221549987793e+00 -2.483058162033557892e-02 9.996575117111206055e-01 8.233075961470603943e-03 -2.504922151565551758e-01 2.396602183580398560e-02 -7.638010662049055099e-03 9.996830224990844727e-01 4.247564697265625000e+01
9.994276762008666992e-01 2.870928123593330383e-02 -1.795789413154125214e-02 -1.143225312232971191e+00 -2.852868288755416870e-02 9.995403885841369629e-01 1.023293100297451019e-02 -2.472754269838333130e-01 1.825000531971454620e-02 -9.714617393910884857e-03 9.997856616973876953e-01 4.304420471191406250e+01
9.993695020675659180e-01 3.372436016798019409e-02 -1.120752468705177307e-02 -1.156523227691650391e+00 -3.359320759773254395e-02 9.993670582771301270e-01 1.169024128466844559e-02 -2.461259514093399048e-01 1.160002965480089188e-02 -1.130626350641250610e-02 9.998682737350463867e-01 4.359234237670898438e+01
9.993077516555786133e-01 3.700962662696838379e-02 -4.072620533406734467e-03 -1.163695335388183594e+00 -3.696274384856224060e-02 9.992555379867553711e-01 1.103951968252658844e-02 -2.463302165269851685e-01 4.479730036109685898e-03 -1.088115479797124863e-02 9.999301433563232422e-01 4.411942291259765625e+01
9.991750717163085938e-01 4.050793126225471497e-02 3.260938450694084167e-03 -1.165311217308044434e+00 -4.054271802306175232e-02 9.991124272346496582e-01 1.142537035048007965e-02 -2.460305988788604736e-01 -2.797586144879460335e-03 -1.154796499758958817e-02 9.999287724494934082e-01 4.462700271606445312e+01
9.989321231842041016e-01 4.494702443480491638e-02 1.081112027168273926e-02 -1.165281295776367188e+00 -4.506497085094451904e-02 9.989241957664489746e-01 1.092934887856245041e-02 -2.401563823223114014e-01 -1.031173951923847198e-02 -1.140474341809749603e-02 9.998812079429626465e-01 4.511042404174804688e+01
9.986122250556945801e-01 4.932222515344619751e-02 1.853242889046669006e-02 -1.162119150161743164e+00 -4.947619885206222534e-02 9.987435936927795410e-01 7.946641184389591217e-03 -2.348497211933135986e-01 -1.812047697603702545e-02 -8.852170780301094055e-03 9.997960329055786133e-01 4.557441711425781250e+01
9.983457326889038086e-01 5.105627328157424927e-02 2.648762799799442291e-02 -1.153910994529724121e+00 -5.119568854570388794e-02 9.986778497695922852e-01 4.614262841641902924e-03 -2.368655353784561157e-01 -2.622015029191970825e-02 -5.962551105767488480e-03 9.996377229690551758e-01 4.601390457153320312e+01
9.980790615081787109e-01 5.151567608118057251e-02 3.445107489824295044e-02 -1.139703750610351562e+00 -5.171683430671691895e-02 9.986491799354553223e-01 4.974720533937215805e-03 -2.380295395851135254e-01 -3.414908796548843384e-02 -6.746609229594469070e-03 9.993931651115417480e-01 4.643556976318359375e+01
9.978062510490417480e-01 5.099695548415184021e-02 4.224361106753349304e-02 -1.119109511375427246e+00 -5.130814760923385620e-02 9.986627101898193359e-01 6.315808743238449097e-03 -2.395250052213668823e-01 -4.186173900961875916e-02 -8.469107560813426971e-03 9.990866184234619141e-01 4.683261108398437500e+01
9.973395466804504395e-01 5.274018272757530212e-02 5.034734308719635010e-02 -1.098157286643981934e+00 -5.316651985049247742e-02 9.985596537590026855e-01 7.166375406086444855e-03 -2.391740679740905762e-01 -4.989568144083023071e-02 -9.823775850236415863e-03 9.987052679061889648e-01 4.720449447631835938e+01
9.966464638710021973e-01 5.618545040488243103e-02 5.950974673032760620e-02 -1.077741146087646484e+00 -5.670530349016189575e-02 9.983656406402587891e-01 7.082534488290548325e-03 -2.387519031763076782e-01 -5.901001393795013428e-02 -1.043288130313158035e-02 9.982017278671264648e-01 4.756725311279296875e+01
9.958329796791076660e-01 6.082306802272796631e-02 6.796735525131225586e-02 -1.059486150741577148e+00 -6.141126155853271484e-02 9.980904459953308105e-01 6.596943363547325134e-03 -2.404148131608963013e-01 -6.743510812520980835e-02 -1.074329204857349396e-02 9.976648688316345215e-01 4.787833786010742188e+01
9.949474930763244629e-01 6.439781188964843750e-02 7.703796029090881348e-02 -1.036132335662841797e+00 -6.510726362466812134e-02 9.978552460670471191e-01 6.731616798788309097e-03 -2.443978041410446167e-01 -7.644010335206985474e-02 -1.171350013464689255e-02 9.970039725303649902e-01 4.817657089233398438e+01
9.942184686660766602e-01 6.384327262639999390e-02 8.634888380765914917e-02 -1.006262302398681641e+00 -6.469375640153884888e-02 9.978796243667602539e-01 7.085058838129043579e-03 -2.532699108123779297e-01 -8.571314066648483276e-02 -1.263058371841907501e-02 9.962384700775146484e-01 4.845081329345703125e+01
9.932976961135864258e-01 6.279201060533523560e-02 9.705232083797454834e-02 -9.730954170227050781e-01 -6.358339637517929077e-02 9.979631900787353516e-01 5.080637987703084946e-03 -2.607764899730682373e-01 -9.653348475694656372e-02 -1.121817622333765030e-02 9.952648878097534180e-01 4.871647644042968750e+01
9.921389818191528320e-01 6.152272969484329224e-02 1.089837849140167236e-01 -9.369544982910156250e-01 -6.192853674292564392e-02 9.980801939964294434e-01 3.401535796001553535e-04 -2.675885558128356934e-01 -1.087514832615852356e-01 -7.087367586791515350e-03 9.940420389175415039e-01 4.897550964355468750e+01
9.905382990837097168e-01 6.248726323246955872e-02 1.221941933035850525e-01 -8.977450132369995117e-01 -6.247047334909439087e-02 9.980385303497314453e-01 -3.971708007156848907e-03 -2.734417617321014404e-01 -1.222005560994148254e-01 -3.700091736391186714e-03 9.924969077110290527e-01 4.923230743408203125e+01
9.883717894554138184e-01 6.431666761636734009e-02 1.377927213907241821e-01 -8.567407727241516113e-01 -6.411002576351165771e-02 9.979248046875000000e-01 -5.941498093307018280e-03 -2.805672287940979004e-01 -1.378867477178573608e-01 -2.962176455184817314e-03 9.904419779777526855e-01 4.948699569702148438e+01
9.857268929481506348e-01 6.628690659999847412e-02 1.547604501247406006e-01 -8.084298372268676758e-01 -6.596480309963226318e-02 9.977954030036926270e-01 -7.220978848636150360e-03 -2.860914468765258789e-01 -1.548956334590911865e-01 -3.091511782258749008e-03 9.879243969917297363e-01 4.974961090087890625e+01
9.830195903778076172e-01 6.669177114963531494e-02 1.709585636854171753e-01 -7.577100396156311035e-01 -6.621708720922470093e-02 9.977688193321228027e-01 -8.483379147946834564e-03 -2.915706634521484375e-01 -1.711406111717224121e-01 -2.981735626235604286e-03 9.852405190467834473e-01 4.998605728149414062e+01
9.797332286834716797e-01 6.595419347286224365e-02 1.891429871320724487e-01 -6.971557140350341797e-01 -6.530128419399261475e-02 9.978182911872863770e-01 -9.688394144177436829e-03 -2.967612147331237793e-01 -1.893669962882995605e-01 -2.859927248209714890e-03 9.819006323814392090e-01 5.023048400878906250e+01
9.757286906242370605e-01 6.503206491470336914e-02 2.091085910797119141e-01 -6.296530365943908691e-01 -6.433370709419250488e-02 9.978764653205871582e-01 -1.014671102166175842e-02 -3.022900819778442383e-01 -2.093220800161361694e-01 -3.552977694198489189e-03 9.778388142585754395e-01 5.047723007202148438e+01
9.713035225868225098e-01 6.551326066255569458e-02 2.286475300788879395e-01 -5.626230239868164062e-01 -6.460930407047271729e-02 9.978445172309875488e-01 -1.144496072083711624e-02 -3.067835867404937744e-01 -2.289021462202072144e-01 -3.656908404082059860e-03 9.734410643577575684e-01 5.070716857910156250e+01
9.659150838851928711e-01 6.760933250188827515e-02 2.498784512281417847e-01 -4.889183640480041504e-01 -6.623733788728713989e-02 9.977064132690429688e-01 -1.390550285577774048e-02 -3.117054402828216553e-01 -2.502431273460388184e-01 -3.120433539152145386e-03 9.681763648986816406e-01 5.094519424438476562e+01
9.596683979034423828e-01 6.892295926809310913e-02 2.725587487220764160e-01 -4.074895679950714111e-01 -6.707061827182769775e-02 9.976174831390380859e-01 -1.611853390932083130e-02 -3.179078102111816406e-01 -2.730178833007812500e-01 -2.812914783135056496e-03 9.620031118392944336e-01 5.118138504028320312e+01
9.522740244865417480e-01 7.018369436264038086e-02 2.970696687698364258e-01 -3.172144591808319092e-01 -6.815286725759506226e-02 9.975261688232421875e-01 -1.720102317631244659e-02 -3.255034685134887695e-01 -2.975396215915679932e-01 -3.866739571094512939e-03 9.546999335289001465e-01 5.142009353637695312e+01
9.436122775077819824e-01 7.308956235647201538e-02 3.228868842124938965e-01 -2.212408185005187988e-01 -7.102644443511962891e-02 9.973083734512329102e-01 -1.818419434130191803e-02 -3.340788781642913818e-01 -3.233444392681121826e-01 -5.775338038802146912e-03 9.462621212005615234e-01 5.165919876098632812e+01
9.334139227867126465e-01 7.549659162759780884e-02 3.507719337940216064e-01 -1.147102192044258118e-01 -7.333124428987503052e-02 9.971171617507934570e-01 -1.947297714650630951e-02 -3.439529538154602051e-01 -3.512283861637115479e-01 -7.546843960881233215e-03 9.362577795982360840e-01 5.190064620971679688e+01
9.222751259803771973e-01 7.613580673933029175e-02 3.789643347263336182e-01 2.766400575637817383e-04 -7.373827695846557617e-02 9.970591068267822266e-01 -2.085934951901435852e-02 -3.544949591159820557e-01 -3.794355094432830811e-01 -8.706772699952125549e-03 9.251756668090820312e-01 5.212972259521484375e+01
9.095911383628845215e-01 7.427784800529479980e-02 4.088139533996582031e-01 1.309564858675003052e-01 -7.108896225690841675e-02 9.972041249275207520e-01 -2.301366999745368958e-02 -3.642712831497192383e-01 -4.093778133392333984e-01 -8.129788562655448914e-03 9.123272299766540527e-01 5.235585021972656250e+01
8.944230675697326660e-01 7.169641554355621338e-02 4.414396882057189941e-01 2.760363817214965820e-01 -6.712498515844345093e-02 9.974057674407958984e-01 -2.598839998245239258e-02 -3.733931779861450195e-01 -4.421551525592803955e-01 -6.387677974998950958e-03 8.969141244888305664e-01 5.258034515380859375e+01
8.771451711654663086e-01 7.145371288061141968e-02 4.748819470405578613e-01 4.279825687408447266e-01 -6.473983824253082275e-02 9.974356889724731445e-01 -3.050081245601177216e-02 -3.824338018894195557e-01 -4.758408367633819580e-01 -3.990819212049245834e-03 8.795205950736999512e-01 5.280019760131835938e+01
8.575422763824462891e-01 7.341502606868743896e-02 5.091499090194702148e-01 5.907976031303405762e-01 -6.409372389316558838e-02 9.972993731498718262e-01 -3.585140779614448547e-02 -3.919062614440917969e-01 -5.104042291641235352e-01 -1.889902050606906414e-03 8.599308133125305176e-01 5.301889801025390625e+01
8.354278206825256348e-01 7.568787038326263428e-02 5.443655252456665039e-01 7.701138854026794434e-01 -6.394530832767486572e-02 9.971306920051574707e-01 -4.050417616963386536e-02 -4.025967121124267578e-01 -5.458664894104003906e-01 -9.719929075799882412e-04 8.378697037696838379e-01 5.324399566650390625e+01
8.104790449142456055e-01 7.887983322143554688e-02 5.804340839385986328e-01 9.652412533760070801e-01 -6.518266350030899048e-02 9.968820214271545410e-01 -4.445774108171463013e-02 -4.147593975067138672e-01 -5.821284651756286621e-01 -1.802859711460769176e-03 8.130926489830017090e-01 5.347268676757812500e+01
7.831657528877258301e-01 8.302936702966690063e-02 6.162462830543518066e-01 1.172296881675720215e+00 -6.828227639198303223e-02 9.965346455574035645e-01 -4.748969897627830505e-02 -4.302523136138916016e-01 -6.180528402328491211e-01 -4.887187387794256210e-03 7.861151695251464844e-01 5.369456863403320312e+01
7.530593276023864746e-01 8.748658746480941772e-02 6.521117091178894043e-01 1.401717901229858398e+00 -7.188325375318527222e-02 9.961268305778503418e-01 -5.062851309776306152e-02 -4.467395544052124023e-01 -6.540140509605407715e-01 -8.750036358833312988e-03 7.564261555671691895e-01 5.392662429809570312e+01
7.198932766914367676e-01 8.857778459787368774e-02 6.884108185768127441e-01 1.658267736434936523e+00 -7.134170830249786377e-02 9.960128664970397949e-01 -5.355267599225044250e-02 -4.647121131420135498e-01 -6.904066801071166992e-01 -1.056042499840259552e-02 7.233369946479797363e-01 5.415330123901367188e+01
6.834444999694824219e-01 8.631713688373565674e-02 7.248826026916503906e-01 1.946086168289184570e+00 -6.813305616378784180e-02 9.961922764778137207e-01 -5.438586324453353882e-02 -4.776390194892883301e-01 -7.268124222755432129e-01 -1.221873238682746887e-02 6.867183446884155273e-01 5.436883926391601562e+01
6.444410681724548340e-01 8.503346145153045654e-02 7.599124908447265625e-01 2.269735097885131836e+00 -6.511601805686950684e-02 9.962899088859558105e-01 -5.626255646347999573e-02 -4.777681529521942139e-01 -7.618730068206787109e-01 -1.322441827505826950e-02 6.475826501846313477e-01 5.458502960205078125e+01
6.014980673789978027e-01 8.478497713804244995e-02 7.943636178970336914e-01 2.612688302993774414e+00 -6.309072673320770264e-02 9.962874650955200195e-01 -5.856427922844886780e-02 -4.832188189029693604e-01 -7.963751554489135742e-01 -1.489039696753025055e-02 6.046108603477478027e-01 5.478967666625976562e+01
5.561722517013549805e-01 8.472537994384765625e-02 8.267381787300109863e-01 2.973770856857299805e+00 -5.939500033855438232e-02 9.962977766990661621e-01 -6.214535608887672424e-02 -4.792750477790832520e-01 -8.289377093315124512e-01 -1.454041805118322372e-02 5.591433644294738770e-01 5.498363494873046875e+01
5.082206726074218750e-01 8.368622511625289917e-02 8.571525216102600098e-01 3.359269618988037109e+00 -5.674312636256217957e-02 9.963583350181579590e-01 -6.363341957330703735e-02 -4.860884547233581543e-01 -8.593518733978271484e-01 -1.629759930074214935e-02 5.111168026924133301e-01 5.516936492919921875e+01
4.595574736595153809e-01 8.166103810071945190e-02 8.843870162963867188e-01 3.766152620315551758e+00 -5.479783192276954651e-02 9.964733719825744629e-01 -6.353600323200225830e-02 -4.913914799690246582e-01 -8.864521980285644531e-01 -1.926392875611782074e-02 4.624100029468536377e-01 5.533517837524414062e+01
4.095450639724731445e-01 7.979463040828704834e-02 9.087945818901062012e-01 4.198367595672607422e+00 -5.480553954839706421e-02 9.965196847915649414e-01 -6.279932707548141479e-02 -5.166189670562744141e-01 -9.106376767158508301e-01 -2.408761717379093170e-02 4.124917984008789062e-01 5.548370742797851562e+01
3.597345650196075439e-01 7.961133867502212524e-02 9.296531081199645996e-01 4.641422748565673828e+00 -5.780823901295661926e-02 9.963402748107910156e-01 -6.295303255319595337e-02 -5.396170020103454590e-01 -9.312575459480285645e-01 -3.109517507255077362e-02 3.630194962024688721e-01 5.561819839477539062e+01
3.103431761264801025e-01 8.045249432325363159e-02 9.472150802612304688e-01 5.103726387023925781e+00 -5.497856810688972473e-02 9.962630271911621094e-01 -6.660551577806472778e-02 -5.645917057991027832e-01 -9.490287899971008301e-01 -3.140596672892570496e-02 3.136052787303924561e-01 5.572117614746093750e+01
2.636130452156066895e-01 7.622501254081726074e-02 9.616131186485290527e-01 5.585543632507324219e+00 -4.431944712996482849e-02 9.967768788337707520e-01 -6.686292588710784912e-02 -5.957729220390319824e-01 -9.636055231094360352e-01 -2.499230764806270599e-02 2.661404907703399658e-01 5.580201721191406250e+01
2.200752198696136475e-01 7.093650847673416138e-02 9.729011058807373047e-01 6.088527679443359375e+00 -3.059899434447288513e-02 9.973632097244262695e-01 -6.579857319593429565e-02 -6.266790032386779785e-01 -9.749984741210937500e-01 -1.528930943459272385e-02 2.216639369726181030e-01 5.585591506958007812e+01
1.770427227020263672e-01 6.939972937107086182e-02 9.817541837692260742e-01 6.612380027770996094e+00 -2.180619351565837860e-02 9.975420236587524414e-01 -6.658352166414260864e-02 -6.532406806945800781e-01 -9.839570522308349609e-01 -9.620368480682373047e-03 1.781205385923385620e-01 5.590253829956054688e+01
1.394346654415130615e-01 7.225286960601806641e-02 9.875926375389099121e-01 7.126385211944580078e+00 -1.775360293686389923e-02 9.973559379577636719e-01 -7.046075165271759033e-02 -6.821301579475402832e-01 -9.900676012039184570e-01 -7.708793506026268005e-03 1.403492242097854614e-01 5.593763351440429688e+01
1.074820384383201599e-01 7.204212248325347900e-02 9.915944337844848633e-01 7.658638954162597656e+00 -8.852835744619369507e-03 9.974003434181213379e-01 -7.150453329086303711e-02 -7.242883443832397461e-01 -9.941630363464355469e-01 -1.093129394575953484e-03 1.078409478068351746e-01 5.595386123657226562e+01
7.852181792259216309e-02 7.027380168437957764e-02 9.944334030151367188e-01 8.209589958190917969e+00 -2.181916031986474991e-03 9.975215196609497070e-01 -7.031992077827453613e-02 -7.737846374511718750e-01 -9.969054460525512695e-01 3.351779188960790634e-03 7.848187536001205444e-02 5.597108459472656250e+01
5.379960313439369202e-02 6.807412952184677124e-02 9.962295293807983398e-01 8.774953842163085938e+00 4.677954129874706268e-03 9.976447820663452148e-01 -6.842366605997085571e-02 -8.137503862380981445e-01 -9.985361695289611816e-01 8.341364562511444092e-03 5.335595458745956421e-02 5.597724533081054688e+01
3.425275161862373352e-02 6.829693168401718140e-02 9.970778226852416992e-01 9.351671218872070312e+00 1.011661440134048462e-02 9.975868463516235352e-01 -6.867952644824981689e-02 -8.573787212371826172e-01 -9.993573427200317383e-01 1.243936084210872650e-02 3.348116204142570496e-02 5.598297119140625000e+01
1.874658279120922089e-02 7.007917761802673340e-02 9.973661303520202637e-01 9.933255195617675781e+00 1.331628579646348953e-02 9.974339604377746582e-01 -7.033441215753555298e-02 -9.020612239837646484e-01 -9.997308850288391113e-01 1.459955982863903046e-02 1.776704750955104828e-02 5.598155593872070312e+01
5.284466780722141266e-03 6.962221115827560425e-02 9.975604414939880371e-01 1.053767967224121094e+01 1.391943544149398804e-02 9.974708557128906250e-01 -6.968990713357925415e-02 -9.473736882209777832e-01 -9.998844861984252930e-01 1.425358653068542480e-02 4.303943831473588943e-03 5.597957229614257812e+01
-6.190053652971982956e-03 7.029771059751510620e-02 9.975078105926513672e-01 1.113755035400390625e+01 1.431476790457963943e-02 9.974293112754821777e-01 -7.020355761051177979e-02 -9.965386390686035156e-01 -9.998737573623657227e-01 1.384434662759304047e-02 -7.177965715527534485e-03 5.597874069213867188e+01
-1.479840092360973358e-02 7.371517270803451538e-02 9.971703886985778809e-01 1.175501918792724609e+01 1.910705305635929108e-02 9.971168041229248047e-01 -7.342784106731414795e-02 -1.055253744125366211e+00 -9.997033476829528809e-01 1.796620525419712067e-02 -1.616147160530090332e-02 5.596277999877929688e+01
-2.122240699827671051e-02 7.564827054738998413e-02 9.969094991683959961e-01 1.238276958465576172e+01 2.370387129485607147e-02 9.968903660774230957e-01 -7.514239102602005005e-02 -1.117193698883056641e+00 -9.994891285896301270e-01 2.203577943146228790e-02 -2.294654771685600281e-02 5.592927932739257812e+01
-2.590884082019329071e-02 7.474969327449798584e-02 9.968665242195129395e-01 1.302028083801269531e+01 2.392123267054557800e-02 9.969605803489685059e-01 -7.413519918918609619e-02 -1.167976737022399902e+00 -9.993734359741210938e-01 2.192534692585468292e-02 -2.761546149849891663e-02 5.590278625488281250e+01
-2.969885990023612976e-02 7.235380262136459351e-02 9.969376325607299805e-01 1.367309188842773438e+01 2.153551205992698669e-02 9.971908330917358398e-01 -7.173081487417221069e-02 -1.217523932456970215e+00 -9.993221759796142578e-01 1.933908276259899139e-02 -3.117095492780208588e-02 5.588304519653320312e+01
-3.224617242813110352e-02 6.482055783271789551e-02 9.973767399787902832e-01 1.433358192443847656e+01 1.930001191794872284e-02 9.977483153343200684e-01 -6.422092765569686890e-02 -1.269537925720214844e+00 -9.992888569831848145e-01 1.717833615839481354e-02 -3.342265635728836060e-02 5.585825729370117188e+01
-3.357962146401405334e-02 5.896575003862380981e-02 9.976960420608520508e-01 1.501322364807128906e+01 2.069200016558170319e-02 9.980843663215637207e-01 -5.829247459769248962e-02 -1.317428946495056152e+00 -9.992170929908752441e-01 1.868670992553234100e-02 -3.473355621099472046e-02 5.582122802734375000e+01
-3.403666988015174866e-02 5.685170739889144897e-02 9.978031516075134277e-01 1.569799232482910156e+01 2.332190982997417450e-02 9.981534481048583984e-01 -5.607632920145988464e-02 -1.366117238998413086e+00 -9.991436004638671875e-01 2.136181481182575226e-02 -3.529810160398483276e-02 5.577874755859375000e+01
-3.372376784682273865e-02 5.922089889645576477e-02 9.976758360862731934e-01 1.638719367980957031e+01 2.647751756012439728e-02 9.979448318481445312e-01 -5.834208801388740540e-02 -1.417061328887939453e+00 -9.990755319595336914e-01 2.444824017584323883e-02 -3.522083535790443420e-02 5.574048614501953125e+01
-3.305882960557937622e-02 6.730531156063079834e-02 9.971853494644165039e-01 1.708253288269042969e+01 2.770654857158660889e-02 9.974074959754943848e-01 -6.640201807022094727e-02 -1.462354421615600586e+00 -9.990643262863159180e-01 2.543318644165992737e-02 -3.483612835407257080e-02 5.570292663574218750e+01
-3.087245859205722809e-02 7.512684911489486694e-02 9.966967105865478516e-01 1.778473091125488281e+01 2.832329645752906799e-02 9.968357682228088379e-01 -7.426027208566665649e-02 -1.502437353134155273e+00 -9.991170167922973633e-01 2.593696303665637970e-02 -3.290070593357086182e-02 5.567184829711914062e+01
-2.869240567088127136e-02 7.658910006284713745e-02 9.966505169868469238e-01 1.850469398498535156e+01 2.970432490110397339e-02 9.966844916343688965e-01 -7.573678344488143921e-02 -1.545746684074401855e+00 -9.991419315338134766e-01 2.743158861994743347e-02 -3.087033890187740326e-02 5.564275360107421875e+01
-2.666041441261768341e-02 7.158417254686355591e-02 9.970789551734924316e-01 1.924156379699707031e+01 2.859288267791271210e-02 9.970785379409790039e-01 -7.081982493400573730e-02 -1.593908786773681641e+00 -9.992305636405944824e-01 2.662109956145286560e-02 -2.862739935517311096e-02 5.561478424072265625e+01
-2.419581450521945953e-02 6.403549760580062866e-02 9.976550936698913574e-01 1.997825241088867188e+01 2.815723419189453125e-02 9.975934624671936035e-01 -6.334887444972991943e-02 -1.647724986076354980e+00 -9.993056654930114746e-01 2.655824832618236542e-02 -2.593857236206531525e-02 5.559002685546875000e+01
-2.154962532222270966e-02 6.329707056283950806e-02 9.977628588676452637e-01 2.071282196044921875e+01 2.585576102137565613e-02 9.976946115493774414e-01 -6.273452937602996826e-02 -1.696725845336914062e+00 -9.994283914566040039e-01 2.444582618772983551e-02 -2.313447557389736176e-02 5.556879806518554688e+01
-1.813114993274211884e-02 6.898444145917892456e-02 9.974537491798400879e-01 2.143851280212402344e+01 3.389738500118255615e-02 9.970852136611938477e-01 -6.834299862384796143e-02 -1.741687059402465820e+00 -9.992558360099792480e-01 3.257172554731369019e-02 -2.041473798453807831e-02 5.553664016723632812e+01
-1.465564779937267303e-02 7.434468716382980347e-02 9.971258044242858887e-01 2.216715240478515625e+01 3.594037517905235291e-02 9.966261386871337891e-01 -7.377941161394119263e-02 -1.787933111190795898e+00 -9.992413520812988281e-01 3.475557267665863037e-02 -1.727620325982570648e-02 5.550986480712890625e+01
-1.252182573080062866e-02 7.473481446504592896e-02 9.971256852149963379e-01 2.290333557128906250e+01 2.917556650936603546e-02 9.968051910400390625e-01 -7.434461265802383423e-02 -1.839077353477478027e+00 -9.994907975196838379e-01 2.816061675548553467e-02 -1.466042455285787582e-02 5.550513076782226562e+01
-9.302525781095027924e-03 7.218499481678009033e-02 9.973487257957458496e-01 2.363217544555664062e+01 2.558213844895362854e-02 9.970811009407043457e-01 -7.192723453044891357e-02 -1.895776391029357910e+00 -9.996243715286254883e-01 2.484503574669361115e-02 -1.112051308155059814e-02 5.550139999389648438e+01
-4.586447030305862427e-03 6.657882779836654663e-02 9.977713227272033691e-01 2.437332534790039062e+01 2.924905344843864441e-02 9.973625540733337402e-01 -6.641732156276702881e-02 -1.955802440643310547e+00 -9.995566010475158691e-01 2.887903153896331787e-02 -6.520447321236133575e-03 5.548430252075195312e+01
-1.251697889529168606e-03 6.911431252956390381e-02 9.976086616516113281e-01 2.511165809631347656e+01 3.420444950461387634e-02 9.970273971557617188e-01 -6.903133541345596313e-02 -2.008472681045532227e+00 -9.994089007377624512e-01 3.403601050376892090e-02 -3.610802348703145981e-03 5.546338653564453125e+01
1.859745709225535393e-03 7.309746742248535156e-02 9.973237514495849609e-01 2.583506584167480469e+01 3.365644812583923340e-02 9.967546463012695312e-01 -7.311873883008956909e-02 -2.059392452239990234e+00 -9.994265437126159668e-01 3.370214626193046570e-02 -6.052229437045753002e-04 5.546157455444335938e+01
