9.999955892562866211e-01 2.872219076380133629e-03 6.839950219728052616e-04 3.879737807437777519e-03 -2.873711986467242241e-03 9.999933838844299316e-01 2.190301427617669106e-03 -1.849905997514724731e-01 -6.776996888220310211e-04 -2.192257437855005264e-03 9.999973773956298828e-01 8.085135817527770996e-01
9.999832510948181152e-01 5.587658379226922989e-03 1.562737859785556793e-03 7.192398421466350555e-03 -5.592622794210910797e-03 9.999791383743286133e-01 3.190364688634872437e-03 -3.682361841201782227e-01 -1.544879283756017685e-03 -3.199050668627023697e-03 9.999936819076538086e-01 1.630418062210083008e+00
9.999732971191406250e-01 6.921214051544666290e-03 2.355062868446111679e-03 2.045471966266632080e-02 -6.928385701030492783e-03 9.999712109565734863e-01 3.050143830478191376e-03 -5.523195862770080566e-01 -2.333885058760643005e-03 -3.066378878429532051e-03 9.999926090240478516e-01 2.389887332916259766e+00
9.999566078186035156e-01 8.891449309885501862e-03 2.795367967337369919e-03 2.958662807941436768e-02 -8.899772539734840393e-03 9.999558329582214355e-01 2.978513715788722038e-03 -7.343270778656005859e-01 -2.768761012703180313e-03 -3.003262216225266457e-03 9.999917745590209961e-01 3.173915147781372070e+00
9.999524950981140137e-01 9.051769971847534180e-03 3.609112929552793503e-03 3.335121273994445801e-02 -9.062748402357101440e-03 9.999542236328125000e-01 3.036916954442858696e-03 -9.183096885681152344e-01 -3.581458004191517830e-03 -3.069481113925576210e-03 9.999889731407165527e-01 3.898587226867675781e+00
9.999467730522155762e-01 9.344229474663734436e-03 4.393636714667081833e-03 3.816708177328109741e-02 -9.363343007862567902e-03 9.999466538429260254e-01 4.349580034613609314e-03 -1.102394104003906250e+00 -4.352760035544633865e-03 -4.390487447381019592e-03 9.999811649322509766e-01 4.630767345428466797e+00
9.999351501464843750e-01 1.002404093742370605e-02 5.411108024418354034e-03 5.059318244457244873e-02 -1.006297860294580460e-02 9.999232292175292969e-01 7.217335514724254608e-03 -1.285096883773803711e+00 -5.338346119970083237e-03 -7.271276321262121201e-03 9.999595880508422852e-01 5.321596622467041016e+00
9.999264478683471680e-01 9.856342338025569916e-03 7.085165474563837051e-03 5.170819163322448730e-02 -9.936433285474777222e-03 9.998860359191894531e-01 1.135915983468294144e-02 -1.470592737197875977e+00 -6.972397677600383759e-03 -1.142893359065055847e-02 9.999107122421264648e-01 5.969283580780029297e+00
9.999228119850158691e-01 9.036039933562278748e-03 8.544750511646270752e-03 6.247458234429359436e-02 -9.164421819150447845e-03 9.998437762260437012e-01 1.510696019977331161e-02 -1.655745506286621094e+00 -8.406909182667732239e-03 -1.518465485423803329e-02 9.998496770858764648e-01 6.584577083587646484e+00
9.999188780784606934e-01 8.184366859495639801e-03 9.779583662748336792e-03 7.747077941894531250e-02 -8.356397971510887146e-03 9.998086690902709961e-01 1.768149062991142273e-02 -1.839854359626770020e+00 -9.633000940084457397e-03 -1.776247657835483551e-02 9.997962117195129395e-01 7.179432392120361328e+00
9.998993873596191406e-01 8.569440804421901703e-03 1.131732948124408722e-02 9.159598499536514282e-02 -8.771738968789577484e-03 9.998003244400024414e-01 1.794785261154174805e-02 -2.023391246795654297e+00 -1.116127055138349533e-02 -1.804573088884353638e-02 9.997751712799072266e-01 7.763327121734619141e+00
9.998706579208374023e-01 9.739187546074390411e-03 1.281972881406545639e-02 7.806213200092315674e-02 -9.942600503563880920e-03 9.998241066932678223e-01 1.590012386441230774e-02 -2.206948995590209961e+00 -1.266263332217931747e-02 -1.602590456604957581e-02 9.997917413711547852e-01 8.294504165649414062e+00
9.998545646667480469e-01 9.705440141260623932e-03 1.403661817312240601e-02 5.269460752606391907e-02 -9.883631020784378052e-03 9.998705983161926270e-01 1.268159411847591400e-02 -2.394912004470825195e+00 -1.391173247247934341e-02 -1.281893346458673477e-02 9.998214244842529297e-01 8.771048545837402344e+00
9.998392462730407715e-01 8.391628973186016083e-03 1.586178690195083618e-02 4.539940506219863892e-02 -8.573428727686405182e-03 9.998977780342102051e-01 1.142837386578321457e-02 -2.579810142517089844e+00 -1.576426997780799866e-02 -1.156301703304052353e-02 9.998090863227844238e-01 9.219163894653320312e+00
9.998293519020080566e-01 4.730907734483480453e-03 1.786429621279239655e-02 3.629996627569198608e-02 -4.897402599453926086e-03 9.999446272850036621e-01 9.287789463996887207e-03 -2.767952203750610352e+00 -1.781938038766384125e-02 -9.374476037919521332e-03 9.997974634170532227e-01 9.647130966186523438e+00
9.998012781143188477e-01 2.371749375015497208e-03 1.980420574545860291e-02 4.725477844476699829e-02 -2.529936376959085464e-03 9.999647736549377441e-01 7.966293022036552429e-03 -2.953574419021606445e+00 -1.978462748229503632e-02 -8.015564642846584320e-03 9.997723102569580078e-01 1.004720401763916016e+01
9.997322559356689453e-01 6.671023555099964142e-03 2.216804958879947662e-02 4.201540350914001465e-02 -6.814889144152402878e-03 9.999557137489318848e-01 6.420610938221216202e-03 -3.142550706863403320e+00 -2.212425693869590759e-02 -6.570932921022176743e-03 9.997340440750122070e-01 1.043530368804931641e+01
9.996156692504882812e-01 1.130345929414033890e-02 2.532319165766239166e-02 3.769117221236228943e-02 -1.144997309893369675e-02 9.999180436134338379e-01 5.648141726851463318e-03 -3.333268165588378906e+00 -2.525729313492774963e-02 -5.937030073255300522e-03 9.996638894081115723e-01 1.075569343566894531e+01
9.995111227035522461e-01 1.217646989971399307e-02 2.880683168768882751e-02 3.176476433873176575e-02 -1.236974261701107025e-02 9.999015927314758301e-01 6.540989503264427185e-03 -3.523225545883178711e+00 -2.872436679899692535e-02 -6.895177531987428665e-03 9.995640516281127930e-01 1.104825401306152344e+01
9.994556307792663574e-01 8.077442646026611328e-03 3.199665248394012451e-02 5.072260648012161255e-02 -8.312718011438846588e-03 9.999387860298156738e-01 7.226900663226842880e-03 -3.706654787063598633e+00 -3.193635120987892151e-02 -7.489874027669429779e-03 9.994623064994812012e-01 1.132402515411376953e+01
9.993996620178222656e-01 2.921368693932890892e-03 3.452893346548080444e-02 7.039614021778106689e-02 -3.148930380120873451e-03 9.999731183052062988e-01 6.537848152220249176e-03 -3.888841629028320312e+00 -3.450893610715866089e-02 -6.643829401582479477e-03 9.993826150894165039e-01 1.157202529907226562e+01
9.993137717247009277e-01 -6.270580342970788479e-04 3.703920170664787292e-02 9.529696404933929443e-02 3.258716897107660770e-04 9.999664425849914551e-01 8.136911317706108093e-03 -4.071231842041015625e+00 -3.704309463500976562e-02 -8.120258338749408722e-03 9.992809891700744629e-01 1.179524517059326172e+01
9.992104768753051758e-01 -1.028739148750901222e-03 3.971975296735763550e-02 9.028125554323196411e-02 6.523599149659276009e-04 9.999545216560363770e-01 9.487543255090713501e-03 -4.268074989318847656e+00 -3.972773626446723938e-02 -9.454971179366111755e-03 9.991660714149475098e-01 1.189602375030517578e+01
9.991275668144226074e-01 -2.085043233819305897e-04 4.176701605319976807e-02 9.669037908315658569e-02 -1.395788567606359720e-04 9.999650120735168457e-01 8.330726064741611481e-03 -4.457473754882812500e+00 -4.176730290055274963e-02 -8.329907432198524475e-03 9.990930557250976562e-01 1.200800418853759766e+01
9.990297555923461914e-01 6.213526357896625996e-04 4.403971880674362183e-02 1.064885109663009644e-01 -9.165785158984363079e-04 9.999768733978271484e-01 6.683654151856899261e-03 -4.644609928131103516e+00 -4.403457045555114746e-02 -6.718175020068883896e-03 9.990077018737792969e-01 1.210436153411865234e+01
9.989078044891357422e-01 2.813377184793353081e-03 4.664482548832893372e-02 1.123430430889129639e-01 -3.078606678172945976e-03 9.999791383743286133e-01 5.615206900984048843e-03 -4.833708286285400391e+00 -4.662808030843734741e-02 -5.753051955252885818e-03 9.988961219787597656e-01 1.219147109985351562e+01
9.988114237785339355e-01 5.743436980992555618e-03 4.840768501162528992e-02 1.244047582149505615e-01 -6.004886701703071594e-03 9.999678134918212891e-01 5.257232580333948135e-03 -5.021681785583496094e+00 -4.837596416473388672e-02 -5.542240105569362640e-03 9.988141655921936035e-01 1.228097152709960938e+01
9.987374544143676758e-01 7.422851398587226868e-03 4.968709871172904968e-02 1.056002378463745117e-01 -7.627688813954591751e-03 9.999628663063049316e-01 3.934161737561225891e-03 -5.220754623413085938e+00 -4.965607821941375732e-02 -4.308592993766069412e-03 9.987574219703674316e-01 1.229323196411132812e+01
9.986445307731628418e-01 6.635476369410753250e-03 5.162928998470306396e-02 1.073966249823570251e-01 -6.749874446541070938e-03 9.999749064445495605e-01 2.041674684733152390e-03 -5.410552978515625000e+00 -5.161447823047637939e-02 -2.387853572145104408e-03 9.986644983291625977e-01 1.233543109893798828e+01
9.985753893852233887e-01 5.360106006264686584e-03 5.309252068400382996e-02 1.060557141900062561e-01 -5.390643142163753510e-03 9.999852776527404785e-01 4.319162399042397738e-04 -5.599749088287353516e+00 -5.308943614363670349e-02 -7.177900988608598709e-04 9.985897541046142578e-01 1.236695957183837891e+01
9.985216259956359863e-01 4.548467695713043213e-03 5.417032912373542786e-02 1.205438375473022461e-01 -4.516010638326406479e-03 9.999893903732299805e-01 -7.216329686343669891e-04 -5.782794952392578125e+00 -5.417305603623390198e-02 4.757026035804301500e-04 9.985317587852478027e-01 1.242383003234863281e+01
9.984372854232788086e-01 5.270550958812236786e-03 5.563918501138687134e-02 1.175632476806640625e-01 -5.162520799785852432e-03 9.999843239784240723e-01 -2.085243817418813705e-03 -5.973295211791992188e+00 -5.564931407570838928e-02 1.794531475752592087e-03 9.984489679336547852e-01 1.244527053833007812e+01
9.983589649200439453e-01 6.302584428340196609e-03 5.692470446228981018e-02 1.252758502960205078e-01 -6.070501171052455902e-03 9.999722838401794434e-01 -4.249081481248140335e-03 -6.160579204559326172e+00 -5.694992840290069580e-02 3.896454814821481705e-03 9.983695149421691895e-01 1.248071956634521484e+01
9.983131289482116699e-01 6.443190388381481171e-03 5.770626291632652283e-02 1.270334422588348389e-01 -6.078420672565698624e-03 9.999601840972900391e-01 -6.494503933936357498e-03 -6.350320816040039062e+00 -5.774582922458648682e-02 6.132775451987981796e-03 9.983126521110534668e-01 1.250060081481933594e+01
9.982769489288330078e-01 5.676977336406707764e-03 5.840777233242988586e-02 1.425400376319885254e-01 -5.172602366656064987e-03 9.999478459358215332e-01 -8.783048018813133240e-03 -6.534824848175048828e+00 -5.845459550619125366e-02 8.465701714158058167e-03 9.982542395591735840e-01 1.254514026641845703e+01
9.983040690422058105e-01 4.780258052051067352e-03 5.802113562822341919e-02 1.569460183382034302e-01 -4.162036348134279251e-03 9.999330639839172363e-01 -1.077134348452091217e-02 -6.719211101531982422e+00 -5.806875601410865784e-02 1.051159948110580444e-02 9.982573390007019043e-01 1.259011936187744141e+01
9.984241127967834473e-01 4.280176479369401932e-03 5.595732852816581726e-02 1.601827442646026611e-01 -3.612147411331534386e-03 9.999207258224487305e-01 -1.203393377363681793e-02 -6.903916358947753906e+00 -5.600441619753837585e-02 1.181285642087459564e-02 9.983606338500976562e-01 1.262959861755371094e+01
9.985875487327575684e-01 4.443312063813209534e-03 5.294651538133621216e-02 1.504196822643280029e-01 -3.758632577955722809e-03 9.999077320098876953e-01 -1.302417274564504623e-02 -7.091529369354248047e+00 -5.299951881170272827e-02 1.280673034489154816e-02 9.985125064849853516e-01 1.265651035308837891e+01
9.987906813621520996e-01 5.077511072158813477e-03 4.890448227524757385e-02 1.515088975429534912e-01 -4.388269502669572830e-03 9.998892545700073242e-01 -1.419077161699533463e-02 -7.275410652160644531e+00 -4.897113889455795288e-02 1.395906787365674973e-02 9.987028241157531738e-01 1.270288181304931641e+01
9.990503787994384766e-01 5.410243757069110870e-03 4.323012009263038635e-02 1.551811993122100830e-01 -4.750592168420553207e-03 9.998704791069030762e-01 -1.534736156463623047e-02 -7.457599163055419922e+00 -4.330756887793540955e-02 1.512740738689899445e-02 9.989474415779113770e-01 1.275494384765625000e+01
9.993165731430053711e-01 5.333664361387491226e-03 3.657521679997444153e-02 1.567735671997070312e-01 -4.745804239064455032e-03 9.998579621315002441e-01 -1.614081300795078278e-02 -7.639651298522949219e+00 -3.665612637996673584e-02 1.595618948340415955e-02 9.992005825042724609e-01 1.280649566650390625e+01
9.995543956756591797e-01 5.452368408441543579e-03 2.934508770704269409e-02 1.461491286754608154e-01 -4.955575801432132721e-03 9.998431801795959473e-01 -1.697564497590065002e-02 -7.823266029357910156e+00 -2.943304739892482758e-02 1.682273298501968384e-02 9.994252920150756836e-01 1.283660507202148438e+01
9.997591972351074219e-01 5.662526469677686691e-03 2.120069786906242371e-02 1.313745081424713135e-01 -5.280662793666124344e-03 9.998230934143066406e-01 -1.802495494484901428e-02 -8.006750106811523438e+00 -2.129901014268398285e-02 1.790879480540752411e-02 9.996127486228942871e-01 1.286669445037841797e+01
9.999267458915710449e-01 4.573877435177564621e-03 1.119880843907594681e-02 1.281229853630065918e-01 -4.356897436082363129e-03 9.998032450675964355e-01 -1.932404376566410065e-02 -8.187421798706054688e+00 -1.128498651087284088e-02 1.927397586405277252e-02 9.997506141662597656e-01 1.292430400848388672e+01
9.999932646751403809e-01 3.206479130312800407e-03 -1.725845737382769585e-03 1.181032881140708923e-01 -3.242068225517868996e-03 9.997730851173400879e-01 -2.102606371045112610e-02 -8.368879318237304688e+00 1.658049644902348518e-03 2.103167027235031128e-02 9.997773170471191406e-01 1.298660373687744141e+01
9.998426437377929688e-01 2.398221986368298531e-03 -1.757496036589145660e-02 1.134195923805236816e-01 -2.803070703521370888e-03 9.997298717498779297e-01 -2.304685302078723907e-02 -8.547400474548339844e+00 1.751496456563472748e-02 2.309268154203891754e-02 9.995797276496887207e-01 1.307848262786865234e+01
9.993119239807128906e-01 2.905011642724275589e-03 -3.697792068123817444e-02 7.784546911716461182e-02 -3.796787001192569733e-03 9.997025728225708008e-01 -2.406894229352474213e-02 -8.732862472534179688e+00 3.689702600240707397e-02 2.419294416904449463e-02 9.990260004997253418e-01 1.314705181121826172e+01
9.982646703720092773e-01 3.775967750698328018e-03 -5.876569077372550964e-02 4.601122438907623291e-02 -5.179830361157655716e-03 9.997039437294006348e-01 -2.375508099794387817e-02 -8.916110038757324219e+00 5.865861847996711731e-02 2.401836030185222626e-02 9.979889392852783203e-01 1.325183200836181641e+01
9.965950250625610352e-01 4.491979721933603287e-03 -8.232913166284561157e-02 2.379100769758224487e-03 -6.363676860928535461e-03 9.997263550758361816e-01 -2.248597145080566406e-02 -9.098822593688964844e+00 8.220564574003219604e-02 2.293336205184459686e-02 9.963513016700744629e-01 1.336218357086181641e+01
9.940240979194641113e-01 5.520359613001346588e-03 -1.090200990438461304e-01 -3.834920749068260193e-02 -7.841458544135093689e-03 9.997508525848388672e-01 -2.087326161563396454e-02 -9.281436920166015625e+00 1.088777929544448853e-01 2.160346135497093201e-02 9.938203096389770508e-01 1.351464366912841797e+01
9.902740120887756348e-01 6.837609224021434784e-03 -1.389626115560531616e-01 -1.027432084083557129e-01 -9.541580453515052795e-03 9.997771382331848145e-01 -1.880135014653205872e-02 -9.464293479919433594e+00 1.388030946254730225e-01 1.994442008435726166e-02 9.901190996170043945e-01 1.366245365142822266e+01
9.850518107414245605e-01 7.041305303573608398e-03 -1.721142232418060303e-01 -1.784095168113708496e-01 -9.828239679336547852e-03 9.998333454132080078e-01 -1.534553337842226028e-02 -9.647133827209472656e+00 1.719775944948196411e-01 1.680777966976165771e-02 9.849573969841003418e-01 1.384670257568359375e+01
9.779225587844848633e-01 8.129753172397613525e-03 -2.088091373443603516e-01 -2.635488808155059814e-01 -1.074139494448900223e-02 9.998770952224731445e-01 -1.137637440115213394e-02 -9.829133987426757812e+00 2.086911201477050781e-01 1.336820516735315323e-02 9.778901338577270508e-01 1.404914379119873047e+01
9.685782194137573242e-01 9.648291394114494324e-03 -2.485216408967971802e-01 -3.773914873600006104e-01 -1.144351623952388763e-02 9.999172687530517578e-01 -5.779955070465803146e-03 -1.000671005249023438e+01 2.484454363584518433e-01 8.442332968115806580e-03 9.686090946197509766e-01 1.423718452453613281e+01
9.569504261016845703e-01 1.368058566004037857e-02 -2.899287343025207520e-01 -4.912886619567871094e-01 -1.459915656596422195e-02 9.998922944068908691e-01 -1.005598460324108601e-03 -1.018527030944824219e+01 2.898839712142944336e-01 5.195013247430324554e-03 9.570477604866027832e-01 1.446594524383544922e+01
9.431377053260803223e-01 1.732264459133148193e-02 -3.319503068923950195e-01 -6.372958421707153320e-01 -1.715753413736820221e-02 9.998463392257690430e-01 3.428444731980562210e-03 -1.036470890045166016e+01 3.319589495658874512e-01 2.461978932842612267e-03 9.432906508445739746e-01 1.469815349578857422e+01
9.268126487731933594e-01 2.016846463084220886e-02 -3.749819397926330566e-01 -8.037393093109130859e-01 -1.812195219099521637e-02 9.997948408126831055e-01 8.983581326901912689e-03 -1.053983974456787109e+01 3.750864863395690918e-01 -1.530601643025875092e-03 9.269884824752807617e-01 1.491810321807861328e+01
9.078695774078369141e-01 2.365651354193687439e-02 -4.185845851898193359e-01 -9.848120808601379395e-01 -1.826630346477031708e-02 9.996900558471679688e-01 1.688017882406711578e-02 -1.071768856048583984e+01 4.188544750213623047e-01 -7.678812835365533829e-03 9.080208539962768555e-01 1.516902065277099609e+01
8.864285349845886230e-01 2.825926430523395538e-02 -4.620019197463989258e-01 -1.171897053718566895e+00 -1.944840699434280396e-02 9.995262622833251953e-01 2.382528223097324371e-02 -1.089271163940429688e+01 4.624572694301605225e-01 -1.213391497731208801e-02 8.865584731101989746e-01 1.540908622741699219e+01
8.620789051055908203e-01 3.340436518192291260e-02 -5.056718587875366211e-01 -1.393517017364501953e+00 -2.199155278503894806e-02 9.993503689765930176e-01 2.852455526590347290e-02 -1.106347179412841797e+01 5.062962770462036133e-01 -1.346970722079277039e-02 8.622542023658752441e-01 1.559951496124267578e+01
8.346102833747863770e-01 3.694400563836097717e-02 -5.496004819869995117e-01 -1.628278374671936035e+00 -2.304374985396862030e-02 9.992159008979797363e-01 3.217345848679542542e-02 -1.123331546783447266e+01 5.503582358360290527e-01 -1.418698206543922424e-02 8.348075747489929199e-01 1.583723831176757812e+01
8.042208552360534668e-01 4.061582311987876892e-02 -5.929411053657531738e-01 -1.909394264221191406e+00 -2.563420683145523071e-02 9.991036057472229004e-01 3.366821259260177612e-02 -1.139956283569335938e+01 5.937771797180175781e-01 -1.187726203352212906e-02 8.045421838760375977e-01 1.603100967407226562e+01
7.711115479469299316e-01 4.337308928370475769e-02 -6.352210640907287598e-01 -2.183640480041503906e+00 -2.609668113291263580e-02 9.989911317825317383e-01 3.653096035122871399e-02 -1.156137657165527344e+01 6.361648440361022949e-01 -1.159260515123605728e-02 7.714671492576599121e-01 1.625792503356933594e+01
7.346862554550170898e-01 4.707184433937072754e-02 -6.767720580101013184e-01 -2.477419614791870117e+00 -2.705033868551254272e-02 9.988286495208740234e-01 4.010573402047157288e-02 -1.172012710571289062e+01 6.778674721717834473e-01 -1.115869916975498199e-02 7.351006269454956055e-01 1.648135948181152344e+01
6.963123083114624023e-01 4.886636137962341309e-02 -7.160733938217163086e-01 -2.812855005264282227e+00 -2.539197541773319244e-02 9.987316727638244629e-01 4.346399381756782532e-02 -1.187696743011474609e+01 7.172899246215820312e-01 -1.208254043012857437e-02 6.966714859008789062e-01 1.665772819519042969e+01
6.560446619987487793e-01 4.895326122641563416e-02 -7.531325817108154297e-01 -3.168636322021484375e+00 -2.271342836320400238e-02 9.987221956253051758e-01 4.513085260987281799e-02 -1.203627777099609375e+01 7.543806433677673340e-01 -1.250221207737922668e-02 6.563196182250976562e-01 1.689164161682128906e+01
6.138727068901062012e-01 4.823249205946922302e-02 -7.879300117492675781e-01 -3.558519124984741211e+00 -1.781674101948738098e-02 9.987234473228454590e-01 4.725501313805580139e-02 -1.219439506530761719e+01 7.892044782638549805e-01 -1.497082225978374481e-02 6.139496564865112305e-01 1.711348915100097656e+01
5.695868730545043945e-01 4.848081991076469421e-02 -8.204997777938842773e-01 -3.975382566452026367e+00 -1.300339773297309875e-02 9.986651539802551270e-01 4.998103901743888855e-02 -1.234845733642578125e+01 8.218291401863098145e-01 -1.780001819133758545e-02 5.694579482078552246e-01 1.729267120361328125e+01
5.233979821205139160e-01 5.016379058361053467e-02 -8.506102561950683594e-01 -4.410527229309082031e+00 -1.113701239228248596e-02 9.985827207565307617e-01 5.203738808631896973e-02 -1.249953842163085938e+01 8.520163893699645996e-01 -1.776359602808952332e-02 5.232157707214355469e-01 1.749199295043945312e+01
4.744461178779602051e-01 4.980175569653511047e-02 -8.788744211196899414e-01 -4.868513584136962891e+00 -1.007310673594474792e-02 9.986398220062255859e-01 5.115026235580444336e-02 -1.264851856231689453e+01 8.802276849746704102e-01 -1.541564520448446274e-02 4.743032753467559814e-01 1.762523269653320312e+01
4.224056601524353027e-01 4.885755851864814758e-02 -9.050890207290649414e-01 -5.372257232666015625e+00 -4.957946483045816422e-03 9.986555576324462891e-01 5.159400403499603271e-02 -1.279641151428222656e+01 9.063939452171325684e-01 -1.730684563517570496e-02 4.220808148384094238e-01 1.780001640319824219e+01
3.691098988056182861e-01 4.874749481678009033e-02 -9.281064271926879883e-01 -5.887264251708984375e+00 2.486631274223327637e-04 9.986180067062377930e-01 5.254962667822837830e-02 -1.294388294219970703e+01 9.293866753578186035e-01 -1.962787844240665436e-02 3.685880899429321289e-01 1.795789527893066406e+01
3.153253793716430664e-01 4.693097993731498718e-02 -9.478222727775573730e-01 -6.444531440734863281e+00 3.824510611593723297e-03 9.987052083015441895e-01 5.072260275483131409e-02 -1.308799076080322266e+01 9.489768743515014648e-01 -1.961962319910526276e-02 3.147377669811248779e-01 1.804902267456054688e+01
2.621714770793914795e-01 5.207780748605728149e-02 -9.636150598526000977e-01 -7.011139392852783203e+00 4.584447946399450302e-03 9.984641671180725098e-01 5.520809441804885864e-02 -1.323067283630371094e+01 9.650114178657531738e-01 -1.889216341078281403e-02 2.615303099155426025e-01 1.815576362609863281e+01
2.108088284730911255e-01 5.802375823259353638e-02 -9.758036136627197266e-01 -7.603444576263427734e+00 6.999715231359004974e-03 9.981215596199035645e-01 6.086260452866554260e-02 -1.337344264984130859e+01 9.775032997131347656e-01 -1.966140232980251312e-02 2.100067436695098877e-01 1.824186325073242188e+01
1.619791239500045776e-01 5.928468704223632812e-02 -9.850116372108459473e-01 -8.252993583679199219e+00 1.313663925975561142e-02 9.979754686355590820e-01 6.222475692629814148e-02 -1.351325416564941406e+01 9.867077469825744629e-01 -2.301937900483608246e-02 1.608725488185882568e-01 1.828629112243652344e+01
1.173381134867668152e-01 6.123355031013488770e-02 -9.912024140357971191e-01 -8.902789115905761719e+00 1.586540788412094116e-02 9.978539943695068359e-01 6.352235376834869385e-02 -1.365686607360839844e+01 9.929663538932800293e-01 -2.317999303340911865e-02 1.161149442195892334e-01 1.833144378662109375e+01
7.646110653877258301e-02 6.035370379686355591e-02 -9.952442049980163574e-01 -9.593786239624023438e+00 1.560748461633920670e-02 9.979713559150695801e-01 6.171783804893493652e-02 -1.379526805877685547e+01 9.969514608383178711e-01 -2.025287039577960968e-02 7.536423951387405396e-02 1.833355522155761719e+01
4.064282774925231934e-02 5.583344027400016785e-02 -9.976124167442321777e-01 -1.027763271331787109e+01 1.415861118584871292e-02 9.983049631118774414e-01 5.644875764846801758e-02 -1.392496585845947266e+01 9.990745186805725098e-01 -1.641966402530670166e-02 3.978355973958969116e-02 1.832824516296386719e+01
1.125878002494573593e-02 5.491993948817253113e-02 -9.984272122383117676e-01 -1.099243164062500000e+01 1.173769216984510422e-02 9.984143972396850586e-01 5.505121871829032898e-02 -1.405557537078857422e+01 9.998690485954284668e-01 -1.233957521617412567e-02 1.059646997600793839e-02 1.829697227478027344e+01
-1.025790628045797348e-02 5.945621430873870850e-02 -9.981780648231506348e-01 -1.173793315887451172e+01 1.018034573644399643e-02 9.981850385665893555e-01 5.935164913535118103e-02 -1.418805503845214844e+01 9.998968243598937988e-01 -9.553482756018638611e-03 -1.084448490291833878e-02 1.826242065429687500e+01
-2.370668575167655945e-02 6.555614620447158813e-02 -9.975670576095581055e-01 -1.254144287109375000e+01 1.115071121603250504e-02 9.978028535842895508e-01 6.530629843473434448e-02 -1.431625556945800781e+01 9.996581077575683594e-01 -9.575841948390007019e-03 -2.438547462224960327e-02 1.822516250610351562e+01
-3.198914602398872375e-02 6.879712641239166260e-02 -9.971176385879516602e-01 -1.331623268127441406e+01 1.133108884096145630e-02 9.975890517234802246e-01 6.846573948860168457e-02 -1.444618797302246094e+01 9.994252324104309082e-01 -9.108765050768852234e-03 -3.269146755337715149e-02 1.817978477478027344e+01
-3.608182072639465332e-02 6.637985259294509888e-02 -9.971416592597961426e-01 -1.412357234954833984e+01 1.247563678771257401e-02 9.977436661720275879e-01 6.596804410219192505e-02 -1.457497882843017578e+01 9.992722272872924805e-01 -1.006015855818986893e-02 -3.682836145162582397e-02 1.813723564147949219e+01
-3.571923449635505676e-02 6.263281404972076416e-02 -9.973970651626586914e-01 -1.493036270141601562e+01 1.827563717961311340e-02 9.979080557823181152e-01 6.200999766588211060e-02 -1.469894886016845703e+01 9.991960525512695312e-01 -1.601348631083965302e-02 -3.678895905613899231e-02 1.809814453125000000e+01
-3.164527565240859985e-02 6.008286029100418091e-02 -9.976913928985595703e-01 -1.580118179321289062e+01 3.128588572144508362e-02 9.977620244026184082e-01 5.909431725740432739e-02 -1.481184959411621094e+01 9.990106225013732910e-01 -2.934394590556621552e-02 -3.345390409231185913e-02 1.807758331298828125e+01
-2.617882005870342255e-02 6.034058332443237305e-02 -9.978343844413757324e-01 -1.666008186340332031e+01 3.252646699547767639e-02 9.976993203163146973e-01 5.947872251272201538e-02 -1.493472862243652344e+01 9.991291761398315430e-01 -3.089937567710876465e-02 -2.808106690645217896e-02 1.804358291625976562e+01
-2.067817002534866333e-02 5.974134430289268494e-02 -9.979996681213378906e-01 -1.755345916748046875e+01 2.923833951354026794e-02 9.978221654891967773e-01 5.912460386753082275e-02 -1.506398868560791016e+01 9.993598461151123047e-01 -2.795761823654174805e-02 -2.237971313297748566e-02 1.800716972351074219e+01
-1.761608943343162537e-02 5.309271439909934998e-02 -9.984341859817504883e-01 -1.844036102294921875e+01 3.424642235040664673e-02 9.980350732803344727e-01 5.246694386005401611e-02 -1.518986034393310547e+01 9.992594122886657715e-01 -3.326889500021934509e-02 -1.939958147704601288e-02 1.798099899291992188e+01
-1.567138917744159698e-02 4.255994409322738647e-02 -9.989709258079528809e-01 -1.938035011291503906e+01 3.241227567195892334e-02 9.985901117324829102e-01 4.203495383262634277e-02 -1.530597877502441406e+01 9.993529319763183594e-01 -3.172051534056663513e-02 -1.702864654362201691e-02 1.794149780273437500e+01
-1.478148903697729111e-02 3.465257957577705383e-02 -9.992900490760803223e-01 -2.030903053283691406e+01 2.453151904046535492e-02 9.991109371185302734e-01 3.428329527378082275e-02 -1.543651580810546875e+01 9.995909929275512695e-01 -2.400767616927623749e-02 -1.561835967004299164e-02 1.789377593994140625e+01
-1.617223024368286133e-02 3.088545985519886017e-02 -9.993919730186462402e-01 -2.126054000854492188e+01 1.899516955018043518e-02 9.993518590927124023e-01 3.057668730616569519e-02 -1.556623458862304688e+01 9.996900558471679688e-01 -1.848945021629333496e-02 -1.674842089414596558e-02 1.784687423706054688e+01
-1.963679306209087372e-02 3.743838146328926086e-02 -9.991058111190795898e-01 -2.223204040527343750e+01 1.032244227826595306e-02 9.992529153823852539e-01 3.724076598882675171e-02 -1.570538711547851562e+01 9.997550845146179199e-01 -9.582250379025936127e-03 -2.000857330858707428e-02 1.779121208190917969e+01
-2.404673025012016296e-02 4.528802260756492615e-02 -9.986843466758728027e-01 -2.322659873962402344e+01 3.459603991359472275e-03 9.989709854125976562e-01 4.521757736802101135e-02 -1.583917713165283203e+01 9.997060894966125488e-01 -2.368033630773425102e-03 -2.417867444455623627e-02 1.773258209228515625e+01
-2.894477732479572296e-02 5.470487847924232483e-02 -9.980825781822204590e-01 -2.425400543212890625e+01 2.761177020147442818e-03 9.985018372535705566e-01 5.464758723974227905e-02 -1.595486068725585938e+01 9.995784163475036621e-01 -1.174435601569712162e-03 -2.905249409377574921e-02 1.767333221435546875e+01
-3.089881688356399536e-02 6.432142853736877441e-02 -9.974505305290222168e-01 -2.529452896118164062e+01 1.406736904755234718e-03 9.979289770126342773e-01 6.430850178003311157e-02 -1.606608200073242188e+01 9.995228052139282227e-01 5.835862830281257629e-04 -3.092534467577934265e-02 1.761260223388671875e+01
-3.200177103281021118e-02 7.328432053327560425e-02 -9.967973828315734863e-01 -2.634036636352539062e+01 2.672855276614427567e-03 9.973110556602478027e-01 7.323605567216873169e-02 -1.617238044738769531e+01 9.994855523109436035e-01 -3.209305577911436558e-04 -3.211164847016334534e-02 1.755519866943359375e+01
-3.328399732708930969e-02 7.492387294769287109e-02 -9.966334104537963867e-01 -2.737966346740722656e+01 4.587935283780097961e-03 9.971870779991149902e-01 7.481215149164199829e-02 -1.627576828002929688e+01 9.994366765022277832e-01 -2.082763006910681725e-03 -3.353422135114669800e-02 1.749961662292480469e+01
-3.529450297355651855e-02 7.145892828702926636e-02 -9.968186616897583008e-01 -2.842034149169921875e+01 3.126386320218443871e-03 9.974432587623596191e-01 7.139290869235992432e-02 -1.639261436462402344e+01 9.993733167648315430e-01 -5.969839985482394695e-04 -3.542783483862876892e-02 1.743663215637207031e+01
-3.776042908430099487e-02 6.701809167861938477e-02 -9.970366954803466797e-01 -2.953255844116210938e+01 2.963275881484150887e-03 9.977514743804931641e-01 6.695377826690673828e-02 -1.620289421081542969e+01 9.992836713790893555e-01 -4.266133764758706093e-04 -3.787434473633766174e-02 1.738267135620117188e+01
-4.252094030380249023e-02 6.206391379237174988e-02 -9.971656799316406250e-01 -3.065333938598632812e+01 3.274404210969805717e-03 9.980716705322265625e-01 6.198050826787948608e-02 -1.593634414672851562e+01 9.990914463996887207e-01 -6.299825618043541908e-04 -4.264235123991966248e-02 1.732554244995117188e+01
-4.829647764563560486e-02 5.700180307030677795e-02 -9.972048997879028320e-01 -3.173533821105957031e+01 3.288375679403543472e-03 9.983736872673034668e-01 5.690926313400268555e-02 -1.578394222259521484e+01 9.988288283348083496e-01 -5.309937987476587296e-04 -4.840560629963874817e-02 1.725922775268554688e+01
-5.493259429931640625e-02 5.431882664561271667e-02 -9.970111250877380371e-01 -3.284008789062500000e+01 2.588403178378939629e-03 9.985231757164001465e-01 5.425855889916419983e-02 -1.554092121124267578e+01 9.984879493713378906e-01 3.995713486801832914e-04 -5.499234795570373535e-02 1.718701744079589844e+01
-6.139352917671203613e-02 5.761682987213134766e-02 -9.964488744735717773e-01 -3.393640136718750000e+01 2.899872837588191032e-03 9.983382225036621094e-01 5.754734575748443604e-02 -1.538867092132568359e+01 9.981106519699096680e-01 6.431358633562922478e-04 -6.145891547203063965e-02 1.710563659667968750e+01
-6.811264902353286743e-02 6.286404281854629517e-02 -9.956946969032287598e-01 -3.506180953979492188e+01 1.980436500161886215e-03 9.980190992355346680e-01 6.287522614002227783e-02 -1.516174221038818359e+01 9.976769089698791504e-01 2.310366602614521980e-03 -6.810250878334045410e-02 1.701233673095703125e+01
-7.415612041950225830e-02 6.602676957845687866e-02 -9.950580000877380371e-01 -3.617203521728515625e+01 -9.474316611886024475e-04 9.978002905845642090e-01 6.627929955720901489e-02 -1.500021076202392578e+01 9.972474575042724609e-01 5.857445299625396729e-03 -7.393077760934829712e-02 1.691298675537109375e+01
-7.920522987842559814e-02 6.785164773464202881e-02 -9.945459365844726562e-01 -3.729832839965820312e+01 -3.583316691219806671e-03 9.976547360420227051e-01 6.834903359413146973e-02 -1.481235218048095703e+01 9.968532919883728027e-01 8.977056480944156647e-03 -7.877667248249053955e-02 1.681079483032226562e+01
-8.206560462713241577e-02 6.964780390262603760e-02 -9.941897392272949219e-01 -3.840565872192382812e+01 -8.185985498130321503e-03 9.974741935729980469e-01 7.055351883172988892e-02 -1.466221237182617188e+01 9.965948462486267090e-01 1.392813306301832199e-02 -8.128854632377624512e-02 1.670137405395507812e+01
-8.371475338935852051e-02 7.083697617053985596e-02 -9.939682483673095703e-01 -3.952739715576171875e+01 -1.239657308906316757e-02 9.973186254501342773e-01 7.211977988481521606e-02 -1.448917007446289062e+01 9.964140653610229492e-01 1.835898682475090027e-02 -8.261243999004364014e-02 1.658922386169433594e+01
-8.541964739561080933e-02 7.071170210838317871e-02 -9.938319325447082520e-01 -4.062922286987304688e+01 -1.382710132747888565e-02 9.972979426383972168e-01 7.214667648077011108e-02 -1.434627819061279297e+01 9.962506294250488281e-01 1.990425586700439453e-02 -8.421135693788528442e-02 1.648345565795898438e+01
-8.686054497957229614e-02 6.974793970584869385e-02 -9.937751889228820801e-01 -4.172628402709960938e+01 -1.412138063460588455e-02 9.973594546318054199e-01 7.123371213674545288e-02 -1.420934772491455078e+01 9.961217045783996582e-01 2.022057771682739258e-02 -8.564656972885131836e-02 1.637620353698730469e+01
-8.794621378183364868e-02 6.892764568328857422e-02 -9.937368035316467285e-01 -4.282441711425781250e+01 -1.524882670491933823e-02 9.973927736282348633e-01 7.053069770336151123e-02 -1.406396675109863281e+01 9.960099458694458008e-01 2.135594375431537628e-02 -8.666619658470153809e-02 1.626518249511718750e+01
-8.893196284770965576e-02 6.841392815113067627e-02 -9.936846494674682617e-01 -4.392343521118164062e+01 -1.754521392285823822e-02 9.973756670951843262e-01 7.023826241493225098e-02 -1.394379520416259766e+01 9.958845376968383789e-01 2.368056029081344604e-02 -8.749858289957046509e-02 1.615262222290039062e+01
-8.995268493890762329e-02 6.620530784130096436e-02 -9.937422871589660645e-01 -4.502101516723632812e+01 -2.151464298367500305e-02 9.974257946014404297e-01 6.839818507432937622e-02 -1.380484580993652344e+01 9.957150816917419434e-01 2.753234282135963440e-02 -8.829712122678756714e-02 1.601243209838867188e+01
-9.049397706985473633e-02 6.127475202083587646e-02 -9.940093755722045898e-01 -4.612456512451171875e+01 -2.690959535539150238e-02 9.975903034210205078e-01 6.394528597593307495e-02 -1.369976902008056641e+01 9.955348372459411621e-01 3.253478929400444031e-02 -8.862742036581039429e-02 1.587465286254882812e+01
-8.991275727748870850e-02 5.990899354219436646e-02 -9.941453933715820312e-01 -4.723300933837890625e+01 -2.934163436293601990e-02 9.975964426994323730e-01 6.277061253786087036e-02 -1.357688903808593750e+01 9.955188035964965820e-01 3.481347113847732544e-02 -8.793913573026657104e-02 1.573584365844726562e+01
-8.828356117010116577e-02 6.355476379394531250e-02 -9.940649867057800293e-01 -4.834693908691406250e+01 -3.033205680549144745e-02 9.973279833793640137e-01 6.645705550909042358e-02 -1.348081874847412109e+01 9.956348538398742676e-01 3.601884841918945312e-02 -8.612019568681716919e-02 1.561278247833251953e+01
-8.668348193168640137e-02 6.811410188674926758e-02 -9.939036965370178223e-01 -4.944343948364257812e+01 -3.137287124991416931e-02 9.969784617424011230e-01 7.106088101863861084e-02 -1.336906909942626953e+01 9.957433342933654785e-01 3.734116256237030029e-02 -8.428487926721572876e-02 1.545980262756347656e+01
-8.549492806196212769e-02 6.706533581018447876e-02 -9.940780401229858398e-01 -5.055223464965820312e+01 -2.842976152896881104e-02 9.971614480018615723e-01 6.971830874681472778e-02 -1.326721858978271484e+01 9.959344267845153809e-01 3.422168642282485962e-02 -8.334580063819885254e-02 1.533205318450927734e+01
-8.364541083574295044e-02 6.640435755252838135e-02 -9.942797422409057617e-01 -5.167682266235351562e+01 -2.774427458643913269e-02 9.972350597381591797e-01 6.893559545278549194e-02 -1.315869045257568359e+01 9.961107969284057617e-01 3.335143625736236572e-02 -8.157202601432800293e-02 1.519242191314697266e+01
-8.017791807651519775e-02 6.721521914005279541e-02 -9.945108294486999512e-01 -5.279738616943359375e+01 -3.203764185309410095e-02 9.970344305038452148e-01 6.996850669384002686e-02 -1.306502819061279297e+01 9.962670803070068359e-01 3.747145459055900574e-02 -7.778695970773696899e-02 1.505125141143798828e+01
-7.535734772682189941e-02 6.775172054767608643e-02 -9.948513507843017578e-01 -5.392577362060546875e+01 -3.748571500182151794e-02 9.967913031578063965e-01 7.072310149669647217e-02 -1.296287918090820312e+01 9.964532852172851562e-01 4.262197762727737427e-02 -7.257603853940963745e-02 1.489225006103515625e+01
-7.008240371942520142e-02 6.758680194616317749e-02 -9.952479600906372070e-01 -5.503100967407226562e+01 -4.140174761414527893e-02 9.966452121734619141e-01 7.059691846370697021e-02 -1.286464023590087891e+01 9.966831803321838379e-01 4.615236446261405945e-02 -6.704929471015930176e-02 1.474254989624023438e+01
-6.502677500247955322e-02 6.692591309547424316e-02 -9.956358075141906738e-01 -5.614939498901367188e+01 -4.318976029753684998e-02 9.966247081756591797e-01 6.981302797794342041e-02 -1.275200080871582031e+01 9.969499111175537109e-01 4.754074290394783020e-02 -6.191694363951683044e-02 1.457559967041015625e+01
-5.980978906154632568e-02 6.572809815406799316e-02 -9.960427284240722656e-01 -5.727093124389648438e+01 -4.287219420075416565e-02 9.967398643493652344e-01 6.834833323955535889e-02 -1.265621948242187500e+01 9.972903132438659668e-01 4.679017141461372375e-02 -5.679706856608390808e-02 1.444473648071289062e+01
-5.494793877005577087e-02 6.589681655168533325e-02 -9.963117241859436035e-01 -5.840177536010742188e+01 -4.137194529175758362e-02 9.968126416206359863e-01 6.821149587631225586e-02 -1.256374168395996094e+01 9.976332783699035645e-01 4.496717080473899841e-02 -5.204666778445243835e-02 1.432991600036621094e+01
-5.022310093045234680e-02 6.618976593017578125e-02 -9.965416193008422852e-01 -5.953931808471679688e+01 -4.057032242417335510e-02 9.968425631523132324e-01 6.825418025255203247e-02 -1.247048091888427734e+01 9.979151487350463867e-01 4.385768622159957886e-02 -4.737931489944458008e-02 1.421937561035156250e+01
-4.500133544206619263e-02 6.782180815935134888e-02 -9.966813325881958008e-01 -6.067982101440429688e+01 -3.928292542695999146e-02 9.968008399009704590e-01 6.960343569517135620e-02 -1.238487052917480469e+01 9.982157349586486816e-01 4.228453338146209717e-02 -4.219325259327888489e-02 1.413020420074462891e+01
-4.023576900362968445e-02 6.841941922903060913e-02 -9.968442916870117188e-01 -6.182979202270507812e+01 -4.063071683049201965e-02 9.967153668403625488e-01 7.005041092634201050e-02 -1.228364086151123047e+01 9.983652234077453613e-01 4.332076013088226318e-02 -3.732381016016006470e-02 1.403475189208984375e+01
-3.516757860779762268e-02 6.905604153871536255e-02 -9.969921112060546875e-01 -6.296884536743164062e+01 -4.056109860539436340e-02 9.966889023780822754e-01 7.046560943126678467e-02 -1.219174098968505859e+01 9.985595345497131348e-01 4.291691631078720093e-02 -3.225027397274971008e-02 1.395897293090820312e+01
-3.052432462573051453e-02 6.426182389259338379e-02 -9.974655508995056152e-01 -6.410369110107421875e+01 -4.019151628017425537e-02 9.970448017120361328e-01 6.546447426080703735e-02 -1.209714031219482422e+01 9.987272024154663086e-01 4.208761826157569885e-02 -2.785141952335834503e-02 1.388199234008789062e+01
