9.997807741165161133e-01 -1.031351741403341293e-03 2.091209217905998230e-02 2.646744996309280396e-02 1.036978559568524361e-03 9.999994039535522461e-01 -2.582107263151556253e-04 -3.874883055686950684e-02 -2.091181278228759766e-02 2.798409841489046812e-04 9.997812509536743164e-01 1.774998664855957031e+00
9.992632865905761719e-01 -2.659653546288609505e-03 3.828569501638412476e-02 9.201786667108535767e-02 2.694866620004177094e-03 9.999958872795104980e-01 -8.682184852659702301e-04 -8.068463206291198730e-02 -3.828323632478713989e-02 9.707501158118247986e-04 9.992664456367492676e-01 3.702757358551025391e+00
9.984523653984069824e-01 -2.596252597868442535e-03 5.555419996380805969e-02 1.922576278448104858e-01 2.760521136224269867e-03 9.999918937683105469e-01 -2.880484564229846001e-03 -1.259633600711822510e-01 -5.554629117250442505e-02 3.029381390661001205e-03 9.984515309333801270e-01 5.576381683349609375e+00
9.960561990737915039e-01 -4.782929550856351852e-03 8.859607577323913574e-02 3.288063406944274902e-01 5.274131894111633301e-03 9.999718070030212402e-01 -5.311120301485061646e-03 -1.666782498359680176e-01 -8.856819570064544678e-02 5.757436621934175491e-03 9.960533976554870605e-01 7.215203285217285156e+00
9.924387931823730469e-01 -4.415492527186870575e-03 1.226608604192733765e-01 5.444795489311218262e-01 5.340588279068470001e-03 9.999594688415527344e-01 -7.214204873889684677e-03 -2.097295075654983521e-01 -1.226240620017051697e-01 7.814734242856502533e-03 9.924222826957702637e-01 9.073221206665039062e+00
9.884405732154846191e-01 -6.130629219114780426e-03 1.514845341444015503e-01 7.494300603866577148e-01 7.365063298493623734e-03 9.999437928199768066e-01 -7.589220535010099411e-03 -2.530126273632049561e-01 -1.514295339584350586e-01 8.617182262241840363e-03 9.884303212165832520e-01 1.039262580871582031e+01
9.875081777572631836e-01 -7.107731886208057404e-03 1.574072688817977905e-01 9.533364772796630859e-01 8.595896884799003601e-03 9.999241828918457031e-01 -8.775563910603523254e-03 -2.911800742149353027e-01 -1.573330163955688477e-01 1.001898851245641708e-02 9.874946475028991699e-01 1.165601158142089844e+01
9.872385263442993164e-01 -8.317032828927040100e-03 1.590308994054794312e-01 1.099105596542358398e+00 9.972926229238510132e-03 9.999036788940429688e-01 -9.617296978831291199e-03 -3.305500447750091553e-01 -1.589356511831283569e-01 1.108055002987384796e-02 9.872266054153442383e-01 1.252880001068115234e+01
9.830220341682434082e-01 -9.447112679481506348e-03 1.832439452409744263e-01 1.288462519645690918e+00 1.108025386929512024e-02 9.999071359634399414e-01 -7.890673354268074036e-03 -3.618080615997314453e-01 -1.831524372100830078e-01 9.787072427570819855e-03 9.830356836318969727e-01 1.345767211914062500e+01
9.769849777221679688e-01 -1.195998955518007278e-02 2.129723727703094482e-01 1.503305196762084961e+00 1.357825100421905518e-02 9.998885989189147949e-01 -6.137453019618988037e-03 -3.947986364364624023e-01 -2.128753066062927246e-01 8.887963369488716125e-03 9.770388007164001465e-01 1.438482284545898438e+01
9.728052020072937012e-01 -1.317204535007476807e-02 2.312498241662979126e-01 1.629000186920166016e+00 1.463975012302398682e-02 9.998817443847656250e-01 -4.632020369172096252e-03 -4.212829470634460449e-01 -2.311615347862243652e-01 7.891462184488773346e-03 9.728832244873046875e-01 1.486384391784667969e+01
9.637029170989990234e-01 -1.059317588806152344e-02 2.667663097381591797e-01 1.874659657478332520e+00 1.212662924081087112e-02 9.999176263809204102e-01 -4.101647529751062393e-03 -4.487246274948120117e-01 -2.667009830474853516e-01 7.187713403254747391e-03 9.637523293495178223e-01 1.567108917236328125e+01
9.505212306976318359e-01 -1.427621208131313324e-02 3.103308081626892090e-01 2.374900341033935547e+00 1.487341430038213730e-02 9.998887777328491211e-01 4.418175667524337769e-04 -4.819681048393249512e-01 -3.103027045726776123e-01 4.195692017674446106e-03 9.506282806396484375e-01 1.722368049621582031e+01
9.413244724273681641e-01 -1.659119129180908203e-02 3.370944261550903320e-01 2.814821243286132812e+00 1.736963167786598206e-02 9.998483657836914062e-01 7.066139951348304749e-04 -5.081701278686523438e-01 -3.370551466941833496e-01 5.190021358430385590e-03 9.414702653884887695e-01 1.844758224487304688e+01
9.310237765312194824e-01 -1.668400876224040985e-02 3.645764589309692383e-01 2.978552341461181641e+00 1.742773316800594330e-02 9.998468160629272461e-01 1.250220928341150284e-03 -5.330414772033691406e-01 -3.645415902137756348e-01 5.189723335206508636e-03 9.311723113059997559e-01 1.876979255676269531e+01
9.182763695716857910e-01 -1.836290024220943451e-02 3.955134451389312744e-01 3.228018283843994141e+00 1.851456239819526672e-02 9.998221397399902344e-01 3.433838486671447754e-03 -5.564272403717041016e-01 -3.955063223838806152e-01 4.169515334069728851e-03 9.184533953666687012e-01 1.929794692993164062e+01
8.953355550765991211e-01 -1.846153475344181061e-02 4.450088441371917725e-01 3.572162628173828125e+00 1.771709509193897247e-02 9.998254179954528809e-01 5.832578986883163452e-03 -5.687238574028015137e-01 -4.450390636920928955e-01 2.662117592990398407e-03 8.955067396163940430e-01 1.991936874389648438e+01
8.587656617164611816e-01 -1.704409345984458923e-02 5.120843052864074707e-01 4.089201450347900391e+00 1.667237468063831329e-02 9.998461604118347168e-01 5.319027230143547058e-03 -5.726708173751831055e-01 -5.120965242385864258e-01 3.969834186136722565e-03 8.589181900024414062e-01 2.072035789489746094e+01
8.261295557022094727e-01 -1.746769808232784271e-02 5.632086396217346191e-01 4.652451992034912109e+00 1.572400890290737152e-02 9.998440742492675781e-01 7.945341989398002625e-03 -5.801624655723571777e-01 -5.632600188255310059e-01 2.291986718773841858e-03 8.262758851051330566e-01 2.148901939392089844e+01
8.012593984603881836e-01 -1.925088092684745789e-02 5.980066657066345215e-01 5.116847991943359375e+00 1.515580434352159500e-02 9.998137950897216797e-01 1.187871675938367844e-02 -5.996361970901489258e-01 -5.981245040893554688e-01 -4.546940326690673828e-04 8.014023900032043457e-01 2.207334518432617188e+01
7.622196674346923828e-01 -2.175103500485420227e-02 6.469521522521972656e-01 5.763575077056884766e+00 1.713727042078971863e-02 9.997621774673461914e-01 1.342214457690715790e-02 -6.052711009979248047e-01 -6.470907926559448242e-01 8.563406299799680710e-04 7.624117136001586914e-01 2.278433990478515625e+01
7.238473892211914062e-01 -2.195709384977817535e-02 6.896098256111145020e-01 6.554518699645996094e+00 1.601454056799411774e-02 9.997580051422119141e-01 1.502252742648124695e-02 -6.123766303062438965e-01 -6.897734403610229492e-01 1.697352272458374500e-04 7.240244150161743164e-01 2.359459495544433594e+01
7.060601711273193359e-01 -2.217433974146842957e-02 7.078037261962890625e-01 7.687458038330078125e+00 1.683916524052619934e-02 9.997518062591552734e-01 1.452289056032896042e-02 -6.169000864028930664e-01 -7.079508304595947266e-01 1.664760173298418522e-03 7.062588930130004883e-01 2.472440338134765625e+01
6.716629266738891602e-01 -2.308928966522216797e-02 7.404960989952087402e-01 8.821640968322753906e+00 1.697792112827301025e-02 9.997304677963256836e-01 1.577268354594707489e-02 -6.264415383338928223e-01 -7.406614422798156738e-01 1.978129148483276367e-03 6.718744635581970215e-01 2.576490020751953125e+01
6.299265623092651367e-01 -2.452551014721393585e-02 7.762664556503295898e-01 1.014119911193847656e+01 1.846035569906234741e-02 9.996907114982604980e-01 1.660414040088653564e-02 -6.298010945320129395e-01 -7.764343619346618652e-01 3.870740300044417381e-03 6.301850080490112305e-01 2.685983467102050781e+01
5.883093476295471191e-01 -2.693136595189571381e-02 8.081864118576049805e-01 1.145677566528320312e+01 2.020109072327613831e-02 9.996216893196105957e-01 1.860544830560684204e-02 -6.363977789878845215e-01 -8.083825707435607910e-01 5.380465183407068253e-03 5.886313915252685547e-01 2.782944679260253906e+01
5.609693527221679688e-01 -2.816209010779857635e-02 8.273563981056213379e-01 1.314567279815673828e+01 2.041375264525413513e-02 9.995867013931274414e-01 2.018349617719650269e-02 -6.321478486061096191e-01 -8.275837898254394531e-01 5.567105486989021301e-03 5.613129138946533203e-01 2.899857711791992188e+01
5.312223434448242188e-01 -2.978381142020225525e-02 8.467077612876892090e-01 1.449941921234130859e+01 2.149723656475543976e-02 9.995328187942504883e-01 2.167225442826747894e-02 -6.256769299507141113e-01 -8.469586372375488281e-01 6.689071189612150192e-03 5.316148996353149414e-01 2.985462951660156250e+01
5.097825527191162109e-01 -3.114876709878444672e-02 8.597381711006164551e-01 1.598040962219238281e+01 2.186332456767559052e-02 9.994894266128540039e-01 2.324812859296798706e-02 -6.259542107582092285e-01 -8.600243926048278809e-01 6.945229135453701019e-03 5.102037191390991211e-01 3.074807167053222656e+01
4.913206696510314941e-01 -2.967665903270244598e-02 8.704720139503479004e-01 1.751458168029785156e+01 2.104604244232177734e-02 9.995308518409729004e-01 2.219756692647933960e-02 -6.138426661491394043e-01 -8.707234263420104980e-01 7.413855753839015961e-03 4.917151331901550293e-01 3.162544250488281250e+01
4.773246049880981445e-01 -3.094516694545745850e-02 8.781809806823730469e-01 1.941020202636718750e+01 2.033071778714656830e-02 9.994999170303344727e-01 2.416963875293731689e-02 -6.088780164718627930e-01 -8.784907460212707520e-01 6.317277904599905014e-03 4.777154028415679932e-01 3.267687606811523438e+01
4.682309031486511230e-01 -3.253366425633430481e-02 8.830060362815856934e-01 2.091704940795898438e+01 2.113502100110054016e-02 9.994472265243530273e-01 2.561657130718231201e-02 -5.966997742652893066e-01 -8.833522796630859375e-01 6.667866837233304977e-03 4.686599671840667725e-01 3.348326110839843750e+01
4.016429185867309570e-01 -3.343912214040756226e-02 9.151846170425415039e-01 2.216139030456542969e+01 1.996648125350475311e-02 9.994140863418579102e-01 2.775408141314983368e-02 -5.823801755905151367e-01 -9.155775308609008789e-01 7.125773467123508453e-03 4.020754694938659668e-01 3.403567886352539062e+01
3.742792606353759766e-01 -3.446428105235099792e-02 9.266742467880249023e-01 2.371710395812988281e+01 1.933369785547256470e-02 9.993806481361389160e-01 2.935951203107833862e-02 -5.721440315246582031e-01 -9.271133542060852051e-01 6.927371956408023834e-03 3.747139275074005127e-01 3.467389297485351562e+01
3.463596105575561523e-01 -3.610621020197868347e-02 9.374055862426757812e-01 2.585084152221679688e+01 2.028347179293632507e-02 9.993124008178710938e-01 3.099616803228855133e-02 -5.464619994163513184e-01 -9.378813505172729492e-01 8.278009481728076935e-03 3.468539416790008545e-01 3.548717880249023438e+01
3.180419802665710449e-01 -3.756649047136306763e-02 9.473308920860290527e-01 2.748848533630371094e+01 2.112512290477752686e-02 9.992460608482360840e-01 3.253294155001640320e-02 -5.275300145149230957e-01 -9.478400945663452148e-01 9.665630757808685303e-03 3.185958862304687500e-01 3.604799652099609375e+01
3.043688535690307617e-01 -3.671608120203018188e-02 9.518452286720275879e-01 2.896186637878417969e+01 2.181858755648136139e-02 9.992620944976806641e-01 3.156821429729461670e-02 -5.047068595886230469e-01 -9.523032307624816895e-01 1.115952990949153900e-02 3.049454391002655029e-01 3.651765060424804688e+01
3.025144338607788086e-01 -3.865976631641387939e-02 9.523593783378601074e-01 3.050913619995117188e+01 2.266658097505569458e-02 9.991849660873413086e-01 3.336057066917419434e-02 -4.744442701339721680e-01 -9.528741836547851562e-01 1.149464491754770279e-02 3.031442463397979736e-01 3.700518417358398438e+01
2.720835506916046143e-01 -3.935096412897109985e-02 9.614676237106323242e-01 3.190611648559570312e+01 2.157301083207130432e-02 9.991604089736938477e-01 3.478872403502464294e-02 -4.487027823925018311e-01 -9.620307087898254395e-01 1.127627771347761154e-02 2.727040946483612061e-01 3.739826202392578125e+01
2.436473220586776733e-01 -3.995843231678009033e-02 9.690393209457397461e-01 3.333353424072265625e+01 2.262180484831333160e-02 9.991117715835571289e-01 3.551059961318969727e-02 -4.189618229866027832e-01 -9.695989489555358887e-01 1.326932385563850403e-02 2.443348914384841919e-01 3.775746536254882812e+01
2.119883745908737183e-01 -4.291453957557678223e-02 9.763284325599670410e-01 3.527473068237304688e+01 2.374598942697048187e-02 9.989651441574096680e-01 3.875358775258064270e-02 -3.886094689369201660e-01 -9.769825339317321777e-01 1.496854051947593689e-02 2.127880454063415527e-01 3.819983673095703125e+01
1.733429133892059326e-01 -4.540177434682846069e-02 9.838133454322814941e-01 3.714341354370117188e+01 2.376764267683029175e-02 9.988372325897216797e-01 4.190734401345252991e-02 -3.489537239074707031e-01 -9.845735430717468262e-01 1.611855626106262207e-02 1.742203980684280396e-01 3.854844284057617188e+01
1.485660523176193237e-01 -4.718561843037605286e-02 9.877749681472778320e-01 3.933966064453125000e+01 2.346797287464141846e-02 9.987463951110839844e-01 4.417999461293220520e-02 -2.923948168754577637e-01 -9.886228442192077637e-01 1.661740057170391083e-02 1.494870930910110474e-01 3.889326477050781250e+01
1.209615170955657959e-01 -4.491423070430755615e-02 9.916394948959350586e-01 4.155682754516601562e+01 2.097697742283344269e-02 9.988669157028198242e-01 4.268275573849678040e-02 -2.261403799057006836e-01 -9.924343824386596680e-01 1.563859917223453522e-02 1.217665225267410278e-01 3.918887710571289062e+01
8.931969851255416870e-02 -4.359527677297592163e-02 9.950473308563232422e-01 4.379429626464843750e+01 2.056662552058696747e-02 9.989078044891357422e-01 4.191823676228523254e-02 -1.703082472085952759e-01 -9.957894086837768555e-01 1.672061160206794739e-02 9.011861681938171387e-02 3.941626739501953125e+01
6.209308654069900513e-02 -4.126379266381263733e-02 9.972158670425415039e-01 4.600386047363281250e+01 2.212498895823955536e-02 9.989547729492187500e-01 3.995807468891143799e-02 -1.221841275691986084e-01 -9.978238344192504883e-01 1.958224549889564514e-02 6.294097751379013062e-02 3.957716369628906250e+01
4.470513761043548584e-02 -4.127033799886703491e-02 9.981462359428405762e-01 4.799892044067382812e+01 2.223637141287326813e-02 9.989382028579711914e-01 4.030713066458702087e-02 -7.795912027359008789e-02 -9.987514615058898926e-01 2.039319090545177460e-02 4.557518288493156433e-02 3.968159484863281250e+01
1.975324377417564392e-02 -4.160884767770767212e-02 9.989375472068786621e-01 5.006831741333007812e+01 2.119906805455684662e-02 9.989247918128967285e-01 4.118909314274787903e-02 -3.088670223951339722e-02 -9.995788335800170898e-01 2.036290429532527924e-02 2.061384730041027069e-02 3.974136352539062500e+01
-3.445165231823921204e-03 -3.957717865705490112e-02 9.992094635963439941e-01 5.207778167724609375e+01 2.108034119009971619e-02 9.989898800849914551e-01 3.964113816618919373e-02 1.721353828907012939e-02 -9.997705817222595215e-01 2.120022475719451904e-02 -2.607647329568862915e-03 3.974965667724609375e+01
-2.687895111739635468e-02 -3.891338780522346497e-02 9.988799095153808594e-01 5.422537994384765625e+01 2.050300501286983490e-02 9.990086555480957031e-01 3.947009518742561340e-02 6.957586109638214111e-02 -9.994271993637084961e-01 2.154093608260154724e-02 -2.605476230382919312e-02 3.971374130249023438e+01
-4.078655689954757690e-02 -3.975334763526916504e-02 9.983756542205810547e-01 5.603089904785156250e+01 2.043029107153415680e-02 9.989643692970275879e-01 4.061140120029449463e-02 1.090477257966995239e-01 -9.989577531814575195e-01 2.205348759889602661e-02 -3.993246704339981079e-02 3.964791488647460938e+01
-4.026764258742332458e-02 -3.973611816763877869e-02 9.983974099159240723e-01 5.812855148315429688e+01 1.920746825635433197e-02 9.989917278289794922e-01 4.053443297743797302e-02 1.549446731805801392e-01 -9.990030527114868164e-01 2.080889418721199036e-02 -3.946413472294807434e-02 3.956650543212890625e+01
-4.110485315322875977e-02 -4.075169935822486877e-02 9.983223676681518555e-01 6.025629043579101562e+01 1.857985556125640869e-02 9.989621639251708984e-01 4.154281318187713623e-02 2.017488181591033936e-01 -9.989808201789855957e-01 2.025625482201576233e-02 -4.030534252524375916e-02 3.948355484008789062e+01
-4.042766988277435303e-02 -4.016586765646934509e-02 9.983737468719482422e-01 6.233825683593750000e+01 1.910869032144546509e-02 9.989761114120483398e-01 4.096386209130287170e-02 2.504173517227172852e-01 -9.989984631538391113e-01 2.073365077376365662e-02 -3.961906954646110535e-02 3.940373229980468750e+01
-3.955722227692604065e-02 -3.903983533382415771e-02 9.984532594680786133e-01 6.429177856445312500e+01 1.931582763791084290e-02 9.990180730819702148e-01 3.982717171311378479e-02 2.939423918724060059e-01 -9.990292787551879883e-01 2.086135186254978180e-02 -3.876460343599319458e-02 3.932904052734375000e+01
-3.762373700737953186e-02 -3.810648992657661438e-02 9.985640048980712891e-01 6.612854003906250000e+01 1.921951584517955780e-02 9.990584254264831543e-01 3.884949162602424622e-02 3.335693180561065674e-01 -9.991058111190795898e-01 2.065353095531463623e-02 -3.685623034834861755e-02 3.926192092895507812e+01
-3.679667785763740540e-02 -3.769121319055557251e-02 9.986105561256408691e-01 6.818693542480468750e+01 1.857920363545417786e-02 9.990881681442260742e-01 3.839384019374847412e-02 3.723354935646057129e-01 -9.991487264633178711e-01 1.996610872447490692e-02 -3.606315329670906067e-02 3.919258880615234375e+01
-3.873673826456069946e-02 -3.857828304171562195e-02 9.985033273696899414e-01 7.002396392822265625e+01 1.804807968437671661e-02 9.990627169609069824e-01 3.930007293820381165e-02 4.088389873504638672e-01 -9.990851283073425293e-01 1.954336278140544891e-02 -3.800446540117263794e-02 3.912492752075195312e+01
-3.011105582118034363e-02 -3.749218210577964783e-02 9.988420009613037109e-01 7.246906280517578125e+01 2.046441100537776947e-02 9.990620017051696777e-01 3.811737522482872009e-02 4.580874443054199219e-01 -9.993357658386230469e-01 2.158840373158454895e-02 -2.931583672761917114e-02 3.904413986206054688e+01
-3.123451769351959229e-02 -3.728435933589935303e-02 9.988152980804443359e-01 7.480604553222656250e+01 2.151497825980186462e-02 9.990457296371459961e-01 3.796577453613281250e-02 5.045646429061889648e-01 -9.992792010307312012e-01 2.267527207732200623e-02 -3.040282055735588074e-02 3.897564697265625000e+01
-3.378316760063171387e-02 -3.687149658799171448e-02 9.987476468086242676e-01 7.691958618164062500e+01 1.976099610328674316e-02 9.990975260734558105e-01 3.755285590887069702e-02 5.440425872802734375e-01 -9.992325305938720703e-01 2.100484259426593781e-02 -3.302435204386711121e-02 3.890952682495117188e+01
-3.782642260193824768e-02 -3.733264282345771790e-02 9.985855221748352051e-01 7.895774841308593750e+01 2.019765041768550873e-02 9.990674853324890137e-01 3.811576217412948608e-02 5.822114944458007812e-01 -9.990789294242858887e-01 2.161080762743949890e-02 -3.703741356730461121e-02 3.884454345703125000e+01
-3.850173205137252808e-02 -3.375111147761344910e-02 9.986872076988220215e-01 8.107900238037109375e+01 2.187083102762699127e-02 9.991598129272460938e-01 3.461026772856712341e-02 6.178498864173889160e-01 -9.990178942680358887e-01 2.317462489008903503e-02 -3.773149847984313965e-02 3.876267242431640625e+01
-4.170508310198783875e-02 -3.408836573362350464e-02 9.985470771789550781e-01 8.311928558349609375e+01 2.403438091278076172e-02 9.990926384925842285e-01 3.511080145835876465e-02 6.437794566154479980e-01 -9.988396167755126953e-01 2.546370960772037506e-02 -4.084823280572891235e-02 3.868285369873046875e+01
-4.145950451493263245e-02 -3.440197929739952087e-02 9.985466003417968750e-01 8.520132446289062500e+01 2.355116046965122223e-02 9.990941286087036133e-01 3.539855778217315674e-02 6.780734062194824219e-01 -9.988614916801452637e-01 2.498455718159675598e-02 -4.061187058687210083e-02 3.860078048706054688e+01
-3.785148262977600098e-02 -3.439627960324287415e-02 9.986900687217712402e-01 8.722223663330078125e+01 2.482864819467067719e-02 9.990649223327636719e-01 3.535009920597076416e-02 7.058667540550231934e-01 -9.989737868309020996e-01 2.613419853150844574e-02 -3.696219995617866516e-02 3.852245330810546875e+01
-3.183265402913093567e-02 -3.279489278793334961e-02 9.989538192749023438e-01 8.931067657470703125e+01 2.638220414519309998e-02 9.990841746330261230e-01 3.363973647356033325e-02 7.374225854873657227e-01 -9.991437792778015137e-01 2.742547541856765747e-02 -3.093841671943664551e-02 3.845884323120117188e+01
-2.952796965837478638e-02 -3.258446604013442993e-02 9.990314841270446777e-01 9.107481384277343750e+01 2.749279513955116272e-02 9.990623593330383301e-01 3.339794278144836426e-02 7.586903572082519531e-01 -9.991846084594726562e-01 2.845237031579017639e-02 -2.860455587506294250e-02 3.841143798828125000e+01
-2.208164706826210022e-02 -3.259185701608657837e-02 9.992235302925109863e-01 9.265351104736328125e+01 2.799343317747116089e-02 9.990549087524414062e-01 3.320484980940818787e-02 7.761899232864379883e-01 -9.993629455566406250e-01 2.870494313538074493e-02 -2.114851959049701691e-02 3.837897109985351562e+01
-1.831855811178684235e-02 -3.033478930592536926e-02 9.993706941604614258e-01 9.444512939453125000e+01 2.847925759851932526e-02 9.991167187690734863e-01 3.084898367524147034e-02 7.992972135543823242e-01 -9.994252324104309082e-01 2.902645058929920197e-02 -1.743855886161327362e-02 3.834582519531250000e+01
-1.823128201067447662e-02 -2.965049445629119873e-02 9.993930459022521973e-01 9.610989379882812500e+01 2.898913621902465820e-02 9.991231560707092285e-01 3.017122484743595123e-02 8.170456290245056152e-01 -9.994122982025146484e-01 2.952153794467449188e-02 -1.735549792647361755e-02 3.831763458251953125e+01
-2.439736388623714447e-02 -2.830335125327110291e-02 9.993005990982055664e-01 9.794038391113281250e+01 2.895450405776500702e-02 9.991586804389953613e-01 2.900614403188228607e-02 8.381637334823608398e-01 -9.992818236351013184e-01 2.964187413454055786e-02 -2.355707809329032898e-02 3.828306198120117188e+01
-1.725320331752300262e-02 -2.837423607707023621e-02 9.994474053382873535e-01 9.961164093017578125e+01 2.877694740891456604e-02 9.991679787635803223e-01 2.886297553777694702e-02 8.569052815437316895e-01 -9.994357824325561523e-01 2.925897017121315002e-02 -1.642206683754920959e-02 3.825605010986328125e+01
-1.795978285372257233e-02 -2.770321816205978394e-02 9.994537830352783203e-01 1.012556304931640625e+02 2.925161272287368774e-02 9.991725087165832520e-01 2.822097390890121460e-02 8.752389550209045410e-01 -9.994095563888549805e-01 2.974241226911544800e-02 -1.713430695235729218e-02 3.822639846801757812e+01
-1.591832749545574188e-02 -2.819504030048847198e-02 9.994746446609497070e-01 1.028748779296875000e+02 3.001943789422512054e-02 9.991371631622314453e-01 2.866354584693908691e-02 8.912061452865600586e-01 -9.994214177131652832e-01 3.045987710356712341e-02 -1.505794096738100052e-02 3.820397186279296875e+01
-1.320645399391651154e-02 -2.961632981896400452e-02 9.994730949401855469e-01 1.044307632446289062e+02 3.065692447125911713e-02 9.990782737731933594e-01 3.000963851809501648e-02 9.007616639137268066e-01 -9.994415640830993652e-01 3.103704005479812622e-02 -1.228608377277851105e-02 3.818509674072265625e+01
-1.346622407436370850e-02 -2.970121428370475769e-02 9.994671344757080078e-01 1.061006240844726562e+02 3.017518110573291779e-02 9.990904331207275391e-01 3.009663149714469910e-02 9.141204953193664551e-01 -9.994529485702514648e-01 3.056431189179420471e-02 -1.255744043737649918e-02 3.816571426391601562e+01
-1.292983815073966980e-02 -3.013264760375022888e-02 9.994615316390991211e-01 1.079552917480468750e+02 3.006648831069469452e-02 9.990812540054321289e-01 3.051013872027397156e-02 9.360661506652832031e-01 -9.994634389877319336e-01 3.044493123888969421e-02 -1.201162859797477722e-02 3.814501571655273438e+01
-7.563912775367498398e-03 -3.004827536642551422e-02 9.995191097259521484e-01 1.095697174072265625e+02 3.183116018772125244e-02 9.990337491035461426e-01 3.027455508708953857e-02 9.512068033218383789e-01 -9.994637966156005859e-01 3.204499185085296631e-02 -6.599782500416040421e-03 3.813643264770507812e+01
-4.537605680525302887e-03 -3.015054017305374146e-02 9.995343685150146484e-01 1.112683029174804688e+02 3.199649602174758911e-02 9.990283250808715820e-01 3.028051927685737610e-02 9.720234274864196777e-01 -9.994767904281616211e-01 3.211914002895355225e-02 -3.568132407963275909e-03 3.813196563720703125e+01
-3.299625590443611145e-03 -2.943007834255695343e-02 9.995607137680053711e-01 1.132330474853515625e+02 3.320068493485450745e-02 9.990116357803344727e-01 2.952351979911327362e-02 9.902273416519165039e-01 -9.994423389434814453e-01 3.328365087509155273e-02 -2.318901475518941879e-03 3.813162612915039062e+01
-9.781243279576301575e-04 -2.912841178476810455e-02 9.995745420455932617e-01 1.153180999755859375e+02 3.373428434133529663e-02 9.990049004554748535e-01 2.914484404027462006e-02 1.012660264968872070e+00 -9.994294643402099609e-01 3.374855965375900269e-02 5.842186510562896729e-06 3.813104248046875000e+01
-3.313458524644374847e-03 -2.930426783859729767e-02 9.995644092559814453e-01 1.172728576660156250e+02 3.493722155690193176e-02 9.989559650421142578e-01 2.940225787460803986e-02 1.030554890632629395e+00 -9.993830919265747070e-01 3.501953929662704468e-02 -2.285825321450829506e-03 3.812939453125000000e+01
-1.070952042937278748e-03 -3.069043345749378204e-02 9.995277523994445801e-01 1.189055938720703125e+02 3.390075638890266418e-02 9.989523887634277344e-01 3.070908971130847931e-02 1.050947666168212891e+00 -9.994237422943115234e-01 3.391775861382484436e-02 -2.902839332818984985e-05 3.812983703613281250e+01
-2.117398194968700409e-03 -3.211122751235961914e-02 9.994814991950988770e-01 1.208467025756835938e+02 3.482893109321594238e-02 9.988746643066406250e-01 3.216550126671791077e-02 1.068166017532348633e+00 -9.993901848793029785e-01 3.487908095121383667e-02 -9.962619515135884285e-04 3.813124084472656250e+01
-1.036243978887796402e-03 -3.088461421430110931e-02 9.995217919349670410e-01 1.226627197265625000e+02 3.467769920825958252e-02 9.989197850227355957e-01 3.090195171535015106e-02 1.095533013343811035e+00 -9.993971586227416992e-01 3.469326719641685486e-02 3.624078817665576935e-05 3.812794494628906250e+01
-3.469603252597153187e-04 -3.042504191398620605e-02 9.995366930961608887e-01 1.244873657226562500e+02 3.475330397486686707e-02 9.989320635795593262e-01 3.041873872280120850e-02 1.121076464653015137e+00 -9.993952512741088867e-01 3.474755212664604187e-02 7.111655431799590588e-04 3.812945175170898438e+01
3.259267192333936691e-03 -2.978395856916904449e-02 9.995507001876831055e-01 1.263818206787109375e+02 3.648354485630989075e-02 9.988935589790344238e-01 2.964544110000133514e-02 1.140419721603393555e+00 -9.993282556533813477e-01 3.637033328413963318e-02 4.342670086771249771e-03 3.814050292968750000e+01
1.824707840569317341e-03 -2.872781269252300262e-02 9.995852708816528320e-01 1.284221496582031250e+02 3.698971867561340332e-02 9.989042282104492188e-01 2.864074707031250000e-02 1.161955475807189941e+00 -9.993132352828979492e-01 3.692191466689109802e-02 2.885723486542701721e-03 3.814789199829101562e+01
5.529193673282861710e-03 -2.804092317819595337e-02 9.995911121368408203e-01 1.305266113281250000e+02 3.691102936863899231e-02 9.989303946495056152e-01 2.781824395060539246e-02 1.177790284156799316e+00 -9.993025064468383789e-01 3.674191981554031372e-02 6.558681838214397430e-03 3.816096878051757812e+01
-1.700055785477161407e-03 -2.971402741968631744e-02 9.995566010475158691e-01 1.326114807128906250e+02 3.797965496778488159e-02 9.988344311714172363e-01 2.975719049572944641e-02 1.197266459465026855e+00 -9.992762207984924316e-01 3.801321238279342651e-02 -5.691642872989177704e-04 3.816908645629882812e+01
2.143264049664139748e-03 -2.937409840524196625e-02 9.995657801628112793e-01 1.346150970458984375e+02 3.870192170143127441e-02 9.988211393356323242e-01 2.926927059888839722e-02 1.217024326324462891e+00 -9.992476701736450195e-01 3.862219303846359253e-02 3.277955576777458191e-03 3.817281723022460938e+01
-2.967294538393616676e-03 -2.830320969223976135e-02 9.995945692062377930e-01 1.367703857421875000e+02 3.991667181253433228e-02 9.987984895706176758e-01 2.839919179677963257e-02 1.235461592674255371e+00 -9.991977810859680176e-01 3.998456895351409912e-02 -1.833576010540127754e-03 3.817534255981445312e+01
-4.438767209649085999e-04 -2.801573090255260468e-02 9.996069669723510742e-01 1.389534454345703125e+02 3.956696763634681702e-02 9.988234043121337891e-01 2.801136486232280731e-02 1.260908126831054688e+00 -9.992160201072692871e-01 3.956365585327148438e-02 6.655271863564848900e-04 3.817510986328125000e+01
-1.377065200358629227e-03 -2.939155139029026031e-02 9.995666146278381348e-01 1.411145172119140625e+02 3.952110558748245239e-02 9.987846016883850098e-01 2.942303009331226349e-02 1.277336478233337402e+00 -9.992169737815856934e-01 3.954428434371948242e-02 -2.134212991222739220e-04 3.817948150634765625e+01
-6.290262565016746521e-03 -3.025892749428749084e-02 9.995219111442565918e-01 1.429615631103515625e+02 3.896469995379447937e-02 9.987747073173522949e-01 3.048155456781387329e-02 1.295634388923645020e+00 -9.992199540138244629e-01 3.913758695125579834e-02 -5.103143397718667984e-03 3.816796112060546875e+01
-6.011358462274074554e-03 -3.084591776132583618e-02 9.995058774948120117e-01 1.447491912841796875e+02 3.970539942383766174e-02 9.987280964851379395e-01 3.106097318232059479e-02 1.311022877693176270e+00 -9.991928339004516602e-01 3.987245261669158936e-02 -4.779003560543060303e-03 3.815813446044921875e+01
-7.458091247826814651e-03 -3.178890421986579895e-02 9.994665980339050293e-01 1.465746307373046875e+02 4.113895073533058167e-02 9.986382126808166504e-01 3.206977248191833496e-02 1.329832673072814941e+00 -9.991251826286315918e-01 4.135612398386001587e-02 -6.140230223536491394e-03 3.814801788330078125e+01
-1.272941939532756805e-02 -3.115660697221755981e-02 9.994332194328308105e-01 1.484552307128906250e+02 4.134458675980567932e-02 9.986428022384643555e-01 3.165879473090171814e-02 1.355550765991210938e+00 -9.990633726119995117e-01 4.172408953309059143e-02 -1.142404600977897644e-02 3.813099288940429688e+01
-1.805407926440238953e-02 -3.122649900615215302e-02 9.993489980697631836e-01 1.505697479248046875e+02 4.198699072003364563e-02 9.986062645912170410e-01 3.196206688880920410e-02 1.382704734802246094e+00 -9.989545345306396484e-01 4.253664240241050720e-02 -1.671787165105342865e-02 3.809937286376953125e+01
-6.756952032446861267e-03 -3.320702537894248962e-02 9.994254708290100098e-01 1.521031951904296875e+02 4.094906151294708252e-02 9.986004233360290527e-01 3.345670551061630249e-02 1.400651216506958008e+00 -9.991378784179687500e-01 4.115154966711997986e-02 -5.387756042182445526e-03 3.809037399291992188e+01
1.199043914675712585e-02 -3.361869603395462036e-02 9.993625879287719727e-01 1.536669158935546875e+02 4.277113080024719238e-02 9.985365867614746094e-01 3.307798132300376892e-02 1.416163563728332520e+00 -9.990124106407165527e-01 4.234719648957252502e-02 1.341074891388416290e-02 3.810686111450195312e+01
7.592882495373487473e-03 -3.352569788694381714e-02 9.994087815284729004e-01 1.556431579589843750e+02 4.168653115630149841e-02 9.985789656639099121e-01 3.318140655755996704e-02 1.442079901695251465e+00 -9.991013407707214355e-01 4.140989482402801514e-02 8.979608304798603058e-03 3.812837600708007812e+01
2.083175629377365112e-02 -3.334192186594009399e-02 9.992266297340393066e-01 1.572655944824218750e+02 4.166682437062263489e-02 9.986037015914916992e-01 3.245272487401962280e-02 1.457813262939453125e+00 -9.989138245582580566e-01 4.095850884914398193e-02 2.219187095761299133e-02 3.816355514526367188e+01
1.609264127910137177e-02 -3.344834223389625549e-02 9.993106126785278320e-01 1.594309539794921875e+02 4.229673370718955994e-02 9.985677599906921387e-01 3.274259716272354126e-02 1.485934257507324219e+00 -9.989749193191528320e-01 4.174061864614486694e-02 1.748429611325263977e-02 3.820929336547851562e+01
1.261167414486408234e-02 -3.422844782471656799e-02 9.993342161178588867e-01 1.615260162353515625e+02 4.203521460294723511e-02 9.985479712486267090e-01 3.367128595709800720e-02 1.512977480888366699e+00 -9.990359544754028320e-01 4.158252477645874023e-02 1.403210964053869247e-02 3.824351882934570312e+01
1.273688208311796188e-02 -3.457520529627799988e-02 9.993207454681396484e-01 1.635675048828125000e+02 4.253292083740234375e-02 9.985157847404479980e-01 3.400557488203048706e-02 1.543497323989868164e+00 -9.990134835243225098e-01 4.207090288400650024e-02 1.418834086507558823e-02 3.827510833740234375e+01
1.382786594331264496e-02 -3.579806908965110779e-02 9.992631673812866211e-01 1.656640167236328125e+02 4.352093487977981567e-02 9.984329938888549805e-01 3.516638651490211487e-02 1.576195716857910156e+00 -9.989563822746276855e-01 4.300257191061973572e-02 1.536395773291587830e-02 3.830688858032226562e+01
1.441821269690990448e-02 -3.476922959089279175e-02 9.992911219596862793e-01 1.678580322265625000e+02 4.293770343065261841e-02 9.984945058822631836e-01 3.412229567766189575e-02 1.610706448554992676e+00 -9.989732503890991211e-01 4.241528362035751343e-02 1.588923111557960510e-02 3.833813858032226562e+01
2.009875699877738953e-02 -3.333615511655807495e-02 9.992418289184570312e-01 1.698581085205078125e+02 4.536455497145652771e-02 9.984446167945861816e-01 3.239738941192626953e-02 1.639525651931762695e+00 -9.987677931785583496e-01 4.467902332544326782e-02 2.157958783209323883e-02 3.837992477416992188e+01
2.570204623043537140e-02 -3.373676538467407227e-02 9.990999102592468262e-01 1.720392150878906250e+02 4.664232954382896423e-02 9.983819723129272461e-01 3.251292556524276733e-02 1.666152596473693848e+00 -9.985803365707397461e-01 4.576471075415611267e-02 2.723383530974388123e-02 3.843801879882812500e+01
2.687804400920867920e-02 -3.393915295600891113e-02 9.990621209144592285e-01 1.740267486572265625e+02 4.586066305637359619e-02 9.984126091003417969e-01 3.268356248736381531e-02 1.695262789726257324e+00 -9.985855817794799805e-01 4.493920132517814636e-02 2.839166671037673950e-02 3.849551010131835938e+01
2.753878012299537659e-02 -3.603787347674369812e-02 9.989706277847290039e-01 1.760922851562500000e+02 4.800036922097206116e-02 9.982444047927856445e-01 3.468872606754302979e-02 1.719255328178405762e+00 -9.984670281410217285e-01 4.699569568037986755e-02 2.922006696462631226e-02 3.855731582641601562e+01
2.644094265997409821e-02 -3.600328043103218079e-02 9.990015029907226562e-01 1.782561645507812500e+02 4.881121218204498291e-02 9.982053041458129883e-01 3.468297794461250305e-02 1.749333977699279785e+00 -9.984573721885681152e-01 4.784544184803962708e-02 2.815065532922744751e-02 3.862168502807617188e+01
2.676977962255477905e-02 -3.501958400011062622e-02 9.990277290344238281e-01 1.803898925781250000e+02 4.886672273278236389e-02 9.982368946075439453e-01 3.368273749947547913e-02 1.778551459312438965e+00 -9.984459280967712402e-01 4.791755229234695435e-02 2.843367680907249451e-02 3.868397903442382812e+01
2.769433148205280304e-02 -3.434061631560325623e-02 9.990260601043701172e-01 1.824782714843750000e+02 5.045215785503387451e-02 9.981836676597595215e-01 3.291334956884384155e-02 1.808300256729125977e+00 -9.983417987823486328e-01 4.949153587222099304e-02 2.937638200819492340e-02 3.874685668945312500e+01
3.387020155787467957e-02 -3.369469568133354187e-02 9.988576769828796387e-01 1.845625000000000000e+02 4.973671212792396545e-02 9.982496500015258789e-01 3.198795393109321594e-02 1.840796232223510742e+00 -9.981873035430908203e-01 4.859649389982223511e-02 3.548657521605491638e-02 3.881691360473632812e+01
3.557810559868812561e-02 -3.360977396368980408e-02 9.988011121749877930e-01 1.866800537109375000e+02 5.082263424992561340e-02 9.982016086578369141e-01 3.177952393889427185e-02 1.864898085594177246e+00 -9.980731606483459473e-01 4.963108897209167480e-02 3.722205013036727905e-02 3.889467620849609375e+01
3.708076849579811096e-02 -3.158783540129661560e-02 9.988124966621398926e-01 1.889351654052734375e+02 5.144635960459709167e-02 9.982348680496215820e-01 2.965990640223026276e-02 1.890631914138793945e+00 -9.979864954948425293e-01 5.028546974062919617e-02 3.864019736647605896e-02 3.898442459106445312e+01
3.789193928241729736e-02 -3.279138728976249695e-02 9.987432360649108887e-01 1.910304260253906250e+02 5.162969604134559631e-02 9.981904029846191406e-01 3.081469796597957611e-02 1.913574337959289551e+00 -9.979465603828430176e-01 5.039719492197036743e-02 3.951618447899818420e-02 3.906745910644531250e+01
3.931511193513870239e-02 -3.146421164274215698e-02 9.987308979034423828e-01 1.931208496093750000e+02 5.147695541381835938e-02 9.982402920722961426e-01 2.942263334989547729e-02 1.935359954833984375e+00 -9.978994131088256836e-01 5.025489255785942078e-02 4.086541384458541870e-02 3.915375137329101562e+01
4.136764630675315857e-02 -3.148217499256134033e-02 9.986473917961120605e-01 1.952752685546875000e+02 5.083196237683296204e-02 9.982750415802001953e-01 2.936506271362304688e-02 1.958851099014282227e+00 -9.978494644165039062e-01 4.954846948385238647e-02 4.289639368653297424e-02 3.924768066406250000e+01
3.842268884181976318e-02 -3.165937215089797974e-02 9.987594485282897949e-01 1.974019165039062500e+02 5.019437521696090698e-02 9.982969760894775391e-01 2.971398271620273590e-02 1.977133274078369141e+00 -9.979994297027587891e-01 4.899044707417488098e-02 3.994617983698844910e-02 3.933521270751953125e+01
3.839686512947082520e-02 -3.026137501001358032e-02 9.988037943840026855e-01 1.995546569824218750e+02 4.993002116680145264e-02 9.983505010604858398e-01 2.832845970988273621e-02 2.001808643341064453e+00 -9.980136752128601074e-01 4.878260195255279541e-02 3.984429314732551575e-02 3.942189407348632812e+01
3.866546601057052612e-02 -3.032425977289676666e-02 9.987915754318237305e-01 2.014044952392578125e+02 4.999915882945060730e-02 9.983456730842590332e-01 2.837543375790119171e-02 2.014286279678344727e+00 -9.979999065399169922e-01 4.884163662791252136e-02 4.011749848723411560e-02 3.949663162231445312e+01
4.480102285742759705e-02 -2.855786122381687164e-02 9.985871911048889160e-01 2.030884246826171875e+02 4.954588413238525391e-02 9.984242916107177734e-01 2.633064985275268555e-02 2.034498691558837891e+00 -9.977659583091735840e-01 4.829631000757217407e-02 4.614516720175743103e-02 3.957046127319335938e+01
4.239689558744430542e-02 -2.945749647915363312e-02 9.986660480499267578e-01 2.049249572753906250e+02 4.911598563194274902e-02 9.984177350997924805e-01 2.736532315611839294e-02 2.049254894256591797e+00 -9.978922605514526367e-01 4.789032042026519775e-02 4.377645999193191528e-02 3.965338897705078125e+01
4.761977866291999817e-02 -2.833357639610767365e-02 9.984630942344665527e-01 2.070512847900390625e+02 4.847312346100807190e-02 9.984850287437438965e-01 2.602266892790794373e-02 2.068213939666748047e+00 -9.976880550384521484e-01 4.715950042009353638e-02 4.892086610198020935e-02 3.975244903564453125e+01
5.415451154112815857e-02 -2.653229236602783203e-02 9.981794953346252441e-01 2.093567962646484375e+02 4.995539039373397827e-02 9.984666705131530762e-01 2.382997423410415649e-02 2.079160928726196289e+00 -9.972814917564392090e-01 4.857403412461280823e-02 5.539672076702117920e-02 3.988021850585937500e+01
5.311952531337738037e-02 -2.516808733344078064e-02 9.982704520225524902e-01 2.114826812744140625e+02 5.032294988632202148e-02 9.984791874885559082e-01 2.249587327241897583e-02 2.092682838439941406e+00 -9.973186850547790527e-01 4.904105141758918762e-02 5.430509522557258606e-02 4.000002670288085938e+01
5.292369425296783447e-02 -2.457594312727451324e-02 9.982957839965820312e-01 2.136128692626953125e+02 5.002183839678764343e-02 9.985071420669555664e-01 2.192963100969791412e-02 2.098140954971313477e+00 -9.973443150520324707e-01 4.877622425556182861e-02 5.407367274165153503e-02 4.011252212524414062e+01
