9.999997615814208984e-01 6.127655506134033203e-04 -2.155962865799665451e-04 -2.644149120897054672e-03 -6.131494883447885513e-04 9.999982118606567383e-01 -1.785101369023323059e-03 -1.894979551434516907e-02 2.145018370356410742e-04 1.785233151167631149e-03 9.999983906745910645e-01 8.979789018630981445e-01
9.999995231628417969e-01 5.977900582365691662e-04 6.970671820454299450e-04 -4.093027673661708832e-03 -5.958325346000492573e-04 9.999958276748657227e-01 -2.804839983582496643e-03 -4.189828783273696899e-02 -6.987412925809621811e-04 2.804423449560999870e-03 9.999958276748657227e-01 1.846417427062988281e+00
9.999979138374328613e-01 1.192433526739478111e-03 1.603654236532747746e-03 -2.669114386662840843e-03 -1.187818241305649281e-03 9.999951124191284180e-01 -2.875660080462694168e-03 -6.255154311656951904e-02 -1.607075799256563187e-03 2.873749472200870514e-03 9.999945759773254395e-01 2.757917881011962891e+00
9.999970197677612305e-01 1.016563270241022110e-03 2.186807803809642792e-03 -2.141707576811313629e-03 -1.009104773402214050e-03 9.999936223030090332e-01 -3.408924443647265434e-03 -8.531916886568069458e-02 -2.190259750932455063e-03 3.406707895919680595e-03 9.999918341636657715e-01 3.787411689758300781e+00
9.999923706054687500e-01 3.387251053936779499e-04 3.877219045534729958e-03 2.895232290029525757e-03 -3.210926952306181192e-04 9.999895691871643066e-01 -4.547232761979103088e-03 -1.089639887213706970e-01 -3.878719639033079147e-03 4.545953590422868729e-03 9.999821782112121582e-01 4.804862022399902344e+00
9.999833703041076660e-01 -3.319341631140559912e-04 5.749243311583995819e-03 7.365484721958637238e-03 3.590988053474575281e-04 9.999887347221374512e-01 -4.724379628896713257e-03 -1.328708529472351074e-01 -5.747611634433269501e-03 4.726366139948368073e-03 9.999723434448242188e-01 5.833983421325683594e+00
9.999808669090270996e-01 -6.407926557585597038e-04 6.138863041996955872e-03 1.157433353364467621e-02 6.739465752616524696e-04 9.999850988388061523e-01 -5.399970337748527527e-03 -1.575976610183715820e-01 -6.135313306003808975e-03 5.404004827141761780e-03 9.999666213989257812e-01 6.861042976379394531e+00
9.999704957008361816e-01 -1.073882216587662697e-03 7.596626412123441696e-03 2.087147161364555359e-02 1.125421957112848759e-03 9.999762773513793945e-01 -6.783356424421072006e-03 -1.811305433511734009e-01 -7.589164189994335175e-03 6.791707128286361694e-03 9.999482035636901855e-01 7.866108894348144531e+00
9.999722242355346680e-01 -8.820487419143319130e-04 7.390708662569522858e-03 2.961119264364242554e-02 9.295655763708055019e-04 9.999788403511047363e-01 -6.428106222301721573e-03 -2.066309005022048950e-01 -7.384884171187877655e-03 6.434799171984195709e-03 9.999521374702453613e-01 8.893183708190917969e+00
9.999682307243347168e-01 -9.593290160410106182e-04 7.909065112471580505e-03 3.378571942448616028e-02 1.014442648738622665e-03 9.999752044677734375e-01 -6.967165507376194000e-03 -2.337035238742828369e-01 -7.902186363935470581e-03 6.974969059228897095e-03 9.999445676803588867e-01 9.807727813720703125e+00
9.999598860740661621e-01 -1.667740289121866226e-03 8.797016926109790802e-03 4.330559447407722473e-02 1.724649337120354176e-03 9.999775886535644531e-01 -6.465362850576639175e-03 -2.607617974281311035e-01 -8.786038495600223541e-03 6.480277515947818756e-03 9.999405145645141602e-01 1.081778240203857422e+01
9.999262690544128418e-01 -3.208825830370187759e-03 1.170919463038444519e-02 5.315646529197692871e-02 3.299637697637081146e-03 9.999645352363586426e-01 -7.744367234408855438e-03 -2.885795235633850098e-01 -1.168393064290285110e-02 7.782435510307550430e-03 9.999015331268310547e-01 1.184495735168457031e+01
9.998903870582580566e-01 -3.284959588199853897e-03 1.443661004304885864e-02 6.608784943819046021e-02 3.406355390325188637e-03 9.999589323997497559e-01 -8.392179384827613831e-03 -3.158470690250396729e-01 -1.440845057368278503e-02 8.440438657999038696e-03 9.998606443405151367e-01 1.286817836761474609e+01
9.998947978019714355e-01 -3.639630042016506195e-03 1.404311042279005051e-02 8.120229095220565796e-02 3.751782700419425964e-03 9.999611377716064453e-01 -7.968059740960597992e-03 -3.412097394466400146e-01 -1.401356514543294907e-02 8.019911125302314758e-03 9.998697042465209961e-01 1.386843585968017578e+01
9.999074339866638184e-01 -2.245520940050482750e-03 1.341931708157062531e-02 9.542879462242126465e-02 2.351576462388038635e-03 9.999660253524780273e-01 -7.892442867159843445e-03 -3.674851059913635254e-01 -1.340113859623670578e-02 7.923272438347339630e-03 9.998788833618164062e-01 1.488630962371826172e+01
9.998461008071899414e-01 -2.883567707613110542e-03 1.730583235621452332e-02 1.117248460650444031e-01 3.049589227885007858e-03 9.999494552612304688e-01 -9.574430063366889954e-03 -3.945533931255340576e-01 -1.727735064923763275e-02 9.625735692679882050e-03 9.998044371604919434e-01 1.588264369964599609e+01
9.998186230659484863e-01 -3.031111788004636765e-03 1.880588568747043610e-02 1.310109794139862061e-01 3.234982257708907127e-03 9.999361634254455566e-01 -1.081959716975688934e-02 -4.252013266086578369e-01 -1.877189055085182190e-02 1.087847538292407990e-02 9.997646212577819824e-01 1.691801452636718750e+01
9.998133182525634766e-01 -3.056825371459126472e-03 1.908170431852340698e-02 1.527302414178848267e-01 3.257895121350884438e-03 9.999393224716186523e-01 -1.051488239318132401e-02 -4.550330638885498047e-01 -1.904840581119060516e-02 1.057508867233991623e-02 9.997626543045043945e-01 1.795091438293457031e+01
9.997967481613159180e-01 -3.880504984408617020e-03 1.978858374059200287e-02 1.700759083032608032e-01 4.103864543139934540e-03 9.999280571937561035e-01 -1.125896256417036057e-02 -4.846960008144378662e-01 -1.974347233772277832e-02 1.133788749575614929e-02 9.997407793998718262e-01 1.894476509094238281e+01
9.997732639312744141e-01 -3.354591783136129379e-03 2.103493176400661469e-02 1.912218928337097168e-01 3.599473275244235992e-03 9.999259710311889648e-01 -1.161439809948205948e-02 -5.150570869445800781e-01 -2.099441736936569214e-02 1.168748270720243454e-02 9.997112751007080078e-01 1.998766326904296875e+01
9.997515082359313965e-01 -3.001700621098279953e-03 2.209532819688320160e-02 2.118319422006607056e-01 3.266832325607538223e-03 9.999228715896606445e-01 -1.197292096912860870e-02 -5.468388795852661133e-01 -2.205768972635269165e-02 1.204213127493858337e-02 9.996841549873352051e-01 2.101227188110351562e+01
9.997248053550720215e-01 -3.586527891457080841e-03 2.318953163921833038e-02 2.334986925125122070e-01 3.889048704877495766e-03 9.999076724052429199e-01 -1.301344390958547592e-02 -5.761406421661376953e-01 -2.314072102308273315e-02 1.310005225241184235e-02 9.996463656425476074e-01 2.192706680297851562e+01
9.997119903564453125e-01 -3.295281436294317245e-03 2.377605065703392029e-02 2.542228996753692627e-01 3.561515593901276588e-03 9.999312162399291992e-01 -1.116371899843215942e-02 -6.057451963424682617e-01 -2.373763173818588257e-02 1.124518830329179764e-02 9.996549487113952637e-01 2.283942413330078125e+01
9.997130036354064941e-01 -3.315835725516080856e-03 2.373237721621990204e-02 2.758883535861968994e-01 3.567181061953306198e-03 9.999378323554992676e-01 -1.055610552430152893e-02 -6.326963901519775391e-01 -2.369590103626251221e-02 1.063773967325687408e-02 9.996625781059265137e-01 2.375849723815917969e+01
9.997254014015197754e-01 -2.406745217740535736e-03 2.331545948982238770e-02 2.952153384685516357e-01 2.659424208104610443e-03 9.999379515647888184e-01 -1.081222482025623322e-02 -6.608326435089111328e-01 -2.328799292445182800e-02 1.087126787751913071e-02 9.996696710586547852e-01 2.466585922241210938e+01
9.997091293334960938e-01 -2.744570840150117874e-03 2.396507188677787781e-02 3.130317926406860352e-01 3.057719906792044640e-03 9.999102950096130371e-01 -1.303979661315679550e-02 -6.897957921028137207e-01 -2.392713353037834167e-02 1.310928817838430405e-02 9.996277689933776855e-01 2.555254364013671875e+01
9.996574521064758301e-01 -2.543581183999776840e-03 2.605041116476058960e-02 3.368617892265319824e-01 2.937518758699297905e-03 9.998817443847656250e-01 -1.509478688240051270e-02 -7.222574353218078613e-01 -2.600893378257751465e-02 1.516614481806755066e-02 9.995466470718383789e-01 2.648143768310546875e+01
9.996253252029418945e-01 -3.092519938945770264e-03 2.719979360699653625e-02 3.621181249618530273e-01 3.551553934812545776e-03 9.998518228530883789e-01 -1.684403605759143829e-02 -7.553901076316833496e-01 -2.714367024600505829e-02 1.693433150649070740e-02 9.994880557060241699e-01 2.742846488952636719e+01
9.996159076690673828e-01 -3.803748870268464088e-03 2.745441161096096039e-02 3.895888030529022217e-01 4.247519653290510178e-03 9.998610019683837891e-01 -1.612350717186927795e-02 -7.888835668563842773e-01 -2.738926373422145844e-02 1.623393408954143524e-02 9.994929432868957520e-01 2.833329963684082031e+01
9.996011257171630859e-01 -3.975480329245328903e-03 2.796522527933120728e-02 4.141498208045959473e-01 4.432853776961565018e-03 9.998570680618286133e-01 -1.631189137697219849e-02 -8.239200711250305176e-01 -2.789637818932533264e-02 1.642935536801815033e-02 9.994757771492004395e-01 2.926963996887207031e+01
9.995391964912414551e-01 -3.410049248486757278e-03 3.016676381230354309e-02 4.411254227161407471e-01 4.001601133495569229e-03 9.998004436492919922e-01 -1.957052387297153473e-02 -8.591443300247192383e-01 -3.009400516748428345e-02 1.968222670257091522e-02 9.993532299995422363e-01 3.021226882934570312e+01
9.995784759521484375e-01 -3.264915198087692261e-03 2.885318174958229065e-02 4.653136730194091797e-01 3.843415062874555588e-03 9.997922182083129883e-01 -2.001683227717876434e-02 -8.949572443962097168e-01 -2.878183126449584961e-02 2.011929452419281006e-02 9.993832111358642578e-01 3.112094688415527344e+01
9.995813965797424316e-01 -2.696756739169359207e-03 2.881172113120555878e-02 4.897759258747100830e-01 3.338006557896733284e-03 9.997472763061523438e-01 -2.223141491413116455e-02 -9.337410330772399902e-01 -2.874448522925376892e-02 2.231828495860099792e-02 9.993376135826110840e-01 3.204835128784179688e+01
9.996316432952880859e-01 -2.244085073471069336e-03 2.705240249633789062e-02 5.143857002258300781e-01 2.839299617335200310e-03 9.997543096542358398e-01 -2.198367752134799957e-02 -9.718655347824096680e-01 -2.699642069637775421e-02 2.205239422619342804e-02 9.993922114372253418e-01 3.295565414428710938e+01
9.996356964111328125e-01 -2.521443413570523262e-03 2.687857858836650848e-02 5.372270941734313965e-01 3.153417957946658134e-03 9.997189640998840332e-01 -2.349550649523735046e-02 -1.010773181915283203e+00 -2.681177854537963867e-02 2.357170730829238892e-02 9.993625283241271973e-01 3.386999511718750000e+01
9.996498823165893555e-01 -3.464178647845983505e-03 2.623803913593292236e-02 5.588938593864440918e-01 4.125001840293407440e-03 9.996745586395263672e-01 -2.517330832779407501e-02 -1.049188256263732910e+00 -2.614229358732700348e-02 2.527272701263427734e-02 9.993386864662170410e-01 3.476392364501953125e+01
9.996461868286132812e-01 -4.190739244222640991e-03 2.627217397093772888e-02 5.810740590095520020e-01 4.829816054552793503e-03 9.996927976608276367e-01 -2.430889010429382324e-02 -1.092510938644409180e+00 -2.616223134100437164e-02 2.442717924714088440e-02 9.993591904640197754e-01 3.568405914306640625e+01
9.996397495269775391e-01 -4.211727529764175415e-03 2.651516348123550415e-02 6.051881313323974609e-01 4.870528355240821838e-03 9.996798038482666016e-01 -2.483056858181953430e-02 -1.133379101753234863e+00 -2.640209719538688660e-02 2.495076507329940796e-02 9.993399381637573242e-01 3.661116027832031250e+01
9.996448159217834473e-01 -4.539137706160545349e-03 2.626798860728740692e-02 6.308780908584594727e-01 5.241429898887872696e-03 9.996290206909179688e-01 -2.672860212624073029e-02 -1.174065947532653809e+00 -2.613692171871662140e-02 2.685679122805595398e-02 9.992974996566772461e-01 3.751885604858398438e+01
9.996861219406127930e-01 -4.421887919306755066e-03 2.466783858835697174e-02 6.527647972106933594e-01 5.120805930346250534e-03 9.995852112770080566e-01 -2.834209799766540527e-02 -1.216331720352172852e+00 -2.453228272497653961e-02 2.845951914787292480e-02 9.992938637733459473e-01 3.842274093627929688e+01
9.997439980506896973e-01 -4.678713157773017883e-03 2.214626222848892212e-02 6.698055267333984375e-01 5.332945380359888077e-03 9.995483756065368652e-01 -2.957491762936115265e-02 -1.255958676338195801e+00 -2.199789136648178101e-02 2.968544885516166687e-02 9.993172287940979004e-01 3.928404998779296875e+01
9.997100234031677246e-01 -4.506690427660942078e-03 2.366553246974945068e-02 6.922168135643005371e-01 5.236973986029624939e-03 9.995091557502746582e-01 -3.088754042983055115e-02 -1.303455948829650879e+00 -2.351472154259681702e-02 3.100251778960227966e-02 9.992426633834838867e-01 4.021329498291015625e+01
9.996953010559082031e-01 -3.960970323532819748e-03 2.437433972954750061e-02 7.158365845680236816e-01 4.717633128166198730e-03 9.995062947273254395e-01 -3.106439672410488129e-02 -1.354321837425231934e+00 -2.423926442861557007e-02 3.116991743445396423e-02 9.992201924324035645e-01 4.121215438842773438e+01
9.996591806411743164e-01 -4.578407853841781616e-03 2.571046352386474609e-02 7.431871891021728516e-01 5.360856652259826660e-03 9.995220303535461426e-01 -3.044687770307064056e-02 -1.402882337570190430e+00 -2.555877901613712311e-02 3.057432919740676880e-02 9.992057085037231445e-01 4.220474624633789062e+01
9.996439218521118164e-01 -4.806766752153635025e-03 2.625644952058792114e-02 7.669205665588378906e-01 5.636426154524087906e-03 9.994842410087585449e-01 -3.161603957414627075e-02 -1.450109124183654785e+00 -2.609094046056270599e-02 3.175276890397071838e-02 9.991552233695983887e-01 4.318405532836914062e+01
9.996455907821655273e-01 -4.419757518917322159e-03 2.626254409551620483e-02 7.915971875190734863e-01 5.253297742456197739e-03 9.994819164276123047e-01 -3.175478056073188782e-02 -1.498529791831970215e+00 -2.610859461128711700e-02 3.188148140907287598e-02 9.991506934165954590e-01 4.415418243408203125e+01
9.996021986007690430e-01 -4.201202187687158585e-03 2.789805643260478973e-02 8.250287175178527832e-01 5.076607223600149155e-03 9.994945526123046875e-01 -3.138219192624092102e-02 -1.561491727828979492e+00 -2.775211818516254425e-02 3.151132538914680481e-02 9.991180896759033203e-01 4.537993240356445312e+01
9.995573163032531738e-01 -5.275913979858160019e-03 2.928983047604560852e-02 8.534216880798339844e-01 6.216682028025388718e-03 9.994646310806274414e-01 -3.212150931358337402e-02 -1.609273791313171387e+00 -2.910468541085720062e-02 3.228936344385147095e-02 9.990547299385070801e-01 4.629711532592773438e+01
9.991934895515441895e-01 -6.294107064604759216e-03 3.966278955340385437e-02 8.925668001174926758e-01 7.560522761195898056e-03 9.994636774063110352e-01 -3.186079487204551697e-02 -1.656581759452819824e+00 -3.944098576903343201e-02 3.213496133685112000e-02 9.987050890922546387e-01 4.723852157592773438e+01
9.987937808036804199e-01 -6.648257840424776077e-03 4.865430295467376709e-02 9.423891305923461914e-01 8.226804435253143311e-03 9.994437694549560547e-01 -3.231601417064666748e-02 -1.703448176383972168e+00 -4.841240122914314270e-02 3.267729282379150391e-02 9.982928633689880371e-01 4.819298934936523438e+01
9.988140463829040527e-01 -6.370276678353548050e-03 4.827259480953216553e-02 9.871283173561096191e-01 7.968452759087085724e-03 9.994239211082458496e-01 -3.298741579055786133e-02 -1.753413200378417969e+00 -4.803465306758880615e-02 3.333294391632080078e-02 9.982894062995910645e-01 4.912037277221679688e+01
9.983256459236145020e-01 -7.406091783195734024e-03 5.737035349011421204e-02 1.048508882522583008e+00 9.252240881323814392e-03 9.994455575942993164e-01 -3.198093920946121216e-02 -1.806492805480957031e+00 -5.710170045495033264e-02 3.245819360017776489e-02 9.978406429290771484e-01 5.014683532714843750e+01
9.974293708801269531e-01 -6.672415416687726974e-03 7.134713232517242432e-02 1.114063978195190430e+00 8.838661946356296539e-03 9.995080232620239258e-01 -3.008960559964179993e-02 -1.849997162818908691e+00 -7.111127674579620361e-02 3.064286336302757263e-02 9.969976544380187988e-01 5.096699905395507812e+01
9.968676567077636719e-01 -5.663745570927858353e-03 7.888593524694442749e-02 1.175264239311218262e+00 8.116384968161582947e-03 9.994923472404479980e-01 -3.080510720610618591e-02 -1.884154796600341797e+00 -7.867143303155899048e-02 3.134887292981147766e-02 9.964076280593872070e-01 5.165331649780273438e+01
9.964104890823364258e-01 -8.305791765451431274e-03 8.424516767263412476e-02 1.240334630012512207e+00 1.084449980407953262e-02 9.994992613792419434e-01 -2.972207590937614441e-02 -1.919478416442871094e+00 -8.395612984895706177e-02 3.052897751331329346e-02 9.960017204284667969e-01 5.237633895874023438e+01
9.949082732200622559e-01 -9.422670118510723114e-03 1.003431677818298340e-01 1.349329113960266113e+00 1.239063404500484467e-02 9.995025992393493652e-01 -2.899612486362457275e-02 -1.974489688873291016e+00 -1.000200510025024414e-01 3.009179234504699707e-02 9.945303797721862793e-01 5.340055084228515625e+01
9.939734935760498047e-01 -1.094625052064657211e-02 1.090724021196365356e-01 1.417248606681823730e+00 1.414453610777854919e-02 9.994909763336181641e-01 -2.859218977391719818e-02 -2.002096652984619141e+00 -1.087039262056350708e-01 2.996265515685081482e-02 9.936226010322570801e-01 5.397903823852539062e+01
9.920703172683715820e-01 -1.059855148196220398e-02 1.252359449863433838e-01 1.543557763099670410e+00 1.423795986920595169e-02 9.995007514953613281e-01 -2.820117212831974030e-02 -2.053915977478027344e+00 -1.248745471239089966e-01 2.976064942777156830e-02 9.917261600494384766e-01 5.497592926025390625e+01
9.904212355613708496e-01 -1.198741048574447632e-02 1.375568658113479614e-01 1.660035967826843262e+00 1.593987084925174713e-02 9.994900226593017578e-01 -2.766778133809566498e-02 -2.091892004013061523e+00 -1.371550709009170532e-01 2.959539555013179779e-02 9.901074171066284180e-01 5.578027725219726562e+01
9.888032078742980957e-01 -1.317300461232662201e-02 1.486415416002273560e-01 1.761505365371704102e+00 1.741974428296089172e-02 9.994753003120422363e-01 -2.730469033122062683e-02 -2.121907949447631836e+00 -1.482038795948028564e-01 2.958826906979084015e-02 9.885141253471374512e-01 5.638180923461914062e+01
9.868394136428833008e-01 -1.456416863948106766e-02 1.610447466373443604e-01 1.890756845474243164e+00 1.922840438783168793e-02 9.994384050369262695e-01 -2.744182199239730835e-02 -2.158075332641601562e+00 -1.605546772480010986e-01 3.017732128500938416e-02 9.865654706954956055e-01 5.714826202392578125e+01
9.856062531471252441e-01 -1.662285439670085907e-02 1.682363748550415039e-01 1.988146185874938965e+00 2.175825461745262146e-02 9.993503689765930176e-01 -2.872752957046031952e-02 -2.187697887420654297e+00 -1.676495969295501709e-01 3.197458386421203613e-02 9.853278994560241699e-01 5.769934844970703125e+01
9.834284186363220215e-01 -1.671766862273216248e-02 1.805231273174285889e-01 2.081383228302001953e+00 2.229105867445468903e-02 9.993339776992797852e-01 -2.888895571231842041e-02 -2.214845180511474609e+00 -1.799200177192687988e-01 3.243429586291313171e-02 9.831462502479553223e-01 5.816695785522460938e+01
9.834734201431274414e-01 -1.680016703903675079e-02 1.802700608968734741e-01 2.189054489135742188e+00 2.231241203844547272e-02 9.993419647216796875e-01 -2.859348431229591370e-02 -2.245047092437744141e+00 -1.796711534261703491e-01 3.214321285486221313e-02 9.832013249397277832e-01 5.875692367553710938e+01
9.831453561782836914e-01 -1.735617034137248993e-02 1.819982081651687622e-01 2.290777921676635742e+00 2.310585416853427887e-02 9.992970228195190430e-01 -2.951920405030250549e-02 -2.277646303176879883e+00 -1.813580095767974854e-01 3.322691842913627625e-02 9.828555583953857422e-01 5.929524993896484375e+01
9.824637770652770996e-01 -1.776908896863460541e-02 1.856030523777008057e-01 2.349072217941284180e+00 2.371722832322120667e-02 9.992720484733581543e-01 -2.987645193934440613e-02 -2.291338682174682617e+00 -1.849371492862701416e-01 3.375454992055892944e-02 9.821704030036926270e-01 5.957843017578125000e+01
9.815801382064819336e-01 -1.549762208014726639e-02 1.904196143150329590e-01 2.411006927490234375e+00 2.256002649664878845e-02 9.991332888603210449e-01 -3.497684001922607422e-02 -2.312313795089721680e+00 -1.897125989198684692e-01 3.862847015261650085e-02 9.810793995857238770e-01 5.987194824218750000e+01
9.804715514183044434e-01 -1.607639715075492859e-02 1.960009783506393433e-01 2.470093250274658203e+00 2.417469210922718048e-02 9.989467263221740723e-01 -3.899532556533813477e-02 -2.332012414932250977e+00 -1.951677054166793823e-01 4.297209903597831726e-02 9.798279404640197754e-01 6.016201400756835938e+01
9.779218435287475586e-01 -1.693119294941425323e-02 2.082820683717727661e-01 2.569591999053955078e+00 2.556853182613849640e-02 9.989178180694580078e-01 -3.884705156087875366e-02 -2.359483242034912109e+00 -2.073990106582641602e-01 4.331487789750099182e-02 9.772969484329223633e-01 6.058609008789062500e+01
9.772621393203735352e-01 -1.708164252340793610e-02 2.113438099622726440e-01 2.710555553436279297e+00 2.642119117081165314e-02 9.987911581993103027e-01 -4.144632071256637573e-02 -2.400722742080688477e+00 -2.103804349899291992e-01 4.608790576457977295e-02 9.765325784683227539e-01 6.123818969726562500e+01
9.765954017639160156e-01 -1.736815460026264191e-02 2.143805325031280518e-01 2.836935520172119141e+00 2.731368690729141235e-02 9.986790418624877930e-01 -4.351698607206344604e-02 -2.439322471618652344e+00 -2.133416235446929932e-01 4.835404455661773682e-02 9.757803082466125488e-01 6.177651977539062500e+01
9.766123294830322266e-01 -1.772167719900608063e-02 2.142745107412338257e-01 3.006449460983276367e+00 2.773405425250530243e-02 9.986546039581298828e-01 -4.381095618009567261e-02 -2.487474203109741211e+00 -2.132098972797393799e-01 4.872905462980270386e-02 9.757904410362243652e-01 6.253916168212890625e+01
9.755065441131591797e-01 -1.705260388553142548e-02 2.193068414926528931e-01 3.158197164535522461e+00 2.764895744621753693e-02 9.985887408256530762e-01 -4.533915221691131592e-02 -2.530750274658203125e+00 -2.182242870330810547e-01 5.029227584600448608e-02 9.746018648147583008e-01 6.319626617431640625e+01
9.750472903251647949e-01 -1.855928823351860046e-02 2.212183624505996704e-01 3.300525188446044922e+00 2.930380031466484070e-02 9.985393881797790527e-01 -4.538682475686073303e-02 -2.572193861007690430e+00 -2.200530022382736206e-01 5.073687061667442322e-02 9.741675853729248047e-01 6.380580139160156250e+01
9.740149378776550293e-01 -1.762385852634906769e-02 2.257955372333526611e-01 3.442011356353759766e+00 2.895168773829936981e-02 9.984771013259887695e-01 -4.695549979805946350e-02 -2.615406036376953125e+00 -2.246242463588714600e-01 5.227254703640937805e-02 9.730424284934997559e-01 6.439487457275390625e+01
9.729602336883544922e-01 -1.829345151782035828e-02 2.302457690238952637e-01 3.585912704467773438e+00 2.994536980986595154e-02 9.984356760978698730e-01 -4.721391573548316956e-02 -2.660956621170043945e+00 -2.290219813585281372e-01 5.283208563923835754e-02 9.719865322113037109e-01 6.499515533447265625e+01
9.719725251197814941e-01 -1.751071587204933167e-02 2.344402521848678589e-01 3.726793527603149414e+00 2.960597723722457886e-02 9.984000325202941895e-01 -4.817209392786026001e-02 -2.702176809310913086e+00 -2.332217246294021606e-01 5.376281589269638062e-02 9.709362983703613281e-01 6.556450653076171875e+01
9.681798219680786133e-01 -1.707948371767997742e-02 2.496708929538726807e-01 3.901094198226928711e+00 3.071855939924716949e-02 9.982343912124633789e-01 -5.083384364843368530e-02 -2.742781400680541992e+00 -2.483619749546051025e-01 5.688586086034774780e-02 9.669955372810363770e-01 6.618865966796875000e+01
9.649749398231506348e-01 -1.590485684573650360e-02 2.618583738803863525e-01 4.066732406616210938e+00 2.984238788485527039e-02 9.983361363410949707e-01 -4.933479800820350647e-02 -2.786985635757446289e+00 -2.606381475925445557e-01 5.542134866118431091e-02 9.638444781303405762e-01 6.674375152587890625e+01
9.606177806854248047e-01 -1.583866216242313385e-02 2.774205803871154785e-01 4.214286327362060547e+00 3.109961748123168945e-02 9.982295632362365723e-01 -5.069626867771148682e-02 -2.818854808807373047e+00 -2.761265635490417480e-01 5.732743442058563232e-02 9.594100713729858398e-01 6.717026519775390625e+01
9.570506811141967773e-01 -1.664277911186218262e-02 2.894417643547058105e-01 4.381212234497070312e+00 3.250376507639884949e-02 9.982160925865173340e-01 -5.007787048816680908e-02 -2.857693910598754883e+00 -2.880920469760894775e-01 5.733503401279449463e-02 9.558847546577453613e-01 6.767378997802734375e+01
9.529376626014709473e-01 -1.776388287544250488e-02 3.026444613933563232e-01 4.574084758758544922e+00 3.467594087123870850e-02 9.981166720390319824e-01 -5.059912055730819702e-02 -2.899701833724975586e+00 -3.011757135391235352e-01 5.871232226490974426e-02 9.517593979835510254e-01 6.824680328369140625e+01
9.483001828193664551e-01 -1.838454045355319977e-02 3.168409168720245361e-01 4.746956348419189453e+00 3.614557161927223206e-02 9.980811476707458496e-01 -5.026987195014953613e-02 -2.934615850448608398e+00 -3.153088390827178955e-01 5.912335589528083801e-02 9.471455216407775879e-01 6.871911621093750000e+01
9.427061676979064941e-01 -1.834933832287788391e-02 3.331181704998016357e-01 4.955112934112548828e+00 3.702039644122123718e-02 9.980732202529907227e-01 -4.978814348578453064e-02 -2.973483085632324219e+00 -3.315628468990325928e-01 5.926778912544250488e-02 9.415695667266845703e-01 6.926020812988281250e+01
9.386748075485229492e-01 -1.574648544192314148e-02 3.444432020187377930e-01 5.113336086273193359e+00 3.497168421745300293e-02 9.981527924537658691e-01 -4.967320337891578674e-02 -3.005290269851684570e+00 -3.430248498916625977e-01 5.867277830839157104e-02 9.374920725822448730e-01 6.966008758544921875e+01
9.357482194900512695e-01 -1.489383634179830551e-02 3.523533046245574951e-01 5.327619075775146484e+00 3.473490104079246521e-02 9.981420636177062988e-01 -5.005463957786560059e-02 -3.047847509384155273e+00 -3.509531617164611816e-01 5.907753482460975647e-02 9.345275163650512695e-01 7.021224212646484375e+01
9.323767423629760742e-01 -1.401622127741575241e-02 3.612154126167297363e-01 5.540646553039550781e+00 3.414687141776084900e-02 9.981946349143981934e-01 -4.940761998295783997e-02 -3.088935852050781250e+00 -3.598707616329193115e-01 5.840092897415161133e-02 9.311725497245788574e-01 7.073799133300781250e+01
9.294602870941162109e-01 -1.407053042203187943e-02 3.686529397964477539e-01 5.754686832427978516e+00 3.444239124655723572e-02 9.982174634933471680e-01 -4.873784258961677551e-02 -3.128454923629760742e+00 -3.673100173473358154e-01 5.799721926450729370e-02 9.282885193824768066e-01 7.126028442382812500e+01
9.252530932426452637e-01 -1.590625569224357605e-02 3.790160715579986572e-01 5.987447261810302734e+00 3.695229068398475647e-02 9.981480836868286133e-01 -4.831822961568832397e-02 -3.167576551437377930e+00 -3.775455951690673828e-01 5.871212854981422424e-02 9.241278171539306641e-01 7.179790496826171875e+01
9.196261763572692871e-01 -1.767443493008613586e-02 3.923963010311126709e-01 6.330874919891357422e+00 3.903558850288391113e-02 9.981539845466613770e-01 -4.652517661452293396e-02 -3.223474025726318359e+00 -3.908496201038360596e-01 5.810322239995002747e-02 9.186187982559204102e-01 7.259497833251953125e+01
9.127442240715026855e-01 -1.980997622013092041e-02 4.080504179000854492e-01 6.716615676879882812e+00 4.170355945825576782e-02 9.981237649917602539e-01 -4.482738673686981201e-02 -3.283402919769287109e+00 -4.063968062400817871e-01 5.793311446905136108e-02 9.118581414222717285e-01 7.343498992919921875e+01
9.071742296218872070e-01 -2.024938166141510010e-02 4.202672243118286133e-01 7.012122631072998047e+00 4.313087090849876404e-02 9.980547428131103516e-01 -4.501225054264068604e-02 -3.324318408966064453e+00 -4.185382425785064697e-01 5.896046385169029236e-02 9.062831997871398926e-01 7.405043029785156250e+01
9.000639319419860840e-01 -1.674316078424453735e-02 4.354356229305267334e-01 7.328678607940673828e+00 4.056241735816001892e-02 9.981420040130615234e-01 -4.546406120061874390e-02 -3.373050689697265625e+00 -4.338653683662414551e-01 5.858290940523147583e-02 8.990710377693176270e-01 7.468818664550781250e+01
8.869187235832214355e-01 -1.589981094002723694e-02 4.616513252258300781e-01 7.661993503570556641e+00 4.221780225634574890e-02 9.980146288871765137e-01 -4.673543199896812439e-02 -3.416854381561279297e+00 -4.599916934967041016e-01 6.094045564532279968e-02 8.858294486999511719e-01 7.528916168212890625e+01
8.820843696594238281e-01 -1.478636637330055237e-02 4.708589017391204834e-01 8.037536621093750000e+00 4.175643995404243469e-02 9.980271458625793457e-01 -4.688340798020362854e-02 -3.464478731155395508e+00 -4.692366719245910645e-01 6.101652979850769043e-02 8.809618949890136719e-01 7.597648620605468750e+01
8.756197690963745117e-01 -1.683277823030948639e-02 4.827071428298950195e-01 8.320292472839355469e+00 4.396680369973182678e-02 9.980210065841674805e-01 -4.495209455490112305e-02 -3.496930837631225586e+00 -4.809951782226562500e-01 6.058405712246894836e-02 8.746274113655090332e-01 7.644561004638671875e+01
8.757151961326599121e-01 -1.633621565997600555e-02 4.825510084629058838e-01 8.632447242736816406e+00 4.453312233090400696e-02 9.978999495506286621e-01 -4.703416302800178528e-02 -3.536696195602416992e+00 -4.807692468166351318e-01 6.267806142568588257e-02 8.746040463447570801e-01 7.700143432617187500e+01
8.721219897270202637e-01 -1.564814895391464233e-02 4.890376329421997070e-01 9.059869766235351562e+00 4.560888931155204773e-02 9.977365136146545410e-01 -4.941080138087272644e-02 -3.595023870468139648e+00 -4.871574938297271729e-01 6.539674103260040283e-02 8.708620071411132812e-01 7.776264190673828125e+01
8.619258403778076172e-01 -1.214960403740406036e-02 5.068881511688232422e-01 9.407557487487792969e+00 4.423804581165313721e-02 9.977023601531982422e-01 -5.130950361490249634e-02 -3.642969846725463867e+00 -5.051001310348510742e-01 6.664875149726867676e-02 8.604833483695983887e-01 7.832486724853515625e+01
8.545433878898620605e-01 -1.261935010552406311e-02 5.192261934280395508e-01 9.699357032775878906e+00 4.620870202779769897e-02 9.975874423980712891e-01 -5.180476978421211243e-02 -3.684542894363403320e+00 -5.173197984695434570e-01 6.826220452785491943e-02 8.530652523040771484e-01 7.878267669677734375e+01
8.501256704330444336e-01 -1.005299203097820282e-02 5.264834165573120117e-01 9.979038238525390625e+00 4.527191072702407837e-02 9.975110292434692383e-01 -5.405449122190475464e-02 -3.725115299224853516e+00 -5.246297121047973633e-01 6.978803128004074097e-02 8.484651446342468262e-01 7.922931671142578125e+01
8.438707590103149414e-01 -8.570943027734756470e-03 5.364775657653808594e-01 1.020880031585693359e+01 4.512156546115875244e-02 9.974639415740966797e-01 -5.503961071372032166e-02 -3.756711244583129883e+00 -5.346453785896301270e-01 7.065304368734359741e-02 8.421176671981811523e-01 7.957344055175781250e+01
8.275734186172485352e-01 -7.993365637958049774e-03 5.613000392913818359e-01 1.059802341461181641e+01 4.550868645310401917e-02 9.975625872611999512e-01 -5.289123579859733582e-02 -3.805980682373046875e+00 -5.595092177391052246e-01 6.931543350219726562e-02 8.259203433990478516e-01 8.011740875244140625e+01
8.085153102874755859e-01 -5.990593228489160538e-03 5.884441137313842773e-01 1.101367187500000000e+01 4.662575200200080872e-02 9.974564909934997559e-01 -5.390864983201026917e-02 -3.854253292083740234e+00 -5.866246223449707031e-01 7.102264463901519775e-02 8.067384958267211914e-01 8.065184020996093750e+01
7.953611612319946289e-01 -5.135606043040752411e-03 6.061134934425354004e-01 1.129557704925537109e+01 4.739727452397346497e-02 9.974289536476135254e-01 -5.374487861990928650e-02 -3.884225845336914062e+00 -6.042792797088623047e-01 7.147473841905593872e-02 7.935599684715270996e-01 8.099068450927734375e+01
7.809042334556579590e-01 -5.461494904011487961e-03 6.246262788772583008e-01 1.158545494079589844e+01 4.842698574066162109e-02 9.974812269210815430e-01 -5.182146281003952026e-02 -3.915632247924804688e+00 -6.227701902389526367e-01 7.071639597415924072e-02 7.792021036148071289e-01 8.132052612304687500e+01
7.677754163742065430e-01 -4.988967441022396088e-03 6.406990885734558105e-01 1.188201999664306641e+01 5.035769566893577576e-02 9.973459839820861816e-01 -5.257948115468025208e-02 -3.948814153671264648e+00 -6.387366056442260742e-01 7.263338565826416016e-02 7.659892439842224121e-01 8.164203643798828125e+01
7.581569552421569824e-01 -5.800290498882532120e-03 6.520458459854125977e-01 1.231859016418457031e+01 5.222981423139572144e-02 9.972874522209167480e-01 -5.185800045728683472e-02 -3.994427204132080078e+00 -6.499766111373901367e-01 7.337275892496109009e-02 7.564036250114440918e-01 8.212217712402343750e+01
7.495831251144409180e-01 -6.413756404072046280e-03 6.618785858154296875e-01 1.279620265960693359e+01 5.423922836780548096e-02 9.971850514411926270e-01 -5.176336690783500671e-02 -4.044234752655029297e+00 -6.596837043762207031e-01 7.470075786113739014e-02 7.478213310241699219e-01 8.264345550537109375e+01
7.397177219390869141e-01 -7.023619487881660461e-03 6.728801131248474121e-01 1.325307273864746094e+01 5.780645832419395447e-02 9.969120621681213379e-01 -5.314242839813232422e-02 -4.091188907623291016e+00 -6.704293489456176758e-01 7.820723950862884521e-02 7.378398776054382324e-01 8.312886047363281250e+01
7.320691347122192383e-01 -6.007197313010692596e-03 6.812033057212829590e-01 1.365239334106445312e+01 5.849044397473335266e-02 9.968224167823791504e-01 -5.406739190220832825e-02 -4.129410266876220703e+00 -6.787142753601074219e-01 7.942498475313186646e-02 7.300946116447448730e-01 8.354309082031250000e+01
7.273290753364562988e-01 -4.139783326536417007e-03 6.862757205963134766e-01 1.417701625823974609e+01 5.866244062781333923e-02 9.966965913772583008e-01 -5.615926161408424377e-02 -4.181182384490966797e+00 -6.837766170501708984e-01 8.110491186380386353e-02 7.251696586608886719e-01 8.408465576171875000e+01
7.213738560676574707e-01 -4.931727424263954163e-03 6.925276517868041992e-01 1.470055866241455078e+01 6.016454473137855530e-02 9.966399073600769043e-01 -5.557311698794364929e-02 -4.236330986022949219e+00 -6.899269819259643555e-01 8.175464719533920288e-02 7.192471027374267578e-01 8.461831665039062500e+01
7.219231128692626953e-01 -3.095341380685567856e-03 6.919656395912170410e-01 1.514037322998046875e+01 5.957437306642532349e-02 9.965547323226928711e-01 -5.769561976194381714e-02 -4.287642002105712891e+00 -6.894034147262573242e-01 8.287526667118072510e-02 7.196207642555236816e-01 8.507244873046875000e+01
7.214643955230712891e-01 -1.130380202084779739e-03 6.924499273300170898e-01 1.561717414855957031e+01 5.846931040287017822e-02 9.965264201164245605e-01 -5.929240211844444275e-02 -4.343062400817871094e+00 -6.899780035018920898e-01 8.326447010040283203e-02 7.190248966217041016e-01 8.556108856201171875e+01
7.197144627571105957e-01 5.531355855055153370e-04 6.942693591117858887e-01 1.633313369750976562e+01 5.748499929904937744e-02 9.965180158615112305e-01 -6.038569658994674683e-02 -4.422243595123291016e+00 -6.918857097625732422e-01 8.337056636810302734e-02 7.171770930290222168e-01 8.629785919189453125e+01
7.188766598701477051e-01 -1.677859399933367968e-04 6.951369643211364746e-01 1.703133201599121094e+01 5.818491801619529724e-02 9.965048432350158691e-01 -5.993139743804931641e-02 -4.501205921173095703e+00 -6.926976442337036133e-01 8.352980762720108032e-02 7.163743972778320312e-01 8.701612854003906250e+01
7.183195948600769043e-01 1.068860292434692383e-03 6.957117319107055664e-01 1.768295860290527344e+01 5.750584229826927185e-02 9.964852333068847656e-01 -6.090543419122695923e-02 -4.575302600860595703e+00 -6.933318972587585449e-01 8.375709503889083862e-02 7.157340049743652344e-01 8.768821716308593750e+01
7.185798883438110352e-01 8.567416807636618614e-04 6.954431533813476562e-01 1.847623825073242188e+01 5.801268666982650757e-02 9.964396357536315918e-01 -6.117019057273864746e-02 -4.670920848846435547e+00 -6.930198073387145996e-01 8.430024236440658569e-02 7.159724235534667969e-01 8.850810241699218750e+01
7.182505130767822266e-01 1.265805622097104788e-04 6.957838535308837891e-01 1.911189460754394531e+01 5.888014659285545349e-02 9.964014887809753418e-01 -6.096257269382476807e-02 -4.744556427001953125e+00 -6.932879686355590820e-01 8.475430309772491455e-02 7.156591415405273438e-01 8.916184234619140625e+01
7.202244997024536133e-01 1.781834755092859268e-03 6.937379837036132812e-01 1.962568092346191406e+01 5.835111811757087708e-02 9.962971806526184082e-01 -6.313781440258026123e-02 -4.805714607238769531e+00 -6.912817955017089844e-01 8.595383912324905396e-02 7.174544334411621094e-01 8.969130706787109375e+01
7.217371463775634766e-01 3.451148513704538345e-03 6.921578645706176758e-01 2.019989204406738281e+01 5.810709297657012939e-02 9.961551427841186523e-01 -6.555714458227157593e-02 -4.874135017395019531e+00 -6.897228956222534180e-01 8.753435313701629639e-02 7.187624573707580566e-01 9.028394317626953125e+01
7.206055521965026855e-01 4.533165600150823593e-03 6.933296918869018555e-01 2.091672325134277344e+01 5.810270458459854126e-02 9.960660338401794434e-01 -6.690095365047454834e-02 -4.962038516998291016e+00 -6.909055113792419434e-01 8.849357068538665771e-02 7.175080776214599609e-01 9.102555084228515625e+01
7.203713655471801758e-01 4.758516792207956314e-03 6.935715675354003906e-01 2.162144088745117188e+01 5.847711116075515747e-02 9.959989786148071289e-01 -6.757005304098129272e-02 -5.046331405639648438e+00 -6.911181807518005371e-01 8.923362940549850464e-02 7.172115445137023926e-01 9.175564575195312500e+01
7.209724783897399902e-01 4.850672557950019836e-03 6.929460763931274414e-01 2.225172424316406250e+01 5.933296307921409607e-02 9.958708286285400391e-01 -6.870379298925399780e-02 -5.127899169921875000e+00 -6.904181241989135742e-01 9.064812213182449341e-02 7.177082896232604980e-01 9.241301727294921875e+01
7.203847765922546387e-01 5.656030960381031036e-03 6.935509443283081055e-01 2.287569427490234375e+01 5.979047343134880066e-02 9.957373738288879395e-01 -7.022412866353988647e-02 -5.209292411804199219e+00 -6.909919381141662598e-01 9.205616265535354614e-02 7.169765233993530273e-01 9.305647277832031250e+01
7.209744453430175781e-01 5.298008210957050323e-03 6.929407715797424316e-01 2.357791900634765625e+01 6.088074669241905212e-02 9.956194162368774414e-01 -7.095584273338317871e-02 -5.298337936401367188e+00 -6.902813911437988281e-01 9.334412962198257446e-02 7.174942493438720703e-01 9.378249359130859375e+01
7.204993963241577148e-01 4.538920708000659943e-03 6.934400796890258789e-01 2.427790641784667969e+01 6.105248630046844482e-02 9.956799149513244629e-01 -6.995201110839843750e-02 -5.387597084045410156e+00 -6.907619833946228027e-01 9.273665398359298706e-02 7.171103358268737793e-01 9.450700378417968750e+01
7.241063714027404785e-01 3.447052557021379471e-03 6.896790862083435059e-01 2.507404327392578125e+01 6.088659167289733887e-02 9.957632422447204590e-01 -6.890270113945007324e-02 -5.488413333892822266e+00 -6.869947314262390137e-01 9.188512712717056274e-02 7.208293080329895020e-01 9.533670043945312500e+01
7.231476902961730957e-01 4.177955444902181625e-03 6.906802058219909668e-01 2.580846977233886719e+01 6.122386828064918518e-02 9.956572651863098145e-01 -7.012455910444259644e-02 -5.582668304443359375e+00 -6.879737973213195801e-01 9.299656003713607788e-02 7.197521328926086426e-01 9.610186004638671875e+01
7.212176322937011719e-01 5.219384096562862396e-03 6.926882266998291016e-01 2.650906562805175781e+01 6.236410140991210938e-02 9.954211711883544922e-01 -7.243303954601287842e-02 -5.673279762268066406e+00 -6.898946762084960938e-01 9.543889760971069336e-02 7.175905108451843262e-01 9.682749176025390625e+01
