9.999994039535522461e-01 3.214391763322055340e-04 1.031536376103758812e-03 -6.199880153872072697e-04 -3.207213594578206539e-04 9.999997019767761230e-01 -6.958282319828867912e-04 -3.061967343091964722e-02 -1.031759893521666527e-03 6.954969139769673347e-04 9.999992251396179199e-01 1.359873056411743164e+00
9.999992847442626953e-01 5.541393329622223973e-05 1.140997861512005329e-03 2.517493674531579018e-03 -5.275798685033805668e-05 9.999972581863403320e-01 -2.327461494132876396e-03 -5.979025363922119141e-02 -1.141123822890222073e-03 2.327399561181664467e-03 9.999966621398925781e-01 2.748437404632568359e+00
9.999980330467224121e-01 -9.620937635190784931e-05 1.943393377587199211e-03 3.054345492273569107e-03 1.040102579281665385e-04 9.999918937683105469e-01 -4.014097154140472412e-03 -9.231459349393844604e-02 -1.942991511896252632e-03 4.014291800558567047e-03 9.999901056289672852e-01 4.106220722198486328e+00
9.999997019767761230e-01 -5.164673784747719765e-04 3.384933806955814362e-04 2.283589914441108704e-03 5.176098784431815147e-04 9.999940991401672363e-01 -3.381691640242934227e-03 -1.277661472558975220e-01 -3.367448225617408752e-04 3.381865797564387321e-03 9.999942779541015625e-01 5.442729473114013672e+00
9.999970197677612305e-01 -2.003189147217199206e-04 -2.379844896495342255e-03 2.919168211519718170e-03 1.912588049890473485e-04 9.999927282333374023e-01 -3.806844819337129593e-03 -1.595771759748458862e-01 2.380590885877609253e-03 3.806378692388534546e-03 9.999899268150329590e-01 6.794451713562011719e+00
9.999974966049194336e-01 7.096070330590009689e-04 -2.045477740466594696e-03 -1.948738470673561096e-03 -7.156919455155730247e-04 9.999952912330627441e-01 -2.975793322548270226e-03 -1.932549178600311279e-01 2.043357351794838905e-03 2.977250143885612488e-03 9.999934434890747070e-01 8.166541099548339844e+00
9.999985694885253906e-01 2.398251672275364399e-04 -1.589690102264285088e-03 -5.699805915355682373e-03 -2.462409320287406445e-04 9.999918341636657715e-01 -4.037238657474517822e-03 -2.245747447013854980e-01 1.588709885254502296e-03 4.037624690681695938e-03 9.999905824661254883e-01 9.544454574584960938e+00
9.999979734420776367e-01 -4.435664450284093618e-04 -1.895841676741838455e-03 -8.279159665107727051e-03 4.361906612757593393e-04 9.999923706054687500e-01 -3.889530897140502930e-03 -2.575993537902832031e-01 1.897553447633981705e-03 3.888696664944291115e-03 9.999906420707702637e-01 1.092895603179931641e+01
9.999949932098388672e-01 9.121654438786208630e-04 -2.993667032569646835e-03 -1.018448732793331146e-02 -9.207263938151299953e-04 9.999955296516418457e-01 -2.859830390661954880e-03 -2.924267947673797607e-01 2.991046290844678879e-03 2.862572902813553810e-03 9.999914169311523438e-01 1.231625843048095703e+01
9.999940395355224609e-01 8.322792709805071354e-04 -3.307318314909934998e-03 -1.259167678654193878e-02 -8.406015112996101379e-04 9.999964833259582520e-01 -2.515985164791345596e-03 -3.236407637596130371e-01 3.305214224383234978e-03 2.518750727176666260e-03 9.999913573265075684e-01 1.365470886230468750e+01
9.999973177909851074e-01 1.571932458318769932e-03 -1.619859598577022552e-03 -1.905905641615390778e-02 -1.577685587108135223e-03 9.999924302101135254e-01 -3.557287622243165970e-03 -3.582654297351837158e-01 1.614256412722170353e-03 3.559833858162164688e-03 9.999923706054687500e-01 1.505081939697265625e+01
9.999985098838806152e-01 1.646195421926677227e-03 -1.804307103157043457e-04 -2.165493555366992950e-02 -1.647041179239749908e-03 9.999871253967285156e-01 -4.801761358976364136e-03 -3.947014808654785156e-01 1.725244801491498947e-04 4.802051465958356857e-03 9.999884963035583496e-01 1.642091560363769531e+01
9.999963641166687012e-01 2.602060092613101006e-03 -5.158297717571258545e-04 -2.300305105745792389e-02 -2.604296430945396423e-03 9.999870061874389648e-01 -4.386506974697113037e-03 -4.293372333049774170e-01 5.044100107625126839e-04 4.387834109365940094e-03 9.999902844429016113e-01 1.779217147827148438e+01
9.999953508377075195e-01 2.737090690061450005e-03 -1.240636920556426048e-03 -2.404150739312171936e-02 -2.744400175288319588e-03 9.999786615371704102e-01 -5.930135957896709442e-03 -4.629465937614440918e-01 1.224380219355225563e-03 5.933513399213552475e-03 9.999817013740539551e-01 1.916100502014160156e+01
9.999921321868896484e-01 3.909696824848651886e-03 4.114971961826086044e-04 -2.584722079336643219e-02 -3.907131031155586243e-03 9.999740123748779297e-01 -6.058908998966217041e-03 -4.990223050117492676e-01 -4.351740935817360878e-04 6.057253107428550720e-03 9.999816417694091797e-01 2.054471206665039062e+01
9.999903440475463867e-01 4.073256161063909531e-03 1.548128435388207436e-03 -2.464415691792964935e-02 -4.063231404870748520e-03 9.999710917472839355e-01 -6.423366256058216095e-03 -5.353246331214904785e-01 -1.574247144162654877e-03 6.417013239115476608e-03 9.999782443046569824e-01 2.192291641235351562e+01
9.999852180480957031e-01 4.915813915431499481e-03 2.244114410132169724e-03 -2.729359082877635956e-02 -4.903894383460283279e-03 9.999739527702331543e-01 -5.285902880132198334e-03 -5.746201276779174805e-01 -2.270040102303028107e-03 5.274819210171699524e-03 9.999836087226867676e-01 2.329271697998046875e+01
9.999795556068420410e-01 5.719532258808612823e-03 2.804185263812541962e-03 -2.254715003073215485e-02 -5.702454596757888794e-03 9.999653697013854980e-01 -6.060276646167039871e-03 -6.101288795471191406e-01 -2.838749904185533524e-03 6.044161505997180939e-03 9.999777674674987793e-01 2.466757774353027344e+01
9.999748468399047852e-01 6.619326304644346237e-03 2.479272661730647087e-03 -1.831969805061817169e-02 -6.601872853934764862e-03 9.999538064002990723e-01 -6.982452701777219772e-03 -6.472008824348449707e-01 -2.525377087295055389e-03 6.965908687561750412e-03 9.999726414680480957e-01 2.604157829284667969e+01
9.999815225601196289e-01 5.532986484467983246e-03 2.440620446577668190e-03 -1.875288411974906921e-02 -5.512933246791362762e-03 9.999516010284423828e-01 -8.147440850734710693e-03 -6.833958029747009277e-01 -2.485581673681735992e-03 8.133835159242153168e-03 9.999639391899108887e-01 2.742705345153808594e+01
9.999778270721435547e-01 6.011795252561569214e-03 2.781904768198728561e-03 -1.761529035866260529e-02 -5.990524310618638992e-03 9.999532103538513184e-01 -7.592038717120885849e-03 -7.227283120155334473e-01 -2.827415941283106804e-03 7.575204595923423767e-03 9.999673962593078613e-01 2.880337142944335938e+01
9.999812245368957520e-01 5.657109897583723068e-03 2.261756220832467079e-03 -1.375452429056167603e-02 -5.637640133500099182e-03 9.999477863311767578e-01 -8.523433469235897064e-03 -7.592852115631103516e-01 -2.309855306521058083e-03 8.510522544384002686e-03 9.999611973762512207e-01 3.014506149291992188e+01
9.999694228172302246e-01 6.058679427951574326e-03 4.900056868791580200e-03 -1.143540814518928528e-02 -6.012625526636838913e-03 9.999381303787231445e-01 -9.359187446534633636e-03 -7.997089624404907227e-01 -4.956457763910293579e-03 9.329439140856266022e-03 9.999442696571350098e-01 3.149461364746093750e+01
9.999564886093139648e-01 6.847356446087360382e-03 6.303826812654733658e-03 -6.543230265378952026e-03 -6.788466125726699829e-03 9.999335408210754395e-01 -9.316300041973590851e-03 -8.405429720878601074e-01 -6.367200054228305817e-03 9.273100644350051880e-03 9.999367594718933105e-01 3.288998794555664062e+01
9.999618530273437500e-01 5.919358227401971817e-03 6.393078714609146118e-03 -4.858188331127166748e-04 -5.857089068740606308e-03 9.999356269836425781e-01 -9.715215303003787994e-03 -8.841125965118408203e-01 -6.450175307691097260e-03 9.677398949861526489e-03 9.999324083328247070e-01 3.430343246459960938e+01
9.999704360961914062e-01 5.027598701417446136e-03 5.786743015050888062e-03 9.456515312194824219e-03 -4.958685953170061111e-03 9.999173283576965332e-01 -1.186202932149171829e-02 -9.274622797966003418e-01 -5.845901556313037872e-03 1.183298323303461075e-02 9.999129176139831543e-01 3.568155670166015625e+01
9.999631643295288086e-01 4.951206967234611511e-03 6.984388921409845352e-03 1.697435788810253143e-02 -4.858324769884347916e-03 9.999003410339355469e-01 -1.325326040387153625e-02 -9.737232327461242676e-01 -7.049312349408864975e-03 1.321883872151374817e-02 9.998878240585327148e-01 3.704156494140625000e+01
9.999548196792602539e-01 5.867193918675184250e-03 7.459175307303667068e-03 2.422099187970161438e-02 -5.760298576205968857e-03 9.998815059661865234e-01 -1.427221205085515976e-02 -1.024476528167724609e+00 -7.542029954493045807e-03 1.422859728336334229e-02 9.998703598976135254e-01 3.849343490600585938e+01
9.999369382858276367e-01 6.830395665019750595e-03 8.901680819690227509e-03 3.730376809835433960e-02 -6.708208937197923660e-03 9.998837709426879883e-01 -1.368454564362764359e-02 -1.071973204612731934e+00 -8.994118310511112213e-03 1.362396404147148132e-02 9.998667836189270020e-01 3.988838958740234375e+01
9.999390244483947754e-01 5.677569657564163208e-03 9.463251568377017975e-03 4.848571121692657471e-02 -5.531960166990756989e-03 9.998669028282165527e-01 -1.534260809421539307e-02 -1.118355154991149902e+00 -9.549102745950222015e-03 1.528931781649589539e-02 9.998375177383422852e-01 4.129108047485351562e+01
9.999225735664367676e-01 7.677050773054361343e-03 9.785735048353672028e-03 6.209281086921691895e-02 -7.532886229455471039e-03 9.998637437820434570e-01 -1.468474417924880981e-02 -1.167683005332946777e+00 -9.897138923406600952e-03 1.460988912731409073e-02 9.998442530632019043e-01 4.268643569946289062e+01
9.999213218688964844e-01 7.077602669596672058e-03 1.034764479845762253e-02 6.971381604671478271e-02 -6.923834793269634247e-03 9.998661279678344727e-01 -1.482114661484956741e-02 -1.218493819236755371e+00 -1.045115943998098373e-02 1.474833302199840546e-02 9.998365640640258789e-01 4.410060882568359375e+01
9.999018907546997070e-01 8.131312206387519836e-03 1.139582134783267975e-02 8.265526592731475830e-02 -7.969334721565246582e-03 9.998675584793090820e-01 -1.418771781027317047e-02 -1.266015052795410156e+00 -1.150967925786972046e-02 1.409550663083791733e-02 9.998343586921691895e-01 4.550060272216796875e+01
9.998596310615539551e-01 9.994536638259887695e-03 1.343925669789314270e-02 9.733397513628005981e-02 -9.806743822991847992e-03 9.998542666435241699e-01 -1.396746374666690826e-02 -1.316053390502929688e+00 -1.357690058648586273e-02 1.383370440453290939e-02 9.998121261596679688e-01 4.691238784790039062e+01
9.998379349708557129e-01 1.118289679288864136e-02 1.410370133817195892e-02 1.149109452962875366e-01 -1.097254175692796707e-02 9.998286366462707520e-01 -1.490504946559667587e-02 -1.363353848457336426e+00 -1.426796987652778625e-02 1.474787667393684387e-02 9.997894167900085449e-01 4.830637741088867188e+01
9.998159408569335938e-01 1.184424106031656265e-02 1.508739870041608810e-02 1.343608796596527100e-01 -1.161200646311044693e-02 9.998140931129455566e-01 -1.538832765072584152e-02 -1.414928555488586426e+00 -1.526686083525419235e-02 1.521029695868492126e-02 9.997677206993103027e-01 4.971541213989257812e+01
9.997919797897338867e-01 1.268868986517190933e-02 1.596245355904102325e-02 1.530543714761734009e-01 -1.244166400283575058e-02 9.998027086257934570e-01 -1.548067200928926468e-02 -1.463772773742675781e+00 -1.615573838353157043e-02 1.527884788811206818e-02 9.997527599334716797e-01 5.110054016113281250e+01
9.997770786285400391e-01 1.344741880893707275e-02 1.627282798290252686e-02 1.760437637567520142e-01 -1.319518312811851501e-02 9.997926354408264160e-01 -1.550973765552043915e-02 -1.515143752098083496e+00 -1.647802442312240601e-02 1.529155205935239792e-02 9.997472763061523438e-01 5.255426025390625000e+01
9.997122883796691895e-01 1.466272678226232529e-02 1.897775009274482727e-02 1.998396962881088257e-01 -1.435439195483922958e-02 9.997643828392028809e-01 -1.628269255161285400e-02 -1.566058754920959473e+00 -1.921202987432479858e-02 1.600558683276176453e-02 9.996873140335083008e-01 5.393078994750976562e+01
9.996917843818664551e-01 1.408679410815238953e-02 2.043857052922248840e-02 2.240940928459167480e-01 -1.377590745687484741e-02 9.997884035110473633e-01 -1.527268905192613602e-02 -1.618074178695678711e+00 -2.064939588308334351e-02 1.498641446232795715e-02 9.996744990348815918e-01 5.533094787597656250e+01
9.996576309204101562e-01 1.438615191727876663e-02 2.185288630425930023e-02 2.505428791046142578e-01 -1.404772419482469559e-02 9.997801780700683594e-01 -1.556200627237558365e-02 -1.668708205223083496e+00 -2.207196503877639771e-02 1.524968817830085754e-02 9.996401667594909668e-01 5.677023315429687500e+01
9.996188282966613770e-01 1.396188884973526001e-02 2.381451241672039032e-02 2.798395752906799316e-01 -1.357681863009929657e-02 9.997756481170654297e-01 -1.625531539320945740e-02 -1.720126152038574219e+00 -2.403612807393074036e-02 1.592578738927841187e-02 9.995843172073364258e-01 5.817797088623046875e+01
9.995804429054260254e-01 1.471586804836988449e-02 2.494472637772560120e-02 3.108415901660919189e-01 -1.431525312364101410e-02 9.997668862342834473e-01 -1.616324484348297119e-02 -1.775192141532897949e+00 -2.517676912248134613e-02 1.579936593770980835e-02 9.995582103729248047e-01 5.961452865600585938e+01
9.995517134666442871e-01 1.556611619889736176e-02 2.557231299579143524e-02 3.444284200668334961e-01 -1.515543460845947266e-02 9.997543096542358398e-01 -1.617568731307983398e-02 -1.826017856597900391e+00 -2.581782266497612000e-02 1.578086987137794495e-02 9.995421767234802246e-01 6.104362487792968750e+01
9.994869828224182129e-01 1.697298325598239899e-02 2.715819515287876129e-02 3.776808381080627441e-01 -1.653110049664974213e-02 9.997286200523376465e-01 -1.641334779560565948e-02 -1.878073573112487793e+00 -2.742940932512283325e-02 1.595596410334110260e-02 9.994964599609375000e-01 6.247510528564453125e+01
9.995011091232299805e-01 1.706363819539546967e-02 2.657539397478103638e-02 4.117590188980102539e-01 -1.663955673575401306e-02 9.997319579124450684e-01 -1.609792746603488922e-02 -1.928529500961303711e+00 -2.684296108782291412e-02 1.564768515527248383e-02 9.995172619819641113e-01 6.389884567260742188e+01
9.994006752967834473e-01 1.689850166440010071e-02 3.020822815597057343e-02 4.487082064151763916e-01 -1.639562472701072693e-02 9.997241497039794922e-01 -1.681794971227645874e-02 -1.981460094451904297e+00 -3.048409335315227509e-02 1.631258055567741394e-02 9.994022250175476074e-01 6.532263183593750000e+01
9.993820190429687500e-01 1.532157976180315018e-02 3.163278847932815552e-02 4.913452863693237305e-01 -1.475871820002794266e-02 9.997299313545227051e-01 -1.795110106468200684e-02 -2.035322189331054688e+00 -3.189928457140922546e-02 1.747314259409904480e-02 9.993384480476379395e-01 6.670066070556640625e+01
9.993059635162353516e-01 1.584382168948650360e-02 3.370906785130500793e-02 5.358393788337707520e-01 -1.523219980299472809e-02 9.997160434722900391e-01 -1.832423731684684753e-02 -2.087363958358764648e+00 -3.398982062935829163e-02 1.779805123805999756e-02 9.992638230323791504e-01 6.806204223632812500e+01
9.992743134498596191e-01 1.629399321973323822e-02 3.442596271634101868e-02 5.868334174156188965e-01 -1.560360565781593323e-02 9.996736049652099609e-01 -2.022862993180751801e-02 -2.143883466720581055e+00 -3.474432975053787231e-02 1.967677474021911621e-02 9.992026090621948242e-01 6.947737121582031250e+01
9.992256760597229004e-01 1.595804840326309204e-02 3.596041351556777954e-02 6.364877820014953613e-01 -1.522596459835767746e-02 9.996730685234069824e-01 -2.054070122539997101e-02 -2.201578378677368164e+00 -3.627644479274749756e-02 1.997726038098335266e-02 9.991421699523925781e-01 7.084417724609375000e+01
9.992686510086059570e-01 1.566195860505104065e-02 3.487884998321533203e-02 6.874874234199523926e-01 -1.496721338480710983e-02 9.996861219406127930e-01 -2.009153366088867188e-02 -2.257465600967407227e+00 -3.518257290124893188e-02 1.955479942262172699e-02 9.991896152496337891e-01 7.220121765136718750e+01
9.992429614067077637e-01 1.624252833425998688e-02 3.534816205501556396e-02 7.367055416107177734e-01 -1.547646522521972656e-02 9.996416568756103516e-01 -2.183861471712589264e-02 -2.313334941864013672e+00 -3.569021075963973999e-02 2.127501368522644043e-02 9.991365075111389160e-01 7.355884552001953125e+01
9.993162155151367188e-01 1.628495194017887115e-02 3.319114446640014648e-02 7.825778722763061523e-01 -1.557386759668588638e-02 9.996460080146789551e-01 -2.157091535627841949e-02 -2.371167659759521484e+00 -3.353067860007286072e-02 2.103924937546253204e-02 9.992162585258483887e-01 7.489855194091796875e+01
9.993859529495239258e-01 1.687984541058540344e-02 3.070174157619476318e-02 8.268730044364929199e-01 -1.621074788272380829e-02 9.996284842491149902e-01 -2.191320806741714478e-02 -2.428499937057495117e+00 -3.106022626161575317e-02 2.140205167233943939e-02 9.992883801460266113e-01 7.626088714599609375e+01
9.993730783462524414e-01 1.780019886791706085e-02 3.059984184801578522e-02 8.653337955474853516e-01 -1.713677309453487396e-02 9.996153712272644043e-01 -2.180780470371246338e-02 -2.487296342849731445e+00 -3.097625263035297394e-02 2.126974798738956451e-02 9.992938041687011719e-01 7.762400054931640625e+01
9.993686079978942871e-01 1.816089451313018799e-02 3.053377196192741394e-02 9.039979577064514160e-01 -1.750232651829719543e-02 9.996113777160644531e-01 -2.169910445809364319e-02 -2.547362089157104492e+00 -3.091597929596900940e-02 2.115098945796489716e-02 9.992982149124145508e-01 7.899217224121093750e+01
9.993918538093566895e-01 1.848498545587062836e-02 2.956400997936725616e-02 9.445075392723083496e-01 -1.782137341797351837e-02 9.995868206024169922e-01 -2.255470119416713715e-02 -2.603815078735351562e+00 -2.996871620416641235e-02 2.201411128044128418e-02 9.993084073066711426e-01 8.034926605224609375e+01
9.993571043014526367e-01 1.930762454867362976e-02 3.020584583282470703e-02 9.864336252212524414e-01 -1.859084330499172211e-02 9.995431303977966309e-01 -2.383336983621120453e-02 -2.665843486785888672e+00 -3.065220825374126434e-02 2.325649373233318329e-02 9.992595314979553223e-01 8.172889709472656250e+01
9.993481040000915527e-01 1.991695724427700043e-02 3.010845743119716644e-02 1.028666853904724121e+00 -1.914272084832191467e-02 9.994841814041137695e-01 -2.578804269433021545e-02 -2.729526996612548828e+00 -3.060654178261756897e-02 2.519487030804157257e-02 9.992139339447021484e-01 8.311320495605468750e+01
9.993555545806884766e-01 1.981691271066665649e-02 2.992837317287921906e-02 1.070096373558044434e+00 -1.906403154134750366e-02 9.994997978210449219e-01 -2.523530460894107819e-02 -2.793832063674926758e+00 -3.041348420083522797e-02 2.464848197996616364e-02 9.992334246635437012e-01 8.449301910400390625e+01
9.992938041687011719e-01 2.045445144176483154e-02 3.151814267039299011e-02 1.112428784370422363e+00 -1.964946836233139038e-02 9.994781613349914551e-01 -2.564175799489021301e-02 -2.859527587890625000e+00 -3.202617540955543518e-02 2.500433474779129028e-02 9.991741776466369629e-01 8.586740112304687500e+01
9.993491768836975098e-01 1.954659447073936462e-02 3.031557984650135040e-02 1.154184579849243164e+00 -1.876176893711090088e-02 9.994869828224182129e-01 -2.596029452979564667e-02 -2.922614097595214844e+00 -3.080745786428451538e-02 2.537462674081325531e-02 9.992031455039978027e-01 8.723832702636718750e+01
9.993636012077331543e-01 1.956013217568397522e-02 2.982801385223865509e-02 1.195098280906677246e+00 -1.881808601319789886e-02 9.995114207267761230e-01 -2.495841681957244873e-02 -2.987715959548950195e+00 -3.030162677168846130e-02 2.438122965395450592e-02 9.992433786392211914e-01 8.857892608642578125e+01
9.993668198585510254e-01 2.044829912483692169e-02 2.911493182182312012e-02 1.235937237739562988e+00 -1.968443393707275391e-02 9.994606971740722656e-01 -2.628537453711032867e-02 -3.049637317657470703e+00 -2.963671833276748657e-02 2.569562569260597229e-02 9.992303848266601562e-01 8.993292236328125000e+01
9.994289875030517578e-01 2.049404010176658630e-02 2.686321362853050232e-02 1.274537205696105957e+00 -1.981454528868198395e-02 9.994830489158630371e-01 -2.532124519348144531e-02 -3.112762451171875000e+00 -2.736825868487358093e-02 2.477450668811798096e-02 9.993183612823486328e-01 9.126290893554687500e+01
9.994144439697265625e-01 1.977802813053131104e-02 2.792079187929630280e-02 1.313416719436645508e+00 -1.903243549168109894e-02 9.994617700576782227e-01 -2.672150917351245880e-02 -3.174482822418212891e+00 -2.843425981700420380e-02 2.617446146905422211e-02 9.992529153823852539e-01 9.262876129150390625e+01
9.994641542434692383e-01 2.010471746325492859e-02 2.582825534045696259e-02 1.345947623252868652e+00 -1.941535435616970062e-02 9.994558095932006836e-01 -2.666915394365787506e-02 -3.237739086151123047e+00 -2.635037153959274292e-02 2.615340054035186768e-02 9.993105530738830566e-01 9.397910308837890625e+01
9.994422197341918945e-01 2.075772173702716827e-02 2.615732885897159576e-02 1.382079601287841797e+00 -2.007248066365718842e-02 9.994553923606872559e-01 -2.619246765971183777e-02 -3.301834821701049805e+00 -2.668677456676959991e-02 2.565281838178634644e-02 9.993146061897277832e-01 9.532369995117187500e+01
9.993926286697387695e-01 2.106008306145668030e-02 2.776230312883853912e-02 1.417506217956542969e+00 -2.029779180884361267e-02 9.994168877601623535e-01 -2.745913900434970856e-02 -3.367800474166870117e+00 -2.832439728081226349e-02 2.687894739210605621e-02 9.992372989654541016e-01 9.668740844726562500e+01
9.993709921836853027e-01 2.155770547688007355e-02 2.815589867532253265e-02 1.449423313140869141e+00 -2.080404385924339294e-02 9.994245767593383789e-01 -2.679128572344779968e-02 -3.436195135116577148e+00 -2.871724590659141541e-02 2.618867717683315277e-02 9.992443919181823730e-01 9.806449890136718750e+01
9.992994666099548340e-01 2.154409326612949371e-02 3.059910237789154053e-02 1.487107753753662109e+00 -2.067398093640804291e-02 9.993808269500732422e-01 -2.847278118133544922e-02 -3.502641677856445312e+00 -3.119356557726860046e-02 2.782022953033447266e-02 9.991260766983032227e-01 9.942784118652343750e+01
9.992896914482116699e-01 2.195509336888790131e-02 3.062596917152404785e-02 1.525894403457641602e+00 -2.108168601989746094e-02 9.993699789047241211e-01 -2.855531498789787292e-02 -3.572176218032836914e+00 -3.123359754681587219e-02 2.788938581943511963e-02 9.991229176521301270e-01 1.007926712036132812e+02
9.992577433586120605e-01 2.304925583302974701e-02 3.086343407630920410e-02 1.568213701248168945e+00 -2.211957983672618866e-02 9.993012547492980957e-01 -3.013185411691665649e-02 -3.641977310180664062e+00 -3.153637424111366272e-02 2.942680194973945618e-02 9.990693330764770508e-01 1.021600875854492188e+02
9.993084669113159180e-01 2.211680263280868530e-02 2.988951094448566437e-02 1.607960104942321777e+00 -2.121069654822349548e-02 9.993158578872680664e-01 -3.029920719563961029e-02 -3.712929010391235352e+00 -3.053917549550533295e-02 2.964427322149276733e-02 9.990938901901245117e-01 1.035378723144531250e+02
9.993333816528320312e-01 2.135254256427288055e-02 2.961193770170211792e-02 1.645867347717285156e+00 -2.046915329992771149e-02 9.993456602096557617e-01 -2.982081100344657898e-02 -3.782557487487792969e+00 -3.022930584847927094e-02 2.919479645788669586e-02 9.991165399551391602e-01 1.049166946411132812e+02
9.993360042572021484e-01 2.123694494366645813e-02 2.960666827857494354e-02 1.686933398246765137e+00 -2.031730487942695618e-02 9.993121623992919922e-01 -3.102378360927104950e-02 -3.851067543029785156e+00 -3.024514764547348022e-02 3.040165081620216370e-02 9.990800619125366211e-01 1.062972564697265625e+02
9.993296265602111816e-01 2.120459452271461487e-02 2.984315156936645508e-02 1.727482557296752930e+00 -2.023795992136001587e-02 9.992724657058715820e-01 -3.232773020863533020e-02 -3.923281669616699219e+00 -3.050692752003669739e-02 3.170209005475044250e-02 9.990316629409790039e-01 1.076890716552734375e+02
9.992569684982299805e-01 2.145418711006641388e-02 3.201805427670478821e-02 1.765285968780517578e+00 -2.034944854676723480e-02 9.991996884346008301e-01 -3.443909063935279846e-02 -3.995604038238525391e+00 -3.273128345608711243e-02 3.376194834709167480e-02 9.988937973976135254e-01 1.090358352661132812e+02
9.992690682411193848e-01 2.204928360879421234e-02 3.122596256434917450e-02 1.807656526565551758e+00 -2.099886909127235413e-02 9.992156028747558594e-01 -3.357630223035812378e-02 -4.071096420288085938e+00 -3.194179385900497437e-02 3.289604932069778442e-02 9.989482164382934570e-01 1.104170227050781250e+02
9.992185831069946289e-01 2.202331833541393280e-02 3.281945735216140747e-02 1.851563811302185059e+00 -2.088903076946735382e-02 9.991859793663024902e-01 -3.451208770275115967e-02 -4.146104335784912109e+00 -3.355280682444572449e-02 3.379955142736434937e-02 9.988652467727661133e-01 1.117643585205078125e+02
9.992401003837585449e-01 2.105176635086536407e-02 3.280258551239967346e-02 1.896637082099914551e+00 -1.990471594035625458e-02 9.991922378540039062e-01 -3.491052985191345215e-02 -4.220777511596679688e+00 -3.351101279258728027e-02 3.423107415437698364e-02 9.988519549369812012e-01 1.131267013549804688e+02
9.992531538009643555e-01 2.132149226963520050e-02 3.222649544477462769e-02 1.938596248626708984e+00 -2.017048560082912445e-02 9.991616010665893555e-01 -3.562838956713676453e-02 -4.298919200897216797e+00 -3.295912221074104309e-02 3.495175018906593323e-02 9.988453388214111328e-01 1.145053863525390625e+02
9.992289543151855469e-01 2.196824923157691956e-02 3.254191949963569641e-02 1.982145786285400391e+00 -2.074549160897731781e-02 9.990833401679992676e-01 -3.744701668620109558e-02 -4.376778602600097656e+00 -3.333472833037376404e-02 3.674304112792015076e-02 9.987685680389404297e-01 1.158574371337890625e+02
9.992102384567260742e-01 2.269510366022586823e-02 3.261730447411537170e-02 2.026602983474731445e+00 -2.143165841698646545e-02 9.990258812904357910e-01 -3.857605159282684326e-02 -4.458697319030761719e+00 -3.346101194620132446e-02 3.784653544425964355e-02 9.987231492996215820e-01 1.172245330810546875e+02
9.991842508316040039e-01 2.422697469592094421e-02 3.230930864810943604e-02 2.069659471511840820e+00 -2.299351245164871216e-02 9.990125894546508789e-01 -3.801636025309562683e-02 -4.540555000305175781e+00 -3.319842368364334106e-02 3.724243491888046265e-02 9.987546205520629883e-01 1.186102828979492188e+02
9.991931319236755371e-01 2.393968589603900909e-02 3.224861621856689453e-02 2.110461235046386719e+00 -2.269894070923328400e-02 9.990083575248718262e-01 -3.830562159419059753e-02 -4.623263835906982422e+00 -3.313365578651428223e-02 3.754269704222679138e-02 9.987455010414123535e-01 1.199874877929687500e+02
9.992062449455261230e-01 2.406037971377372742e-02 3.174969926476478577e-02 2.151889324188232422e+00 -2.281811088323593140e-02 9.989817142486572266e-01 -3.892517089843750000e-02 -4.706136226654052734e+00 -3.265391662716865540e-02 3.816979750990867615e-02 9.987375736236572266e-01 1.213655166625976562e+02
9.992347359657287598e-01 2.302995510399341583e-02 3.161566704511642456e-02 2.196181297302246094e+00 -2.175054699182510376e-02 9.989538192749023438e-01 -4.023131728172302246e-02 -4.787240028381347656e+00 -3.250910714268684387e-02 3.951286152005195618e-02 9.986900687217712402e-01 1.227238845825195312e+02
9.992274045944213867e-01 2.299195714294910431e-02 3.187470138072967529e-02 2.237937927246093750e+00 -2.172105200588703156e-02 9.989773035049438477e-01 -3.966005146503448486e-02 -4.871865272521972656e+00 -3.275395557284355164e-02 3.893704339861869812e-02 9.987047314643859863e-01 1.240756072998046875e+02
9.992019534111022949e-01 2.197862975299358368e-02 3.335344791412353516e-02 2.278560638427734375e+00 -2.064702287316322327e-02 9.989961981773376465e-01 -3.975610435009002686e-02 -4.956927776336669922e+00 -3.419374674558639526e-02 3.903571143746376038e-02 9.986526370048522949e-01 1.254470520019531250e+02
9.992223978042602539e-01 2.123442292213439941e-02 3.322152793407440186e-02 2.320523500442504883e+00 -1.989259757101535797e-02 9.989932179450988770e-01 -4.021183773875236511e-02 -5.037172794342041016e+00 -3.404195234179496765e-02 3.951968997716903687e-02 9.986388087272644043e-01 1.267893829345703125e+02
9.992347359657287598e-01 2.136293426156044006e-02 3.276485949754714966e-02 2.368160009384155273e+00 -2.005144394934177399e-02 9.990047216415405273e-01 -3.984619304537773132e-02 -5.121535301208496094e+00 -3.358347713947296143e-02 3.915870189666748047e-02 9.986685514450073242e-01 1.281371154785156250e+02
9.992582201957702637e-01 2.138826809823513031e-02 3.202339261770248413e-02 2.411972284317016602e+00 -2.005457691848278046e-02 9.989413022994995117e-01 -4.140421748161315918e-02 -5.204408168792724609e+00 -3.287504985928535461e-02 4.073127359151840210e-02 9.986292123794555664e-01 1.294866790771484375e+02
9.992278814315795898e-01 2.111426740884780884e-02 3.313161060214042664e-02 2.453656196594238281e+00 -1.976211741566658020e-02 9.989793300628662109e-01 -4.062095656991004944e-02 -5.294532775878906250e+00 -3.395546972751617432e-02 3.993482515215873718e-02 9.986252784729003906e-01 1.308811492919921875e+02
9.992012977600097656e-01 2.145758084952831268e-02 3.370643034577369690e-02 2.497357368469238281e+00 -2.005609497427940369e-02 9.989422559738159180e-01 -4.138042405247688293e-02 -5.378183841705322266e+00 -3.455869480967521667e-02 4.067133367061614990e-02 9.985748529434204102e-01 1.322425079345703125e+02
9.992005825042724609e-01 2.010959014296531677e-02 3.454805165529251099e-02 2.543494462966918945e+00 -1.860340684652328491e-02 9.988855719566345215e-01 -4.337796196341514587e-02 -5.464908599853515625e+00 -3.538186103105545044e-02 4.270055145025253296e-02 9.984613060951232910e-01 1.336170959472656250e+02
9.991540908813476562e-01 2.008221298456192017e-02 3.588268905878067017e-02 2.589694738388061523e+00 -1.849962212145328522e-02 9.988644719123840332e-01 -4.390462115406990051e-02 -5.556875705718994141e+00 -3.672364354133605957e-02 4.320364817976951599e-02 9.983912110328674316e-01 1.350128784179687500e+02
9.991160631179809570e-01 2.074196562170982361e-02 3.656048327684402466e-02 2.636579513549804688e+00 -1.911043748259544373e-02 9.988300204277038574e-01 -4.442322626709938049e-02 -5.648036956787109375e+00 -3.743913024663925171e-02 4.368525370955467224e-02 9.983437061309814453e-01 1.363955535888671875e+02
9.990614652633666992e-01 2.141294255852699280e-02 3.764913603663444519e-02 2.686873435974121094e+00 -1.966501958668231964e-02 9.987386465072631836e-01 -4.619895666837692261e-02 -5.737216472625732422e+00 -3.859090432524681091e-02 4.541520774364471436e-02 9.982225894927978516e-01 1.377556304931640625e+02
9.990863204002380371e-01 2.073413506150245667e-02 3.736753016710281372e-02 2.738565921783447266e+00 -1.897053234279155731e-02 9.987171888351440430e-01 -4.694762080907821655e-02 -5.828699588775634766e+00 -3.829301521182060242e-02 4.619582369923591614e-02 9.981982707977294922e-01 1.391214141845703125e+02
9.990513920783996582e-01 2.080979943275451660e-02 3.824874758720397949e-02 2.788476467132568359e+00 -1.898685656487941742e-02 9.986945390701293945e-01 -4.742028564214706421e-02 -5.919311046600341797e+00 -3.918562456965446472e-02 4.664905741810798645e-02 9.981426000595092773e-01 1.404709625244140625e+02
9.990425109863281250e-01 2.080090343952178955e-02 3.848537057638168335e-02 2.839505195617675781e+00 -1.897778175771236420e-02 9.987077116966247559e-01 -4.714505374431610107e-02 -6.016314506530761719e+00 -3.941630199551582336e-02 4.636952280998229980e-02 9.981465339660644531e-01 1.418558044433593750e+02
9.990254640579223633e-01 2.064810320734977722e-02 3.900749981403350830e-02 2.890159130096435547e+00 -1.881008036434650421e-02 9.987218379974365234e-01 -4.691271111369132996e-02 -6.109868526458740234e+00 -3.992630913853645325e-02 4.613322764635086060e-02 9.981371760368347168e-01 1.432389526367187500e+02
9.989613890647888184e-01 2.191627025604248047e-02 3.994482755661010742e-02 2.941475152969360352e+00 -2.002337016165256500e-02 9.986853599548339844e-01 -4.718683287501335144e-02 -6.201386928558349609e+00 -4.092648252844810486e-02 4.633796587586402893e-02 9.980871677398681641e-01 1.446005554199218750e+02
9.989240765571594238e-01 2.106491290032863617e-02 4.131275415420532227e-02 2.997566223144531250e+00 -1.908616349101066589e-02 9.986783862113952637e-01 -4.771965369582176208e-02 -6.295978546142578125e+00 -4.226337373256683350e-02 4.687977954745292664e-02 9.980061650276184082e-01 1.460015106201171875e+02
9.989702105522155762e-01 2.015214227139949799e-02 4.064662382006645203e-02 3.054015159606933594e+00 -1.818988658487796783e-02 9.986778497695922852e-01 -4.808087274432182312e-02 -6.390865325927734375e+00 -4.156182333827018738e-02 4.729197919368743896e-02 9.980161786079406738e-01 1.473577728271484375e+02
9.988766908645629883e-01 2.041831426322460175e-02 4.275783896446228027e-02 3.110697269439697266e+00 -1.828246936202049255e-02 9.985938668251037598e-01 -4.976053163409233093e-02 -6.483336448669433594e+00 -4.371375218033790588e-02 4.892289265990257263e-02 9.978456497192382812e-01 1.487022399902343750e+02
9.988573789596557617e-01 2.040292695164680481e-02 4.321268200874328613e-02 3.169595718383789062e+00 -1.824986189603805542e-02 9.986001849174499512e-01 -4.964599013328552246e-02 -6.580414295196533203e+00 -4.416512325406074524e-02 4.880061745643615723e-02 9.978317618370056152e-01 1.500657348632812500e+02
9.988635778427124023e-01 2.032252214848995209e-02 4.310734197497367859e-02 3.224738836288452148e+00 -1.825719512999057770e-02 9.986913204193115234e-01 -4.777510836720466614e-02 -6.677203655242919922e+00 -4.402184858918190002e-02 4.693377390503883362e-02 9.979276061058044434e-01 1.514315643310546875e+02
9.987079501152038574e-01 2.037070877850055695e-02 4.655295982956886292e-02 3.279684066772460938e+00 -1.805666461586952209e-02 9.986060857772827148e-01 -4.959847778081893921e-02 -6.764775753021240234e+00 -4.749843105673789978e-02 4.869377613067626953e-02 9.976838231086730957e-01 1.526970977783203125e+02
9.987552165985107422e-01 2.055107243359088898e-02 4.544624313712120056e-02 3.341212272644042969e+00 -1.834069564938545227e-02 9.986533522605895996e-01 -4.853013902902603149e-02 -6.862861156463623047e+00 -4.638239741325378418e-02 4.763618856668472290e-02 9.977873563766479492e-01 1.540517425537109375e+02
9.987175464630126953e-01 2.129875123500823975e-02 4.592703282833099365e-02 3.404231309890747070e+00 -1.909491419792175293e-02 9.986696243286132812e-01 -4.790138825774192810e-02 -6.959698677062988281e+00 -4.688617587089538574e-02 4.696296155452728271e-02 9.977957606315612793e-01 1.554513244628906250e+02
9.986844658851623535e-01 2.289547957479953766e-02 4.587852209806442261e-02 3.465349435806274414e+00 -2.071692049503326416e-02 9.986607432365417480e-01 -4.741060733795166016e-02 -7.052833557128906250e+00 -4.690256714820861816e-02 4.639775678515434265e-02 9.978214502334594727e-01 1.568098754882812500e+02
9.985957741737365723e-01 2.245482802391052246e-02 4.797865450382232666e-02 3.522248029708862305e+00 -2.008531428873538971e-02 9.985816478729248047e-01 -4.931039735674858093e-02 -7.137632846832275391e+00 -4.901786148548126221e-02 4.827747493982315063e-02 9.976305365562438965e-01 1.580479125976562500e+02
9.985076785087585449e-01 2.202404290437698364e-02 4.997048899531364441e-02 3.588116645812988281e+00 -1.956231705844402313e-02 9.985960125923156738e-01 -4.922860115766525269e-02 -7.237873554229736328e+00 -5.098454654216766357e-02 4.817758500576019287e-02 9.975368380546569824e-01 1.594375000000000000e+02
9.984000921249389648e-01 2.168676443397998810e-02 5.221790447831153870e-02 3.658364772796630859e+00 -1.903704740107059479e-02 9.985316991806030273e-01 -5.071654543280601501e-02 -7.336207866668701172e+00 -5.324111506342887878e-02 4.964131116867065430e-02 9.973471760749816895e-01 1.608055572509765625e+02
9.983404874801635742e-01 2.242390438914299011e-02 5.304023995995521545e-02 3.730568408966064453e+00 -1.967310532927513123e-02 9.984622597694396973e-01 -5.182757601141929626e-02 -7.434347152709960938e+00 -5.412086099386215210e-02 5.069807916879653931e-02 9.972466826438903809e-01 1.621531829833984375e+02
9.982523322105407715e-01 2.195278368890285492e-02 5.486511066555976868e-02 3.801154851913452148e+00 -1.914833672344684601e-02 9.985085129737854004e-01 -5.112817138433456421e-02 -7.535902976989746094e+00 -5.590569227933883667e-02 4.998822137713432312e-02 9.971840381622314453e-01 1.635094146728515625e+02
9.982488751411437988e-01 2.241743728518486023e-02 5.473999306559562683e-02 3.872310876846313477e+00 -1.961614191532135010e-02 9.984964728355407715e-01 -5.118605494499206543e-02 -7.631534099578857422e+00 -5.580515414476394653e-02 5.002261325716972351e-02 9.971879720687866211e-01 1.648550872802734375e+02
9.982702136039733887e-01 2.217740565538406372e-02 5.444786697626113892e-02 3.943716287612915039e+00 -1.937802694737911224e-02 9.984893798828125000e-01 -5.141397938132286072e-02 -7.731316566467285156e+00 -5.550585314631462097e-02 5.026992782950401306e-02 9.971922636032104492e-01 1.662177581787109375e+02
9.981751441955566406e-01 2.208400145173072815e-02 5.620082095265388489e-02 4.018630504608154297e+00 -1.911127194762229919e-02 9.984172582626342773e-01 -5.289312452077865601e-02 -7.831844806671142578e+00 -5.727996677160263062e-02 5.172251164913177490e-02 9.970176219940185547e-01 1.675842590332031250e+02
9.980946779251098633e-01 2.315117977559566498e-02 5.719197168946266174e-02 4.092248916625976562e+00 -2.007156237959861755e-02 9.983474612236022949e-01 -5.384648963809013367e-02 -7.934507369995117188e+00 -5.834407359361648560e-02 5.259594693779945374e-02 9.969102144241333008e-01 1.689464874267578125e+02
9.980899095535278320e-01 2.436860837042331696e-02 5.676759779453277588e-02 4.170914649963378906e+00 -2.126730605959892273e-02 9.982812404632568359e-01 -5.460911244153976440e-02 -8.035952568054199219e+00 -5.800078064203262329e-02 5.329749360680580139e-02 9.968929886817932129e-01 1.703103637695312500e+02
9.980998635292053223e-01 2.505333721637725830e-02 5.629275366663932800e-02 4.244667053222656250e+00 -2.195550128817558289e-02 9.982453584671020508e-01 -5.499076098203659058e-02 -8.138416290283203125e+00 -5.757168680429458618e-02 5.365031957626342773e-02 9.968989491462707520e-01 1.716723785400390625e+02
9.980804324150085449e-01 2.412802167236804962e-02 5.703618749976158142e-02 4.323245525360107422e+00 -2.094203978776931763e-02 9.982216358184814453e-01 -5.581117421388626099e-02 -8.241346359252929688e+00 -5.828136950731277466e-02 5.450957268476486206e-02 9.968110918998718262e-01 1.730422210693359375e+02
9.979947805404663086e-01 2.498332597315311432e-02 5.815589427947998047e-02 4.398812770843505859e+00 -2.171594835817813873e-02 9.981859326362609863e-01 -5.615225806832313538e-02 -8.348024368286132812e+00 -5.945327132940292358e-02 5.477673932909965515e-02 9.967272281646728516e-01 1.744043426513671875e+02
9.979730844497680664e-01 2.510395832359790802e-02 5.847527086734771729e-02 4.474386215209960938e+00 -2.182807214558124542e-02 9.981919527053833008e-01 -5.600182712078094482e-02 -8.449180603027343750e+00 -5.977541580796241760e-02 5.461190268397331238e-02 9.967170357704162598e-01 1.757367248535156250e+02
9.979603886604309082e-01 2.490522526204586029e-02 5.877625569701194763e-02 4.554555892944335938e+00 -2.155115455389022827e-02 9.981400966644287109e-01 -5.702452361583709717e-02 -8.553994178771972656e+00 -6.008714810013771057e-02 5.564151331782341003e-02 9.966413378715515137e-01 1.771256256103515625e+02
9.980070590972900391e-01 2.497464604675769806e-02 5.794847756624221802e-02 4.635367393493652344e+00 -2.160883508622646332e-02 9.980826973915100098e-01 -5.799937248229980469e-02 -8.661733627319335938e+00 -5.928589031100273132e-02 5.663157999515533447e-02 9.966335296630859375e-01 1.785319213867187500e+02
9.979891180992126465e-01 2.474625594913959503e-02 5.835458636283874512e-02 4.717069149017333984e+00 -2.133533917367458344e-02 9.980671405792236328e-01 -5.836689844727516174e-02 -8.773315429687500000e+00 -5.968616530299186707e-02 5.700451135635375977e-02 9.965883493423461914e-01 1.799321441650390625e+02
