9.999967813491821289e-01 -1.958987908437848091e-03 -1.630129059776663780e-03 3.499723039567470551e-03 1.957400934770703316e-03 9.999976158142089844e-01 -9.745060233399271965e-04 -9.789328090846538544e-03 1.632034895010292530e-03 9.713119361549615860e-04 9.999982118606567383e-01 5.653511285781860352e-01
9.999930858612060547e-01 -2.475043991580605507e-03 -2.755837049335241318e-03 1.173953991383314133e-03 2.468661870807409286e-03 9.999942183494567871e-01 -2.316828351467847824e-03 -2.241474017500877380e-02 2.761556068435311317e-03 2.310008741915225983e-03 9.999935030937194824e-01 1.127606987953186035e+00
9.999863505363464355e-01 -2.528164535760879517e-03 -4.580897279083728790e-03 -7.831705734133720398e-03 2.512020291760563850e-03 9.999905228614807129e-01 -3.526615444570779800e-03 -4.141091182827949524e-02 4.589770920574665070e-03 3.515058662742376328e-03 9.999833703041076660e-01 1.689224958419799805e+00
9.999675154685974121e-01 -4.648686852306127548e-03 -6.595320533961057663e-03 -1.508127991110086441e-02 4.612815566360950470e-03 9.999744296073913574e-01 -5.443974398076534271e-03 -5.922719091176986694e-02 6.620460189878940582e-03 5.413373000919818878e-03 9.999635219573974609e-01 2.251295804977416992e+00
9.999413490295410156e-01 -7.134575396776199341e-03 -8.152764290571212769e-03 -2.040073275566101074e-02 7.072901818901300430e-03 9.999462366104125977e-01 -7.569121662527322769e-03 -7.423247396945953369e-02 8.206328377127647400e-03 7.511011790484189987e-03 9.999382495880126953e-01 2.816071510314941406e+00
9.999201297760009766e-01 -8.311337791383266449e-03 -9.539069607853889465e-03 -2.969353646039962769e-02 8.230327628552913666e-03 9.999299049377441406e-01 -8.500811643898487091e-03 -9.078264236450195312e-02 9.609053842723369598e-03 8.421622216701507568e-03 9.999185204505920410e-01 3.390280723571777344e+00
9.999041557312011719e-01 -8.525347337126731873e-03 -1.091073174029588699e-02 -4.152744635939598083e-02 8.441127836704254150e-03 9.999342560768127441e-01 -7.742225192487239838e-03 -1.098543852567672729e-01 1.097601838409900665e-02 7.649383973330259323e-03 9.999105930328369141e-01 3.969488859176635742e+00
9.998884797096252441e-01 -8.811523206532001495e-03 -1.206613145768642426e-02 -5.593705177307128906e-02 8.715867996215820312e-03 9.999302029609680176e-01 -7.957588881254196167e-03 -1.348020881414413452e-01 1.213539857417345047e-02 7.851533591747283936e-03 9.998956918716430664e-01 4.556203842163085938e+00
9.998781085014343262e-01 -8.278892375528812408e-03 -1.324786245822906494e-02 -7.008099555969238281e-02 8.141374215483665466e-03 9.999125599861145020e-01 -1.040104869753122330e-02 -1.575513780117034912e-01 1.333280839025974274e-02 1.029192097485065460e-02 9.998583793640136719e-01 5.150463104248046875e+00
9.998749494552612305e-01 -6.580037064850330353e-03 -1.439059339463710785e-02 -8.798199146986007690e-02 6.374277174472808838e-03 9.998772740364074707e-01 -1.429780945181846619e-02 -1.803478896617889404e-01 1.448290795087814331e-02 1.420429255813360214e-02 9.997944831848144531e-01 5.751284599304199219e+00
9.998653531074523926e-01 -5.082826595753431320e-03 -1.561247464269399643e-02 -1.054713129997253418e-01 4.800848662853240967e-03 9.998254776000976562e-01 -1.804596930742263794e-02 -1.996580809354782104e-01 1.570146903395652771e-02 1.796859316527843475e-02 9.997156858444213867e-01 6.363941669464111328e+00
9.998522996902465820e-01 -3.623833646997809410e-03 -1.680538617074489594e-02 -1.238576173782348633e-01 3.306956263259053230e-03 9.998168945312500000e-01 -1.884542964398860931e-02 -2.187843769788742065e-01 1.687059551477432251e-02 1.878706365823745728e-02 9.996814727783203125e-01 6.989626407623291016e+00
9.998395442962646484e-01 -1.112535479478538036e-03 -1.788542419672012329e-02 -1.444743126630783081e-01 8.907695300877094269e-04 9.999227523803710938e-01 -1.240252982825040817e-02 -2.366164773702621460e-01 1.789782755076885223e-02 1.238460280001163483e-02 9.997634291648864746e-01 7.637601375579833984e+00
9.998258948326110840e-01 -8.672072726767510176e-05 -1.866531372070312500e-02 -1.645123958587646484e-01 5.358806447475217283e-05 9.999983906745910645e-01 -1.775662414729595184e-03 -2.542634606361389160e-01 1.866542920470237732e-02 1.774352160282433033e-03 9.998245835304260254e-01 8.302109718322753906e+00
9.998121261596679688e-01 1.004604855552315712e-03 -1.936675794422626495e-02 -1.844755262136459351e-01 -8.989145862869918346e-04 9.999847412109375000e-01 5.465141497552394867e-03 -2.738043963909149170e-01 1.937194354832172394e-02 -5.446705967187881470e-03 9.997978806495666504e-01 8.978383064270019531e+00
9.997818470001220703e-01 3.389971097931265831e-03 -2.061747014522552490e-02 -2.077191770076751709e-01 -3.275843104347586632e-03 9.999791979789733887e-01 5.566728301346302032e-03 -2.924368679523468018e-01 2.063590474426746368e-02 -5.497975274920463562e-03 9.997722506523132324e-01 9.661916732788085938e+00
9.997544884681701660e-01 5.555764771997928619e-03 -2.145927213132381439e-02 -2.329992949962615967e-01 -5.595211405307054520e-03 9.999828934669494629e-01 -1.778629957698285580e-03 -3.035716712474822998e-01 2.144902013242244720e-02 1.898259157314896584e-03 9.997686147689819336e-01 1.035367870330810547e+01
9.997371435165405273e-01 4.812932107597589493e-03 -2.242766506969928741e-02 -2.537941038608551025e-01 -5.013394635170698166e-03 9.999480843544006348e-01 -8.890578523278236389e-03 -3.091781437397003174e-01 2.238370291888713837e-02 9.000676684081554413e-03 9.997093677520751953e-01 1.106422901153564453e+01
9.997148513793945312e-01 2.620745217427611351e-03 -2.375050634145736694e-02 -2.701281607151031494e-01 -2.819209359586238861e-03 9.999615550041198730e-01 -8.326644077897071838e-03 -3.152237534523010254e-01 2.372776344418525696e-02 8.391222916543483734e-03 9.996836185455322266e-01 1.179839038848876953e+01
9.997066259384155273e-01 1.893750042654573917e-03 -2.416095696389675140e-02 -2.821163535118103027e-01 -1.858131610788404942e-03 9.999973177909851074e-01 1.496506156399846077e-03 -3.207014501094818115e-01 2.416372112929821014e-02 -1.451170886866748333e-03 9.997074604034423828e-01 1.255869865417480469e+01
9.996968507766723633e-01 1.625148230232298374e-03 -2.457883395254611969e-02 -2.962123155593872070e-01 -1.393167302012443542e-03 9.999545216560363770e-01 9.452365338802337646e-03 -3.252214789390563965e-01 2.459306828677654266e-02 -9.415253996849060059e-03 9.996535778045654297e-01 1.333519840240478516e+01
9.996866583824157715e-01 7.583661936223506927e-04 -2.503533102571964264e-02 -3.128297626972198486e-01 -4.521019582170993090e-04 9.999253153800964355e-01 1.223661471158266068e-02 -3.292073905467987061e-01 2.504272945225238800e-02 -1.222145650535821915e-02 9.996120929718017578e-01 1.412399005889892578e+01
9.996795058250427246e-01 -1.382697722874581814e-03 -2.529213018715381622e-02 -3.270869553089141846e-01 1.667549367994070053e-03 9.999356865882873535e-01 1.124476362019777298e-02 -3.300204277038574219e-01 2.527494914829730988e-02 -1.128333620727062225e-02 9.996175169944763184e-01 1.492763233184814453e+01
9.996854662895202637e-01 -2.198697999119758606e-03 -2.499779686331748962e-02 -3.451204299926757812e-01 2.413900801911950111e-03 9.999605417251586914e-01 8.581851609051227570e-03 -3.298599720001220703e-01 2.497794106602668762e-02 -8.639493025839328766e-03 9.996512532234191895e-01 1.574882125854492188e+01
9.997044205665588379e-01 5.747652903664857149e-05 -2.432655543088912964e-02 -3.585572242736816406e-01 6.660531653324142098e-05 9.999874234199523926e-01 5.099767353385686874e-03 -3.310783803462982178e-01 2.432654052972793579e-02 -5.099879112094640732e-03 9.996916651725769043e-01 1.658175277709960938e+01
9.997242689132690430e-01 -2.636623103171586990e-03 -2.334610559046268463e-02 -3.661097884178161621e-01 2.632566029205918312e-03 9.999969005584716797e-01 -2.046156732831150293e-04 -3.374209105968475342e-01 2.334657125174999237e-02 1.430972479283809662e-04 9.997279644012451172e-01 1.742810249328613281e+01
9.997265934944152832e-01 -5.544119048863649368e-03 -2.272786572575569153e-02 -3.686443567276000977e-01 5.399778019636869431e-03 9.999653100967407227e-01 -6.407468579709529877e-03 -3.506532013416290283e-01 2.276260033249855042e-02 6.282987073063850403e-03 9.997217655181884766e-01 1.828806114196777344e+01
9.997556805610656738e-01 -5.085929762572050095e-03 -2.153036370873451233e-02 -3.812873959541320801e-01 4.819454159587621689e-03 9.999117851257324219e-01 -1.241078879684209824e-02 -3.643232285976409912e-01 2.159158140420913696e-02 1.230397634208202362e-02 9.996917247772216797e-01 1.916967010498046875e+01
9.997665286064147949e-01 -3.838835284113883972e-03 -2.127843350172042847e-02 -3.931437134742736816e-01 3.555294126272201538e-03 9.999051094055175781e-01 -1.334729883819818497e-02 -3.836280405521392822e-01 2.132765017449855804e-02 1.326852664351463318e-02 9.996850490570068359e-01 2.007060241699218750e+01
9.997625350952148438e-01 -3.422673325985670090e-03 -2.153588272631168365e-02 -4.065576195716857910e-01 3.148130141198635101e-03 9.999141097068786621e-01 -1.276932843029499054e-02 -4.078809320926666260e-01 2.157773822546005249e-02 1.269848551601171494e-02 9.996870756149291992e-01 2.099061965942382812e+01
9.997671842575073242e-01 -2.204437274485826492e-03 -2.148374170064926147e-02 -4.196581244468688965e-01 1.910245628096163273e-03 9.999048113822937012e-01 -1.370467897504568100e-02 -4.350658059120178223e-01 2.151189930737018585e-02 1.366044860333204269e-02 9.996758103370666504e-01 2.192489051818847656e+01
9.997729063034057617e-01 4.687545879278331995e-04 -2.131795138120651245e-02 -4.375606775283813477e-01 -8.075321675278246403e-04 9.998740553855895996e-01 -1.588585972785949707e-02 -4.631429910659790039e-01 2.130781859159469604e-02 1.589946076273918152e-02 9.996470212936401367e-01 2.287774085998535156e+01
9.997646212577819824e-01 4.013696685433387756e-03 -2.133588306605815887e-02 -4.507316052913665771e-01 -4.371522460132837296e-03 9.998506307601928711e-01 -1.675090007483959198e-02 -4.913797080516815186e-01 2.126545831561088562e-02 1.684022322297096252e-02 9.996325373649597168e-01 2.384921264648437500e+01
9.997578859329223633e-01 5.791206378489732742e-03 -2.123996429145336151e-02 -4.686400890350341797e-01 -6.143969483673572540e-03 9.998441934585571289e-01 -1.658090017735958099e-02 -5.208191275596618652e-01 2.114062756299972534e-02 1.670738309621810913e-02 9.996374249458312988e-01 2.482497596740722656e+01
9.997478723526000977e-01 6.655413191765546799e-03 -2.146389335393905640e-02 -4.870736896991729736e-01 -7.009528577327728271e-03 9.998404383659362793e-01 -1.646518707275390625e-02 -5.504866242408752441e-01 2.135087922215461731e-02 1.661148481070995331e-02 9.996345043182373047e-01 2.580752563476562500e+01
9.997435808181762695e-01 6.684041116386651993e-03 -2.165237255394458771e-02 -5.055766105651855469e-01 -7.043811026960611343e-03 9.998383522033691406e-01 -1.658208668231964111e-02 -5.806979537010192871e-01 2.153803780674934387e-02 1.673034764826297760e-02 9.996284842491149902e-01 2.679489707946777344e+01
9.997304081916809082e-01 7.470022886991500854e-03 -2.200512215495109558e-02 -5.258753895759582520e-01 -7.810441777110099792e-03 9.998512268066406250e-01 -1.542467530816793442e-02 -6.123111844062805176e-01 2.188662067055702209e-02 1.559238880872726440e-02 9.996393322944641113e-01 2.779590797424316406e+01
9.997184872627258301e-01 8.169165812432765961e-03 -2.229874394834041595e-02 -5.464850068092346191e-01 -8.472005836665630341e-03 9.998734593391418457e-01 -1.352028362452983856e-02 -6.430976986885070801e-01 2.218547090888023376e-02 1.370539795607328415e-02 9.996604323387145996e-01 2.880311012268066406e+01
9.997052550315856934e-01 8.828659541904926300e-03 -2.263483405113220215e-02 -5.679164528846740723e-01 -9.107461199164390564e-03 9.998843073844909668e-01 -1.224376261234283447e-02 -6.738451719284057617e-01 2.252411283552646637e-02 1.244630664587020874e-02 9.996694326400756836e-01 2.981731414794921875e+01
9.997053146362304688e-01 8.689451031386852264e-03 -2.268546633422374725e-02 -5.884760618209838867e-01 -8.985549211502075195e-03 9.998761415481567383e-01 -1.298294402658939362e-02 -7.048066854476928711e-01 2.256983146071434021e-02 1.318296790122985840e-02 9.996590614318847656e-01 3.083821487426757812e+01
9.996912479400634766e-01 9.758375585079193115e-03 -2.286542579531669617e-02 -6.113855242729187012e-01 -1.008382905274629593e-02 9.998496770858764648e-01 -1.416135579347610474e-02 -7.344819903373718262e-01 2.272378653287887573e-02 1.438755728304386139e-02 9.996389150619506836e-01 3.186664581298828125e+01
9.996855258941650391e-01 9.563060477375984192e-03 -2.320037595927715302e-02 -6.341857910156250000e-01 -9.875848889350891113e-03 9.998623132705688477e-01 -1.340487506240606308e-02 -7.658542990684509277e-01 2.306896634399890900e-02 1.362978667020797729e-02 9.996415376663208008e-01 3.290251541137695312e+01
9.996760487556457520e-01 8.859612978994846344e-03 -2.387811616063117981e-02 -6.562573313713073730e-01 -9.116730652749538422e-03 9.999023079872131348e-01 -1.068035233765840530e-02 -7.960956096649169922e-01 2.378114685416221619e-02 1.089459471404552460e-02 9.996582269668579102e-01 3.394946670532226562e+01
9.996659159660339355e-01 9.103419259190559387e-03 -2.420489303767681122e-02 -6.799669861793518066e-01 -9.280087426304817200e-03 9.999318122863769531e-01 -7.196274120360612869e-03 -8.250699639320373535e-01 2.413772605359554291e-02 7.418503519147634506e-03 9.996814131736755371e-01 3.500440979003906250e+01
9.996519684791564941e-01 9.284326806664466858e-03 -2.470700442790985107e-02 -7.046296596527099609e-01 -9.400973096489906311e-03 9.999460577964782715e-01 -4.608861636370420456e-03 -8.521283864974975586e-01 2.466286532580852509e-02 4.839541390538215637e-03 9.996843338012695312e-01 3.606727981567382812e+01
9.996394515037536621e-01 9.218539111316204071e-03 -2.523677609860897064e-02 -7.318158745765686035e-01 -9.321943856775760651e-03 9.999494552612304688e-01 -3.982559312134981155e-03 -8.792451620101928711e-01 2.519876696169376373e-02 4.216393455862998962e-03 9.996739625930786133e-01 3.712993621826171875e+01
9.996348619461059570e-01 8.640364743769168854e-03 -2.562662586569786072e-02 -7.509458661079406738e-01 -8.785452693700790405e-03 9.999468326568603516e-01 -5.554150789976119995e-03 -8.999457955360412598e-01 2.557725831866264343e-02 5.777275655418634415e-03 9.996564984321594238e-01 3.820158004760742188e+01
9.996240735054016113e-01 8.853192441165447235e-03 -2.597288787364959717e-02 -7.637423872947692871e-01 -9.008689783513545990e-03 9.999428987503051758e-01 -5.875764414668083191e-03 -9.173902273178100586e-01 2.591936662793159485e-02 6.107549648731946945e-03 9.996457695960998535e-01 3.927701187133789062e+01
9.996119737625122070e-01 8.636789396405220032e-03 -2.650763653218746185e-02 -7.861118316650390625e-01 -8.772331289947032928e-03 9.999497532844543457e-01 -5.001108162105083466e-03 -9.426011443138122559e-01 2.646309696137905121e-02 5.231713876128196716e-03 9.996364712715148926e-01 4.035360717773437500e+01
9.995918273925781250e-01 8.601044304668903351e-03 -2.727063931524753571e-02 -8.119811415672302246e-01 -8.683296851813793182e-03 9.999588131904602051e-01 -2.898944774642586708e-03 -9.707252383232116699e-01 2.724456600844860077e-02 3.134573576971888542e-03 9.996241927146911621e-01 4.143103790283203125e+01
9.995750784873962402e-01 8.727973327040672302e-03 -2.783668041229248047e-02 -8.405591845512390137e-01 -8.747267536818981171e-03 9.999623298645019531e-01 -5.711122066713869572e-04 -9.983511567115783691e-01 2.783061750233173370e-02 8.143809973262250423e-04 9.996126294136047363e-01 4.250648498535156250e+01
9.995478987693786621e-01 1.022000424563884735e-02 -2.830097265541553497e-02 -8.709118962287902832e-01 -1.022406108677387238e-02 9.999484419822692871e-01 1.833814167184755206e-06 -1.026979446411132812e+00 2.829950302839279175e-02 2.891528711188584566e-04 9.995999336242675781e-01 4.358051300048828125e+01
9.995285272598266602e-01 1.094395481050014496e-02 -2.871053665876388550e-02 -9.059966802597045898e-01 -1.106492150574922562e-02 9.999312758445739746e-01 -4.057533573359251022e-03 -1.047970652580261230e+00 2.866413816809654236e-02 4.374673124402761459e-03 9.995799660682678223e-01 4.464541625976562500e+01
9.995091557502746582e-01 1.235171779990196228e-02 -2.881189808249473572e-02 -9.448056817054748535e-01 -1.260323263704776764e-02 9.998846650123596191e-01 -8.564027026295661926e-03 -1.065232634544372559e+00 2.870271913707256317e-02 8.925395086407661438e-03 9.995487332344055176e-01 4.570731735229492188e+01
9.994946718215942383e-01 1.312039792537689209e-02 -2.897767722606658936e-02 -9.815094470977783203e-01 -1.338945515453815460e-02 9.998694658279418945e-01 -9.110189042985439301e-03 -1.088166475296020508e+00 2.885434404015541077e-02 9.493187069892883301e-03 9.995390772819519043e-01 4.677983474731445312e+01
9.994996190071105957e-01 1.324264798313379288e-02 -2.875026687979698181e-02 -1.015604257583618164e+00 -1.343043427914381027e-02 9.998902678489685059e-01 -6.348081864416599274e-03 -1.110851526260375977e+00 2.866298891603946686e-02 6.728719919919967651e-03 9.995669722557067871e-01 4.785822296142578125e+01
9.994925856590270996e-01 1.417720969766378403e-02 -2.854922972619533539e-02 -1.050114274024963379e+00 -1.429877802729606628e-02 9.998901486396789551e-01 -4.059445112943649292e-03 -1.131381511688232422e+00 2.849009819328784943e-02 4.461413715034723282e-03 9.995846748352050781e-01 4.893465423583984375e+01
9.995226860046386719e-01 1.204172521829605103e-02 -2.847356908023357391e-02 -1.079496264457702637e+00 -1.212511863559484482e-02 9.999232888221740723e-01 -2.758974675089120865e-03 -1.149441480636596680e+00 2.843972109258174896e-02 3.096654312685132027e-03 9.995912313461303711e-01 5.001067352294921875e+01
9.995203018188476562e-01 1.300679519772529602e-02 -2.813589200377464294e-02 -1.112505197525024414e+00 -1.308060996234416962e-02 9.999120831489562988e-01 -2.439351053908467293e-03 -1.168837428092956543e+00 2.810359746217727661e-02 2.800685120746493340e-03 9.996016621589660645e-01 5.108924865722656250e+01
9.995579123497009277e-01 1.082090474665164948e-02 -2.772132866084575653e-02 -1.142897129058837891e+00 -1.097234431654214859e-02 9.999261498451232910e-01 -5.315483082085847855e-03 -1.184929609298706055e+00 2.766393683850765228e-02 5.613415502011775970e-03 9.996021389961242676e-01 5.215956878662109375e+01
9.995473623275756836e-01 1.194244530051946640e-02 -2.764414623379707336e-02 -1.177502155303955078e+00 -1.216304022818803787e-02 9.998959302902221680e-01 -7.821630686521530151e-03 -1.200275421142578125e+00 2.755375392735004425e-02 8.150883018970489502e-03 9.995874762535095215e-01 5.323265457153320312e+01
9.995605945587158203e-01 1.097808592021465302e-02 -2.756386436522006989e-02 -1.210486292839050293e+00 -1.125246658921241760e-02 9.998890161514282227e-01 -9.817635640501976013e-03 -1.221230626106262207e+00 2.745993062853813171e-02 1.011908147484064102e-02 9.995720386505126953e-01 5.430649566650390625e+01
9.995754957199096680e-01 9.582323022186756134e-03 -2.754407376050949097e-02 -1.248790144920349121e+00 -9.938349947333335876e-03 9.998688697814941406e-01 -1.281993743032217026e-02 -1.244310617446899414e+00 2.742161042988300323e-02 1.308376714587211609e-02 9.995387196540832520e-01 5.537248992919921875e+01
9.995939135551452637e-01 7.889463566243648529e-03 -2.741337567567825317e-02 -1.282228112220764160e+00 -8.313672617077827454e-03 9.998474121093750000e-01 -1.539394911378622055e-02 -1.272192478179931641e+00 2.729490026831626892e-02 1.561048068106174469e-02 9.995060563087463379e-01 5.644380950927734375e+01
9.996083974838256836e-01 6.482936907559633255e-03 -2.724986337125301361e-02 -1.319411993026733398e+00 -6.848547607660293579e-03 9.998880624771118164e-01 -1.334573607891798019e-02 -1.300079345703125000e+00 2.716607227921485901e-02 1.351692900061607361e-02 9.995399713516235352e-01 5.751449203491210938e+01
9.996168017387390137e-01 5.272755399346351624e-03 -2.720940485596656799e-02 -1.352180957794189453e+00 -5.472219549119472504e-03 9.999591112136840820e-01 -7.262981496751308441e-03 -1.322688341140747070e+00 2.717208303511142731e-02 7.398915477097034454e-03 9.996038079261779785e-01 5.860065078735351562e+01
9.996297955513000488e-01 4.177680704742670059e-03 -2.691985294222831726e-02 -1.387176156044006348e+00 -4.211039748042821884e-03 9.999909996986389160e-01 -1.183331129141151905e-03 -1.339024305343627930e+00 2.691534161567687988e-02 1.286089303903281689e-03 9.996372461318969727e-01 5.968582916259765625e+01
9.996391534805297852e-01 2.508966950699687004e-03 -2.677796408534049988e-02 -1.418008923530578613e+00 -2.506262855604290962e-03 9.999973773956298828e-01 1.329364458797499537e-04 -1.354327201843261719e+00 2.677737735211849213e-02 -7.595106580993160605e-05 9.996417760848999023e-01 6.076853942871093750e+01
9.996482133865356445e-01 -6.622740766033530235e-04 -2.654826454818248749e-02 -1.444555044174194336e+00 5.800347425974905491e-04 9.999956488609313965e-01 -3.108542179688811302e-03 -1.364859342575073242e+00 2.654627896845340729e-02 3.081887261942028999e-03 9.996430873870849609e-01 6.184746551513671875e+01
9.996461868286132812e-01 -2.548641292378306389e-03 -2.651046589016914368e-02 -1.469495058059692383e+00 2.379630692303180695e-03 9.999771118164062500e-01 -6.407896522432565689e-03 -1.377471208572387695e+00 2.652031928300857544e-02 6.332391873002052307e-03 9.996284842491149902e-01 6.292517471313476562e+01
9.996482729911804199e-01 -5.710195982828736305e-04 -2.655199542641639709e-02 -1.499917268753051758e+00 3.006037150043994188e-04 9.999485611915588379e-01 -1.019190903753042221e-02 -1.395800471305847168e+00 2.654938027262687683e-02 1.017015147954225540e-02 9.995960593223571777e-01 6.400404357910156250e+01
9.996491670608520508e-01 -1.301746815443038940e-03 -2.649102360010147095e-02 -1.528092145919799805e+00 9.079899173229932785e-04 9.998895525932312012e-01 -1.487283781170845032e-02 -1.415207266807556152e+00 2.650046534836292267e-02 1.483338885009288788e-02 9.995390176773071289e-01 6.508531951904296875e+01
9.996622204780578613e-01 1.995357917621731758e-03 -2.594344131648540497e-02 -1.558768033981323242e+00 -2.402987098321318626e-03 9.998745918273925781e-01 -1.569238863885402679e-02 -1.436238050460815430e+00 2.590527012944221497e-02 1.573922857642173767e-02 9.995408058166503906e-01 6.616974639892578125e+01
9.996666908264160156e-01 6.847933866083621979e-03 -2.492657862603664398e-02 -1.593316793441772461e+00 -7.147718686610460281e-03 9.999034404754638672e-01 -1.195832528173923492e-02 -1.460635781288146973e+00 2.484193444252014160e-02 1.212230417877435684e-02 9.996182918548583984e-01 6.726140594482421875e+01
9.996591210365295410e-01 8.312837220728397369e-03 -2.478541061282157898e-02 -1.623510718345642090e+00 -8.549615740776062012e-03 9.999191761016845703e-01 -9.463679976761341095e-03 -1.483748793601989746e+00 2.470524422824382782e-02 9.662153199315071106e-03 9.996483922004699707e-01 6.834970092773437500e+01
9.996609687805175781e-01 7.575557101517915726e-03 -2.494941093027591705e-02 -1.649240612983703613e+00 -7.807026617228984833e-03 9.999278187751770020e-01 -9.192401543259620667e-03 -1.501926660537719727e+00 2.488172985613346100e-02 9.373868815600872040e-03 9.996469020843505859e-01 6.943494415283203125e+01
9.996753334999084473e-01 6.096033379435539246e-03 -2.478354796767234802e-02 -1.673161506652832031e+00 -6.302853580564260483e-03 9.999464750289916992e-01 -8.274530060589313507e-03 -1.522850513458251953e+00 2.473966963589191437e-02 8.417850360274314880e-03 9.996588826179504395e-01 7.052234649658203125e+01
9.996743798255920410e-01 4.970249254256486893e-03 -2.507072687149047852e-02 -1.697569370269775391e+00 -5.144861526787281036e-03 9.999635219573974609e-01 -6.902628578245639801e-03 -1.542286634445190430e+00 2.504422515630722046e-02 7.019172888249158859e-03 9.996621608734130859e-01 7.160598754882812500e+01
9.996734857559204102e-01 3.394721308723092079e-03 -2.536872588098049164e-02 -1.724040508270263672e+00 -3.524518571794033051e-03 9.999814629554748535e-01 -5.068303085863590240e-03 -1.566429495811462402e+00 2.535916678607463837e-02 5.145854782313108444e-03 9.996654987335205078e-01 7.268960571289062500e+01
9.996585845947265625e-01 2.220547758042812347e-03 -2.607525698840618134e-02 -1.754601597785949707e+00 -2.302264561876654625e-03 9.999930262565612793e-01 -3.103827126324176788e-03 -1.593457818031311035e+00 2.607410028576850891e-02 3.152581164613366127e-03 9.996554851531982422e-01 7.376894378662109375e+01
9.996444582939147949e-01 1.479131984524428844e-03 -2.666622772812843323e-02 -1.784426689147949219e+00 -1.590590458363294601e-03 9.999907016754150391e-01 -4.157623741775751114e-03 -1.618952631950378418e+00 2.666635625064373016e-02 4.188336431980133057e-03 9.996361136436462402e-01 7.484295654296875000e+01
9.996301531791687012e-01 1.607269165106117725e-03 -2.718638442456722260e-02 -1.818015336990356445e+00 -1.826392021030187607e-03 9.999666213989257812e-01 -8.035144768655300140e-03 -1.644072532653808594e+00 2.718471363186836243e-02 8.071601390838623047e-03 9.995982050895690918e-01 7.591173553466796875e+01
9.996111392974853516e-01 2.133801812306046486e-03 -2.783909440040588379e-02 -1.852270126342773438e+00 -2.424629870802164078e-03 9.999434947967529297e-01 -1.041779760271310806e-02 -1.670697689056396484e+00 2.782519347965717316e-02 1.047102082520723343e-02 9.995582699775695801e-01 7.698007965087890625e+01
9.995900392532348633e-01 4.233089741319417953e-03 -2.834909595549106598e-02 -1.892753243446350098e+00 -4.483749158680438995e-03 9.999520182609558105e-01 -8.786132559180259705e-03 -1.702096939086914062e+00 2.831538394093513489e-02 8.899436332285404205e-03 9.995597600936889648e-01 7.804465484619140625e+01
9.995687007904052734e-01 5.278626456856727600e-03 -2.892127819359302521e-02 -1.931693196296691895e+00 -5.415823310613632202e-03 9.999751448631286621e-01 -4.669007379561662674e-03 -1.731654763221740723e+00 2.890467457473278046e-02 4.813429433852434158e-03 9.995708465576171875e-01 7.911497497558593750e+01
9.995420575141906738e-01 6.853245664387941360e-03 -2.950636856257915497e-02 -1.971600174903869629e+00 -6.869010627269744873e-03 9.999769926071166992e-01 -4.326814669184386730e-04 -1.759352803230285645e+00 2.951566316187381744e-02 6.249961443245410919e-04 9.995644688606262207e-01 8.018036651611328125e+01
9.995219111442565918e-01 7.994852028787136078e-03 -2.990164607763290405e-02 -2.009245157241821289e+00 -7.978001609444618225e-03 9.999685883522033691e-01 6.841609138064086437e-04 -1.780032515525817871e+00 2.991881594061851501e-02 -4.554156621452420950e-04 9.995524287223815918e-01 8.124098968505859375e+01
9.995070695877075195e-01 7.795793935656547546e-03 -3.044808842241764069e-02 -2.046090126037597656e+00 -7.848941721022129059e-03 9.999685883522033691e-01 -1.625689910724759102e-03 -1.798449516296386719e+00 3.044411353766918182e-02 1.853694557212293148e-03 9.995350241661071777e-01 8.229562377929687500e+01
9.994891881942749023e-01 7.555002812296152115e-03 -3.108411841094493866e-02 -2.082195043563842773e+00 -7.642105221748352051e-03 9.999678730964660645e-01 -2.681554993614554405e-03 -1.819153308868408203e+00 3.107122890651226044e-02 2.907563000917434692e-03 9.995131492614746094e-01 8.334259033203125000e+01
9.994762539863586426e-01 7.225518580526113510e-03 -3.157600015401840210e-02 -2.118144035339355469e+00 -7.306555286049842834e-03 9.999708533287048340e-01 -2.449265448376536369e-03 -1.836349129676818848e+00 3.156344592571258545e-02 2.668537199497222900e-03 9.994983673095703125e-01 8.438145446777343750e+01
9.994617700576782227e-01 5.955974571406841278e-03 -3.229184448719024658e-02 -2.152256250381469727e+00 -6.031710188835859299e-03 9.999799132347106934e-01 -2.246547257527709007e-03 -1.854734182357788086e+00 3.228374570608139038e-02 2.429965185001492500e-03 9.994759559631347656e-01 8.540634155273437500e+01
9.994483590126037598e-01 4.547045100480318069e-03 -3.293428570032119751e-02 -2.187212228775024414e+00 -4.572489764541387558e-03 9.999898672103881836e-01 -6.958385929465293884e-04 -1.871237277984619141e+00 3.293928876519203186e-02 8.358989143744111061e-04 9.994572997093200684e-01 8.641714477539062500e+01
9.994325041770935059e-01 4.756681155413389206e-03 -3.338168561458587646e-02 -2.224919795989990234e+00 -4.695637617260217667e-03 9.999876618385314941e-01 1.908287988044321537e-03 -1.889128327369689941e+00 3.339827433228492737e-02 -1.760584767907857895e-03 9.994408488273620605e-01 8.741066741943359375e+01
9.994031190872192383e-01 4.012758377939462662e-03 -3.434629738330841064e-02 -2.262423753738403320e+00 -3.902924945577979088e-03 9.999876022338867188e-01 3.266939194872975349e-03 -1.907769083976745605e+00 3.436493501067161560e-02 -3.141045337542891502e-03 9.994047880172729492e-01 8.838260650634765625e+01
9.993350505828857422e-01 2.999181160703301430e-03 -3.637304157018661499e-02 -2.303691864013671875e+00 -2.880758838728070259e-03 9.999909400939941406e-01 3.309130435809493065e-03 -1.929485082626342773e+00 3.639230504631996155e-02 -3.212234703823924065e-03 9.993327856063842773e-01 8.933527374267578125e+01
9.992125630378723145e-01 2.138292882591485977e-03 -3.965074196457862854e-02 -2.344770908355712891e+00 -2.031171461567282677e-03 9.999946951866149902e-01 2.744502853602170944e-03 -1.950965523719787598e+00 3.966943919658660889e-02 -2.671903232112526894e-03 9.992097616195678711e-01 9.026552581787109375e+01
9.990696310997009277e-01 2.186693018302321434e-03 -4.309937730431556702e-02 -2.390133857727050781e+00 -2.108000917360186577e-03 9.999966025352478027e-01 1.875427900813519955e-03 -1.972735762596130371e+00 4.311755299568176270e-02 -1.792934373952448368e-03 9.990689754486083984e-01 9.117070770263671875e+01
9.989319443702697754e-01 1.832798589020967484e-03 -4.619662463665008545e-02 -2.434744119644165039e+00 -1.755339209921658039e-03 9.999976158142089844e-01 1.721618813462555408e-03 -1.993636846542358398e+00 4.621393606066703796e-02 -1.648800563998520374e-03 9.989309906959533691e-01 9.205517578125000000e+01
9.987784028053283691e-01 2.904733875766396523e-03 -4.935414716601371765e-02 -2.486717939376831055e+00 -2.745383884757757187e-03 9.999914169311523438e-01 3.299358766525983810e-03 -2.021956920623779297e+00 4.937639459967613220e-02 -3.169939853250980377e-03 9.987761378288269043e-01 9.291577148437500000e+01
9.986206889152526855e-01 3.941515460610389709e-03 -5.238128826022148132e-02 -2.538276910781860352e+00 -3.724515903741121292e-03 9.999845027923583984e-01 4.241702612489461899e-03 -2.044394016265869141e+00 5.240880697965621948e-02 -4.050851799547672272e-03 9.986183643341064453e-01 9.375395965576171875e+01
9.984587430953979492e-01 4.910920746624469757e-03 -5.530501157045364380e-02 -2.594375610351562500e+00 -4.595768637955188751e-03 9.999728202819824219e-01 5.825141444802284241e-03 -2.066115140914916992e+00 5.534174665808677673e-02 -5.572086665779352188e-03 9.984527826309204102e-01 9.456707000732421875e+01
9.982960820198059082e-01 6.427526473999023438e-03 -5.802034959197044373e-02 -2.649587392807006836e+00 -6.047896109521389008e-03 9.999595880508422852e-01 6.716411095112562180e-03 -2.083333492279052734e+00 5.807705968618392944e-02 -6.364117842167615891e-03 9.982928037643432617e-01 9.535205078125000000e+01
9.981373548507690430e-01 8.546324446797370911e-03 -6.042831391096115112e-02 -2.709823131561279297e+00 -8.117187768220901489e-03 9.999406337738037109e-01 7.343725766986608505e-03 -2.104835510253906250e+00 6.050492078065872192e-02 -6.849543657153844833e-03 9.981452822685241699e-01 9.611058807373046875e+01
9.979518651962280273e-01 1.045330706983804703e-02 -6.313137710094451904e-02 -2.769309043884277344e+00 -1.006775256246328354e-02 9.999291896820068359e-01 6.424085702747106552e-03 -2.127246856689453125e+00 6.320437043905258179e-02 -5.785359535366296768e-03 9.979846477508544922e-01 9.683646392822265625e+01
9.977696537971496582e-01 1.184201985597610474e-02 -6.571364402770996094e-02 -2.827592372894287109e+00 -1.166787929832935333e-02 9.999276995658874512e-01 3.035433357581496239e-03 -2.149904251098632812e+00 6.575758755207061768e-02 -2.271904842928051949e-03 9.978337883949279785e-01 9.753306579589843750e+01
9.975730180740356445e-01 1.414369326084852219e-02 -6.819612532854080200e-02 -2.885301351547241211e+00 -1.423271093517541885e-02 9.998986721038818359e-01 -8.174484828487038612e-04 -2.169613361358642578e+00 6.818651407957077026e-02 1.776045886799693108e-03 9.976718425750732422e-01 9.819683837890625000e+01
9.973887205123901367e-01 1.616255752742290497e-02 -7.040778547525405884e-02 -2.940576553344726562e+00 -1.644929125905036926e-02 9.998588562011718750e-01 -3.493035212159156799e-03 -2.192788600921630859e+00 7.034677267074584961e-02 4.632008261978626251e-03 9.975126385688781738e-01 9.883276367187500000e+01
9.972898960113525391e-01 1.777343824505805969e-02 -7.141108810901641846e-02 -2.992554664611816406e+00 -1.815501227974891663e-02 9.998243451118469238e-01 -4.697171971201896667e-03 -2.217649698257446289e+00 7.132168114185333252e-02 5.970797501504421234e-03 9.974364638328552246e-01 9.943740844726562500e+01
9.972996115684509277e-01 2.031187154352664948e-02 -7.059453427791595459e-02 -3.043654680252075195e+00 -2.065607532858848572e-02 9.997781515121459961e-01 -4.148039035499095917e-03 -2.242126703262329102e+00 7.050210237503051758e-02 5.584972910583019257e-03 9.974966049194335938e-01 1.000200195312500000e+02
9.974094629287719727e-01 2.401073649525642395e-02 -6.782557070255279541e-02 -3.092267513275146484e+00 -2.423152513802051544e-02 9.997035264968872070e-01 -2.433991758152842522e-03 -2.268332719802856445e+00 6.774872541427612305e-02 4.061130341142416000e-03 9.976946115493774414e-01 1.005818557739257812e+02
9.976873993873596191e-01 2.685739099979400635e-02 -6.245987117290496826e-02 -3.132396459579467773e+00 -2.695923112332820892e-02 9.996363520622253418e-01 -7.880247430875897408e-04 -2.291455030441284180e+00 6.241898238658905029e-02 2.460008021444082260e-03 9.980475902557373047e-01 1.011196441650390625e+02
9.980878233909606934e-01 2.769476920366287231e-02 -5.528445541858673096e-02 -3.162399291992187500e+00 -2.768297493457794189e-02 9.996163249015808105e-01 9.807312162593007088e-04 -2.311034917831420898e+00 5.529826134443283081e-02 5.416235653683543205e-04 9.984703660011291504e-01 1.016363296508789062e+02
9.985737204551696777e-01 2.754336968064308167e-02 -4.576705023646354675e-02 -3.182492971420288086e+00 -2.741444483399391174e-02 9.996182918548583984e-01 3.443631809204816818e-03 -2.327168703079223633e+00 4.585395008325576782e-02 -2.193997614085674286e-03 9.989464282989501953e-01 1.021306533813476562e+02
9.990513324737548828e-01 2.711622975766658783e-02 -3.411628678441047668e-02 -3.196722745895385742e+00 -2.696659974753856659e-02 9.996247887611389160e-01 4.838238470256328583e-03 -2.349063396453857422e+00 3.424525260925292969e-02 -3.923570737242698669e-03 9.994063377380371094e-01 1.026043395996093750e+02
9.994376897811889648e-01 2.635001949965953827e-02 -2.079600095748901367e-02 -3.201967477798461914e+00 -2.625237219035625458e-02 9.996432662010192871e-01 4.952741786837577820e-03 -2.369031190872192383e+00 2.092865668237209320e-02 -4.413892980664968491e-03 9.997715950012207031e-01 1.030549240112304688e+02
9.996442794799804688e-01 2.606410160660743713e-02 -5.856822710484266281e-03 -3.198184490203857422e+00 -2.603937685489654541e-02 9.996520876884460449e-01 4.238680936396121979e-03 -2.391847372055053711e+00 5.970289930701255798e-03 -4.094528499990701675e-03 9.999740719795227051e-01 1.034865341186523438e+02
9.996266365051269531e-01 2.465668693184852600e-02 1.187615748494863510e-02 -3.182672262191772461e+00 -2.467498183250427246e-02 9.996947646141052246e-01 1.414930098690092564e-03 -2.410045146942138672e+00 -1.183615531772375107e-02 -1.717313774861395359e-03 9.999287128448486328e-01 1.039074325561523438e+02
9.991769790649414062e-01 2.397219464182853699e-02 3.276208788156509399e-02 -3.156875610351562500e+00 -2.388277836143970490e-02 9.997100830078125000e-01 -3.111860947683453560e-03 -2.432589530944824219e+00 -3.282570838928222656e-02 2.317030215635895729e-03 9.994586706161499023e-01 1.043189163208007812e+02
9.981478452682495117e-01 2.187544107437133789e-02 5.678851902484893799e-02 -3.116158485412597656e+00 -2.145323716104030609e-02 9.997377395629882812e-01 -8.029531687498092651e-03 -2.449485540390014648e+00 -5.694391578435897827e-02 6.786526646465063095e-03 9.983544945716857910e-01 1.047190093994140625e+02
9.962922334671020508e-01 1.953502744436264038e-02 8.380157500505447388e-02 -3.061831235885620117e+00 -1.869514770805835724e-02 9.997672438621520996e-01 -1.079202163964509964e-02 -2.472039222717285156e+00 -8.398600667715072632e-02 9.175447747111320496e-03 9.964249134063720703e-01 1.051162033081054688e+02
9.934067130088806152e-01 1.685323193669319153e-02 1.134097427129745483e-01 -2.993907213211059570e+00 -1.558547280728816986e-02 9.998062252998352051e-01 -1.205306220799684525e-02 -2.487673521041870117e+00 -1.135870516300201416e-01 1.019621826708316803e-02 9.934760332107543945e-01 1.054984054565429688e+02
9.892488121986389160e-01 1.437845733016729355e-02 1.455424875020980835e-01 -2.911417245864868164e+00 -1.252045575529336929e-02 9.998283386230468750e-01 -1.367144007235765457e-02 -2.507487535476684570e+00 -1.457125246524810791e-01 1.169243548065423965e-02 9.892581105232238770e-01 1.058777999877929688e+02
9.834429025650024414e-01 1.169323362410068512e-02 1.808481365442276001e-01 -2.813888311386108398e+00 -9.042666293680667877e-03 9.998396039009094238e-01 -1.547201070934534073e-02 -2.526593685150146484e+00 -1.809970438480377197e-01 1.357074733823537827e-02 9.833903312683105469e-01 1.062405166625976562e+02
9.756833910942077637e-01 8.224854245781898499e-03 2.190364152193069458e-01 -2.699436902999877930e+00 -4.860132001340389252e-03 9.998620748519897461e-01 -1.589415594935417175e-02 -2.548583984375000000e+00 -2.191321253776550293e-01 1.443342305719852448e-02 9.755876660346984863e-01 1.066026611328125000e+02
9.659054279327392578e-01 5.639532580971717834e-03 2.588387429714202881e-01 -2.570784807205200195e+00 -1.392500824294984341e-03 9.998617172241210938e-01 -1.658697612583637238e-02 -2.565421342849731445e+00 -2.588900029659271240e-01 1.565132476389408112e-02 9.657802581787109375e-01 1.069443817138671875e+02
9.538775682449340820e-01 5.989148281514644623e-03 3.001405298709869385e-01 -2.431750059127807617e+00 -7.526167901232838631e-04 9.998457431793212891e-01 -1.755839772522449493e-02 -2.585375308990478516e+00 -3.001947999000549316e-01 1.651295460760593414e-02 9.537349343299865723e-01 1.072854080200195312e+02
9.389091134071350098e-01 8.082927204668521881e-03 3.440743088722229004e-01 -2.279364585876464844e+00 -2.030059928074479103e-03 9.998371005058288574e-01 -1.794747263193130493e-02 -2.601079702377319336e+00 -3.441575765609741211e-01 1.614349149167537689e-02 9.387734532356262207e-01 1.076166381835937500e+02
9.213649630546569824e-01 7.841691374778747559e-03 3.886232376098632812e-01 -2.109391450881958008e+00 -1.344045740552246571e-03 9.998551011085510254e-01 -1.698790118098258972e-02 -2.615947723388671875e+00 -3.886957466602325439e-01 1.512037403881549835e-02 9.212427735328674316e-01 1.079270553588867188e+02
9.015134572982788086e-01 6.907627452164888382e-03 4.326995611190795898e-01 -1.921496033668518066e+00 -1.275357644772157073e-04 9.998770356178283691e-01 -1.569535583257675171e-02 -2.628873348236083984e+00 -4.327535927295684814e-01 1.408616639673709869e-02 9.014035463333129883e-01 1.082349777221679688e+02
8.787776231765747070e-01 5.396937951445579529e-03 4.772042632102966309e-01 -1.720231175422668457e+00 2.468828577548265457e-03 9.998714923858642578e-01 -1.585376448929309845e-02 -2.641917943954467773e+00 -4.772236645221710205e-01 1.510306261479854584e-02 8.786531090736389160e-01 1.085155639648437500e+02
8.539865016937255859e-01 5.486589390784502029e-03 5.202692151069641113e-01 -1.506756186485290527e+00 4.312613047659397125e-03 9.998356699943542480e-01 -1.762219332158565521e-02 -2.655976295471191406e+00 -5.202769637107849121e-01 1.728367991745471954e-02 8.538229465484619141e-01 1.087946243286132812e+02
