9.999268054962158203e-01 -3.092410974204540253e-03 1.169424969702959061e-02 2.138869091868400574e-02 3.079219022765755653e-03 9.999945759773254395e-01 1.146025606431066990e-03 -8.456433191895484924e-03 -1.169773004949092865e-02 -1.109933364205062389e-03 9.999309778213500977e-01 2.880713939666748047e-01
9.998142719268798828e-01 -5.167712923139333725e-03 1.856599748134613037e-02 3.879027068614959717e-02 5.141246132552623749e-03 9.999857544898986816e-01 1.473071752116084099e-03 -1.513783074915409088e-02 -1.857334934175014496e-02 -1.377345295622944832e-03 9.998264908790588379e-01 5.807337760925292969e-01
9.997541904449462891e-01 -8.010201156139373779e-03 2.067128755152225494e-02 5.418065935373306274e-02 8.008307777345180511e-03 9.999679327011108398e-01 1.744433538988232613e-04 -2.008116245269775391e-02 -2.067201957106590271e-02 -8.858391083776950836e-06 9.997861981391906738e-01 8.792349100112915039e-01
9.997749328613281250e-01 -9.463067166507244110e-03 1.899364963173866272e-02 6.515084207057952881e-02 9.496346116065979004e-03 9.999535679817199707e-01 -1.662555499933660030e-03 -2.474146336317062378e-02 -1.897703297436237335e-02 1.842550467699766159e-03 9.998180866241455078e-01 1.185209989547729492e+00
9.998511672019958496e-01 -1.185843162238597870e-02 1.253961957991123199e-02 7.053236663341522217e-02 1.189537066966295242e-02 9.999251365661621094e-01 -2.875296398997306824e-03 -2.883154340088367462e-02 -1.250459533184766769e-02 3.024030476808547974e-03 9.999171495437622070e-01 1.500856876373291016e+00
9.999012351036071777e-01 -1.405064202845096588e-02 5.041619879193603992e-04 6.976838409900665283e-02 1.405302993953227997e-02 9.998882412910461426e-01 -5.094792693853378296e-03 -3.440223634243011475e-02 -4.325282061472535133e-04 5.101372487843036652e-03 9.999867677688598633e-01 1.824325799942016602e+00
9.997888803482055664e-01 -1.342620141804218292e-02 -1.555879227817058563e-02 5.785896629095077515e-02 1.334533095359802246e-02 9.998968839645385742e-01 -5.289823748171329498e-03 -4.333151131868362427e-02 1.562820002436637878e-02 5.081068724393844604e-03 9.998649358749389648e-01 2.161982774734497070e+00
9.993603229522705078e-01 -8.848876692354679108e-03 -3.465391695499420166e-02 3.493816405534744263e-02 8.679167367517948151e-03 9.999496340751647949e-01 -5.044683348387479782e-03 -5.403999239206314087e-02 3.469679877161979675e-02 4.740688018500804901e-03 9.993864297866821289e-01 2.516768455505371094e+00
9.985197186470031738e-01 -5.196828395128250122e-03 -5.414520949125289917e-02 3.415144979953765869e-03 4.866005387157201767e-03 9.999688267707824707e-01 -6.239968817681074142e-03 -6.304966658353805542e-02 5.417591705918312073e-02 5.967259407043457031e-03 9.985134005546569824e-01 2.875510931015014648e+00
9.972367286682128906e-01 -4.507960285991430283e-03 -7.415364682674407959e-02 -3.086299449205398560e-02 4.012607969343662262e-03 9.999687075614929199e-01 -6.827706471085548401e-03 -7.085384428501129150e-02 7.418208569288253784e-02 6.511288229376077652e-03 9.972234368324279785e-01 3.247149944305419922e+00
9.954565763473510742e-01 -5.949699319899082184e-03 -9.503164887428283691e-02 -7.130282372236251831e-02 5.379008129239082336e-03 9.999660849571228027e-01 -6.260342895984649658e-03 -7.742983102798461914e-02 9.506562352180480957e-02 5.720721557736396790e-03 9.954544305801391602e-01 3.630710124969482422e+00
9.933377504348754883e-01 -7.329144049435853958e-03 -1.150053292512893677e-01 -1.231303066015243530e-01 6.752023939043283463e-03 9.999628663063049316e-01 -5.406984128057956696e-03 -8.517903089523315430e-02 1.150405928492546082e-01 4.594441503286361694e-03 9.933500885963439941e-01 4.021894931793212891e+00
9.910848140716552734e-01 -6.260088644921779633e-03 -1.330839246511459351e-01 -1.931244134902954102e-01 5.657287314534187317e-03 9.999722242355346680e-01 -4.907151684165000916e-03 -9.480390697717666626e-02 1.331108808517456055e-01 4.110509995371103287e-03 9.910926222801208496e-01 4.418355941772460938e+00
9.888525605201721191e-01 -4.731325898319482803e-03 -1.488211154937744141e-01 -2.714241743087768555e-01 4.211144521832466125e-03 9.999842047691345215e-01 -3.810279304161667824e-03 -1.043554171919822693e-01 1.488366872072219849e-01 3.141098190099000931e-03 9.888567924499511719e-01 4.828311920166015625e+00
9.866847395896911621e-01 -3.759231185540556908e-03 -1.626002937555313110e-01 -3.555622398853302002e-01 3.153905039653182030e-03 9.999875426292419434e-01 -3.980764187872409821e-03 -1.137549057602882385e-01 1.626131683588027954e-01 3.414933104068040848e-03 9.866839647293090820e-01 5.248720645904541016e+00
9.845817685127258301e-01 -4.884310998022556305e-03 -1.748553216457366943e-01 -4.410341978073120117e-01 4.143078811466693878e-03 9.999812245368957520e-01 -4.603918176144361496e-03 -1.230564042925834656e-01 1.748743504285812378e-01 3.808495355769991875e-03 9.845834374427795410e-01 5.683089733123779297e+00
9.827219247817993164e-01 -8.432074449956417084e-03 -1.848951280117034912e-01 -5.276696681976318359e-01 7.289579138159751892e-03 9.999503493309020996e-01 -6.858087610453367233e-03 -1.316203027963638306e-01 1.849436759948730469e-01 5.391784943640232086e-03 9.827343821525573730e-01 6.127818584442138672e+00
9.812035560607910156e-01 -8.176025934517383575e-03 -1.928016990423202515e-01 -6.223878860473632812e-01 6.568665616214275360e-03 9.999386072158813477e-01 -8.974635042250156403e-03 -1.398922950029373169e-01 1.928630769252777100e-01 7.539493963122367859e-03 9.811968207359313965e-01 6.586937427520751953e+00
9.797394871711730957e-01 -7.236129604279994965e-03 -2.001446038484573364e-01 -7.270140051841735840e-01 5.215490236878395081e-03 9.999306201934814453e-01 -1.062133349478244781e-02 -1.495504081249237061e-01 2.002074718475341797e-01 9.362288750708103180e-03 9.797087311744689941e-01 7.057526588439941406e+00
9.780319333076477051e-01 -7.866013795137405396e-03 -2.083063274621963501e-01 -8.348053693771362305e-01 5.207475274801254272e-03 9.998984932899475098e-01 -1.330798584967851639e-02 -1.604265272617340088e-01 2.083896845579147339e-01 1.193088293075561523e-02 9.779731035232543945e-01 7.548377037048339844e+00
9.763062596321105957e-01 -1.149733364582061768e-02 -2.160875946283340454e-01 -9.419590830802917480e-01 8.487625978887081146e-03 9.998542666435241699e-01 -1.485108584165573120e-02 -1.729816347360610962e-01 2.162267118692398071e-01 1.266513206064701080e-02 9.762611389160156250e-01 8.041586875915527344e+00
9.744447469711303711e-01 -1.794209145009517670e-02 -2.239098846912384033e-01 -1.052873849868774414e+00 1.460500154644250870e-02 9.997569322586059570e-01 -1.655112765729427338e-02 -1.870514452457427979e-01 2.241524159908294678e-01 1.285795215517282486e-02 9.744693636894226074e-01 8.554973602294921875e+00
9.723895788192749023e-01 -1.882262155413627625e-02 -2.326034903526306152e-01 -1.178088665008544922e+00 1.511869393289089203e-02 9.997296929359436035e-01 -1.769655756652355194e-02 -2.016067355871200562e-01 2.328735589981079102e-01 1.369128376245498657e-02 9.724106192588806152e-01 9.075978279113769531e+00
9.703810811042785645e-01 -1.477647013962268829e-02 -2.411272823810577393e-01 -1.317953705787658691e+00 9.627674706280231476e-03 9.997008442878723145e-01 -2.251736260950565338e-02 -2.194403558969497681e-01 2.413870394229888916e-01 1.952891238033771515e-02 9.702323675155639648e-01 9.607604026794433594e+00
9.682175517082214355e-01 -1.175727043300867081e-02 -2.498331069946289062e-01 -1.461511731147766113e+00 5.410043988376855850e-03 9.996459484100341797e-01 -2.607750333845615387e-02 -2.434394359588623047e-01 2.500500679016113281e-01 2.389707788825035095e-02 9.679377675056457520e-01 1.014897727966308594e+01
9.659985303878784180e-01 -1.382599025964736938e-02 -2.581775784492492676e-01 -1.600916504859924316e+00 6.935733836144208908e-03 9.995961189270019531e-01 -2.757990360260009766e-02 -2.736564278602600098e-01 2.584536969661712646e-01 2.485148422420024872e-02 9.657037258148193359e-01 1.069970607757568359e+01
9.636100530624389648e-01 -1.701692864298820496e-02 -2.667698562145233154e-01 -1.746027708053588867e+00 9.362869895994663239e-03 9.995085000991821289e-01 -2.993754856288433075e-02 -3.017085492610931396e-01 2.671468853950500488e-01 2.635037899017333984e-02 9.632952213287353516e-01 1.126148605346679688e+01
9.613946080207824707e-01 -1.660120859742164612e-02 -2.746726870536804199e-01 -1.902901887893676758e+00 7.991698570549488068e-03 9.994425773620605469e-01 -3.243428096175193787e-02 -3.279272019863128662e-01 2.750560641288757324e-01 2.898704074323177338e-02 9.609907865524291992e-01 1.182925796508789062e+01
9.591272473335266113e-01 -1.549078617244958878e-02 -2.825514078140258789e-01 -2.073217868804931641e+00 5.603800527751445770e-03 9.993451237678527832e-01 -3.576664254069328308e-02 -3.566837012767791748e-01 2.829185128211975098e-01 3.272138163447380066e-02 9.585852622985839844e-01 1.241105842590332031e+01
9.567950367927551270e-01 -1.642719842493534088e-02 -2.902992069721221924e-01 -2.247332811355590820e+00 4.781777504831552505e-03 9.991574883460998535e-01 -4.077937826514244080e-02 -3.862947821617126465e-01 2.907222509384155273e-01 3.762934356927871704e-02 9.560672044754028320e-01 1.300125980377197266e+01
9.549988508224487305e-01 -1.796301826834678650e-02 -2.960657775402069092e-01 -2.430939912796020508e+00 3.863493911921977997e-03 9.988337755203247070e-01 -4.813957959413528442e-02 -4.149227738380432129e-01 2.965833842754364014e-01 4.482935741543769836e-02 9.539540410041809082e-01 1.360352802276611328e+01
9.537106156349182129e-01 -1.848288625478744507e-02 -3.001582622528076172e-01 -2.620929956436157227e+00 1.619327696971595287e-03 9.984112381935119629e-01 -5.633428692817687988e-02 -4.420319497585296631e-01 3.007210791110992432e-01 5.324049666523933411e-02 9.522247910499572754e-01 1.421691989898681641e+01
9.524712562561035156e-01 -1.858297176659107208e-02 -3.040617406368255615e-01 -2.819368600845336914e+00 -1.216357457451522350e-03 9.978982806205749512e-01 -6.479769200086593628e-02 -4.781376421451568604e-01 3.046247363090515137e-01 6.208771467208862305e-02 9.504463076591491699e-01 1.484154987335205078e+01
9.511736631393432617e-01 -1.798414997756481171e-02 -3.081322610378265381e-01 -3.024730443954467773e+00 -5.045040510594844818e-03 9.972624182701110840e-01 -7.377890497446060181e-02 -5.190178155899047852e-01 3.086135983467102051e-01 7.173102349042892456e-02 9.484787583351135254e-01 1.547709083557128906e+01
9.498372077941894531e-01 -1.765622943639755249e-02 -3.122463822364807129e-01 -3.237327575683593750e+00 -8.048037998378276825e-03 9.966951012611389160e-01 -8.084080368280410767e-02 -5.701379776000976562e-01 3.126399517059326172e-01 7.929848879575729370e-02 9.465557336807250977e-01 1.612455940246582031e+01
9.481933116912841797e-01 -1.538122724741697311e-02 -3.173213303089141846e-01 -3.471583366394042969e+00 -1.300715189427137375e-02 9.961107373237609863e-01 -8.715057373046875000e-02 -6.308152079582214355e-01 3.174260854721069336e-01 8.676294237375259399e-02 9.443054795265197754e-01 1.679488754272460938e+01
9.465822577476501465e-01 -1.443545613437891006e-02 -3.221389055252075195e-01 -3.703616142272949219e+00 -1.649621874094009399e-02 9.955220818519592285e-01 -9.308375418186187744e-02 -6.968514323234558105e-01 3.220382630825042725e-01 9.342540800571441650e-02 9.421055912971496582e-01 1.744153594970703125e+01
9.449059963226318359e-01 -1.222396548837423325e-02 -3.271127045154571533e-01 -3.951021909713745117e+00 -2.114982716739177704e-02 9.949352145195007324e-01 -9.827411174774169922e-02 -7.690051198005676270e-01 3.266558349132537842e-01 9.977805614471435547e-02 9.398618340492248535e-01 1.811393165588378906e+01
9.431816935539245605e-01 -9.609986096620559692e-03 -3.321378231048583984e-01 -4.206225395202636719e+00 -2.563134580850601196e-02 9.944996833801269531e-01 -1.015608906745910645e-01 -8.443721532821655273e-01 3.312855660915374756e-01 1.043033450841903687e-01 9.377474784851074219e-01 1.880103111267089844e+01
9.414123892784118652e-01 -8.075787685811519623e-03 -3.371604084968566895e-01 -4.466632843017578125e+00 -2.826312556862831116e-02 9.943079948425292969e-01 -1.027318909764289856e-01 -9.233998656272888184e-01 3.360699117183685303e-01 1.062421575188636780e-01 9.358255863189697266e-01 1.949748039245605469e+01
9.391911029815673828e-01 -7.945902645587921143e-03 -3.433025181293487549e-01 -4.730673313140869141e+00 -2.886856719851493835e-02 9.943667650222778320e-01 -1.019924953579902649e-01 -1.007318735122680664e+00 3.421783447265625000e-01 1.057009696960449219e-01 9.336709976196289062e-01 2.020756149291992188e+01
9.368678331375122070e-01 -7.519293110817670822e-03 -3.496020138263702393e-01 -5.002324581146240234e+00 -2.946952357888221741e-02 9.945148229598999023e-01 -1.003630831837654114e-01 -1.091050624847412109e+00 3.484385907649993896e-01 1.043294742703437805e-01 9.315074086189270020e-01 2.092424011230468750e+01
9.342874884605407715e-01 -7.529029157012701035e-03 -3.564402163028717041e-01 -5.285311698913574219e+00 -2.950747124850749969e-02 9.947143197059631348e-01 -9.835512936115264893e-02 -1.174887895584106445e+00 3.552961647510528564e-01 1.024094745516777039e-01 9.291270971298217773e-01 2.165512275695800781e+01
9.310991168022155762e-01 -6.948829628527164459e-03 -3.646991848945617676e-01 -5.575589179992675781e+00 -3.003740124404430389e-02 9.949626922607421875e-01 -9.564496576786041260e-02 -1.260054111480712891e+00 3.635264337062835693e-01 1.000094860792160034e-01 9.262001514434814453e-01 2.238961029052734375e+01
9.277390241622924805e-01 -5.077227484434843063e-03 -3.731946051120758057e-01 -5.895726203918457031e+00 -3.070040419697761536e-02 9.954813718795776367e-01 -8.986273407936096191e-02 -1.353120326995849609e+00 3.719642758369445801e-01 9.482625871896743774e-02 9.233908653259277344e-01 2.314116287231445312e+01
9.242862462997436523e-01 -1.524335355497896671e-03 -3.816964626312255859e-01 -6.215009212493896484e+00 -3.317486122250556946e-02 9.958876371383666992e-01 -8.431094139814376831e-02 -1.438961267471313477e+00 3.802548348903656006e-01 9.059007465839385986e-02 9.204346537590026855e-01 2.387853431701660156e+01
9.206241369247436523e-01 2.247459487989544868e-03 -3.904430270195007324e-01 -6.553187847137451172e+00 -3.648770973086357117e-02 9.961031079292297363e-01 -8.030058443546295166e-02 -1.526496171951293945e+00 3.887406587600708008e-01 8.817293494939804077e-02 9.171185493469238281e-01 2.462980079650878906e+01
9.168006181716918945e-01 3.486623987555503845e-03 -3.993294239044189453e-01 -6.893667221069335938e+00 -3.796475008130073547e-02 9.961943626403808594e-01 -7.846353948116302490e-02 -1.606968164443969727e+00 3.975357413291931152e-01 8.709578961133956909e-02 9.134439826011657715e-01 2.538491249084472656e+01
9.127705693244934082e-01 3.235869109630584717e-03 -4.084592163562774658e-01 -7.246161937713623047e+00 -3.828631713986396790e-02 9.962445497512817383e-01 -7.766488939523696899e-02 -1.685831308364868164e+00 4.066735804080963135e-01 8.652853220701217651e-02 9.094668030738830566e-01 2.614715385437011719e+01
9.088635444641113281e-01 3.268545260652899742e-03 -4.170805215835571289e-01 -7.606333255767822266e+00 -3.875321894884109497e-02 9.963058233261108398e-01 -7.663974165916442871e-02 -1.761967182159423828e+00 4.152889549732208252e-01 8.581820130348205566e-02 9.056328535079956055e-01 2.691436386108398438e+01
9.048830270767211914e-01 4.608144052326679230e-03 -4.256351888179779053e-01 -7.982189178466796875e+00 -4.021678864955902100e-02 9.963942170143127441e-01 -7.471179217100143433e-02 -1.839861273765563965e+00 4.237559437751770020e-01 8.472304046154022217e-02 9.018056392669677734e-01 2.768872642517089844e+01
9.011219143867492676e-01 3.561206161975860596e-03 -4.335510730743408203e-01 -8.362268447875976562e+00 -3.882331773638725281e-02 9.966123700141906738e-01 -7.250682264566421509e-02 -1.915762424468994141e+00 4.318242371082305908e-01 8.216930925846099854e-02 8.982074260711669922e-01 2.846911239624023438e+01
8.972015976905822754e-01 4.003366921097040176e-03 -4.416025876998901367e-01 -8.757072448730468750e+00 -3.820144757628440857e-02 9.969145059585571289e-01 -6.857611238956451416e-02 -1.990235447883605957e+00 4.399656951427459717e-01 7.839639484882354736e-02 8.945862650871276855e-01 2.926141166687011719e+01
8.934530019760131836e-01 6.286263465881347656e-03 -4.491121768951416016e-01 -9.164406776428222656e+00 -3.863655775785446167e-02 9.972716569900512695e-01 -6.290370970964431763e-02 -2.060215473175048828e+00 4.474921226501464844e-01 7.355360686779022217e-02 8.912582993507385254e-01 3.005970001220703125e+01
8.896268010139465332e-01 6.524174939841032028e-03 -4.566410779953002930e-01 -9.580697059631347656e+00 -3.732656314969062805e-02 9.975914359092712402e-01 -5.846656113862991333e-02 -2.130017280578613281e+00 4.551606774330139160e-01 6.905819475650787354e-02 8.877277970314025879e-01 3.086419868469238281e+01
8.858289122581481934e-01 5.849283188581466675e-03 -4.639745652675628662e-01 -1.000711441040039062e+01 -3.614498302340507507e-02 9.977521300315856934e-01 -5.643004551529884338e-02 -2.196453094482421875e+00 4.626024961471557617e-01 6.675761938095092773e-02 8.840494155883789062e-01 3.167494773864746094e+01
8.825641274452209473e-01 4.764468409121036530e-03 -4.701673984527587891e-01 -1.044425201416015625e+01 -3.498800843954086304e-02 9.978417754173278809e-01 -5.556524917483329773e-02 -2.258265018463134766e+00 4.688889682292938232e-01 6.549003720283508301e-02 8.808262944221496582e-01 3.249204635620117188e+01
8.793578147888183594e-01 5.398329347372055054e-03 -4.761306047439575195e-01 -1.089503097534179688e+01 -3.522847965359687805e-02 9.979328513145446777e-01 -5.374840646982192993e-02 -2.319480657577514648e+00 4.748572409152984619e-01 6.403736025094985962e-02 8.777304291725158691e-01 3.331698608398437500e+01
8.764051795005798340e-01 4.444596357643604279e-03 -4.815535843372344971e-01 -1.135406112670898438e+01 -3.365619108080863953e-02 9.980775117874145508e-01 -5.204071849584579468e-02 -2.381080627441406250e+00 4.803974926471710205e-01 6.181592121720314026e-02 8.748701214790344238e-01 3.415204238891601562e+01
8.737376332283020020e-01 3.155662212520837784e-03 -4.863868355751037598e-01 -1.182493019104003906e+01 -3.246571868658065796e-02 9.981272816658020020e-01 -5.184504389762878418e-02 -2.443855524063110352e+00 4.853134155273437500e-01 6.108977645635604858e-02 8.722037672996520996e-01 3.499694442749023438e+01
8.716006278991699219e-01 2.167151309549808502e-03 -4.902114570140838623e-01 -1.230223941802978516e+01 -3.196716308593750000e-02 9.981130957603454590e-01 -5.242537334561347961e-02 -2.505327224731445312e+00 4.891738891601562500e-01 6.136456504464149475e-02 8.700250387191772461e-01 3.584440994262695312e+01
8.701919913291931152e-01 2.319478197023272514e-03 -4.927068352699279785e-01 -1.279249954223632812e+01 -3.265586122870445251e-02 9.980617761611938477e-01 -5.297645553946495056e-02 -2.570879220962524414e+00 4.916301667690277100e-01 6.218936294317245483e-02 8.685808777809143066e-01 3.672200393676757812e+01
8.697485923767089844e-01 2.525145420804619789e-03 -4.934880733489990234e-01 -1.328824996948242188e+01 -3.229973465204238892e-02 9.981342554092407227e-01 -5.181932821869850159e-02 -2.638091325759887695e+00 4.924373030662536621e-01 6.100923940539360046e-02 8.682072162628173828e-01 3.761616897583007812e+01
8.696348667144775391e-01 2.975148381665349007e-03 -4.936861395835876465e-01 -1.378450870513916016e+01 -3.195058926939964294e-02 9.982250332832336426e-01 -5.026574432849884033e-02 -2.707338571548461914e+00 4.926609694957733154e-01 5.948631092905998230e-02 8.681861758232116699e-01 3.851660919189453125e+01
8.694142699241638184e-01 1.873853150755167007e-03 -4.940796494483947754e-01 -1.428952884674072266e+01 -3.037506155669689178e-02 9.983043670654296875e-01 -4.966379702091217041e-02 -2.775142431259155273e+00 4.931495189666748047e-01 5.818602442741394043e-02 8.679967522621154785e-01 3.942704391479492188e+01
8.687729835510253906e-01 1.965633418876677752e-05 -4.952100813388824463e-01 -1.480795669555664062e+01 -2.858147770166397095e-02 9.983354806900024414e-01 -5.010242760181427002e-02 -2.841759443283081055e+00 4.943854212760925293e-01 5.768139287829399109e-02 8.673270940780639648e-01 4.034305191040039062e+01
8.676925897598266602e-01 -2.580078551545739174e-03 -4.970939755439758301e-01 -1.533463478088378906e+01 -2.612419426441192627e-02 9.983685016632080078e-01 -5.078250914812088013e-02 -2.909137487411499023e+00 4.964146614074707031e-01 5.704970285296440125e-02 8.662089705467224121e-01 4.126518630981445312e+01
8.661085963249206543e-01 -3.152824705466628075e-03 -4.998454451560974121e-01 -1.586738395690917969e+01 -2.470114640891551971e-02 9.984889030456542969e-01 -4.909916967153549194e-02 -2.976585626602172852e+00 4.992457032203674316e-01 5.487189069390296936e-02 8.647215366363525391e-01 4.219035720825195312e+01
8.640266060829162598e-01 -2.135539660230278969e-03 -5.034412741661071777e-01 -1.640546226501464844e+01 -2.364754118025302887e-02 9.987156391143798828e-01 -4.482142999768257141e-02 -3.043619871139526367e+00 5.028910636901855469e-01 5.063198506832122803e-02 8.628657460212707520e-01 4.311451721191406250e+01
8.612121343612670898e-01 -2.515570260584354401e-03 -5.082390904426574707e-01 -1.694520378112792969e+01 -2.112706564366817474e-02 9.989467263221740723e-01 -4.074431583285331726e-02 -3.108901262283325195e+00 5.078070759773254395e-01 4.582703113555908203e-02 8.602512478828430176e-01 4.403502655029296875e+01
8.573169708251953125e-01 -2.322751795873045921e-03 -5.147832632064819336e-01 -1.749247360229492188e+01 -2.029803209006786346e-02 9.990600943565368652e-01 -3.831213340163230896e-02 -3.173069953918457031e+00 5.143890380859375000e-01 4.329464957118034363e-02 8.564635515213012695e-01 4.494969177246093750e+01
8.520812988281250000e-01 -5.804959684610366821e-03 -5.233767628669738770e-01 -1.804671096801757812e+01 -1.816237717866897583e-02 9.990088343620300293e-01 -4.064957424998283386e-02 -3.235637664794921875e+00 5.230945944786071777e-01 4.414244368672370911e-02 8.511309027671813965e-01 4.585691070556640625e+01
8.459793925285339355e-01 -9.821916930377483368e-03 -5.331246256828308105e-01 -1.861933898925781250e+01 -1.617194339632987976e-02 9.988980889320373535e-01 -4.406518489122390747e-02 -3.298545837402343750e+00 5.329706668853759766e-01 4.589982330799102783e-02 8.448878526687622070e-01 4.676604461669921875e+01
8.398030996322631836e-01 -1.033534761518239975e-02 -5.427923202514648438e-01 -1.921226692199707031e+01 -1.601771637797355652e-02 9.989122748374938965e-01 -4.380284249782562256e-02 -3.356507778167724609e+00 5.426551103591918945e-01 4.547997191548347473e-02 8.387234210968017578e-01 4.766227722167968750e+01
8.339495658874511719e-01 -6.907968781888484955e-03 -5.517971515655517578e-01 -1.982279777526855469e+01 -1.727628149092197418e-02 9.991052746772766113e-01 -3.861809521913528442e-02 -3.410243511199951172e+00 5.515706539154052734e-01 4.173846542835235596e-02 8.330833315849304199e-01 4.855063629150390625e+01
8.287116885185241699e-01 -1.605848665349185467e-03 -5.596731305122375488e-01 -2.043381690979003906e+01 -2.050625905394554138e-02 9.992378354072570801e-01 -3.323085233569145203e-02 -3.465274572372436523e+00 5.593003034591674805e-01 3.901552781462669373e-02 8.280465602874755859e-01 4.943332672119140625e+01
8.244741559028625488e-01 -1.420820248313248158e-03 -5.658974647521972656e-01 -2.105693626403808594e+01 -2.183702774345874786e-02 9.991727471351623535e-01 -3.432378917932510376e-02 -3.517142057418823242e+00 5.654783844947814941e-01 4.065652936697006226e-02 8.237608075141906738e-01 5.029679870605468750e+01
8.208827972412109375e-01 -4.306578543037176132e-03 -5.710800290107727051e-01 -2.167504501342773438e+01 -2.223177626729011536e-02 9.989731907844543457e-01 -3.948986530303955078e-02 -3.574728727340698242e+00 5.706639885902404785e-01 4.511262103915214539e-02 8.199439048767089844e-01 5.115812301635742188e+01
8.179645538330078125e-01 -6.412384100258350372e-03 -5.752323865890502930e-01 -2.229857826232910156e+01 -2.497149817645549774e-02 9.986000657081604004e-01 -4.664067551493644714e-02 -3.635036230087280273e+00 5.747267007827758789e-01 5.251477286219596863e-02 8.166590332984924316e-01 5.201176834106445312e+01
8.145804405212402344e-01 -6.933139171451330185e-03 -5.800087451934814453e-01 -2.292526817321777344e+01 -2.492187172174453735e-02 9.985874295234680176e-01 -4.693761840462684631e-02 -3.696618318557739258e+00 5.795151591300964355e-01 5.268929898738861084e-02 8.132567405700683594e-01 5.287387084960937500e+01
8.111073374748229980e-01 -6.174059119075536728e-03 -5.848643779754638672e-01 -2.356008148193359375e+01 -2.436093613505363464e-02 9.987206459045410156e-01 -4.432740062475204468e-02 -3.761563539505004883e+00 5.843899250030517578e-01 5.020205304026603699e-02 8.099188804626464844e-01 5.373414993286132812e+01
8.078624606132507324e-01 -2.799699315801262856e-03 -5.893639326095581055e-01 -2.420128631591796875e+01 -2.439165860414505005e-02 9.989736080169677734e-01 -3.818006440997123718e-02 -3.822519540786743164e+00 5.888661146163940430e-01 4.521974176168441772e-02 8.069649338722229004e-01 5.459687042236328125e+01
8.047634363174438477e-01 -1.072416547685861588e-03 -5.935942530632019043e-01 -2.484568786621093750e+01 -2.455636858940124512e-02 9.990825653076171875e-01 -3.509728610515594482e-02 -3.875704050064086914e+00 5.930876731872558594e-01 4.282147064805030823e-02 8.039987087249755859e-01 5.545672988891601562e+01
8.016397953033447266e-01 -7.168163429014384747e-04 -5.978065133094787598e-01 -2.549475860595703125e+01 -2.557651512324810028e-02 9.990429282188415527e-01 -3.549533337354660034e-02 -3.921437501907348633e+00 5.972599983215332031e-01 4.374422132968902588e-02 8.008542656898498535e-01 5.631340789794921875e+01
7.980946898460388184e-01 -1.906624995172023773e-03 -6.025286912918090820e-01 -2.614830017089843750e+01 -2.569409646093845367e-02 9.989779591560363770e-01 -3.719498217105865479e-02 -3.971578598022460938e+00 6.019838452339172363e-01 4.516646638512611389e-02 7.972301244735717773e-01 5.717031478881835938e+01
7.940436005592346191e-01 -4.490128718316555023e-03 -6.078440546989440918e-01 -2.680897140502929688e+01 -2.469160407781600952e-02 9.989095330238342285e-01 -3.963436186313629150e-02 -4.019302368164062500e+00 6.073589920997619629e-01 4.647997766733169556e-02 7.930668592453002930e-01 5.801514816284179688e+01
7.896378636360168457e-01 -5.883993115276098251e-03 -6.135448217391967773e-01 -2.748250961303710938e+01 -2.381538040935993195e-02 9.989070296287536621e-01 -4.023038968443870544e-02 -4.070622444152832031e+00 6.131108999252319336e-01 4.637917131185531616e-02 7.886344194412231445e-01 5.886465072631835938e+01
7.851234674453735352e-01 -5.698294844478368759e-03 -6.193127036094665527e-01 -2.815967750549316406e+01 -2.355684526264667511e-02 9.989596009254455566e-01 -3.905530273914337158e-02 -4.126094341278076172e+00 6.188910603523254395e-01 4.525223374366760254e-02 7.841724753379821777e-01 5.969577789306640625e+01
7.801530361175537109e-01 -5.230778362601995468e-03 -6.255664825439453125e-01 -2.884495353698730469e+01 -2.393245138227939606e-02 9.989838004112243652e-01 -3.819972649216651917e-02 -4.187296867370605469e+00 6.251308321952819824e-01 4.477292671799659729e-02 7.792350649833679199e-01 6.053111648559570312e+01
7.747575640678405762e-01 -6.527508143335580826e-03 -6.322242617607116699e-01 -2.954115676879882812e+01 -2.367155626416206360e-02 9.989464282989501953e-01 -3.932208567857742310e-02 -4.248259544372558594e+00 6.318152546882629395e-01 4.543076828122138977e-02 7.737867236137390137e-01 6.136089324951171875e+01
7.692226171493530273e-01 -8.108740672469139099e-03 -6.389289498329162598e-01 -3.024497413635253906e+01 -2.299427799880504608e-02 9.989209175109863281e-01 -4.036089777946472168e-02 -4.308390140533447266e+00 6.385671496391296387e-01 4.573816806077957153e-02 7.682059407234191895e-01 6.219210433959960938e+01
7.635465264320373535e-01 -9.127525612711906433e-03 -6.456879377365112305e-01 -3.095778846740722656e+01 -2.273016795516014099e-02 9.989010691642761230e-01 -4.099978134036064148e-02 -4.369137287139892578e+00 6.453528404235839844e-01 4.598179087042808533e-02 7.624996900558471680e-01 6.301775360107421875e+01
7.578110098838806152e-01 -1.050982158631086349e-02 -6.523893475532531738e-01 -3.167826652526855469e+01 -2.224840410053730011e-02 9.988730549812316895e-01 -4.193525016307830811e-02 -4.431691169738769531e+00 6.520949602127075195e-01 4.629355296492576599e-02 7.567229270935058594e-01 6.384047317504882812e+01
7.515984773635864258e-01 -1.253177411854267120e-02 -6.595019102096557617e-01 -3.241732406616210938e+01 -2.142436802387237549e-02 9.988287091255187988e-01 -4.339588433504104614e-02 -4.495392799377441406e+00 6.592732071876525879e-01 4.674562066793441772e-02 7.504492998123168945e-01 6.466954803466796875e+01
7.453408241271972656e-01 -1.321772299706935883e-02 -6.665524244308471680e-01 -3.316060638427734375e+01 -2.063559927046298981e-02 9.988674521446228027e-01 -4.288237169384956360e-02 -4.558240413665771484e+00 6.663641333580017090e-01 4.571663215756416321e-02 7.442238330841064453e-01 6.548991394042968750e+01
7.390355467796325684e-01 -1.353693380951881409e-02 -6.735303401947021484e-01 -3.390231323242187500e+01 -1.966363936662673950e-02 9.989391565322875977e-01 -4.165327548980712891e-02 -4.621791839599609375e+00 6.733796000480651855e-01 4.402723908424377441e-02 7.379849553108215332e-01 6.629390716552734375e+01
7.325430512428283691e-01 -1.349799335002899170e-02 -6.805866956710815430e-01 -3.467365264892578125e+01 -1.927295885980129242e-02 9.989918470382690430e-01 -4.055719822645187378e-02 -4.690834045410156250e+00 6.804481148719787598e-01 4.282674193382263184e-02 7.315441370010375977e-01 6.709443664550781250e+01
7.260761260986328125e-01 -1.543598528951406479e-02 -6.874410510063171387e-01 -3.545257186889648438e+01 -1.787202432751655579e-02 9.989871382713317871e-01 -4.130802303552627563e-02 -4.759471893310546875e+00 6.873824000358581543e-01 4.227866604924201965e-02 7.250644564628601074e-01 6.789098358154296875e+01
7.194913029670715332e-01 -1.708224602043628693e-02 -6.942912936210632324e-01 -3.625053024291992188e+01 -1.775564998388290405e-02 9.989188313484191895e-01 -4.297744482755661011e-02 -4.834989547729492188e+00 6.942747831344604492e-01 4.324941337108612061e-02 7.184096574783325195e-01 6.868196868896484375e+01
7.133854031562805176e-01 -1.644260250031948090e-02 -7.005790472030639648e-01 -3.705453109741210938e+01 -1.919797435402870178e-02 9.988915920257568359e-01 -4.299296066164970398e-02 -4.906238079071044922e+00 7.005096077919006348e-01 4.412016272544860840e-02 7.122783064842224121e-01 6.947295379638671875e+01
7.078769803047180176e-01 -1.558862999081611633e-02 -7.061636447906494141e-01 -3.787512969970703125e+01 -1.972175762057304382e-02 9.989309906959533691e-01 -4.182115942239761353e-02 -4.981383323669433594e+00 7.060608267784118652e-01 4.353093728423118591e-02 7.068123221397399902e-01 7.026197052001953125e+01
7.028430700302124023e-01 -1.503626909106969833e-02 -7.111859917640686035e-01 -3.869249343872070312e+01 -2.087975479662418365e-02 9.989103078842163086e-01 -4.175433889031410217e-02 -5.057863235473632812e+00 7.110390067100524902e-01 4.419605061411857605e-02 7.017625570297241211e-01 7.105252838134765625e+01
6.978992223739624023e-01 -1.609743945300579071e-02 -7.160148620605468750e-01 -3.951880264282226562e+01 -2.079240977764129639e-02 9.988712072372436523e-01 -4.272297769784927368e-02 -5.137332916259765625e+00 7.158947587013244629e-01 4.470393061637878418e-02 6.967760920524597168e-01 7.183892822265625000e+01
6.926492452621459961e-01 -1.780250854790210724e-02 -7.210548520088195801e-01 -4.035151290893554688e+01 -2.147031575441360474e-02 9.987440705299377441e-01 -4.528306052088737488e-02 -5.214178085327148438e+00 7.209555506706237793e-01 4.684646800160408020e-02 6.913963556289672852e-01 7.262309265136718750e+01
6.875327825546264648e-01 -2.030696906149387360e-02 -7.258692979812622070e-01 -4.119278717041015625e+01 -2.112819626927375793e-02 9.986268877983093262e-01 -4.795001447200775146e-02 -5.292365074157714844e+00 7.258463501930236816e-01 4.830342903733253479e-02 6.861590743064880371e-01 7.340567779541015625e+01
6.824178099632263184e-01 -2.114367671310901642e-02 -7.306563854217529297e-01 -4.204707336425781250e+01 -2.154099941253662109e-02 9.985665082931518555e-01 -4.901533573865890503e-02 -5.369503498077392578e+00 7.306452393531799316e-01 4.918790236115455627e-02 6.809833645820617676e-01 7.418458557128906250e+01
6.774182915687561035e-01 -2.029178850352764130e-02 -7.353180646896362305e-01 -4.291445541381835938e+01 -2.142543904483318329e-02 9.986519217491149902e-01 -4.729716107249259949e-02 -5.443973541259765625e+00 7.352864742279052734e-01 4.779438301920890808e-02 6.760694384574890137e-01 7.495790100097656250e+01
6.722419857978820801e-01 -2.004618197679519653e-02 -7.400600314140319824e-01 -4.378378295898437500e+01 -2.098921313881874084e-02 9.987163543701171875e-01 -4.611830785870552063e-02 -5.527052879333496094e+00 7.400344014167785645e-01 4.653584212064743042e-02 6.709572076797485352e-01 7.573560333251953125e+01
6.671166419982910156e-01 -2.124206162989139557e-02 -7.446503043174743652e-01 -4.465825653076171875e+01 -1.993251778185367584e-02 9.987274408340454102e-01 -4.634708911180496216e-02 -5.602323055267333984e+00 7.446871399879455566e-01 4.576157405972480774e-02 6.658431887626647949e-01 7.650969696044921875e+01
6.622098088264465332e-01 -2.216481417417526245e-02 -7.489905953407287598e-01 -4.553824234008789062e+01 -1.912889815866947174e-02 9.987375140190124512e-01 -4.646814614534378052e-02 -5.677131175994873047e+00 7.490748763084411621e-01 4.509893432259559631e-02 6.609485745429992676e-01 7.727773284912109375e+01
6.576922535896301270e-01 -2.323860488831996918e-02 -7.529282569885253906e-01 -4.643223190307617188e+01 -1.800769940018653870e-02 9.987541437149047852e-01 -4.655584692955017090e-02 -5.751807212829589844e+00 7.530720233917236328e-01 4.417784884572029114e-02 6.564533710479736328e-01 7.805122375488281250e+01
6.537991762161254883e-01 -2.382555976510047913e-02 -7.562928795814514160e-01 -4.733398437500000000e+01 -1.710334047675132751e-02 9.987842440605163574e-01 -4.625029489398002625e-02 -5.824841976165771484e+00 7.564750909805297852e-01 4.317345470190048218e-02 6.525958776473999023e-01 7.882477569580078125e+01
6.498161554336547852e-01 -2.593031153082847595e-02 -7.596490383148193359e-01 -4.823894119262695312e+01 -1.455254387110471725e-02 9.988111257553100586e-01 -4.654254019260406494e-02 -5.898431777954101562e+00 7.599524259567260742e-01 4.129882156848907471e-02 6.486653089523315430e-01 7.959615325927734375e+01
6.455094218254089355e-01 -3.066922351717948914e-02 -7.631365060806274414e-01 -4.915214157104492188e+01 -1.116925105452537537e-02 9.987083077430725098e-01 -4.958418756723403931e-02 -5.978532314300537109e+00 7.636707425117492676e-01 4.053061828017234802e-02 6.443321704864501953e-01 8.036121368408203125e+01
6.404579877853393555e-01 -3.548948839306831360e-02 -7.671729922294616699e-01 -5.007592010498046875e+01 -6.858733016997575760e-03 9.986282587051391602e-01 -5.192252993583679199e-02 -6.064367771148681641e+00 7.679627537727355957e-01 3.851593658328056335e-02 6.393350958824157715e-01 8.112915039062500000e+01
6.339654326438903809e-01 -3.935734555125236511e-02 -7.723594903945922852e-01 -5.100155258178710938e+01 -1.638040761463344097e-03 9.986343383789062500e-01 -5.223226174712181091e-02 -6.153405666351318359e+00 7.733599543571472168e-01 3.437852114439010620e-02 6.330342888832092285e-01 8.189053344726562500e+01
6.255048513412475586e-01 -4.266602918505668640e-02 -7.790529131889343262e-01 -5.194074249267578125e+01 2.937221201136708260e-03 9.986261129379272461e-01 -5.233300104737281799e-02 -6.240482807159423828e+00 7.802149653434753418e-01 3.044622577726840973e-02 6.247698664665222168e-01 8.264662170410156250e+01
6.162973642349243164e-01 -4.426737129688262939e-02 -7.862685322761535645e-01 -5.289562225341796875e+01 6.310456432402133942e-03 9.986650347709655762e-01 -5.127912387251853943e-02 -6.326828002929687500e+00 7.874884009361267090e-01 2.664140425622463226e-02 6.157531142234802246e-01 8.339653015136718750e+01
6.073450446128845215e-01 -4.248921200633049011e-02 -7.933012247085571289e-01 -5.386640167236328125e+01 6.689873058348894119e-03 9.988074302673339844e-01 -4.837442189455032349e-02 -6.412018775939941406e+00 7.944101095199584961e-01 2.407282404601573944e-02 6.069040894508361816e-01 8.413479614257812500e+01
5.981994271278381348e-01 -4.203978925943374634e-02 -8.002438545227050781e-01 -5.484858322143554688e+01 6.320429965853691101e-03 9.988399744033813477e-01 -4.774814844131469727e-02 -6.495948791503906250e+00 8.013223409652709961e-01 2.350498735904693604e-02 5.977704524993896484e-01 8.486181640625000000e+01
5.885641574859619141e-01 -4.399807751178741455e-02 -8.072525858879089355e-01 -5.584148788452148438e+01 5.492002237588167191e-03 9.987130761146545410e-01 -5.042918398976325989e-02 -6.577877521514892578e+00 8.084317445755004883e-01 2.524731867015361786e-02 5.880475640296936035e-01 8.557720947265625000e+01
5.784776806831359863e-01 -4.577279463410377502e-02 -8.144131898880004883e-01 -5.684448623657226562e+01 6.190306972712278366e-03 9.986425042152404785e-01 -5.173017829656600952e-02 -6.660717964172363281e+00 8.156745433807373047e-01 2.488323301076889038e-02 5.779749751091003418e-01 8.628481292724609375e+01
5.684999227523803711e-01 -4.744554311037063599e-02 -8.213142752647399902e-01 -5.785908508300781250e+01 6.431291345506906509e-03 9.985619783401489258e-01 -5.323316901922225952e-02 -6.747728824615478516e+00 8.226579427719116211e-01 2.498088963329792023e-02 5.679869055747985840e-01 8.698367309570312500e+01
5.581992864608764648e-01 -4.826771467924118042e-02 -8.283019065856933594e-01 -5.888082122802734375e+01 8.995727635920047760e-03 9.986004829406738281e-01 -5.212927237153053284e-02 -6.837340831756591797e+00 8.296578526496887207e-01 2.164729312062263489e-02 5.578514933586120605e-01 8.767623138427734375e+01
5.476281046867370605e-01 -4.823128879070281982e-02 -8.353307247161865234e-01 -5.991643142700195312e+01 1.046799030154943466e-02 9.986546635627746582e-01 -5.079887062311172485e-02 -6.928357601165771484e+00 8.366559743881225586e-01 1.907460391521453857e-02 5.473955869674682617e-01 8.835904693603515625e+01
5.371299386024475098e-01 -4.842121899127960205e-02 -8.421086072921752930e-01 -6.096405029296875000e+01 1.073059719055891037e-02 9.986631274223327637e-01 -5.057871341705322266e-02 -7.015086174011230469e+00 8.434307575225830078e-01 1.813096925616264343e-02 5.369308590888977051e-01 8.902716064453125000e+01
5.267139077186584473e-01 -4.963828995823860168e-02 -8.485923409461975098e-01 -6.202178573608398438e+01 1.031529251486063004e-02 9.985939860343933105e-01 -5.201002955436706543e-02 -7.102988243103027344e+00 8.499795794486999512e-01 1.864087954163551331e-02 5.264847278594970703e-01 8.968379974365234375e+01
5.164923071861267090e-01 -5.044854432344436646e-02 -8.548047542572021484e-01 -6.309528732299804688e+01 8.987041190266609192e-03 9.985280632972717285e-01 -5.350062623620033264e-02 -7.192808628082275391e+00 8.562440872192382812e-01 1.995046250522136688e-02 5.161848664283752441e-01 9.032887268066406250e+01
5.064675807952880859e-01 -5.110644549131393433e-02 -8.607433438301086426e-01 -6.417123413085937500e+01 7.655838038772344589e-03 9.984699487686157227e-01 -5.477920547127723694e-02 -7.283920288085937500e+00 8.622245192527770996e-01 2.115412987768650055e-02 5.060831904411315918e-01 9.095943450927734375e+01
4.966551661491394043e-01 -5.105678737163543701e-02 -8.664451241493225098e-01 -6.526807403564453125e+01 6.786513607949018478e-03 9.984670281410217285e-01 -5.494633689522743225e-02 -7.374816417694091797e+00 8.679209947586059570e-01 2.140919305384159088e-02 4.962396323680877686e-01 9.158506774902343750e+01
