9.999974966049194336e-01 -2.068151719868183136e-03 -8.575978572480380535e-04 -2.466958016157150269e-03 2.069018315523862839e-03 9.999973773956298828e-01 1.010608044452965260e-03 -1.370437908917665482e-02 8.555055246688425541e-04 -1.012379885651171207e-03 9.999991059303283691e-01 1.094427585601806641e+00
9.999569654464721680e-01 -4.792838357388973236e-03 -7.942489348351955414e-03 -1.590652205049991608e-02 4.817651584744453430e-03 9.999836087226867676e-01 3.108008764684200287e-03 -2.506620250642299652e-02 7.927462458610534668e-03 -3.146139206364750862e-03 9.999635815620422363e-01 2.139093399047851562e+00
9.999569654464721680e-01 -7.096392102539539337e-03 -5.965762306004762650e-03 -1.435800269246101379e-02 7.121415808796882629e-03 9.999659657478332520e-01 4.183998797088861465e-03 -4.498416930437088013e-02 5.935867317020893097e-03 -4.226303659379482269e-03 9.999734163284301758e-01 3.207848548889160156e+00
9.999232292175292969e-01 -9.028914384543895721e-03 -8.477786555886268616e-03 -2.706054225564002991e-02 9.080354124307632446e-03 9.999405145645141602e-01 6.049026735126972198e-03 -5.515933036804199219e-02 8.422666229307651520e-03 -6.125543266534805298e-03 9.999457597732543945e-01 4.257445335388183594e+00
9.998728036880493164e-01 -1.045498251914978027e-02 -1.203970797359943390e-02 -3.521747142076492310e-02 1.052271202206611633e-02 9.999290704727172852e-01 5.576070398092269897e-03 -6.535036116838455200e-02 1.198055688291788101e-02 -5.702050868421792984e-03 9.999119639396667480e-01 5.315148353576660156e+00
9.998549222946166992e-01 -1.159685384482145309e-02 -1.247447077184915543e-02 -4.157707095146179199e-02 1.165611390024423599e-02 9.999210834503173828e-01 4.688456188887357712e-03 -6.976626813411712646e-02 1.241911482065916061e-02 -4.833179526031017303e-03 9.999111890792846680e-01 6.380710601806640625e+00
9.998156428337097168e-01 -1.162439491599798203e-02 -1.528202090412378311e-02 -6.097449734807014465e-02 1.171058323234319687e-02 9.999159574508666992e-01 5.562603008002042770e-03 -7.814832776784896851e-02 1.521607488393783569e-02 -5.740539170801639557e-03 9.998677372932434082e-01 7.397783756256103516e+00
9.997047781944274902e-01 -1.652097143232822418e-02 -1.781446300446987152e-02 -7.648235559463500977e-02 1.659599505364894867e-02 9.998539686203002930e-01 4.071877803653478622e-03 -9.025408327579498291e-02 1.774458959698677063e-02 -4.366324748843908310e-03 9.998330473899841309e-01 8.350507736206054688e+00
9.994795918464660645e-01 -1.812898553907871246e-02 -2.668073400855064392e-02 -1.070626974105834961e-01 1.830288022756576538e-02 9.998127222061157227e-01 6.287908181548118591e-03 -9.488728642463684082e-02 2.656174637377262115e-02 -6.772970780730247498e-03 9.996242523193359375e-01 9.251352310180664062e+00
9.992982745170593262e-01 -1.854284293949604034e-02 -3.254298865795135498e-02 -1.435583531856536865e-01 1.876465789973735809e-02 9.998026490211486816e-01 6.523942574858665466e-03 -1.004474312067031860e-01 3.241559863090515137e-02 -7.130023557692766190e-03 9.994490742683410645e-01 1.007635974884033203e+01
9.992502331733703613e-01 -1.803453825414180756e-02 -3.425902873277664185e-02 -1.731800585985183716e-01 1.818861253559589386e-02 9.998258352279663086e-01 4.190994426608085632e-03 -1.107095777988433838e-01 3.417748212814331055e-02 -4.810977261513471603e-03 9.994042515754699707e-01 1.088798713684082031e+01
9.989080429077148438e-01 -1.947909034788608551e-02 -4.246310144662857056e-02 -2.034024894237518311e-01 1.984035409986972809e-02 9.997704029083251953e-01 8.102923631668090820e-03 -1.161566972732543945e-01 4.229551181197166443e-02 -8.936559781432151794e-03 9.990652203559875488e-01 1.169723510742187500e+01
9.988462328910827637e-01 -1.853858865797519684e-02 -4.429913684725761414e-02 -2.449715584516525269e-01 1.892865449190139771e-02 9.997856616973876953e-01 8.402044884860515594e-03 -1.223381459712982178e-01 4.413387551903724670e-02 -9.230874478816986084e-03 9.989830255508422852e-01 1.250564289093017578e+01
9.980649352073669434e-01 -2.229982055723667145e-02 -5.804400146007537842e-02 -2.995074689388275146e-01 2.307604998350143433e-02 9.996526837348937988e-01 1.273729372769594193e-02 -1.203903406858444214e-01 5.773979797959327698e-02 -1.405207067728042603e-02 9.982328414916992188e-01 1.342407608032226562e+01
9.974024295806884766e-01 -2.396620623767375946e-02 -6.792619824409484863e-02 -3.634542524814605713e-01 2.484591864049434662e-02 9.996177554130554199e-01 1.213577296584844589e-02 -1.209112480282783508e-01 6.760938465595245361e-02 -1.379193644970655441e-02 9.976165890693664551e-01 1.440456581115722656e+01
9.971365928649902344e-01 -2.404392324388027191e-02 -7.169674336910247803e-02 -4.370795190334320068e-01 2.482700161635875702e-02 9.996413588523864746e-01 1.005087140947580338e-02 -1.266777664422988892e-01 7.142936438322067261e-02 -1.180210523307323456e-02 9.973759055137634277e-01 1.538590431213378906e+01
9.964975714683532715e-01 -2.186528779566287994e-02 -8.071201294660568237e-02 -5.240850448608398438e-01 2.291465923190116882e-02 9.996643662452697754e-01 1.209803763777017593e-02 -1.329983472824096680e-01 8.042039722204208374e-02 -1.390515174716711044e-02 9.966641068458557129e-01 1.635600280761718750e+01
9.962056875228881836e-01 -2.433600090444087982e-02 -8.355778455734252930e-02 -6.083183288574218750e-01 2.566563896834850311e-02 9.995600581169128418e-01 1.487551163882017136e-02 -1.321364045143127441e-01 8.315900713205337524e-02 -1.696363091468811035e-02 9.963919520378112793e-01 1.732140350341796875e+01
9.945232868194580078e-01 -2.619733661413192749e-02 -1.011783480644226074e-01 -7.001967430114746094e-01 2.789572812616825104e-02 9.994922280311584473e-01 1.540762465447187424e-02 -1.278293132781982422e-01 1.007233336567878723e-01 -1.814568415284156799e-02 9.947490096092224121e-01 1.822816848754882812e+01
9.942008852958679199e-01 -2.726908586919307709e-02 -1.040232405066490173e-01 -7.972357273101806641e-01 2.898558974266052246e-02 9.994670152664184570e-01 1.502501685172319412e-02 -1.238247752189636230e-01 1.035580858588218689e-01 -1.795306056737899780e-02 9.944613575935363770e-01 1.917000198364257812e+01
9.939649105072021484e-01 -2.903283573687076569e-02 -1.057858541607856750e-01 -9.064583182334899902e-01 3.083022683858871460e-02 9.994062185287475586e-01 1.539499592036008835e-02 -1.208762004971504211e-01 1.052760779857635498e-01 -1.856348849833011627e-02 9.942697286605834961e-01 2.020745849609375000e+01
9.939937591552734375e-01 -2.900378406047821045e-02 -1.055219769477844238e-01 -1.019779324531555176e+00 3.095200844109058380e-02 9.993786215782165527e-01 1.687182858586311340e-02 -1.174779608845710754e-01 1.049670651555061340e-01 -2.003660984337329865e-02 9.942737817764282227e-01 2.127940940856933594e+01
9.935088753700256348e-01 -3.034795634448528290e-02 -1.096304804086685181e-01 -1.138225793838500977e+00 3.260563313961029053e-02 9.992904663085937500e-01 1.885940879583358765e-02 -1.135918349027633667e-01 1.089803650975227356e-01 -2.231156080961227417e-02 9.937934279441833496e-01 2.234777069091796875e+01
9.930458068847656250e-01 -3.333371132612228394e-02 -1.129098385572433472e-01 -1.256066560745239258e+00 3.575886040925979614e-02 9.991698861122131348e-01 1.952131837606430054e-02 -1.089079454541206360e-01 1.121654137969017029e-01 -2.342308685183525085e-02 9.934134483337402344e-01 2.338999938964843750e+01
9.929012656211853027e-01 -3.330605104565620422e-02 -1.141819357872009277e-01 -1.373782634735107422e+00 3.605962917208671570e-02 9.991045594215393066e-01 2.213503792881965637e-02 -1.009596213698387146e-01 1.133424788713455200e-01 -2.609526179730892181e-02 9.932132363319396973e-01 2.438352394104003906e+01
9.929633736610412598e-01 -3.415840119123458862e-02 -1.133873537182807922e-01 -1.492115139961242676e+00 3.692450001835823059e-02 9.990673661231994629e-01 2.238457463681697845e-02 -9.226766973733901978e-02 1.125169992446899414e-01 -2.641382813453674316e-02 9.932986497879028320e-01 2.543736267089843750e+01
9.925476908683776855e-01 -3.534270823001861572e-02 -1.166179999709129333e-01 -1.613655090332031250e+00 3.852361813187599182e-02 9.989415407180786133e-01 2.513522654771804810e-02 -8.099527657032012939e-02 1.156062409281730652e-01 -2.944045327603816986e-02 9.928587079048156738e-01 2.645941925048828125e+01
9.921351671218872070e-01 -3.804456070065498352e-02 -1.192491352558135986e-01 -1.729135036468505859e+00 4.143673181533813477e-02 9.988002777099609375e-01 2.609586715698242188e-02 -7.484547048807144165e-02 1.181132867932319641e-01 -3.083191625773906708e-02 9.925212860107421875e-01 2.746589851379394531e+01
9.916878342628479004e-01 -4.040105268359184265e-02 -1.221592575311660767e-01 -1.857605576515197754e+00 4.422781243920326233e-02 9.986069202423095703e-01 2.877722866833209991e-02 -6.109265983104705811e-02 1.208264753222465515e-01 -3.394085913896560669e-02 9.920931458473205566e-01 2.849395179748535156e+01
9.916111230850219727e-01 -4.017754271626472473e-02 -1.228540092706680298e-01 -1.975777864456176758e+00 4.410465061664581299e-02 9.985938072204589844e-01 2.941379509866237640e-02 -4.735535383224487305e-02 1.214995086193084717e-01 -3.458547219634056091e-02 9.919886589050292969e-01 2.951472854614257812e+01
9.913820028305053711e-01 -4.044015333056449890e-02 -1.246043071150779724e-01 -2.105927467346191406e+00 4.455361887812614441e-02 9.985442161560058594e-01 3.040312416851520538e-02 -3.014114871621131897e-02 1.231934353709220886e-01 -3.569267690181732178e-02 9.917405247688293457e-01 3.057818222045898438e+01
9.916338920593261719e-01 -4.035761207342147827e-02 -1.226108297705650330e-01 -2.234350681304931641e+00 4.439708590507507324e-02 9.985515475273132324e-01 3.039283864200115204e-02 -9.151387959718704224e-03 1.212066709995269775e-01 -3.558212891221046448e-02 9.919892549514770508e-01 3.163847160339355469e+01
9.907237887382507324e-01 -3.944939002394676208e-02 -1.300390511751174927e-01 -2.367048740386962891e+00 4.418631643056869507e-02 9.984532594680786133e-01 3.374413773417472839e-02 1.034221053123474121e-02 1.285067498683929443e-01 -3.917706385254859924e-02 9.909344315528869629e-01 3.264794158935546875e+01
9.902180433273315430e-01 -4.331304132938385010e-02 -1.326359361410140991e-01 -2.500640153884887695e+00 4.811608046293258667e-02 9.982890486717224121e-01 3.322220593690872192e-02 2.744697220623493195e-02 1.309700608253479004e-01 -3.927914053201675415e-02 9.906078577041625977e-01 3.363481140136718750e+01
9.891968369483947754e-01 -4.230897128582000732e-02 -1.403557956218719482e-01 -2.640784978866577148e+00 4.801951721310615540e-02 9.981402158737182617e-01 3.755059838294982910e-02 4.512926191091537476e-02 1.385060548782348633e-01 -4.388473555445671082e-02 9.893887042999267578e-01 3.462612915039062500e+01
9.886367917060852051e-01 -4.304629936814308167e-02 -1.440293937921524048e-01 -2.794253110885620117e+00 4.899808764457702637e-02 9.980744123458862305e-01 3.803302720189094543e-02 7.057477533817291260e-02 1.421148926019668579e-01 -4.465799778699874878e-02 9.888421297073364258e-01 3.569798660278320312e+01
9.882953166961669922e-01 -4.332165047526359558e-02 -1.462724059820175171e-01 -2.942198991775512695e+00 4.940124228596687317e-02 9.980486631393432617e-01 3.818815201520919800e-02 9.424591064453125000e-02 1.443326175212860107e-01 -4.496719688177108765e-02 9.885068535804748535e-01 3.670742416381835938e+01
9.880816936492919922e-01 -4.369020834565162659e-02 -1.475998461246490479e-01 -3.101149320602416992e+00 4.988828301429748535e-02 9.980104565620422363e-01 3.855280205607414246e-02 1.148876249790191650e-01 1.456218063831329346e-01 -4.545680806040763855e-02 9.882953763008117676e-01 3.782777023315429688e+01
9.878494739532470703e-01 -4.301981255412101746e-02 -1.493409126996994019e-01 -3.248627662658691406e+00 4.959821701049804688e-02 9.979434013366699219e-01 4.060645401477813721e-02 1.385166943073272705e-01 1.472869068384170532e-01 -4.752008989453315735e-02 9.879515171051025391e-01 3.880396270751953125e+01
9.874922633171081543e-01 -4.368326812982559204e-02 -1.514954119920730591e-01 -3.398271322250366211e+00 5.121141299605369568e-02 9.976209402084350586e-01 4.614991694688796997e-02 1.680980920791625977e-01 1.491190344095230103e-01 -5.333096161484718323e-02 9.873799681663513184e-01 3.980175781250000000e+01
9.873220920562744141e-01 -4.254143685102462769e-02 -1.529226750135421753e-01 -3.549955129623413086e+00 5.040884017944335938e-02 9.975773096084594727e-01 4.794159159064292908e-02 1.972688138484954834e-01 1.505127102136611938e-01 -5.504242703318595886e-02 9.870745539665222168e-01 4.079484558105468750e+01
9.866796731948852539e-01 -4.388111829757690430e-02 -1.566453427076339722e-01 -3.722448348999023438e+00 5.213899910449981689e-02 9.974369406700134277e-01 4.900122433900833130e-02 2.353013753890991211e-01 1.540936529636383057e-01 -5.651582404971122742e-02 9.864385724067687988e-01 4.186577606201171875e+01
9.862583875656127930e-01 -4.619861394166946411e-02 -1.586195081472396851e-01 -3.872567653656005859e+00 5.486770346760749817e-02 9.972049593925476074e-01 5.071394145488739014e-02 2.694896459579467773e-01 1.558332741260528564e-01 -5.872011929750442505e-02 9.860364198684692383e-01 4.282609939575195312e+01
9.857934117317199707e-01 -4.588971287012100220e-02 -1.615720391273498535e-01 -4.038228511810302734e+00 5.462738499045372009e-02 9.972513914108276367e-01 5.005639791488647461e-02 3.016648888587951660e-01 1.588308662176132202e-01 -5.817150697112083435e-02 9.855905771255493164e-01 4.386775207519531250e+01
9.857944250106811523e-01 -4.571479558944702148e-02 -1.616154611110687256e-01 -4.201393127441406250e+00 5.461779236793518066e-02 9.972000718116760254e-01 5.107860267162322998e-02 3.373719453811645508e-01 1.588279008865356445e-01 -5.918006598949432373e-02 9.855309724807739258e-01 4.488932418823242188e+01
9.846467971801757812e-01 -4.741866886615753174e-02 -1.679947525262832642e-01 -4.375565052032470703e+00 5.705558508634567261e-02 9.969629049301147461e-01 5.300714075565338135e-02 3.769671320915222168e-01 1.649709939956665039e-01 -6.177832931280136108e-02 9.843617081642150879e-01 4.595143890380859375e+01
9.845483899116516113e-01 -4.782693833112716675e-02 -1.684549301862716675e-01 -4.545592784881591797e+00 5.755169689655303955e-02 9.969174265861511230e-01 5.332525447010993958e-02 4.135586321353912354e-01 1.653852462768554688e-01 -6.219614669680595398e-02 9.842658638954162598e-01 4.701062393188476562e+01
9.846221804618835449e-01 -4.822655767202377319e-02 -1.679086238145828247e-01 -4.733293533325195312e+00 5.807498469948768616e-02 9.968376159667968750e-01 5.424292758107185364e-02 4.622448086738586426e-01 1.647616475820541382e-01 -6.316006928682327271e-02 9.843090176582336426e-01 4.813166046142578125e+01
9.845643639564514160e-01 -4.863116890192031860e-02 -1.681308299303054810e-01 -4.918426990509033203e+00 5.821589753031730652e-02 9.969198703765869141e-01 5.255373567342758179e-02 5.033446550369262695e-01 1.650571823120117188e-01 -6.153041124343872070e-02 9.843627214431762695e-01 4.922715759277343750e+01
9.839610457420349121e-01 -5.226945504546165466e-02 -1.705535799264907837e-01 -5.106976509094238281e+00 6.195072084665298462e-02 9.967268109321594238e-01 5.194090306758880615e-02 5.488836169242858887e-01 1.672803759574890137e-01 -6.167373061180114746e-02 9.839783906936645508e-01 5.034064102172851562e+01
9.836200475692749023e-01 -5.193819105625152588e-02 -1.726095229387283325e-01 -5.271906375885009766e+00 6.207924708724021912e-02 9.966159462928771973e-01 5.387848243117332458e-02 5.797178149223327637e-01 1.692270338535308838e-01 -6.371141225099563599e-02 9.835155606269836426e-01 5.127274703979492188e+01
9.831472635269165039e-01 -5.106877163052558899e-02 -1.755374521017074585e-01 -5.448057651519775391e+00 6.179676577448844910e-02 9.965053796768188477e-01 5.619882792234420776e-02 6.235982775688171387e-01 1.720539927482604980e-01 -6.609936058521270752e-02 9.828672409057617188e-01 5.231266021728515625e+01
9.828382730484008789e-01 -5.349490046501159668e-02 -1.765424758195877075e-01 -5.635280609130859375e+00 6.437128782272338867e-02 9.963274598121643066e-01 5.646292120218276978e-02 6.696950793266296387e-01 1.728736013174057007e-01 -6.685817241668701172e-02 9.826720952987670898e-01 5.339768218994140625e+01
9.825969338417053223e-01 -5.367007479071617126e-02 -1.778283417224884033e-01 -5.811874866485595703e+00 6.473777443170547485e-02 9.962715506553649902e-01 5.702771246433258057e-02 7.118070721626281738e-01 1.741045862436294556e-01 -6.754744797945022583e-02 9.824075698852539062e-01 5.439763259887695312e+01
9.817913174629211426e-01 -5.354295298457145691e-02 -1.822610050439834595e-01 -5.999534130096435547e+00 6.553678214550018311e-02 9.960188865661621094e-01 6.042777374386787415e-02 7.548322677612304688e-01 1.782998591661453247e-01 -7.127224653959274292e-02 9.813914895057678223e-01 5.542309951782226562e+01
9.814950823783874512e-01 -5.301278829574584961e-02 -1.840030103921890259e-01 -6.187957286834716797e+00 6.540000438690185547e-02 9.959365725517272949e-01 6.191417202353477478e-02 8.041892051696777344e-01 1.799730211496353149e-01 -7.280223816633224487e-02 9.809737205505371094e-01 5.643101882934570312e+01
9.806895256042480469e-01 -5.568457767367362976e-02 -1.874760687351226807e-01 -6.383996486663818359e+00 6.885156035423278809e-02 9.955420494079589844e-01 6.446507573127746582e-02 8.530284762382507324e-01 1.830505132675170898e-01 -7.612822949886322021e-02 9.801514744758605957e-01 5.748596191406250000e+01
9.804737567901611328e-01 -5.528599023818969727e-02 -1.887184977531433105e-01 -6.584113121032714844e+00 6.876101344823837280e-02 9.954732060432434082e-01 6.561435014009475708e-02 9.081399440765380859e-01 1.842365711927413940e-01 -7.730960845947265625e-02 9.798367023468017578e-01 5.855403137207031250e+01
9.804695248603820801e-01 -5.475392937660217285e-02 -1.888955682516098022e-01 -6.801421165466308594e+00 6.865794211626052856e-02 9.953296184539794922e-01 6.786187738180160522e-02 9.728814959526062012e-01 1.842975765466690063e-01 -7.950566709041595459e-02 9.796494841575622559e-01 5.969345855712890625e+01
9.796192049980163574e-01 -5.692967027425765991e-02 -1.926270425319671631e-01 -6.997988700866699219e+00 7.104652374982833862e-02 9.952078461647033691e-01 6.718519330024719238e-02 1.029622077941894531e+00 1.878790408372879028e-01 -7.950137555599212646e-02 9.789692759513854980e-01 6.072315979003906250e+01
9.776510596275329590e-01 -5.554664880037307739e-02 -2.027631551027297974e-01 -7.191199302673339844e+00 7.111898064613342285e-02 9.949849843978881836e-01 7.033560425043106079e-02 1.077245712280273438e+00 1.978392899036407471e-01 -8.318397402763366699e-02 9.766985177993774414e-01 6.164445114135742188e+01
9.765217900276184082e-01 -5.699336901307106018e-02 -2.077425122261047363e-01 -7.421230792999267578e+00 7.293768972158432007e-02 9.948832392692565918e-01 6.991104781627655029e-02 1.133911371231079102e+00 2.026949822902679443e-01 -8.342190086841583252e-02 9.756820797920227051e-01 6.270861053466796875e+01
9.767696857452392578e-01 -5.630262941122055054e-02 -2.067630141973495483e-01 -7.625726222991943359e+00 7.233402132987976074e-02 9.948639869689941406e-01 7.080679386854171753e-02 1.187880158424377441e+00 2.017143517732620239e-01 -8.411791175603866577e-02 9.758254885673522949e-01 6.367428588867187500e+01
9.763543605804443359e-01 -5.646313726902008057e-02 -2.086723893880844116e-01 -7.832043170928955078e+00 7.309943437576293945e-02 9.946578145027160645e-01 7.288672029972076416e-02 1.246108770370483398e+00 2.034421116113662720e-01 -8.641707897186279297e-02 9.752657413482666016e-01 6.464096069335937500e+01
9.765115976333618164e-01 -6.169456616044044495e-02 -2.064435184001922607e-01 -8.043477058410644531e+00 7.846137881278991699e-02 9.941644072532653809e-01 7.403426617383956909e-02 1.307070016860961914e+00 2.006711810827255249e-01 -8.849313855171203613e-02 9.756535291671752930e-01 6.568340301513671875e+01
9.753548502922058105e-01 -6.244478747248649597e-02 -2.116215825080871582e-01 -8.275092124938964844e+00 8.071995526552200317e-02 9.936138391494750977e-01 7.884158939123153687e-02 1.378613233566284180e+00 2.053467929363250732e-01 -9.398058801889419556e-02 9.741663932800292969e-01 6.676496887207031250e+01
9.755598306655883789e-01 -6.588473170995712280e-02 -2.096243500709533691e-01 -8.484107971191406250e+00 8.443082123994827271e-02 9.931494593620300293e-01 8.078216761350631714e-02 1.438666939735412598e+00 2.028659284114837646e-01 -9.650656580924987793e-02 9.744392037391662598e-01 6.779441070556640625e+01
9.749771952629089355e-01 -6.435623764991760254e-02 -2.127859443426132202e-01 -8.694456100463867188e+00 8.335650712251663208e-02 9.931771755218505859e-01 8.155387639999389648e-02 1.494971513748168945e+00 2.060855925083160400e-01 -9.725023806095123291e-02 9.736893177032470703e-01 6.874604797363281250e+01
9.737484455108642578e-01 -6.599137187004089355e-02 -2.178512513637542725e-01 -8.911198616027832031e+00 8.591951429843902588e-02 9.928139448165893555e-01 8.329914510250091553e-02 1.561331510543823242e+00 2.107886523008346558e-01 -9.983006119728088379e-02 9.724206328392028809e-01 6.971825408935546875e+01
9.724660515785217285e-01 -6.673747301101684570e-02 -2.232844680547714233e-01 -9.143276214599609375e+00 8.731731772422790527e-02 9.926672577857971191e-01 8.359288424253463745e-02 1.638512015342712402e+00 2.160683274269104004e-01 -1.007878258824348450e-01 9.711621999740600586e-01 7.076559448242187500e+01
9.712615013122558594e-01 -6.883385032415390015e-02 -2.278442978858947754e-01 -9.369869232177734375e+00 9.033462405204772949e-02 9.922509193420410156e-01 8.531292527914047241e-02 1.708449959754943848e+00 2.202062010765075684e-01 -1.034433841705322266e-01 9.699527621269226074e-01 7.175277709960937500e+01
9.715620875358581543e-01 -7.074932754039764404e-02 -2.259681522846221924e-01 -9.606956481933593750e+00 9.240908920764923096e-02 9.919353723526000977e-01 8.674844354391098022e-02 1.788050413131713867e+00 2.180083245038986206e-01 -1.051630154252052307e-01 9.702642560005187988e-01 7.276506042480468750e+01
9.713809490203857422e-01 -7.137124240398406982e-02 -2.265504449605941772e-01 -9.826413154602050781e+00 9.344603121280670166e-02 9.917060136795043945e-01 8.824696391820907593e-02 1.860534310340881348e+00 2.183730602264404297e-01 -1.068916618824005127e-01 9.699933528900146484e-01 7.373787689208984375e+01
9.687607288360595703e-01 -7.343617081642150879e-02 -2.368747740983963013e-01 -1.003463268280029297e+01 9.778709709644317627e-02 9.908778667449951172e-01 9.273257851600646973e-02 1.927252769470214844e+00 2.279039472341537476e-01 -1.129989847540855408e-01 9.671043157577514648e-01 7.459791564941406250e+01
9.683305025100708008e-01 -7.383783161640167236e-02 -2.385033220052719116e-01 -1.024758148193359375e+01 9.823049604892730713e-02 9.908977746963500977e-01 9.204831719398498535e-02 1.993314623832702637e+00 2.295356541872024536e-01 -1.125615015625953674e-01 9.667693972587585449e-01 7.547100830078125000e+01
9.669757485389709473e-01 -7.317295670509338379e-02 -2.441381067037582397e-01 -1.045989036560058594e+01 9.893532097339630127e-02 9.905516505241394043e-01 9.497272968292236328e-02 2.057915925979614258e+00 2.348818480968475342e-01 -1.159902215003967285e-01 9.650785326957702637e-01 7.633277893066406250e+01
9.667543172836303711e-01 -7.457570731639862061e-02 -2.445899993181228638e-01 -1.069644927978515625e+01 1.006363481283187866e-01 9.902979135513305664e-01 9.582757204771041870e-02 2.137233734130859375e+00 2.350704520940780640e-01 -1.172563880681991577e-01 9.648795723915100098e-01 7.729286956787109375e+01
9.671261310577392578e-01 -7.327425479888916016e-02 -2.435111403465270996e-01 -1.092668056488037109e+01 9.939242154359817505e-02 9.903341531753540039e-01 9.674719721078872681e-02 2.217903375625610352e+00 2.340681999921798706e-01 -1.177699267864227295e-01 9.650607109069824219e-01 7.822072601318359375e+01
9.671773314476013184e-01 -7.444942742586135864e-02 -2.429506480693817139e-01 -1.115397167205810547e+01 1.005977615714073181e-01 9.901832342147827148e-01 9.704568982124328613e-02 2.293909549713134766e+00 2.333405315876007080e-01 -1.183007061481475830e-01 9.651720523834228516e-01 7.914968872070312500e+01
9.673390388488769531e-01 -7.637187093496322632e-02 -2.417069077491760254e-01 -1.137668895721435547e+01 1.020784899592399597e-01 9.901657104492187500e-01 9.566844254732131958e-02 2.369879245758056641e+00 2.320233881473541260e-01 -1.172169223427772522e-01 9.656217098236083984e-01 8.007421875000000000e+01
9.675825834274291992e-01 -7.833214849233627319e-02 -2.400992512702941895e-01 -1.159366798400878906e+01 1.042873710393905640e-01 9.897707104682922363e-01 9.735892713069915771e-02 2.443504810333251953e+00 2.300167232751846313e-01 -1.192421540617942810e-01 9.658538103103637695e-01 8.095838165283203125e+01
9.682523608207702637e-01 -7.834573835134506226e-02 -2.373790144920349121e-01 -1.178835964202880859e+01 1.045214310288429260e-01 9.895074367523193359e-01 9.975378960371017456e-02 2.516856670379638672e+00 2.270728945732116699e-01 -1.213980764150619507e-01 9.662817120552062988e-01 8.179159545898437500e+01
9.686964154243469238e-01 -7.638932764530181885e-02 -2.362018376588821411e-01 -1.201466369628906250e+01 1.025436744093894958e-01 9.896399378776550293e-01 1.004894450306892395e-01 2.597891092300415039e+00 2.260783165693283081e-01 -1.215648278594017029e-01 9.664939045906066895e-01 8.270672607421875000e+01
9.701610207557678223e-01 -7.532747089862823486e-02 -2.304619699716567993e-01 -1.222482204437255859e+01 1.008519604802131653e-01 9.897572994232177734e-01 1.010438576340675354e-01 2.674736261367797852e+00 2.204899191856384277e-01 -1.212714165449142456e-01 9.678208827972412109e-01 8.359848785400390625e+01
9.676283001899719238e-01 -7.749539613723754883e-02 -2.401857972145080566e-01 -1.245756530761718750e+01 1.049339398741722107e-01 9.890659451484680176e-01 1.036240682005882263e-01 2.764160156250000000e+00 2.295290976762771606e-01 -1.254732906818389893e-01 9.651800990104675293e-01 8.456178283691406250e+01
9.672116637229919434e-01 -7.903525233268737793e-02 -2.413593232631683350e-01 -1.268579578399658203e+01 1.074212267994880676e-01 9.884614944458007812e-01 1.067942678928375244e-01 2.848961591720581055e+00 2.301338016986846924e-01 -1.292198300361633301e-01 9.645415544509887695e-01 8.549592590332031250e+01
9.679764509201049805e-01 -8.060621470212936401e-02 -2.377467304468154907e-01 -1.291167163848876953e+01 1.073825731873512268e-01 9.889825582504272461e-01 1.018971130251884460e-01 2.931737661361694336e+00 2.269137352705001831e-01 -1.241639032959938049e-01 9.659675359725952148e-01 8.640110778808593750e+01
9.691876173019409180e-01 -8.023075014352798462e-02 -2.328898012638092041e-01 -1.311154937744140625e+01 1.065672188997268677e-01 9.889790415763854980e-01 1.027831435203552246e-01 3.005861997604370117e+00 2.220766842365264893e-01 -1.244346052408218384e-01 9.670562744140625000e-01 8.725890350341796875e+01
9.695333242416381836e-01 -8.224269747734069824e-02 -2.307391762733459473e-01 -1.331070041656494141e+01 1.087244898080825806e-01 9.885653257369995117e-01 1.044892892241477966e-01 3.085462808609008789e+00 2.195072174072265625e-01 -1.263928711414337158e-01 9.673889279365539551e-01 8.812005615234375000e+01
9.690487980842590332e-01 -8.319379389286041260e-02 -2.324272543191909790e-01 -1.350728988647460938e+01 1.105343028903007507e-01 9.880765676498413086e-01 1.071790754795074463e-01 3.161718845367431641e+00 2.207392305135726929e-01 -1.295529752969741821e-01 9.666903018951416016e-01 8.896702575683593750e+01
9.713674187660217285e-01 -8.260203897953033447e-02 -2.227589488029479980e-01 -1.367289066314697266e+01 1.089174672961235046e-01 9.881070852279663086e-01 1.085444912314414978e-01 3.234968185424804688e+00 2.111436426639556885e-01 -1.296989619731903076e-01 9.688118696212768555e-01 8.975553131103515625e+01
9.732586741447448730e-01 -8.536432683467864990e-02 -2.132598906755447388e-01 -1.380498886108398438e+01 1.107992082834243774e-01 9.877038598060607910e-01 1.102957203984260559e-01 3.306636333465576172e+00 2.012222558259963989e-01 -1.309753358364105225e-01 9.707496762275695801e-01 9.046260070800781250e+01
9.754690527915954590e-01 -8.443334698677062988e-02 -2.032988816499710083e-01 -1.391854095458984375e+01 1.085980534553527832e-01 9.878932833671569824e-01 1.107872948050498962e-01 3.364583492279052734e+00 1.914834231138229370e-01 -1.301474720239639282e-01 9.728286266326904297e-01 9.110469055175781250e+01
9.783297777175903320e-01 -8.291163295507431030e-02 -1.897256672382354736e-01 -1.400913333892822266e+01 1.060133427381515503e-01 9.876884818077087402e-01 1.150354221463203430e-01 3.421850919723510742e+00 1.778520345687866211e-01 -1.326560527086257935e-01 9.750747680664062500e-01 9.168769836425781250e+01
9.814715385437011719e-01 -8.583702892065048218e-02 -1.713040769100189209e-01 -1.406851005554199219e+01 1.069623827934265137e-01 9.872176051139831543e-01 1.181566938757896423e-01 3.473501205444335938e+00 1.589721441268920898e-01 -1.342905312776565552e-01 9.781071543693542480e-01 9.216127777099609375e+01
9.834808707237243652e-01 -8.634169399738311768e-02 -1.590908765792846680e-01 -1.412212562561035156e+01 1.070895642042160034e-01 9.861277341842651367e-01 1.268244683742523193e-01 3.524107933044433594e+00 1.459336727857589722e-01 -1.417664289474487305e-01 9.790838956832885742e-01 9.262995910644531250e+01
9.882710576057434082e-01 -9.039020538330078125e-02 -1.230827942490577698e-01 -1.414374351501464844e+01 1.061931475996971130e-01 9.860006570816040039e-01 1.285542398691177368e-01 3.573283195495605469e+00 1.097396612167358398e-01 -1.401170045137405396e-01 9.840345978736877441e-01 9.306238555908203125e+01
9.923841357231140137e-01 -8.474385738372802734e-02 -8.939613401889801025e-02 -1.410751628875732422e+01 9.625961631536483765e-02 9.863563776016235352e-01 1.335503458976745605e-01 3.596385717391967773e+00 7.685887813568115234e-02 -1.411385089159011841e-01 9.870016574859619141e-01 9.331356811523437500e+01
9.940047264099121094e-01 -8.328519761562347412e-02 -7.083582878112792969e-02 -1.406337165832519531e+01 9.231707453727722168e-02 9.864505529403686523e-01 1.356219351291656494e-01 3.623169183731079102e+00 5.858074873685836792e-02 -1.413482129573822021e-01 9.882249832153320312e-01 9.356143188476562500e+01
9.962203502655029297e-01 -8.396855741739273071e-02 -2.221986651420593262e-02 -1.400830841064453125e+01 8.634068071842193604e-02 9.852265715599060059e-01 1.478998959064483643e-01 3.650010108947753906e+00 9.472671896219253540e-03 -1.492593735456466675e-01 9.887525439262390137e-01 9.382113647460937500e+01
9.963639974594116211e-01 -8.218040317296981812e-02 -2.245987765491008759e-02 -1.398826694488525391e+01 8.464383333921432495e-02 9.848270416259765625e-01 1.514977663755416870e-01 3.655365467071533203e+00 9.668961167335510254e-03 -1.528480201959609985e-01 9.882022142410278320e-01 9.394630432128906250e+01
9.968730211257934570e-01 -7.897920161485671997e-02 -2.405961975455284119e-03 -1.395932960510253906e+01 7.834502309560775757e-02 9.839928150177001953e-01 1.600640565156936646e-01 3.670089006423950195e+00 -1.027426682412624359e-02 -1.597520262002944946e-01 9.871035218238830566e-01 9.407347106933593750e+01
9.970597028732299805e-01 -7.383198291063308716e-02 2.049272879958152771e-02 -1.390211486816406250e+01 6.969327479600906372e-02 9.849939346313476562e-01 1.578928530216217041e-01 3.677701234817504883e+00 -3.184274211525917053e-02 -1.560003757476806641e-01 9.872434139251708984e-01 9.427078247070312500e+01
9.970192909240722656e-01 -6.794004142284393311e-02 3.655060008168220520e-02 -1.385534191131591797e+01 6.126507371664047241e-02 9.851974248886108398e-01 1.601028740406036377e-01 3.694409847259521484e+00 -4.688693955540657043e-02 -1.573863476514816284e-01 9.864231944084167480e-01 9.446738433837890625e+01
9.960960745811462402e-01 -6.565046310424804688e-02 5.900763347744941711e-02 -1.380494308471679688e+01 5.536369606852531433e-02 9.852968454360961914e-01 1.616332381963729858e-01 3.720037698745727539e+00 -6.875132024288177490e-02 -1.577353030443191528e-01 9.850850105285644531e-01 9.470134735107421875e+01
9.938227534294128418e-01 -6.493956595659255981e-02 8.999158442020416260e-02 -1.373126125335693359e+01 4.922258108854293823e-02 9.847265481948852539e-01 1.670062392950057983e-01 3.717502593994140625e+00 -9.946240484714508057e-02 -1.615449339151382446e-01 9.818401336669921875e-01 9.477505493164062500e+01
9.900559782981872559e-01 -5.543650314211845398e-02 1.292875111103057861e-01 -1.368275642395019531e+01 3.336598724126815796e-02 9.853906035423278809e-01 1.670105308294296265e-01 3.719059228897094727e+00 -1.366571485996246338e-01 -1.610359400510787964e-01 9.774414300918579102e-01 9.492008209228515625e+01
9.874360561370849609e-01 -5.731027573347091675e-02 1.472578197717666626e-01 -1.363861656188964844e+01 3.213214501738548279e-02 9.852655529975891113e-01 1.679868102073669434e-01 3.721371650695800781e+00 -1.547154039144515991e-01 -1.611444801092147827e-01 9.747282266616821289e-01 9.499378967285156250e+01
9.869639873504638672e-01 -5.712178349494934082e-02 1.504610031843185425e-01 -1.359958171844482422e+01 3.017800860106945038e-02 9.839966893196105957e-01 1.756136417388916016e-01 3.723025083541870117e+00 -1.580844670534133911e-01 -1.687836945056915283e-01 9.728930592536926270e-01 9.510626983642578125e+01
9.847998023033142090e-01 -5.761305615305900574e-02 1.638579368591308594e-01 -1.352947139739990234e+01 2.815106138586997986e-02 9.838556647300720215e-01 1.767368614673614502e-01 3.734725952148437500e+00 -1.713948845863342285e-01 -1.694376170635223389e-01 9.705226421356201172e-01 9.518985748291015625e+01
9.796068072319030762e-01 -5.268722400069236755e-02 1.938915252685546875e-01 -1.347708034515380859e+01 1.824884116649627686e-02 9.843491315841674805e-01 1.752830445766448975e-01 3.729056596755981445e+00 -2.000921070575714111e-01 -1.681701391935348511e-01 9.652364253997802734e-01 9.523738098144531250e+01
9.774065017700195312e-01 -5.028051882982254028e-02 2.052988409996032715e-01 -1.344804096221923828e+01 1.447331067174673080e-02 9.849352836608886719e-01 1.723181158304214478e-01 3.724616765975952148e+00 -2.108702659606933594e-01 -1.654534786939620972e-01 9.634097218513488770e-01 9.526288604736328125e+01
9.747699499130249023e-01 -4.244461283087730408e-02 2.191373109817504883e-01 -1.340441608428955078e+01 4.144181497395038605e-03 9.850264191627502441e-01 1.723549664020538330e-01 3.692810058593750000e+00 -2.231715470552444458e-01 -1.670982986688613892e-01 9.603499770164489746e-01 9.524748992919921875e+01
9.714898467063903809e-01 -4.258949309587478638e-02 2.332226634025573730e-01 -1.335766506195068359e+01 1.250138506293296814e-03 9.846388697624206543e-01 1.746002584695816040e-01 3.694384098052978516e+00 -2.370761930942535400e-01 -1.693308204412460327e-01 9.566197991371154785e-01 9.531996154785156250e+01
9.648727178573608398e-01 -4.276045039296150208e-02 2.592128515243530273e-01 -1.331099796295166016e+01 -4.440003074705600739e-03 9.838704466819763184e-01 1.788288801908493042e-01 3.698239326477050781e+00 -2.626786231994628906e-01 -1.736980229616165161e-01 9.491198658943176270e-01 9.540402221679687500e+01
9.546058177947998047e-01 -5.039500817656517029e-02 2.935764789581298828e-01 -1.317557621002197266e+01 -3.407962154597043991e-03 9.836724996566772461e-01 1.799374222755432129e-01 3.723329782485961914e+00 -2.978510260581970215e-01 -1.727698147296905518e-01 9.388477206230163574e-01 9.561335754394531250e+01
9.496120810508728027e-01 -5.762510374188423157e-02 3.080833256244659424e-01 -1.310943126678466797e+01 -2.000550972297787666e-03 9.818192124366760254e-01 1.898094862699508667e-01 3.707951307296752930e+00 -3.134198784828186035e-01 -1.808617115020751953e-01 9.322320818901062012e-01 9.564537048339843750e+01
9.425137042999267578e-01 -6.042898446321487427e-02 3.286567926406860352e-01 -1.304143047332763672e+01 -4.355085082352161407e-03 9.812088608741760254e-01 1.929007619619369507e-01 3.709989547729492188e+00 -3.341377377510070801e-01 -1.832429319620132446e-01 9.245396852493286133e-01 9.570043182373046875e+01
9.322572350502014160e-01 -5.738497152924537659e-02 3.572147190570831299e-01 -1.291673851013183594e+01 -1.598679646849632263e-02 9.798429608345031738e-01 1.991296261548995972e-01 3.728920459747314453e+00 -3.614414036273956299e-01 -1.913507580757141113e-01 9.125484228134155273e-01 9.587143707275390625e+01
9.250384569168090820e-01 -5.841691792011260986e-02 3.753534853458404541e-01 -1.273824119567871094e+01 -1.930497214198112488e-02 9.795992374420166016e-01 2.000327110290527344e-01 3.780153989791870117e+00 -3.793813288211822510e-01 -1.922841370105743408e-01 9.050393104553222656e-01 9.618484497070312500e+01
9.147138595581054688e-01 -5.586960539221763611e-02 4.002199172973632812e-01 -1.254584789276123047e+01 -2.783139795064926147e-02 9.793349504470825195e-01 2.003218382596969604e-01 3.845783472061157227e+00 -4.031413197517395020e-01 -1.943758279085159302e-01 8.942564725875854492e-01 9.655860137939453125e+01
9.035799503326416016e-01 -5.776834115386009216e-02 4.245055019855499268e-01 -1.230505847930908203e+01 -3.161120787262916565e-02 9.791764020919799805e-01 2.005359530448913574e-01 3.922196865081787109e+00 -4.272504448890686035e-01 -1.946193873882293701e-01 8.829381465911865234e-01 9.692971038818359375e+01
8.967315554618835449e-01 -5.691011622548103333e-02 4.388992488384246826e-01 -1.206048583984375000e+01 -3.521353006362915039e-02 9.793794155120849609e-01 1.989378035068511963e-01 4.011910915374755859e+00 -4.411705136299133301e-01 -1.938489973545074463e-01 8.762366175651550293e-01 9.737303924560546875e+01
8.922914862632751465e-01 -5.514119938015937805e-02 4.480782449245452881e-01 -1.180807209014892578e+01 -3.857012838125228882e-02 9.795731902122497559e-01 1.973552554845809937e-01 4.100662231445312500e+00 -4.498078823089599609e-01 -1.933808624744415283e-01 8.719381690025329590e-01 9.782300567626953125e+01
8.883991837501525879e-01 -5.581331253051757812e-02 4.556648135185241699e-01 -1.154818344116210938e+01 -3.964476659893989563e-02 9.795461297035217285e-01 1.972767114639282227e-01 4.188967704772949219e+00 -4.573554098606109619e-01 -1.933252215385437012e-01 8.680154681205749512e-01 9.826920318603515625e+01
8.820835351943969727e-01 -5.657047405838966370e-02 4.676826894283294678e-01 -1.124426364898681641e+01 -4.208506271243095398e-02 9.793318510055541992e-01 1.978344917297363281e-01 4.300597190856933594e+00 -4.692081809043884277e-01 -1.941890269517898560e-01 8.614718914031982422e-01 9.879432678222656250e+01
8.800707459449768066e-01 -5.486762523651123047e-02 4.716606140136718750e-01 -1.101195430755615234e+01 -4.527162015438079834e-02 9.790819287300109863e-01 1.983673870563507080e-01 4.377377033233642578e+00 -4.726783633232116699e-01 -1.959301978349685669e-01 8.591775894165039062e-01 9.917742156982421875e+01
8.721128702163696289e-01 -5.150682851672172546e-02 4.865848422050476074e-01 -1.076063823699951172e+01 -5.185774341225624084e-02 9.791141152381896973e-01 1.965881735086441040e-01 4.448688983917236328e+00 -4.865477383136749268e-01 -1.966802924871444702e-01 8.512271642684936523e-01 9.955548095703125000e+01
8.661701083183288574e-01 -5.065102130174636841e-02 4.971744716167449951e-01 -1.052846813201904297e+01 -5.594132468104362488e-02 9.787712693214416504e-01 1.971751004457473755e-01 4.514262676239013672e+00 -4.966072142124176025e-01 -1.985998004674911499e-01 8.449491262435913086e-01 9.990006256103515625e+01
8.618751168251037598e-01 -5.126593261957168579e-02 5.045213699340820312e-01 -1.025097084045410156e+01 -5.702457576990127563e-02 9.787699580192565918e-01 1.968708932399749756e-01 4.602797031402587891e+00 -5.039031505584716797e-01 -1.984482705593109131e-01 8.406542539596557617e-01 1.003313217163085938e+02
8.578573465347290039e-01 -5.279226601123809814e-02 5.111677646636962891e-01 -9.956086158752441406e+00 -5.868033319711685181e-02 9.781396985054016113e-01 1.994991153478622437e-01 4.704610824584960938e+00 -5.105255842208862305e-01 -2.011372894048690796e-01 8.360066413879394531e-01 1.008000183105468750e+02
