9.999883770942687988e-01 -2.299659419804811478e-03 4.237539134919643402e-03 3.140428801998496056e-03 2.300061751157045364e-03 9.999973773956298828e-01 -9.012536611407995224e-05 -2.054445259273052216e-02 -4.237320274114608765e-03 9.987091470975428820e-05 9.999909996986389160e-01 1.101175427436828613e+00
9.999711513519287109e-01 -3.335637506097555161e-03 6.823135539889335632e-03 7.683497853577136993e-03 3.328987397253513336e-03 9.999940395355224609e-01 9.857300901785492897e-04 -3.676285222172737122e-02 -6.826382130384445190e-03 -9.629873675294220448e-04 9.999762177467346191e-01 2.080982923507690430e+00
9.999423623085021973e-01 -4.607769194990396500e-03 9.693500585854053497e-03 1.425969228148460388e-02 4.591514822095632553e-03 9.999880194664001465e-01 1.698371022939682007e-03 -5.398957431316375732e-02 -9.701209142804145813e-03 -1.653765095397830009e-03 9.999516010284423828e-01 3.078938245773315430e+00
9.999056458473205566e-01 -6.032074801623821259e-03 1.233508344739675522e-02 2.509281598031520844e-02 6.009716540575027466e-03 9.999802112579345703e-01 1.848795800469815731e-03 -6.906832754611968994e-02 -1.234599109739065170e-02 -1.774490927346050739e-03 9.999222159385681152e-01 4.042145729064941406e+00
9.998608827590942383e-01 -7.583536207675933838e-03 1.485097128897905350e-02 3.723140805959701538e-02 7.555044721812009811e-03 9.999695420265197754e-01 1.973590115085244179e-03 -8.562981337308883667e-02 -1.486548408865928650e-02 -1.861115684732794762e-03 9.998877644538879395e-01 4.989416599273681641e+00
9.998280405998229980e-01 -8.835752494633197784e-03 1.629875786602497101e-02 5.247930437326431274e-02 8.792068809270858765e-03 9.999576210975646973e-01 2.749778330326080322e-03 -9.897480159997940063e-02 -1.632236316800117493e-02 -2.606005873531103134e-03 9.998633861541748047e-01 5.960188865661621094e+00
9.998080134391784668e-01 -1.027551945298910141e-02 1.668131351470947266e-02 6.757387518882751465e-02 1.021088100969791412e-02 9.999400973320007324e-01 3.955349791795015335e-03 -1.141693592071533203e-01 -1.672095805406570435e-02 -3.784259781241416931e-03 9.998530745506286621e-01 7.030407905578613281e+00
9.997709989547729492e-01 -1.264180708676576614e-02 1.726114749908447266e-02 8.436504751443862915e-02 1.256862655282020569e-02 9.999116659164428711e-01 4.341467749327421188e-03 -1.307377517223358154e-01 -1.731450483202934265e-02 -4.123525228351354599e-03 9.998416304588317871e-01 8.165453910827636719e+00
9.997423291206359863e-01 -1.411390863358974457e-02 1.777294464409351349e-02 1.026892289519309998e-01 1.402396149933338165e-02 9.998883605003356934e-01 5.175380501896142960e-03 -1.426447480916976929e-01 -1.784400269389152527e-02 -4.924799781292676926e-03 9.998286962509155273e-01 9.230632781982421875e+00
9.996906518936157227e-01 -1.615140214562416077e-02 1.890536397695541382e-02 1.219701766967773438e-01 1.605612598359584808e-02 9.998577237129211426e-01 5.180526524782180786e-03 -1.553816497325897217e-01 -1.898634433746337891e-02 -4.875377286225557327e-03 9.998078942298889160e-01 1.033028221130371094e+01
9.996485114097595215e-01 -1.751095056533813477e-02 1.989744976162910461e-02 1.437880843877792358e-01 1.741628535091876984e-02 9.998362660408020020e-01 4.920928273350000381e-03 -1.671244204044342041e-01 -1.998035795986652374e-02 -4.572658799588680267e-03 9.997899532318115234e-01 1.134959030151367188e+01
9.996099472045898438e-01 -1.894814521074295044e-02 2.050970122218132019e-02 1.633929312229156494e-01 1.884524896740913391e-02 9.998089075088500977e-01 5.198662169277667999e-03 -1.808888912200927734e-01 -2.060428634285926819e-02 -4.810123704373836517e-03 9.997761845588684082e-01 1.235049819946289062e+01
9.995446801185607910e-01 -2.052510343492031097e-02 2.211088128387928009e-02 1.847760081291198730e-01 2.039958164095878601e-02 9.997745752334594727e-01 5.887739360332489014e-03 -1.920603215694427490e-01 -2.222674340009689331e-02 -5.434005521237850189e-03 9.997382164001464844e-01 1.338519477844238281e+01
9.995161890983581543e-01 -2.173258550465106964e-02 2.224546298384666443e-02 2.051430642604827881e-01 2.160125039517879486e-02 9.997478723526000977e-01 6.127488333731889725e-03 -2.038044035434722900e-01 -2.237302064895629883e-02 -5.643993616104125977e-03 9.997337460517883301e-01 1.435582542419433594e+01
9.994691014289855957e-01 -2.357808873057365417e-02 2.248095162212848663e-02 2.261827886104583740e-01 2.344249561429023743e-02 9.997054338455200195e-01 6.276279222220182419e-03 -2.159554511308670044e-01 -2.262231335043907166e-02 -5.745937116444110870e-03 9.997275471687316895e-01 1.538592338562011719e+01
9.994486570358276367e-01 -2.448962628841400146e-02 2.241461165249347687e-02 2.480773180723190308e-01 2.435211651027202606e-02 9.996829628944396973e-01 6.387529429048299789e-03 -2.280988991260528564e-01 -2.256393618881702423e-02 -5.838164128363132477e-03 9.997283220291137695e-01 1.645699691772460938e+01
9.994257688522338867e-01 -2.567880973219871521e-02 2.210207469761371613e-02 2.709241211414337158e-01 2.552331984043121338e-02 9.996476173400878906e-01 7.288758642971515656e-03 -2.399582117795944214e-01 -2.228145487606525421e-02 -6.720455363392829895e-03 9.997290968894958496e-01 1.751255035400390625e+01
9.993931055068969727e-01 -2.694894187152385712e-02 2.206689678132534027e-02 2.951426208019256592e-01 2.677443623542785645e-02 9.996080994606018066e-01 8.165682666003704071e-03 -2.524452209472656250e-01 -2.227830700576305389e-02 -7.569898851215839386e-03 9.997231364250183105e-01 1.863735961914062500e+01
9.993577599525451660e-01 -2.843154408037662506e-02 2.180525660514831543e-02 3.176850676536560059e-01 2.823440358042716980e-02 9.995580315589904785e-01 9.296310134232044220e-03 -2.616388201713562012e-01 -2.205992862582206726e-02 -8.674682117998600006e-03 9.997190237045288086e-01 1.970981407165527344e+01
9.992842078208923340e-01 -3.030968084931373596e-02 2.263348735868930817e-02 3.413208127021789551e-01 3.009023703634738922e-02 9.994972944259643555e-01 9.974138811230659485e-03 -2.700607776641845703e-01 -2.292442508041858673e-02 -9.285953827202320099e-03 9.996940493583679199e-01 2.080587005615234375e+01
9.992354512214660645e-01 -3.185108304023742676e-02 2.266955189406871796e-02 3.674688339233398438e-01 3.161187469959259033e-02 9.994413256645202637e-01 1.083332579582929611e-02 -2.785071134567260742e-01 -2.300194278359413147e-02 -1.010841690003871918e-02 9.996842741966247559e-01 2.189767646789550781e+01
9.991664886474609375e-01 -3.368562832474708557e-02 2.305599674582481384e-02 3.948493599891662598e-01 3.342229127883911133e-02 9.993725419044494629e-01 1.171304844319820404e-02 -2.867684662342071533e-01 -2.343609370291233063e-02 -1.093270163983106613e-02 9.996654987335205078e-01 2.302734947204589844e+01
9.991078376770019531e-01 -3.505005687475204468e-02 2.355578728020191193e-02 4.179591238498687744e-01 3.477545455098152161e-02 9.993233084678649902e-01 1.196763105690479279e-02 -2.929702699184417725e-01 -2.395931817591190338e-02 -1.113779190927743912e-02 9.996508359909057617e-01 2.408551406860351562e+01
9.990543127059936523e-01 -3.615958988666534424e-02 2.414138056337833405e-02 4.454427063465118408e-01 3.589030355215072632e-02 9.992893934249877930e-01 1.149613782763481140e-02 -3.024525046348571777e-01 -2.453992888331413269e-02 -1.061882544308900833e-02 9.996423721313476562e-01 2.518035507202148438e+01
9.989753365516662598e-01 -3.755959495902061462e-02 2.524773031473159790e-02 4.733368456363677979e-01 3.727137297391891479e-02 9.992353916168212891e-01 1.179102528840303421e-02 -3.109637200832366943e-01 -2.567129954695701599e-02 -1.083792559802532196e-02 9.996116161346435547e-01 2.626376152038574219e+01
9.989116787910461426e-01 -3.903783112764358521e-02 2.552244625985622406e-02 5.025917291641235352e-01 3.875667601823806763e-02 9.991832375526428223e-01 1.141949091106653214e-02 -3.210840821266174316e-01 -2.594739943742752075e-02 -1.041789725422859192e-02 9.996089339256286621e-01 2.738572692871093750e+01
9.988403916358947754e-01 -4.054767638444900513e-02 2.595609053969383240e-02 5.306120514869689941e-01 4.022783786058425903e-02 9.991093277931213379e-01 1.272844150662422180e-02 -3.282319307327270508e-01 -2.644908614456653595e-02 -1.166952401399612427e-02 9.995819330215454102e-01 2.851467514038085938e+01
9.987617135047912598e-01 -4.189219698309898376e-02 2.683105319738388062e-02 5.617677569389343262e-01 4.154182225465774536e-02 9.990456104278564453e-01 1.348588801920413971e-02 -3.365395665168762207e-01 -2.737040258944034576e-02 -1.235457882285118103e-02 9.995489120483398438e-01 2.968394851684570312e+01
9.986823797225952148e-01 -4.356482625007629395e-02 2.712063118815422058e-02 5.934656858444213867e-01 4.316443949937820435e-02 9.989525079727172852e-01 1.517811603844165802e-02 -3.426825106143951416e-01 -2.775345928966999054e-02 -1.398747134953737259e-02 9.995168447494506836e-01 3.085246849060058594e+01
9.986152052879333496e-01 -4.475530609488487244e-02 2.765033580362796783e-02 6.243667006492614746e-01 4.433267936110496521e-02 9.988930821418762207e-01 1.571360230445861816e-02 -3.475700914859771729e-01 -2.832300029695034027e-02 -1.446603052318096161e-02 9.994940161705017090e-01 3.194017601013183594e+01
9.985776543617248535e-01 -4.610227420926094055e-02 2.678233571350574493e-02 6.561261415481567383e-01 4.566843062639236450e-02 9.988186955451965332e-01 1.659135520458221436e-02 -3.530077636241912842e-01 -2.751560322940349579e-02 -1.534465234726667404e-02 9.995034337043762207e-01 3.305950927734375000e+01
9.985204935073852539e-01 -4.768670722842216492e-02 2.613119781017303467e-02 6.867384910583496094e-01 4.723436757922172546e-02 9.987274408340454102e-01 1.766314730048179626e-02 -3.540257811546325684e-01 -2.694024890661239624e-02 -1.640272699296474457e-02 9.995023012161254883e-01 3.417263793945312500e+01
9.984285235404968262e-01 -4.917337745428085327e-02 2.687903493642807007e-02 7.154709100723266602e-01 4.869440197944641113e-02 9.986478090286254883e-01 1.819355599582195282e-02 -3.566542565822601318e-01 -2.773733437061309814e-02 -1.685611158609390259e-02 9.994729757308959961e-01 3.530326461791992188e+01
9.983271360397338867e-01 -5.115933343768119812e-02 2.693940512835979462e-02 7.449936270713806152e-01 5.064338073134422302e-02 9.985262751579284668e-01 1.949926279485225677e-02 -3.550844490528106689e-01 -2.789727970957756042e-02 -1.810234412550926208e-02 9.994467496871948242e-01 3.642728424072265625e+01
9.983110427856445312e-01 -5.197764188051223755e-02 2.594989538192749023e-02 7.734392881393432617e-01 5.143924057483673096e-02 9.984551072120666504e-01 2.100187353789806366e-02 -3.537336885929107666e-01 -2.700144052505493164e-02 -1.963156647980213165e-02 9.994425177574157715e-01 3.757858657836914062e+01
9.982276558876037598e-01 -5.314222723245620728e-02 2.678491547703742981e-02 8.012282848358154297e-01 5.254809185862541199e-02 9.983665347099304199e-01 2.241861633956432343e-02 -3.485068082809448242e-01 -2.793254517018795013e-02 -2.097139321267604828e-02 9.993897080421447754e-01 3.863891601562500000e+01
9.981409311294555664e-01 -5.477391183376312256e-02 2.672887034714221954e-02 8.299095630645751953e-01 5.413006991147994995e-02 9.982393383979797363e-01 2.424533665180206299e-02 -3.403706550598144531e-01 -2.800982631742954254e-02 -2.275343611836433411e-02 9.993485808372497559e-01 3.968881225585937500e+01
9.980556368827819824e-01 -5.627977475523948669e-02 2.678467705845832825e-02 8.590464591979980469e-01 5.556493997573852539e-02 9.980971813201904297e-01 2.672402933239936829e-02 -3.299196660518646240e-01 -2.823773771524429321e-02 -2.518378756940364838e-02 9.992838501930236816e-01 4.080664062500000000e+01
9.979631304740905762e-01 -5.768340826034545898e-02 2.724277041852474213e-02 8.892123699188232422e-01 5.691730603575706482e-02 9.979830384254455566e-01 2.810674719512462616e-02 -3.210819363594055176e-01 -2.880912087857723236e-02 -2.649891935288906097e-02 9.992335438728332520e-01 4.192405700683593750e+01
9.979097247123718262e-01 -5.881620571017265320e-02 2.677231468260288239e-02 9.169560074806213379e-01 5.802958831191062927e-02 9.978855848312377930e-01 2.926762029528617859e-02 -3.093133270740509033e-01 -2.843712270259857178e-02 -2.765286155045032501e-02 9.992129206657409668e-01 4.303747558593750000e+01
9.978268146514892578e-01 -6.024636328220367432e-02 2.668255753815174103e-02 9.441574215888977051e-01 5.940787121653556824e-02 9.977466464042663574e-01 3.117577172815799713e-02 -2.982882857322692871e-01 -2.850066497921943665e-02 -2.952287159860134125e-02 9.991576075553894043e-01 4.411069869995117188e+01
9.977564215660095215e-01 -6.123684719204902649e-02 2.705957740545272827e-02 9.729593396186828613e-01 6.037700176239013672e-02 9.976774454116821289e-01 3.152649477124214172e-02 -2.845710217952728271e-01 -2.892731875181198120e-02 -2.982198819518089294e-02 9.991364479064941406e-01 4.515182495117187500e+01
9.976732730865478516e-01 -6.272733956575393677e-02 2.670912630856037140e-02 1.002962946891784668e+00 6.186899170279502869e-02 9.975762963294982910e-01 3.183490782976150513e-02 -2.706779837608337402e-01 -2.864131517708301544e-02 -3.010837174952030182e-02 9.991360902786254883e-01 4.621376037597656250e+01
9.975625872611999512e-01 -6.427019834518432617e-02 2.717074938118457794e-02 1.032222390174865723e+00 6.338475644588470459e-02 9.974667429924011230e-01 3.228274360299110413e-02 -2.569830119609832764e-01 -2.917674183845520020e-02 -3.048184886574745178e-02 9.991093277931213379e-01 4.731727600097656250e+01
9.974774122238159180e-01 -6.548266857862472534e-02 2.740153856575489044e-02 1.061415553092956543e+00 6.458640843629837036e-02 9.973856806755065918e-01 3.240696713328361511e-02 -2.426677942276000977e-01 -2.945200167596340179e-02 -3.055545501410961151e-02 9.990989565849304199e-01 4.833882141113281250e+01
9.974375963211059570e-01 -6.645774096250534058e-02 2.648768015205860138e-02 1.089378356933593750e+00 6.558582931756973267e-02 9.973164796829223633e-01 3.252938389778137207e-02 -2.275561690330505371e-01 -2.857843413949012756e-02 -3.070881962776184082e-02 9.991196393966674805e-01 4.934930801391601562e+01
9.973560571670532227e-01 -6.790691614151000977e-02 2.587337419390678406e-02 1.115573167800903320e+00 6.702832132577896118e-02 9.971906542778015137e-01 3.343351185321807861e-02 -2.119754701852798462e-01 -2.807105705142021179e-02 -3.161087259650230408e-02 9.991058707237243652e-01 5.036686325073242188e+01
9.972805976867675781e-01 -6.898017227649688721e-02 2.594457380473613739e-02 1.140996336936950684e+00 6.807737797498703003e-02 9.970934391021728516e-01 3.420455008745193481e-02 -1.979194581508636475e-01 -2.822860330343246460e-02 -3.234529867768287659e-02 9.990779161453247070e-01 5.142678833007812500e+01
9.971824884414672852e-01 -7.012321799993515015e-02 2.664154395461082458e-02 1.166839957237243652e+00 6.919097900390625000e-02 9.970088005065917969e-01 3.443590179085731506e-02 -1.801652014255523682e-01 -2.897661365568637848e-02 -3.249552845954895020e-02 9.990515708923339844e-01 5.248051452636718750e+01
9.970698952674865723e-01 -7.132267206907272339e-02 2.765155024826526642e-02 1.194351553916931152e+00 7.034745812416076660e-02 9.969163537025451660e-01 3.476817905902862549e-02 -1.623634397983551025e-01 -3.004604578018188477e-02 -3.272109478712081909e-02 9.990126490592956543e-01 5.353821182250976562e+01
9.969265460968017578e-01 -7.314740121364593506e-02 2.805047295987606049e-02 1.225605845451354980e+00 7.214964181184768677e-02 9.967769980430603027e-01 3.507032617926597595e-02 -1.442515105009078979e-01 -3.052537329494953156e-02 -3.293871507048606873e-02 9.989909529685974121e-01 5.461106872558593750e+01
9.968504905700683594e-01 -7.431051880121231079e-02 2.769396267831325531e-02 1.255516886711120605e+00 7.330967485904693604e-02 9.966751933097839355e-01 3.555502742528915405e-02 -1.275202631950378418e-01 -3.024400025606155396e-02 -3.341282159090042114e-02 9.989837408065795898e-01 5.565335464477539062e+01
9.967583417892456055e-01 -7.551532238721847534e-02 2.775121852755546570e-02 1.285550117492675781e+00 7.449090480804443359e-02 9.965621232986450195e-01 3.626096993684768677e-02 -1.102627888321876526e-01 -3.039407543838024139e-02 -3.407622128725051880e-02 9.989567995071411133e-01 5.667298126220703125e+01
9.966555833816528320e-01 -7.680302113294601440e-02 2.790970914065837860e-02 1.313565254211425781e+00 7.577399164438247681e-02 9.964666366577148438e-01 3.622687608003616333e-02 -9.312257170677185059e-02 -3.059343062341213226e-02 -3.399089723825454712e-02 9.989536404609680176e-01 5.765461349487304688e+01
9.965272545814514160e-01 -7.811190932989120483e-02 2.884406223893165588e-02 1.345182061195373535e+00 7.702176272869110107e-02 9.963370561599731445e-01 3.714832663536071777e-02 -7.222619652748107910e-02 -3.164013847708702087e-02 -3.479770570993423462e-02 9.988932609558105469e-01 5.874995803833007812e+01
9.964303374290466309e-01 -7.930953800678253174e-02 2.892297692596912384e-02 1.372844696044921875e+00 7.818568497896194458e-02 9.962099790573120117e-01 3.811372816562652588e-02 -5.275365337729454041e-02 -3.183614462614059448e-02 -3.571631759405136108e-02 9.988545775413513184e-01 5.976386260986328125e+01
9.963331222534179688e-01 -8.053791522979736328e-02 2.887739986181259155e-02 1.405156612396240234e+00 7.939849793910980225e-02 9.960935711860656738e-01 3.864450752735137939e-02 -3.092050738632678986e-02 -3.187694773077964783e-02 -3.620998188853263855e-02 9.988355040550231934e-01 6.082585906982421875e+01
9.961872100830078125e-01 -8.235929906368255615e-02 2.877444215118885040e-02 1.437861204147338867e+00 8.120191842317581177e-02 9.959221482276916504e-01 3.931087255477905273e-02 -9.255390614271163940e-03 -3.189472481608390808e-02 -3.682444989681243896e-02 9.988124370574951172e-01 6.189850997924804688e+01
9.960961341857910156e-01 -8.334145694971084595e-02 2.909779921174049377e-02 1.469087004661560059e+00 8.217010647058486938e-02 9.958405494689941406e-01 3.936654329299926758e-02 1.132444478571414948e-02 -3.225763514637947083e-02 -3.682189434766769409e-02 9.988008737564086914e-01 6.291011047363281250e+01
9.959607124328613281e-01 -8.473064750432968140e-02 2.971372939646244049e-02 1.501261591911315918e+00 8.353740721940994263e-02 9.957281947135925293e-01 3.933238238096237183e-02 3.223963454365730286e-02 -3.291945531964302063e-02 -3.669130429625511169e-02 9.987841248512268066e-01 6.395685195922851562e+01
9.957527518272399902e-01 -8.690309524536132812e-02 3.040062822401523590e-02 1.533585190773010254e+00 8.565077930688858032e-02 9.955090284347534180e-01 4.032208397984504700e-02 5.300923809409141541e-02 -3.376821056008338928e-02 -3.754699602723121643e-02 9.987239837646484375e-01 6.503512573242187500e+01
9.956160783767700195e-01 -8.809302002191543579e-02 3.143424913287162781e-02 1.567474961280822754e+00 8.676979690790176392e-02 9.953747987747192383e-01 4.123397544026374817e-02 7.615572214126586914e-02 -3.492128103971481323e-02 -3.832567483186721802e-02 9.986547231674194336e-01 6.606201171875000000e+01
9.954789876937866211e-01 -8.941893279552459717e-02 3.202478587627410889e-02 1.600157141685485840e+00 8.807568997144699097e-02 9.952635169029235840e-01 4.115206748247146606e-02 1.015817895531654358e-01 -3.555287420749664307e-02 -3.814542666077613831e-02 9.986393451690673828e-01 6.708412933349609375e+01
9.953280091285705566e-01 -9.094745665788650513e-02 3.241017833352088928e-02 1.634485244750976562e+00 8.956250548362731934e-02 9.950999617576599121e-01 4.189157485961914062e-02 1.250896155834197998e-01 -3.606129810214042664e-02 -3.879313543438911438e-02 9.985961318016052246e-01 6.808583068847656250e+01
9.951770901679992676e-01 -9.241846948862075806e-02 3.288078680634498596e-02 1.670114874839782715e+00 9.097252041101455688e-02 9.949226379394531250e-01 4.304762184619903564e-02 1.504609286785125732e-01 -3.669223189353942871e-02 -3.984877467155456543e-02 9.985315799713134766e-01 6.912314605712890625e+01
9.950140714645385742e-01 -9.392949938774108887e-02 3.352574259042739868e-02 1.704399824142456055e+00 9.241187572479248047e-02 9.947365522384643555e-01 4.426367208361625671e-02 1.739490628242492676e-01 -3.750694543123245239e-02 -4.094481468200683594e-02 9.984569549560546875e-01 7.008678436279296875e+01
9.948756694793701172e-01 -9.543389081954956055e-02 3.338370844721794128e-02 1.738250255584716797e+00 9.389197826385498047e-02 9.945624470710754395e-01 4.505474120378494263e-02 2.005095034837722778e-01 -3.750193119049072266e-02 -4.168941825628280640e-02 9.984263777732849121e-01 7.107090759277343750e+01
9.947565793991088867e-01 -9.664300829172134399e-02 3.345314413309097290e-02 1.773679137229919434e+00 9.510269016027450562e-02 9.944531917572021484e-01 4.492551833391189575e-02 2.270566374063491821e-01 -3.760932758450508118e-02 -4.150848463177680969e-02 9.984298944473266602e-01 7.209424591064453125e+01
9.945868253707885742e-01 -9.832967072725296021e-02 3.358498588204383850e-02 1.808886051177978516e+00 9.678828716278076172e-02 9.942964315414428711e-01 4.479569196701049805e-02 2.550835013389587402e-01 -3.779818117618560791e-02 -4.130258783698081970e-02 9.984313249588012695e-01 7.310616302490234375e+01
9.944251775741577148e-01 -9.976588934659957886e-02 3.413162380456924438e-02 1.844938635826110840e+00 9.819969534873962402e-02 9.941558837890625000e-01 4.484362900257110596e-02 2.811830639839172363e-01 -3.840602561831474304e-02 -4.124193266034126282e-02 9.984105825424194336e-01 7.409143829345703125e+01
9.943106770515441895e-01 -1.011218503117561340e-01 3.347118943929672241e-02 1.877688646316528320e+00 9.956499934196472168e-02 9.939990043640136719e-01 4.530693218111991882e-02 3.060745596885681152e-01 -3.785185888409614563e-02 -4.171662032604217529e-02 9.984120726585388184e-01 7.505581665039062500e+01
9.941470623016357422e-01 -1.025917008519172668e-01 3.385508805513381958e-02 1.913203597068786621e+00 1.009991765022277832e-01 9.938313364982604980e-01 4.580732062458992004e-02 3.315896987915039062e-01 -3.834570944309234619e-02 -4.211989045143127441e-02 9.983763098716735840e-01 7.608623504638671875e+01
9.939423799514770508e-01 -1.043072566390037537e-01 3.461486101150512695e-02 1.950436353683471680e+00 1.026571393013000488e-01 9.936317801475524902e-01 4.644607007503509521e-02 3.589372038841247559e-01 -3.923910111188888550e-02 -4.261126741766929626e-02 9.983207583427429199e-01 7.708595275878906250e+01
9.937820434570312500e-01 -1.057143285870552063e-01 3.494832664728164673e-02 1.985168337821960449e+00 1.040089800953865051e-01 9.934428930282592773e-01 4.746688529849052429e-02 3.862736225128173828e-01 -3.973711654543876648e-02 -4.353680834174156189e-02 9.982610940933227539e-01 7.805474090576171875e+01
9.935951828956604004e-01 -1.071745008230209351e-01 3.580274432897567749e-02 2.024506092071533203e+00 1.053509116172790527e-01 9.932051897048950195e-01 4.944041743874549866e-02 4.160870611667633057e-01 -4.085823893547058105e-02 -4.535191878676414490e-02 9.981350302696228027e-01 7.906038665771484375e+01
9.934582710266113281e-01 -1.086289286613464355e-01 3.521373495459556580e-02 2.063489437103271484e+00 1.067277863621711731e-01 9.929274916648864746e-01 5.199807137250900269e-02 4.488643109798431396e-01 -4.061319679021835327e-02 -4.789964109659194946e-02 9.980260133743286133e-01 8.013367462158203125e+01
9.932960867881774902e-01 -1.101604178547859192e-01 3.503055498003959656e-02 2.099352121353149414e+00 1.082255095243453979e-01 9.927110075950622559e-01 5.302473157644271851e-02 4.855568408966064453e-01 -4.061646386981010437e-02 -4.887806996703147888e-02 9.979784488677978516e-01 8.120009613037109375e+01
9.930664300918579102e-01 -1.115902885794639587e-01 3.696193546056747437e-02 2.138790130615234375e+00 1.095363199710845947e-01 9.925370216369628906e-01 5.358653143048286438e-02 5.220196247100830078e-01 -4.266584664583206177e-02 -4.916632175445556641e-02 9.978787899017333984e-01 8.224349212646484375e+01
9.927480220794677734e-01 -1.133467406034469604e-01 4.004177823662757874e-02 2.179439783096313477e+00 1.110902875661849976e-01 9.923042058944702148e-01 5.468780174851417542e-02 5.590426921844482422e-01 -4.593233019113540649e-02 -4.984296485781669617e-02 9.977002143859863281e-01 8.324214172363281250e+01
9.924735426902770996e-01 -1.144682243466377258e-01 4.350580275058746338e-02 2.225110530853271484e+00 1.120125427842140198e-01 9.921708106994628906e-01 5.522394552826881409e-02 5.971314311027526855e-01 -4.948659613728523254e-02 -4.993511736392974854e-02 9.975256323814392090e-01 8.424130249023437500e+01
9.921877384185791016e-01 -1.161781623959541321e-01 4.544685781002044678e-02 2.273745775222778320e+00 1.135633736848831177e-01 9.919272065162658691e-01 5.641959980130195618e-02 6.379222869873046875e-01 -5.163472145795822144e-02 -5.081775039434432983e-02 9.973721504211425781e-01 8.526652526855468750e+01
9.919115304946899414e-01 -1.176328435540199280e-01 4.767894372344017029e-02 2.322485446929931641e+00 1.148661971092224121e-01 9.917367100715637207e-01 5.712602287530899048e-02 6.770941019058227539e-01 -5.400487780570983887e-02 -5.118728056550025940e-02 9.972277283668518066e-01 8.623979187011718750e+01
9.916906356811523438e-01 -1.187908500432968140e-01 4.937213286757469177e-02 2.376210212707519531e+00 1.159095540642738342e-01 9.915865659713745117e-01 5.762336030602455139e-02 7.183048725128173828e-01 -5.580189079046249390e-02 -5.142186209559440613e-02 9.971167445182800293e-01 8.727922821044921875e+01
9.914472103118896484e-01 -1.202782988548278809e-01 5.064198374748229980e-02 2.432800292968750000e+00 1.173236072063446045e-01 9.914121627807617188e-01 5.776211991906166077e-02 7.624830007553100586e-01 -5.715462937951087952e-02 -5.132661387324333191e-02 9.970449805259704590e-01 8.838227081298828125e+01
9.912752509117126465e-01 -1.217749863862991333e-01 5.043097212910652161e-02 2.493148088455200195e+00 1.188345775008201599e-01 9.912357926368713379e-01 5.770094692707061768e-02 8.087210655212402344e-01 -5.701553449034690857e-02 -5.120459571480751038e-02 9.970592260360717773e-01 8.952249145507812500e+01
9.911249279975891113e-01 -1.230583637952804565e-01 5.026906728744506836e-02 2.547093868255615234e+00 1.201154366135597229e-01 9.910703897476196289e-01 5.788976699113845825e-02 8.498449325561523438e-01 -5.694402381777763367e-02 -5.133792385458946228e-02 9.970564246177673340e-01 9.055254364013671875e+01
9.909771680831909180e-01 -1.244847327470779419e-01 4.966627061367034912e-02 2.604331731796264648e+00 1.216166615486145020e-01 9.909323453903198242e-01 5.711292847990989685e-02 8.953490853309631348e-01 -5.632562190294265747e-02 -5.055738613009452820e-02 9.971314668655395508e-01 9.167829895019531250e+01
9.908177256584167480e-01 -1.254899650812149048e-01 5.031403526663780212e-02 2.659575939178466797e+00 1.225612610578536987e-01 9.907878041267395020e-01 5.759895592927932739e-02 9.353015422821044922e-01 -5.707864835858345032e-02 -5.090353637933731079e-02 9.970710277557373047e-01 9.273060607910156250e+01
9.907256960868835449e-01 -1.262839883565902710e-01 5.013906955718994141e-02 2.713350057601928711e+00 1.233904734253883362e-01 9.907115697860717773e-01 5.713870748877525330e-02 9.774487018585205078e-01 -5.688908696174621582e-02 -5.042212083935737610e-02 9.971063137054443359e-01 9.378200531005859375e+01
9.905174970626831055e-01 -1.278941780328750610e-01 5.017003417015075684e-02 2.768723487854003906e+00 1.249699220061302185e-01 9.904839992523193359e-01 5.764836072921752930e-02 1.018986344337463379e+00 -5.706553533673286438e-02 -5.083198845386505127e-02 9.970754384994506836e-01 9.486072540283203125e+01
9.904769659042358398e-01 -1.291457265615463257e-01 4.770516604185104370e-02 2.823796749114990234e+00 1.263211518526077271e-01 9.902847409248352051e-01 5.812444910407066345e-02 1.062719941139221191e+00 -5.474825203418731689e-02 -5.154477432370185852e-02 9.971687793731689453e-01 9.597293853759765625e+01
9.903351068496704102e-01 -1.303806751966476440e-01 4.728917032480239868e-02 2.872518777847290039e+00 1.275660097599029541e-01 9.901129603385925293e-01 5.833223834633827209e-02 1.102918267250061035e+00 -5.442705005407333374e-02 -5.173598974943161011e-02 9.971764683723449707e-01 9.697231292724609375e+01
9.901068210601806641e-01 -1.317521631717681885e-01 4.825735464692115784e-02 2.927640914916992188e+00 1.289013326168060303e-01 9.899550080299377441e-01 5.807621404528617859e-02 1.145857453346252441e+00 -5.542431026697158813e-02 -5.128123238682746887e-02 9.971450567245483398e-01 9.806930541992187500e+01
9.900631904602050781e-01 -1.323564052581787109e-01 4.749406501650810242e-02 2.982202768325805664e+00 1.295023709535598755e-01 9.898309707641601562e-01 5.884797871112823486e-02 1.190931797027587891e+00 -5.480004101991653442e-02 -5.211263522505760193e-02 9.971364736557006836e-01 9.915258026123046875e+01
9.899461865425109863e-01 -1.335406005382537842e-01 4.660995304584503174e-02 3.035717964172363281e+00 1.306880712509155273e-01 9.896260499954223633e-01 5.966752022504806519e-02 1.234061717987060547e+00 -5.409449338912963867e-02 -5.297628045082092285e-02 9.971294999122619629e-01 1.002096633911132812e+02
9.897649884223937988e-01 -1.349161267280578613e-01 4.649586975574493408e-02 3.088512182235717773e+00 1.320823431015014648e-01 9.894555211067199707e-01 5.942483246326446533e-02 1.280189394950866699e+00 -5.402299389243125916e-02 -5.267535150051116943e-02 9.971492886543273926e-01 1.012772979736328125e+02
9.896301627159118652e-01 -1.357986032962799072e-01 4.679569974541664124e-02 3.141614198684692383e+00 1.329386681318283081e-01 9.893296957015991211e-01 5.960931628942489624e-02 1.327715277671813965e+00 -5.439127236604690552e-02 -5.277023464441299438e-02 9.971242547035217285e-01 1.023686752319335938e+02
9.894559383392333984e-01 -1.371896862983703613e-01 4.642141610383987427e-02 3.194184780120849609e+00 1.343386918306350708e-01 9.891289472579956055e-01 5.980155989527702332e-02 1.371679782867431641e+00 -5.412095785140991211e-02 -5.293482914566993713e-02 9.971302747726440430e-01 1.034387130737304688e+02
9.892995357513427734e-01 -1.382797211408615112e-01 4.651984199881553650e-02 3.249682664871215820e+00 1.354213654994964600e-01 9.889793395996093750e-01 5.983441323041915894e-02 1.417550325393676758e+00 -5.428107827901840210e-02 -5.289439484477043152e-02 9.971237182617187500e-01 1.045809020996093750e+02
9.892301559448242188e-01 -1.390996724367141724e-01 4.554063081741333008e-02 3.300879240036010742e+00 1.363060176372528076e-01 9.888724684715270996e-01 5.959101766347885132e-02 1.463486552238464355e+00 -5.332300066947937012e-02 -5.274179205298423767e-02 9.971834421157836914e-01 1.056402130126953125e+02
9.890715479850769043e-01 -1.401459872722625732e-01 4.577726870775222778e-02 3.353741884231567383e+00 1.373379528522491455e-01 9.887280464172363281e-01 5.961925163865089417e-02 1.509370207786560059e+00 -5.361669510602951050e-02 -5.268076807260513306e-02 9.971709251403808594e-01 1.067416000366210938e+02
9.888521432876586914e-01 -1.415744572877883911e-01 4.612129926681518555e-02 3.401808738708496094e+00 1.387292295694351196e-01 9.885130524635314941e-01 5.996203795075416565e-02 1.551033139228820801e+00 -5.408062785863876343e-02 -5.289523676037788391e-02 9.971345067024230957e-01 1.077777404785156250e+02
9.886414408683776855e-01 -1.431021839380264282e-01 4.592319950461387634e-02 3.453168153762817383e+00 1.402533501386642456e-01 9.882827401161193848e-01 6.021256744861602783e-02 1.596088290214538574e+00 -5.400168523192405701e-02 -5.308777466416358948e-02 9.971285462379455566e-01 1.088432464599609375e+02
9.884777665138244629e-01 -1.442488133907318115e-01 4.585968703031539917e-02 3.503178596496582031e+00 1.413403600454330444e-01 9.880568385124206543e-01 6.136639043688774109e-02 1.641437649726867676e+00 -5.416404083371162415e-02 -5.417750775814056396e-02 9.970611333847045898e-01 1.099022903442382812e+02
9.881489872932434082e-01 -1.461943686008453369e-01 4.677469283342361450e-02 3.559468507766723633e+00 1.431682705879211426e-01 9.877173900604248047e-01 6.258040666580200195e-02 1.690894365310668945e+00 -5.534912273287773132e-02 -5.514213442802429199e-02 9.969431161880493164e-01 1.110669250488281250e+02
9.879476428031921387e-01 -1.476840376853942871e-01 4.634592682123184204e-02 3.610397577285766602e+00 1.446408331394195557e-01 9.874565005302429199e-01 6.330695748329162598e-02 1.738333225250244141e+00 -5.511405318975448608e-02 -5.584047362208366394e-02 9.969172477722167969e-01 1.121252670288085938e+02
9.876752495765686035e-01 -1.493972986936569214e-01 4.665856435894966125e-02 3.663084983825683594e+00 1.462575942277908325e-01 9.871274232864379883e-01 6.470847874879837036e-02 1.788591265678405762e+00 -5.572526156902313232e-02 -5.708682909607887268e-02 9.968127012252807617e-01 1.132217330932617188e+02
9.875798821449279785e-01 -1.505485624074935913e-01 4.494407027959823608e-02 3.715177297592163086e+00 1.474777609109878540e-01 9.869111180305480957e-01 6.523673981428146362e-02 1.839995265007019043e+00 -5.417713522911071777e-02 -5.779828131198883057e-02 9.968570470809936523e-01 1.143333511352539062e+02
9.874943494796752930e-01 -1.515899300575256348e-01 4.329095035791397095e-02 3.764034986495971680e+00 1.485947668552398682e-01 9.867190122604370117e-01 6.560656428337097168e-02 1.891613364219665527e+00 -5.266132950782775879e-02 -5.835334956645965576e-02 9.969059228897094727e-01 1.154300613403320312e+02
9.873670339584350586e-01 -1.524492651224136353e-01 4.317710176110267639e-02 3.811833143234252930e+00 1.494129598140716553e-01 9.865357279777526855e-01 6.649860739707946777e-02 1.943608283996582031e+00 -5.273344740271568298e-02 -5.920736491680145264e-02 9.968517422676086426e-01 1.165489196777343750e+02
9.871976971626281738e-01 -1.537554562091827393e-01 4.241162538528442383e-02 3.858642339706420898e+00 1.507442593574523926e-01 9.863083362579345703e-01 6.686634570360183716e-02 1.991971850395202637e+00 -5.211203172802925110e-02 -5.961704626679420471e-02 9.968600273132324219e-01 1.175865020751953125e+02
9.870210289955139160e-01 -1.548169255256652832e-01 4.266181960701942444e-02 3.907189607620239258e+00 1.517687588930130005e-01 9.861239194869995117e-01 6.726716458797454834e-02 2.044064283370971680e+00 -5.248396098613739014e-02 -5.991942808032035828e-02 9.968223571777343750e-01 1.186505355834960938e+02
9.868860840797424316e-01 -1.556534916162490845e-01 4.273902252316474915e-02 3.955927371978759766e+00 1.525753140449523926e-01 9.859675765037536621e-01 6.773301213979721069e-02 2.098228454589843750e+00 -5.268219113349914551e-02 -6.032390519976615906e-02 9.967874884605407715e-01 1.197180252075195312e+02
9.866630434989929199e-01 -1.572085916996002197e-01 4.219348728656768799e-02 4.008067131042480469e+00 1.541158854961395264e-01 9.856672286987304688e-01 6.861043721437454224e-02 2.152055978775024414e+00 -5.237491056323051453e-02 -6.119275838136672974e-02 9.967507123947143555e-01 1.208437652587890625e+02
9.863343834877014160e-01 -1.594216227531433105e-01 4.157090187072753906e-02 4.058266639709472656e+00 1.562944203615188599e-01 9.852292537689208984e-01 6.996029615402221680e-02 2.211812496185302734e+00 -5.211007967591285706e-02 -6.250700354576110840e-02 9.966830015182495117e-01 1.220249862670898438e+02
9.861331582069396973e-01 -1.608954519033432007e-01 4.065572097897529602e-02 4.107911109924316406e+00 1.577714234590530396e-01 9.849208593368530273e-01 7.097860425710678101e-02 2.270708084106445312e+00 -5.146283656358718872e-02 -6.358010321855545044e-02 9.966487288475036621e-01 1.231828231811523438e+02
9.858911633491516113e-01 -1.624713540077209473e-01 4.025471955537796021e-02 4.157104015350341797e+00 1.592888981103897095e-01 9.845604896545410156e-01 7.257199287414550781e-02 2.337325572967529297e+00 -5.142411217093467712e-02 -6.513602286577224731e-02 9.965502023696899414e-01 1.243478088378906250e+02
9.855297207832336426e-01 -1.645754426717758179e-01 4.055581241846084595e-02 4.203462123870849609e+00 1.612972170114517212e-01 9.841288924217224121e-01 7.397764176130294800e-02 2.398610591888427734e+00 -5.208708345890045166e-02 -6.636568903923034668e-02 9.964346289634704590e-01 1.254715042114257812e+02
9.853333830833435059e-01 -1.656261533498764038e-01 4.104622453451156616e-02 4.252902507781982422e+00 1.622873395681381226e-01 9.839282035827636719e-01 7.447936385869979858e-02 2.463851928710937500e+00 -5.272230505943298340e-02 -6.672578305006027222e-02 9.963771700859069824e-01 1.266271286010742188e+02
9.852231144905090332e-01 -1.661861240863800049e-01 4.142801463603973389e-02 4.298887729644775391e+00 1.627970337867736816e-01 9.838098883628845215e-01 7.492855191230773926e-02 2.524902820587158203e+00 -5.320941656827926636e-02 -6.707704812288284302e-02 9.963276982307434082e-01 1.277475357055664062e+02
9.849565625190734863e-01 -1.676938980817794800e-01 4.168982431292533875e-02 4.349135875701904297e+00 1.642967760562896729e-01 9.835771322250366211e-01 7.471071183681488037e-02 2.589663505554199219e+00 -5.353372916579246521e-02 -6.673736870288848877e-02 9.963331222534179688e-01 1.288895568847656250e+02
9.846551418304443359e-01 -1.692707389593124390e-01 4.242952913045883179e-02 4.393625736236572266e+00 1.657970398664474487e-01 9.832904338836669922e-01 7.516872882843017578e-02 2.649435758590698242e+00 -5.444446206092834473e-02 -6.698065996170043945e-02 9.962674379348754883e-01 1.299448089599609375e+02
9.843641519546508789e-01 -1.707080751657485962e-01 4.341051355004310608e-02 4.446043968200683594e+00 1.671481132507324219e-01 9.830361604690551758e-01 7.550162076950073242e-02 2.712089061737060547e+00 -5.556288361549377441e-02 -6.706517934799194336e-02 9.962000250816345215e-01 1.310488281250000000e+02
9.840405583381652832e-01 -1.722943782806396484e-01 4.446775838732719421e-02 4.496772289276123047e+00 1.686410307884216309e-01 9.827536344528198242e-01 7.585900276899337769e-02 2.774519920349121094e+00 -5.677097663283348083e-02 -6.714931875467300415e-02 9.961262941360473633e-01 1.321630401611328125e+02
9.837792515754699707e-01 -1.735776811838150024e-01 4.525187239050865173e-02 4.550815105438232422e+00 1.698876619338989258e-01 9.825624823570251465e-01 7.555292546749114990e-02 2.839294910430908203e+00 -5.757714062929153442e-02 -6.663973629474639893e-02 9.961142539978027344e-01 1.333117218017578125e+02
9.835497140884399414e-01 -1.749278604984283447e-01 4.504165425896644592e-02 4.613985538482666016e+00 1.712862998247146606e-01 9.823675751686096191e-01 7.492629438638687134e-02 2.907650232315063477e+00 -5.735420435667037964e-02 -6.597878783941268921e-02 9.961711168289184570e-01 1.346318206787109375e+02
9.833463430404663086e-01 -1.760584712028503418e-01 4.507654905319213867e-02 4.669515609741210938e+00 1.723740994930267334e-01 9.821253418922424316e-01 7.560390233993530273e-02 2.973162889480590820e+00 -5.758157372474670410e-02 -6.657487154006958008e-02 9.961183071136474609e-01 1.358036346435546875e+02
9.832034111022949219e-01 -1.770990937948226929e-01 4.410681128501892090e-02 4.726876258850097656e+00 1.734036356210708618e-01 9.818425774574279785e-01 7.691072672605514526e-02 3.045056581497192383e+00 -5.692680925130844116e-02 -6.797068566083908081e-02 9.960616827011108398e-01 1.370849456787109375e+02
9.831500649452209473e-01 -1.773667782545089722e-01 4.422036558389663696e-02 4.781436920166015625e+00 1.735935211181640625e-01 9.817131161689758301e-01 7.812509685754776001e-02 3.115935564041137695e+00 -5.726855620741844177e-02 -6.913240253925323486e-02 9.959620833396911621e-01 1.382993927001953125e+02
9.828956127166748047e-01 -1.786039918661117554e-01 4.489044845104217529e-02 4.841641902923583984e+00 1.747467368841171265e-01 9.814593791961669922e-01 7.873994857072830200e-02 3.193027257919311523e+00 -5.812146887183189392e-02 -6.954877078533172607e-02 9.958837032318115234e-01 1.396091461181640625e+02
9.826148152351379395e-01 -1.801248341798782349e-01 4.496186599135398865e-02 4.897491455078125000e+00 1.762005537748336792e-01 9.811170101165771484e-01 7.976075261831283569e-02 3.264349222183227539e+00 -5.847978964447975159e-02 -7.045187801122665405e-02 9.957992434501647949e-01 1.407952880859375000e+02
