9.999929070472717285e-01 -1.036820234730839729e-03 -3.628094214946031570e-03 -1.124727167189121246e-02 1.041643554344773293e-03 9.999985694885253906e-01 1.327792531810700893e-03 -1.101892907172441483e-02 3.626712597906589508e-03 -1.331562292762100697e-03 9.999925494194030762e-01 1.087775945663452148e+00
9.999653100967407227e-01 -1.646831398829817772e-03 -8.168763481080532074e-03 -1.922175288200378418e-02 1.644910895265638828e-03 9.999985694885253906e-01 -2.417993964627385139e-04 -2.883853763341903687e-02 8.169150911271572113e-03 2.283541252836585045e-04 9.999666213989257812e-01 2.099075317382812500e+00
9.999548196792602539e-01 -1.042017131112515926e-03 -9.448485448956489563e-03 -2.942425012588500977e-02 1.047724392265081406e-03 9.999992251396179199e-01 5.991121870465576649e-04 -4.147273302078247070e-02 9.447854943573474884e-03 -6.089844973757863045e-04 9.999551773071289062e-01 3.203445434570312500e+00
9.999580383300781250e-01 -4.518179048318415880e-04 -9.148041717708110809e-03 -4.082241654396057129e-02 4.737434210255742073e-04 9.999969601631164551e-01 2.394712064415216446e-03 -5.511329323053359985e-02 9.146933443844318390e-03 -2.398945391178131104e-03 9.999552965164184570e-01 4.266548156738281250e+00
9.999293088912963867e-01 -7.643756107427179813e-04 -1.186092756688594818e-02 -5.650640651583671570e-02 8.318868931382894516e-04 9.999834299087524414e-01 5.688013508915901184e-03 -5.461712926626205444e-02 1.185638550668954849e-02 -5.697478540241718292e-03 9.999134540557861328e-01 5.379480838775634766e+00
9.998965263366699219e-01 -2.918714424595236778e-03 -1.407998614013195038e-02 -7.165515422821044922e-02 3.012285567820072174e-03 9.999734759330749512e-01 6.629035808145999908e-03 -6.669483333826065063e-02 1.406026631593704224e-02 -6.670763716101646423e-03 9.998788833618164062e-01 6.490612506866455078e+00
9.996727705001831055e-01 -1.489579211920499802e-03 -2.553374879062175751e-02 -1.050108969211578369e-01 1.729513052850961685e-03 9.999545216560363770e-01 9.377222508192062378e-03 -6.773241609334945679e-02 2.551862224936485291e-02 -9.418316185474395752e-03 9.996299743652343750e-01 7.488838672637939453e+00
9.996228814125061035e-01 -1.756632933393120766e-03 -2.740119025111198425e-02 -1.427095681428909302e-01 2.019387669861316681e-03 9.999521970748901367e-01 9.564447216689586639e-03 -6.646770238876342773e-02 2.738308534026145935e-02 -9.616174735128879547e-03 9.995787143707275391e-01 8.512848854064941406e+00
9.988991618156433105e-01 -7.385059259831905365e-03 -4.632027074694633484e-02 -1.750404238700866699e-01 8.091554976999759674e-03 9.998534321784973145e-01 1.508348993957042694e-02 -6.576171517372131348e-02 4.620210081338882446e-02 -1.544169150292873383e-02 9.988126754760742188e-01 9.401346206665039062e+00
9.985004067420959473e-01 -7.207251619547605515e-03 -5.426553264260292053e-02 -2.264857292175292969e-01 8.308667689561843872e-03 9.997633695602416992e-01 2.009859867393970490e-02 -6.601455062627792358e-02 5.410785228013992310e-02 -2.051933668553829193e-02 9.983241558074951172e-01 1.025254917144775391e+01
9.985002279281616211e-01 -8.951842784881591797e-03 -5.400815606117248535e-02 -2.733651101589202881e-01 1.020286325365304947e-02 9.996848106384277344e-01 2.293244563043117523e-02 -6.287038326263427734e-02 5.378586426377296448e-02 -2.344909496605396271e-02 9.982770085334777832e-01 1.108918857574462891e+01
9.984458684921264648e-01 -7.607055827975273132e-03 -5.520530045032501221e-02 -3.261300921440124512e-01 8.866307325661182404e-03 9.997051358222961426e-01 2.260136231780052185e-02 -5.555178970098495483e-02 5.501710623502731323e-02 -2.305571176111698151e-02 9.982190728187561035e-01 1.187937355041503906e+01
9.983925819396972656e-01 -7.345750927925109863e-03 -5.619580298662185669e-02 -3.758279383182525635e-01 8.631904609501361847e-03 9.997053742408752441e-01 2.267858944833278656e-02 -4.747071489691734314e-02 5.601267144083976746e-02 -2.312721870839595795e-02 9.981620907783508301e-01 1.275177097320556641e+01
9.981318116188049316e-01 -8.648671209812164307e-03 -6.047917529940605164e-02 -4.304047822952270508e-01 1.015721354633569717e-02 9.996436238288879395e-01 2.468034997582435608e-02 -3.748023509979248047e-02 6.024418771266937256e-02 -2.524854801595211029e-02 9.978641867637634277e-01 1.363839721679687500e+01
9.974388480186462402e-01 -9.290053509175777435e-03 -7.091659307479858398e-02 -5.001562833786010742e-01 1.116576232016086578e-02 9.995968937873840332e-01 2.609904296696186066e-02 -2.670895494520664215e-02 7.064556330442428589e-02 -2.682404220104217529e-02 9.971406459808349609e-01 1.456061172485351562e+01
9.972332119941711426e-01 -9.992191568017005920e-03 -7.365924119949340820e-02 -5.806622505187988281e-01 1.195347867906093597e-02 9.995842576026916504e-01 2.623388357460498810e-02 -1.869852468371391296e-02 7.336650788784027100e-02 -2.704178914427757263e-02 9.969382286071777344e-01 1.550706195831298828e+01
9.967984557151794434e-01 -1.090794615447521210e-02 -7.920602709054946899e-02 -6.567972898483276367e-01 1.313209719955921173e-02 9.995322227478027344e-01 2.761415764689445496e-02 -7.974782958626747131e-03 7.886779308319091797e-02 -2.856589481234550476e-02 9.964755773544311523e-01 1.651534080505371094e+01
9.962022900581359863e-01 -1.146685890853404999e-02 -8.630884438753128052e-02 -7.550185918807983398e-01 1.403902005404233932e-02 9.994732737541198730e-01 2.925404533743858337e-02 1.212486624717712402e-02 8.592796325683593750e-02 -3.035464510321617126e-02 9.958387017250061035e-01 1.751322174072265625e+01
9.950717091560363770e-01 -1.118003576993942261e-02 -9.852428734302520752e-02 -8.562626838684082031e-01 1.447503827512264252e-02 9.993572235107421875e-01 3.279242292046546936e-02 2.805943600833415985e-02 9.809437394142150879e-02 -3.405696153640747070e-02 9.945940971374511719e-01 1.847527694702148438e+01
9.947573542594909668e-01 -1.208664104342460632e-02 -1.015451103448867798e-01 -9.552347660064697266e-01 1.574893668293952942e-02 9.992510676383972168e-01 3.534172847867012024e-02 4.409933090209960938e-02 1.010419279336929321e-01 -3.675567731261253357e-02 9.942029118537902832e-01 1.939072990417480469e+01
9.940648078918457031e-01 -1.155087072402238846e-02 -1.081731021404266357e-01 -1.060949444770812988e+00 1.577607542276382446e-02 9.991421699523925781e-01 3.828565403819084167e-02 6.673783808946609497e-02 1.076381132006645203e-01 -3.976497426629066467e-02 9.933944940567016602e-01 2.039971351623535156e+01
9.931313991546630859e-01 -1.513129565864801407e-02 -1.160205155611038208e-01 -1.180366396903991699e+00 1.997609063982963562e-02 9.989711642265319824e-01 4.070963338017463684e-02 9.288913011550903320e-02 1.152852028608322144e-01 -4.274765774607658386e-02 9.924121499061584473e-01 2.144721221923828125e+01
9.930710196495056152e-01 -1.627453975379467010e-02 -1.163819804787635803e-01 -1.300218105316162109e+00 2.111637778580188751e-02 9.989565610885620117e-01 4.049170017242431641e-02 1.166404262185096741e-01 1.156016066670417786e-01 -4.266870766878128052e-02 9.923787117004394531e-01 2.249737739562988281e+01
9.928053617477416992e-01 -1.601832732558250427e-02 -1.186617240309715271e-01 -1.419087171554565430e+00 2.104158140718936920e-02 9.989291429519653320e-01 4.120131582021713257e-02 1.454296112060546875e-01 1.178747266530990601e-01 -4.340172931551933289e-02 9.920794367790222168e-01 2.351424598693847656e+01
9.920396804809570312e-01 -1.589612476527690887e-02 -1.249164268374443054e-01 -1.548774957656860352e+00 2.145504020154476166e-02 9.988323450088500977e-01 4.328242316842079163e-02 1.793778538703918457e-01 1.240825951099395752e-01 -4.561799019575119019e-02 9.912226200103759766e-01 2.453502655029296875e+01
9.921789169311523438e-01 -1.266628596931695938e-02 -1.241783350706100464e-01 -1.675755977630615234e+00 1.819216832518577576e-02 9.988890886306762695e-01 4.346705228090286255e-02 2.066548168659210205e-01 1.234898716211318970e-01 -4.538618400692939758e-02 9.913072586059570312e-01 2.552943801879882812e+01
9.919227957725524902e-01 -1.408956572413444519e-02 -1.260562986135482788e-01 -1.804289340972900391e+00 1.986994594335556030e-02 9.988020062446594238e-01 4.471624270081520081e-02 2.449783980846405029e-01 1.252752989530563354e-01 -4.685981571674346924e-02 9.910145998001098633e-01 2.652998733520507812e+01
9.913432598114013672e-01 -1.503027416765689850e-02 -1.304309815168380737e-01 -1.928947687149047852e+00 2.116650529205799103e-02 9.987268447875976562e-01 4.578768089413642883e-02 2.701129317283630371e-01 1.295767724514007568e-01 -4.815210029482841492e-02 9.903994202613830566e-01 2.748788642883300781e+01
9.900344014167785645e-01 -1.728617772459983826e-02 -1.397593617439270020e-01 -2.070664167404174805e+00 2.403483539819717407e-02 9.986176490783691406e-01 4.674485698342323303e-02 3.054962158203125000e-01 1.387581527233123779e-01 -4.963813722133636475e-02 9.890813827514648438e-01 2.853687858581542969e+01
9.898815751075744629e-01 -1.877593994140625000e-02 -1.406470686197280884e-01 -2.219515085220336914e+00 2.563999406993389130e-02 9.985586404800415039e-01 4.715121909976005554e-02 3.408359289169311523e-01 1.395590603351593018e-01 -5.028034001588821411e-02 9.889362454414367676e-01 2.961582374572753906e+01
9.898689389228820801e-01 -1.900206319987773895e-02 -1.407055556774139404e-01 -2.367415666580200195e+00 2.590932138264179230e-02 9.985388517379760742e-01 4.742197319865226746e-02 3.728646337985992432e-01 1.395988762378692627e-01 -5.058715492486953735e-02 9.889149665832519531e-01 3.067321014404296875e+01
9.893296957015991211e-01 -1.840124651789665222e-02 -1.445258110761642456e-01 -2.515426397323608398e+00 2.574011497199535370e-02 9.984633922576904297e-01 4.907422512769699097e-02 4.094144105911254883e-01 1.434007436037063599e-01 -5.227073282003402710e-02 9.882832169532775879e-01 3.171640777587890625e+01
9.882915616035461426e-01 -2.364860847592353821e-02 -1.507315635681152344e-01 -2.667988538742065430e+00 3.119103424251079559e-02 9.983662962913513184e-01 4.787228256464004517e-02 4.489112794399261475e-01 1.493532508611679077e-01 -5.201328545808792114e-02 9.874147176742553711e-01 3.270781326293945312e+01
9.879466295242309570e-01 -2.476329170167446136e-02 -1.527998447418212891e-01 -2.814083576202392578e+00 3.291376680135726929e-02 9.981538653373718262e-01 5.104370787739753723e-02 4.898388385772705078e-01 1.512538045644760132e-01 -5.545771494507789612e-02 9.869378805160522461e-01 3.367531967163085938e+01
9.862961769104003906e-01 -3.291266039013862610e-02 -1.616673320531845093e-01 -2.968322753906250000e+00 4.196336120367050171e-02 9.977181553840637207e-01 5.289096757769584656e-02 5.297061204910278320e-01 1.595577150583267212e-01 -5.895029380917549133e-02 9.854267239570617676e-01 3.463562393188476562e+01
9.852814078330993652e-01 -3.456537425518035889e-02 -1.674081087112426758e-01 -3.139589786529541016e+00 4.368888959288597107e-02 9.977361559867858887e-01 5.112494155764579773e-02 5.735465288162231445e-01 1.652620285749435425e-01 -5.768635869026184082e-02 9.845610260963439941e-01 3.567403411865234375e+01
9.846435785293579102e-01 -3.709353506565093994e-02 -1.705896407365798950e-01 -3.324236154556274414e+00 4.692815244197845459e-02 9.974384307861328125e-01 5.398328229784965515e-02 6.171983480453491211e-01 1.681503206491470337e-01 -6.115977466106414795e-02 9.838620424270629883e-01 3.676660919189453125e+01
9.841873645782470703e-01 -3.932401537895202637e-02 -1.727096587419509888e-01 -3.503614664077758789e+00 4.873772710561752319e-02 9.975286722183227539e-01 5.060642957687377930e-02 6.601282954216003418e-01 1.702928692102432251e-01 -5.822370946407318115e-02 9.836716055870056152e-01 3.782048797607421875e+01
9.838330745697021484e-01 -4.065264016389846802e-02 -1.744120568037033081e-01 -3.686603546142578125e+00 5.018842965364456177e-02 9.974562525749206543e-01 5.061465129256248474e-02 7.010340690612792969e-01 1.719108521938323975e-01 -5.854985862970352173e-02 9.833707213401794434e-01 3.883880615234375000e+01
9.831656217575073242e-01 -4.104605317115783691e-02 -1.780457198619842529e-01 -3.862442731857299805e+00 5.163884907960891724e-02 9.971349239349365234e-01 5.527281761169433594e-02 7.385683655738830566e-01 1.752669513225555420e-01 -6.353643536567687988e-02 9.824683070182800293e-01 3.985969924926757812e+01
9.824818968772888184e-01 -4.011120647192001343e-02 -1.819892376661300659e-01 -4.047280788421630859e+00 5.123645439743995667e-02 9.970672726631164551e-01 5.684575811028480530e-02 7.826901078224182129e-01 1.791754364967346191e-01 -6.517443805932998657e-02 9.816556572914123535e-01 4.087123870849609375e+01
9.832513928413391113e-01 -4.063615947961807251e-02 -1.776655316352844238e-01 -4.230677127838134766e+00 5.130727216601371765e-02 9.971179366111755371e-01 5.588535219430923462e-02 8.242492675781250000e-01 1.748825758695602417e-01 -6.406491249799728394e-02 9.825024604797363281e-01 4.187946319580078125e+01
9.834324717521667480e-01 -4.169694706797599792e-02 -1.764128655195236206e-01 -4.408602714538574219e+00 5.232488363981246948e-02 9.970571398735046387e-01 5.602625384926795959e-02 8.644663095474243164e-01 1.735576391220092773e-01 -6.432885676622390747e-02 9.827200770378112793e-01 4.290789413452148438e+01
9.832589030265808105e-01 -4.349562153220176697e-02 -1.769449561834335327e-01 -4.577755928039550781e+00 5.407961085438728333e-02 9.969964623451232910e-01 5.543688312172889709e-02 9.000332355499267578e-01 1.740022897720336914e-01 -6.407796591520309448e-02 9.826578497886657715e-01 4.388790893554687500e+01
9.826620817184448242e-01 -4.465902969241142273e-02 -1.799449771642684937e-01 -4.775272846221923828e+00 5.561158806085586548e-02 9.968646168708801270e-01 5.628608167171478271e-02 9.501135349273681641e-01 1.768671572208404541e-01 -6.531727313995361328e-02 9.820645451545715332e-01 4.493345642089843750e+01
9.820584058761596680e-01 -4.594159498810768127e-02 -1.828938871622085571e-01 -4.980226039886474609e+00 5.741640180349349976e-02 9.966672062873840332e-01 5.794497579336166382e-02 9.994028210639953613e-01 1.796223074197769165e-01 -6.740649789571762085e-02 9.814231395721435547e-01 4.605749511718750000e+01
9.809206724166870117e-01 -4.757671803236007690e-02 -1.884955614805221558e-01 -5.187930583953857422e+00 5.971642956137657166e-02 9.964550733566284180e-01 5.925354361534118652e-02 1.051705241203308105e+00 1.850083172321319580e-01 -6.937934458255767822e-02 9.802844524383544922e-01 4.711711883544921875e+01
9.807919263839721680e-01 -5.012858659029006958e-02 -1.885042041540145874e-01 -5.403164386749267578e+00 6.267451494932174683e-02 9.961562156677246094e-01 6.119099631905555725e-02 1.106565356254577637e+00 1.847122758626937866e-01 -7.183007895946502686e-02 9.801637530326843262e-01 4.823660659790039062e+01
9.804940223693847656e-01 -5.057516321539878845e-02 -1.899294704198837280e-01 -5.594922542572021484e+00 6.345032155513763428e-02 9.960365891456604004e-01 6.232810020446777344e-02 1.153583884239196777e+00 1.860245168209075928e-01 -7.316344231367111206e-02 9.798169136047363281e-01 4.926810455322265625e+01
9.801002144813537598e-01 -5.067626014351844788e-02 -1.919248849153518677e-01 -5.775197982788085938e+00 6.374423205852508545e-02 9.960048794746398926e-01 6.253447383642196655e-02 1.200727224349975586e+00 1.879891902208328247e-01 -7.352417707443237305e-02 9.794148802757263184e-01 5.019247055053710938e+01
9.801844954490661621e-01 -5.128492414951324463e-02 -1.913316547870635986e-01 -5.961403369903564453e+00 6.436932832002639771e-02 9.959475994110107422e-01 6.280568242073059082e-02 1.245454192161560059e+00 1.873354017734527588e-01 -7.387707382440567017e-02 9.795135855674743652e-01 5.114838409423828125e+01
9.797204136848449707e-01 -5.218911543488502502e-02 -1.934523582458496094e-01 -6.170063972473144531e+00 6.562858074903488159e-02 9.958071112632751465e-01 6.372299045324325562e-02 1.298712968826293945e+00 1.893156766891479492e-01 -7.512675225734710693e-02 9.790376424789428711e-01 5.221346282958984375e+01
9.790461659431457520e-01 -5.220865830779075623e-02 -1.968309879302978516e-01 -6.375017166137695312e+00 6.581912934780120850e-02 9.958247542381286621e-01 6.324859708547592163e-02 1.349722862243652344e+00 1.927071511745452881e-01 -7.487856596708297729e-02 9.783947467803955078e-01 5.328249359130859375e+01
9.790884256362915039e-01 -5.100308731198310852e-02 -1.969366222620010376e-01 -6.583302021026611328e+00 6.498253345489501953e-02 9.957548379898071289e-01 6.518376618623733521e-02 1.405483603477478027e+00 1.927761286497116089e-01 -7.661813497543334961e-02 9.782464504241943359e-01 5.433291244506835938e+01
9.786961078643798828e-01 -5.215039849281311035e-02 -1.985793262720108032e-01 -6.781480312347412109e+00 6.650110334157943726e-02 9.955813288688659668e-01 6.629289686679840088e-02 1.457296013832092285e+00 1.942447870969772339e-01 -7.808636873960494995e-02 9.778397679328918457e-01 5.533688735961914062e+01
9.781717061996459961e-01 -5.342924222350120544e-02 -2.008106708526611328e-01 -6.985804080963134766e+00 6.812725961208343506e-02 9.954236149787902832e-01 6.700547784566879272e-02 1.514241933822631836e+00 1.963117569684982300e-01 -7.922355830669403076e-02 9.773353934288024902e-01 5.634433364868164062e+01
9.776569604873657227e-01 -5.506153032183647156e-02 -2.028656601905822754e-01 -7.197205066680908203e+00 6.982293725013732910e-02 9.953508973121643066e-01 6.633615493774414062e-02 1.570567011833190918e+00 1.982700824737548828e-01 -7.901868224143981934e-02 9.769566059112548828e-01 5.737416076660156250e+01
9.772709608078002930e-01 -5.615657195448875427e-02 -2.044191807508468628e-01 -7.420196533203125000e+00 7.124857604503631592e-02 9.951900243759155273e-01 6.722805649042129517e-02 1.626064777374267578e+00 1.996607631444931030e-01 -8.026460558176040649e-02 9.765717387199401855e-01 5.843931198120117188e+01
9.770381450653076172e-01 -5.783424898982048035e-02 -2.050631046295166016e-01 -7.651975154876708984e+00 7.375429570674896240e-02 9.947558045387268066e-01 7.085534185171127319e-02 1.679593324661254883e+00 1.998899728059768677e-01 -8.435267210006713867e-02 9.761802554130554199e-01 5.956599426269531250e+01
9.762264490127563477e-01 -5.908889323472976685e-02 -2.085417211055755615e-01 -7.877514839172363281e+00 7.548884302377700806e-02 9.945743083953857422e-01 7.157282531261444092e-02 1.740843176841735840e+00 2.031811922788619995e-01 -8.561386913061141968e-02 9.753906726837158203e-01 6.062355804443359375e+01
9.741969108581542969e-01 -5.833596736192703247e-02 -2.180286347866058350e-01 -8.093912124633789062e+00 7.578964531421661377e-02 9.944799542427062988e-01 7.255972921848297119e-02 1.799656867980957031e+00 2.125923782587051392e-01 -8.721178770065307617e-02 9.732409119606018066e-01 6.158111953735351562e+01
9.715951085090637207e-01 -5.818990245461463928e-02 -2.293819636106491089e-01 -8.312733650207519531e+00 7.690189778804779053e-02 9.943260550498962402e-01 7.349219173192977905e-02 1.853792548179626465e+00 2.238040864467620850e-01 -8.904457092285156250e-02 9.705576300621032715e-01 6.251239395141601562e+01
9.707632660865783691e-01 -5.982587859034538269e-02 -2.324621826410293579e-01 -8.546615600585937500e+00 7.950009405612945557e-02 9.939177632331848145e-01 7.620071619749069214e-02 1.914536118507385254e+00 2.264896482229232788e-01 -9.245364367961883545e-02 9.696153998374938965e-01 6.351299285888671875e+01
9.704198241233825684e-01 -6.012997031211853027e-02 -2.338138967752456665e-01 -8.797277450561523438e+00 8.029700815677642822e-02 9.937372207641601562e-01 7.770463824272155762e-02 1.983598828315734863e+00 2.276773303747177124e-01 -9.418070316314697266e-02 9.691709280014038086e-01 6.457734680175781250e+01
9.710905551910400391e-01 -6.126324459910392761e-02 -2.307145148515701294e-01 -9.044472694396972656e+00 8.130316436290740967e-02 9.936030507087707520e-01 7.837128639221191406e-02 2.056385517120361328e+00 2.244375050067901611e-01 -9.486346691846847534e-02 9.698598384857177734e-01 6.564469909667968750e+01
9.682894349098205566e-01 -6.300387531518936157e-02 -2.417548447847366333e-01 -9.293640136718750000e+00 8.493661880493164062e-02 9.930561184883117676e-01 8.139175176620483398e-02 2.126607656478881836e+00 2.349482923746109009e-01 -9.934464097023010254e-02 9.669173955917358398e-01 6.666876220703125000e+01
9.666542410850524902e-01 -6.415984034538269043e-02 -2.479162812232971191e-01 -9.542405128479003906e+00 8.677247166633605957e-02 9.928985834121704102e-01 8.137729018926620483e-02 2.194574832916259766e+00 2.409347444772720337e-01 -1.001760363578796387e-01 9.653571844100952148e-01 6.763108062744140625e+01
9.668642282485961914e-01 -6.505499780178070068e-02 -2.468620836734771729e-01 -9.786954879760742188e+00 8.751317113637924194e-02 9.928553700447082520e-01 8.111056685447692871e-02 2.257612705230712891e+00 2.398218959569931030e-01 -1.000266075134277344e-01 9.656497240066528320e-01 6.859069824218750000e+01
9.641106128692626953e-01 -6.529428809881210327e-02 -2.573460042476654053e-01 -1.004835796356201172e+01 8.916129171848297119e-02 9.926206469535827637e-01 8.218060433864593506e-02 2.324147701263427734e+00 2.500812411308288574e-01 -1.021765023469924927e-01 9.628180265426635742e-01 6.958029174804687500e+01
9.635978341102600098e-01 -6.558687239885330200e-02 -2.591853141784667969e-01 -1.032334041595458984e+01 9.002920985221862793e-02 9.924257397651672363e-01 8.357659727334976196e-02 2.398539304733276367e+00 2.517408728599548340e-01 -1.038684993982315063e-01 9.622042775154113770e-01 7.060867309570312500e+01
9.615065455436706543e-01 -6.809841841459274292e-02 -2.662089765071868896e-01 -1.060553169250488281e+01 9.358369559049606323e-02 9.920409917831420898e-01 8.423791825771331787e-02 2.476843357086181641e+00 2.583539485931396484e-01 -1.059081554412841797e-01 9.602270126342773438e-01 7.164214324951171875e+01
9.610053896903991699e-01 -6.950205564498901367e-02 -2.676520943641662598e-01 -1.087081718444824219e+01 9.582489728927612305e-02 9.916270375251770020e-01 8.656048774719238281e-02 2.549224376678466797e+00 2.593951225280761719e-01 -1.088328510522842407e-01 9.596191048622131348e-01 7.258635711669921875e+01
9.605619311332702637e-01 -6.961062550544738770e-02 -2.692112922668457031e-01 -1.112782478332519531e+01 9.616325050592422485e-02 9.915803074836730957e-01 8.672074228525161743e-02 2.616376876831054688e+00 2.609081566333770752e-01 -1.091888919472694397e-01 9.591683745384216309e-01 7.349059295654296875e+01
9.588797092437744141e-01 -7.044740766286849976e-02 -2.749298214912414551e-01 -1.138599681854248047e+01 9.805474430322647095e-02 9.912837743759155273e-01 8.798358589410781860e-02 2.686216592788696289e+00 2.663354873657226562e-01 -1.113238632678985596e-01 9.574297070503234863e-01 7.438203430175781250e+01
9.585880041122436523e-01 -7.173214852809906006e-02 -2.756140232086181641e-01 -1.162387847900390625e+01 9.989271312952041626e-02 9.909629225730895996e-01 8.951658755540847778e-02 2.750286817550659180e+00 2.667022943496704102e-01 -1.133413761854171753e-01 9.570907950401306152e-01 7.520797729492187500e+01
9.580543637275695801e-01 -7.322953641414642334e-02 -2.770718932151794434e-01 -1.187959003448486328e+01 1.019079461693763733e-01 9.906642436981201172e-01 9.054490178823471069e-02 2.822324514389038086e+00 2.678548693656921387e-01 -1.149827837944030762e-01 9.565729498863220215e-01 7.610224914550781250e+01
9.569312930107116699e-01 -7.274553924798965454e-02 -2.810517847537994385e-01 -1.214377212524414062e+01 1.024703532457351685e-01 9.904218912124633789e-01 9.253913164138793945e-02 2.900698423385620117e+00 2.716282606124877930e-01 -1.173530891537666321e-01 9.552200436592102051e-01 7.700069427490234375e+01
9.551345109939575195e-01 -7.434995472431182861e-02 -2.866873443126678467e-01 -1.242021179199218750e+01 1.049740239977836609e-01 9.901207089424133301e-01 9.295443445444107056e-02 2.980006217956542969e+00 2.769441604614257812e-01 -1.188787445425987244e-01 9.535033702850341797e-01 7.793022918701171875e+01
9.526674747467041016e-01 -7.703472673892974854e-02 -2.940913736820220947e-01 -1.269213199615478516e+01 1.092323511838912964e-01 9.894990921020507812e-01 9.465187042951583862e-02 3.053217887878417969e+00 2.837119102478027344e-01 -1.222960799932479858e-01 9.510784149169921875e-01 7.879917144775390625e+01
9.523552656173706055e-01 -7.671742141246795654e-02 -2.951835095882415771e-01 -1.296655464172363281e+01 1.093970760703086853e-01 9.893689155578613281e-01 9.581506997346878052e-02 3.131116628646850586e+00 2.846949994564056396e-01 -1.235422194004058838e-01 9.506235122680664062e-01 7.970374298095703125e+01
9.526817798614501953e-01 -7.773862779140472412e-02 -2.938598096370697021e-01 -1.321681118011474609e+01 1.107248291373252869e-01 9.890750050544738770e-01 9.731224179267883301e-02 3.205149650573730469e+00 2.830848097801208496e-01 -1.252451986074447632e-01 9.508815407752990723e-01 8.054412841796875000e+01
9.527835845947265625e-01 -7.666321098804473877e-02 -2.938122451305389404e-01 -1.345531749725341797e+01 1.098546981811523438e-01 9.890881180763244629e-01 9.816151112318038940e-02 3.270114898681640625e+00 2.830811738967895508e-01 -1.258033663034439087e-01 9.508089423179626465e-01 8.132533264160156250e+01
9.533702135086059570e-01 -7.567358762025833130e-02 -2.921613454818725586e-01 -1.370512294769287109e+01 1.094517633318901062e-01 9.888433814048767090e-01 1.010355874896049500e-01 3.344216823577880859e+00 2.812564373016357422e-01 -1.283019185066223145e-01 9.510165452957153320e-01 8.214321899414062500e+01
9.536836147308349609e-01 -7.456392794847488403e-02 -2.914227247238159180e-01 -1.396316909790039062e+01 1.083418801426887512e-01 9.889156222343444824e-01 1.015240699052810669e-01 3.419350624084472656e+00 2.806228101253509521e-01 -1.283951699733734131e-01 9.511911273002624512e-01 8.300449371337890625e+01
9.530661702156066895e-01 -7.517892867326736450e-02 -2.932789325714111328e-01 -1.424539661407470703e+01 1.096993535757064819e-01 9.886059761047363281e-01 1.030703857541084290e-01 3.501763820648193359e+00 2.821889221668243408e-01 -1.304054409265518188e-01 9.504539966583251953e-01 8.392663574218750000e+01
9.530896544456481934e-01 -7.689729332923889160e-02 -2.927565276622772217e-01 -1.452270317077636719e+01 1.113774478435516357e-01 9.884287714958190918e-01 1.029700711369514465e-01 3.587063312530517578e+00 2.814512252807617188e-01 -1.307462155818939209e-01 9.506258964538574219e-01 8.483624267578125000e+01
9.517068862915039062e-01 -7.705251872539520264e-02 -2.971807122230529785e-01 -1.480603027343750000e+01 1.127510741353034973e-01 9.880706071853637695e-01 1.048944443464279175e-01 3.678862333297729492e+00 2.855535149574279785e-01 -1.333362460136413574e-01 9.490414261817932129e-01 8.575606536865234375e+01
9.531407952308654785e-01 -7.576495409011840820e-02 -2.928851842880249023e-01 -1.505430984497070312e+01 1.110520660877227783e-01 9.881692528724670410e-01 1.057739630341529846e-01 3.757615566253662109e+00 2.814065217971801758e-01 -1.333430260419845581e-01 9.502784013748168945e-01 8.658848571777343750e+01
9.555838704109191895e-01 -7.682974636554718018e-02 -2.845279574394226074e-01 -1.528976726531982422e+01 1.110461205244064331e-01 9.881321787834167480e-01 1.061263307929039001e-01 3.833770751953125000e+00 2.729978859424591064e-01 -1.330083906650543213e-01 9.527748823165893555e-01 8.742382049560546875e+01
9.574554562568664551e-01 -7.581853866577148438e-02 -2.784422934055328369e-01 -1.552795219421386719e+01 1.097668632864952087e-01 9.880270957946777344e-01 1.084105595946311951e-01 3.914839744567871094e+00 2.668893337249755859e-01 -1.343620717525482178e-01 9.543144106864929199e-01 8.827034759521484375e+01
9.592602849006652832e-01 -7.539739459753036499e-02 -2.722763419151306152e-01 -1.572825241088867188e+01 1.095676198601722717e-01 9.875871539115905762e-01 1.125413402915000916e-01 3.983858108520507812e+00 2.604116201400756836e-01 -1.377891600131988525e-01 9.556145071983337402e-01 8.900437164306640625e+01
9.616057872772216797e-01 -7.650911062955856323e-02 -2.635528743267059326e-01 -1.588392066955566406e+01 1.097908392548561096e-01 9.874015450477600098e-01 1.139440089464187622e-01 4.052769660949707031e+00 2.515150904655456543e-01 -1.385049670934677124e-01 9.578912854194641113e-01 8.970883941650390625e+01
9.648053646087646484e-01 -8.040856570005416870e-02 -2.503687143325805664e-01 -1.600809860229492188e+01 1.127562448382377625e-01 9.866333007812500000e-01 1.176426112651824951e-01 4.119669914245605469e+00 2.375629544258117676e-01 -1.417329311370849609e-01 9.609759449958801270e-01 9.031741333007812500e+01
9.672929644584655762e-01 -8.012086153030395508e-02 -2.406749129295349121e-01 -1.611753273010253906e+01 1.113421618938446045e-01 9.866256713867187500e-01 1.190450936555862427e-01 4.176018714904785156e+00 2.279183566570281982e-01 -1.419488191604614258e-01 9.632771611213684082e-01 9.085010528564453125e+01
9.701693654060363770e-01 -7.823486626148223877e-02 -2.294563502073287964e-01 -1.621107482910156250e+01 1.078171133995056152e-01 9.869808554649353027e-01 1.193451955914497375e-01 4.225247859954833984e+00 2.171323746442794800e-01 -1.405244469642639160e-01 9.659738540649414062e-01 9.135500335693359375e+01
9.740445017814636230e-01 -7.661572843790054321e-02 -2.129948139190673828e-01 -1.631045341491699219e+01 1.036007329821586609e-01 9.875275492668151855e-01 1.185548231005668640e-01 4.285171508789062500e+00 2.012553662061691284e-01 -1.375441551208496094e-01 9.698334932327270508e-01 9.192098999023437500e+01
9.767132401466369629e-01 -7.867947965860366821e-02 -1.996000111103057861e-01 -1.635537528991699219e+01 1.049127802252769470e-01 9.866638183593750000e-01 1.244463399052619934e-01 4.319040298461914062e+00 1.871470361948013306e-01 -1.424890458583831787e-01 9.719423055648803711e-01 9.226969146728515625e+01
9.812004566192626953e-01 -7.577334344387054443e-02 -1.774922013282775879e-01 -1.636228370666503906e+01 9.911619126796722412e-02 9.869930744171142578e-01 1.265693008899688721e-01 4.352478981018066406e+00 1.655932813882827759e-01 -1.417822688817977905e-01 9.759486317634582520e-01 9.258512878417968750e+01
9.847807884216308594e-01 -7.060726732015609741e-02 -1.588108241558074951e-01 -1.636480712890625000e+01 9.186721593141555786e-02 9.871453642845153809e-01 1.307808458805084229e-01 4.375559806823730469e+00 1.475355774164199829e-01 -1.433800309896469116e-01 9.786084294319152832e-01 9.284237670898437500e+01
9.865700602531433105e-01 -6.842448562383651733e-02 -1.483142375946044922e-01 -1.636753463745117188e+01 8.878985792398452759e-02 9.868099689483642578e-01 1.353573799133300781e-01 4.391131877899169922e+00 1.370964944362640381e-01 -1.467083841562271118e-01 9.796327352523803711e-01 9.310206604003906250e+01
9.881755709648132324e-01 -6.884226202964782715e-02 -1.370013505220413208e-01 -1.632448959350585938e+01 8.761963993310928345e-02 9.868088364601135254e-01 1.361257135868072510e-01 4.406473636627197266e+00 1.258232295513153076e-01 -1.465201526880264282e-01 9.811725020408630371e-01 9.322989654541015625e+01
9.916247129440307617e-01 -6.391995400190353394e-02 -1.122241616249084473e-01 -1.627180480957031250e+01 7.961887866258621216e-02 9.867300987243652344e-01 1.415050029754638672e-01 4.399121761322021484e+00 1.016902625560760498e-01 -1.492550522089004517e-01 9.835553169250488281e-01 9.331971740722656250e+01
9.941285848617553711e-01 -5.617816373705863953e-02 -9.247624129056930542e-02 -1.623664093017578125e+01 6.930805742740631104e-02 9.869236350059509277e-01 1.455243676900863647e-01 4.413035392761230469e+00 8.309198170900344849e-02 -1.510793268680572510e-01 9.850227236747741699e-01 9.350116729736328125e+01
9.982336759567260742e-01 -4.632619395852088928e-02 -3.718737885355949402e-02 -1.615868949890136719e+01 5.131603032350540161e-02 9.878157377243041992e-01 1.469214856624603271e-01 4.428747177124023438e+00 2.992825582623481750e-02 -1.485703438520431519e-01 9.884483218193054199e-01 9.372552490234375000e+01
9.990448951721191406e-01 -4.150628298521041870e-02 -1.363896392285823822e-02 -1.611496734619140625e+01 4.307207092642784119e-02 9.880056977272033691e-01 1.482861638069152832e-01 4.458750724792480469e+00 7.320854812860488892e-03 -1.487320512533187866e-01 9.888498783111572266e-01 9.401685333251953125e+01
9.992851018905639648e-01 -3.748403862118721008e-02 4.870334640145301819e-03 -1.606475448608398438e+01 3.634080290794372559e-02 9.881678223609924316e-01 1.490068733692169189e-01 4.485207080841064453e+00 -1.039780024439096451e-02 -1.487234085798263550e-01 9.888235926628112793e-01 9.429357910156250000e+01
9.993906617164611816e-01 -3.012905642390251160e-02 1.760718598961830139e-02 -1.604313850402832031e+01 2.708632498979568481e-02 9.878586530685424805e-01 1.529739648103713989e-01 4.487554550170898438e+00 -2.200208604335784912e-02 -1.524038910865783691e-01 9.880727529525756836e-01 9.445146942138671875e+01
9.993702173233032227e-01 -2.277155779302120209e-02 2.720483392477035522e-02 -1.601131820678710938e+01 1.836604811251163483e-02 9.881420135498046875e-01 1.524385511875152588e-01 4.474935054779052734e+00 -3.035321645438671112e-02 -1.518429368734359741e-01 9.879378676414489746e-01 9.448903656005859375e+01
9.990312457084655762e-01 -1.917268522083759308e-02 3.960400074720382690e-02 -1.597517013549804688e+01 1.293725799769163132e-02 9.882819652557373047e-01 1.520883589982986450e-01 4.478127956390380859e+00 -4.205557703971862793e-02 -1.514286994934082031e-01 9.875725507736206055e-01 9.461150360107421875e+01
9.977518320083618164e-01 -1.587779819965362549e-02 6.510446965694427490e-02 -1.591425037384033203e+01 5.980427376925945282e-03 9.887456297874450684e-01 1.494849175214767456e-01 4.435445785522460938e+00 -6.674496829509735107e-02 -1.487595438957214355e-01 9.866178035736083984e-01 9.449332427978515625e+01
9.969327449798583984e-01 -1.783630065619945526e-02 7.619979232549667358e-02 -1.587431621551513672e+01 6.301571615040302277e-03 9.888151884078979492e-01 1.490105986595153809e-01 4.428812980651855469e+00 -7.800503075122833252e-02 -1.480734199285507202e-01 9.858947396278381348e-01 9.454652404785156250e+01
9.962418675422668457e-01 -1.759028807282447815e-02 8.480700105428695679e-02 -1.582938957214355469e+01 4.521350841969251633e-03 9.883861541748046875e-01 1.518937647342681885e-01 4.427030563354492188e+00 -8.649364858865737915e-02 -1.509395390748977661e-01 9.847512841224670410e-01 9.467982482910156250e+01
9.948909878730773926e-01 -1.435511000454425812e-02 9.992679953575134277e-02 -1.576187324523925781e+01 -9.346313308924436569e-04 9.884858727455139160e-01 1.513077169656753540e-01 4.455439090728759766e+00 -1.009480059146881104e-01 -1.506281197071075439e-01 9.834224581718444824e-01 9.492581939697265625e+01
9.926664233207702637e-01 -1.828957349061965942e-02 1.194921582937240601e-01 -1.570323657989501953e+01 -2.587512135505676270e-04 9.881639480590820312e-01 1.533988863229751587e-01 4.472694396972656250e+00 -1.208831891417503357e-01 -1.523048877716064453e-01 9.809126257896423340e-01 9.509931945800781250e+01
9.893184900283813477e-01 -1.821741648018360138e-02 1.446262449026107788e-01 -1.562683868408203125e+01 -4.421632271260023117e-03 9.879526495933532715e-01 1.546908617019653320e-01 4.481507301330566406e+00 -1.457017064094543457e-01 -1.536780446767807007e-01 9.773193001747131348e-01 9.522078704833984375e+01
9.882190227508544922e-01 -8.164303377270698547e-03 1.528273224830627441e-01 -1.556924629211425781e+01 -1.557499542832374573e-02 9.880264401435852051e-01 1.534939110279083252e-01 4.472255706787109375e+00 -1.522503644227981567e-01 -1.540659368038177490e-01 9.762594103813171387e-01 9.529170227050781250e+01
9.834403991699218750e-01 -5.154566839337348938e-03 1.811576485633850098e-01 -1.552374839782714844e+01 -2.309688366949558258e-02 9.878793358802795410e-01 1.534934192895889282e-01 4.459508419036865234e+00 -1.797528415918350220e-01 -1.551358401775360107e-01 9.714014530181884766e-01 9.531857299804687500e+01
9.793347716331481934e-01 6.500071613118052483e-04 2.022441476583480835e-01 -1.545848941802978516e+01 -3.190439194440841675e-02 9.879699349403381348e-01 1.513165980577468872e-01 4.451771736145019531e+00 -1.997125446796417236e-01 -1.546421051025390625e-01 9.675741195678710938e-01 9.538766479492187500e+01
9.779813289642333984e-01 -2.479590475559234619e-03 2.086768150329589844e-01 -1.539532184600830078e+01 -3.008808381855487823e-02 9.878066778182983398e-01 1.527478843927383423e-01 4.473986625671386719e+00 -2.065108716487884521e-01 -1.556633263826370239e-01 9.659819602966308594e-01 9.560459136962890625e+01
9.708662629127502441e-01 -6.350750103592872620e-03 2.395371198654174805e-01 -1.528239059448242188e+01 -3.203462436795234680e-02 9.872349500656127930e-01 1.560135036706924438e-01 4.530446052551269531e+00 -2.374699711799621582e-01 -1.591417789459228516e-01 9.582697749137878418e-01 9.600324249267578125e+01
9.679715037345886230e-01 -5.304629448801279068e-03 2.510032951831817627e-01 -1.514309787750244141e+01 -3.540174663066864014e-02 9.869028925895690918e-01 1.573805660009384155e-01 4.586795330047607422e+00 -2.485505044460296631e-01 -1.612259149551391602e-01 9.551061987876892090e-01 9.642094421386718750e+01
9.658573269844055176e-01 -1.244606450200080872e-02 2.587746977806091309e-01 -1.498971366882324219e+01 -3.048340976238250732e-02 9.864469766616821289e-01 1.612213850021362305e-01 4.648383140563964844e+00 -2.572738528251647949e-01 -1.636052578687667847e-01 9.523878097534179688e-01 9.685563659667968750e+01
9.632608890533447266e-01 -1.142216939479112625e-02 2.683237493038177490e-01 -1.485434341430664062e+01 -3.356422483921051025e-02 9.861418008804321289e-01 1.624716222286224365e-01 4.712843418121337891e+00 -2.664608061313629150e-01 -1.655087023973464966e-01 9.495285749435424805e-01 9.729125213623046875e+01
9.612957239151000977e-01 -1.169884484261274338e-02 2.752695381641387939e-01 -1.468962097167968750e+01 -3.464123979210853577e-02 9.860371351242065430e-01 1.628802865743637085e-01 4.786682128906250000e+00 -2.733312547206878662e-01 -1.661118566989898682e-01 9.474681019783020020e-01 9.779598236083984375e+01
9.583820700645446777e-01 -1.095911208540201187e-02 2.852777540683746338e-01 -1.450725173950195312e+01 -3.712975606322288513e-02 9.859905242919921875e-01 1.626137644052505493e-01 4.873452186584472656e+00 -2.830630242824554443e-01 -1.664384603500366211e-01 9.445488452911376953e-01 9.836112976074218750e+01
9.531340599060058594e-01 -1.260480284690856934e-02 3.022850155830383301e-01 -1.428163051605224609e+01 -3.894894570112228394e-02 9.857053160667419434e-01 1.639122068881988525e-01 4.977817535400390625e+00 -3.000297844409942627e-01 -1.680040508508682251e-01 9.390185475349426270e-01 9.904841613769531250e+01
9.502645730972290039e-01 -1.462417095899581909e-02 3.110996782779693604e-01 -1.412039184570312500e+01 -3.923784941434860229e-02 9.853155612945556641e-01 1.661711037158966064e-01 5.030523777008056641e+00 -3.089612424373626709e-01 -1.701134741306304932e-01 9.357368350028991699e-01 9.945248413085937500e+01
9.460913538932800293e-01 -1.784132979810237885e-02 3.234076797962188721e-01 -1.395427894592285156e+01 -3.990535810589790344e-02 9.844539165496826172e-01 1.710475832223892212e-01 5.092595100402832031e+00 -3.214314579963684082e-01 -1.747324168682098389e-01 9.306715130805969238e-01 9.986606597900390625e+01
9.434705972671508789e-01 -1.800613664090633392e-02 3.309662938117980957e-01 -1.377913379669189453e+01 -4.135157912969589233e-02 9.843275547027587891e-01 1.714312136173248291e-01 5.169829845428466797e+00 -3.288657963275909424e-01 -1.754263639450073242e-01 9.279396533966064453e-01 1.003162307739257812e+02
9.404147267341613770e-01 -1.638847403228282928e-02 3.396337628364562988e-01 -1.359221458435058594e+01 -4.572625458240509033e-02 9.836694002151489258e-01 1.740772277116775513e-01 5.239749431610107422e+00 -3.369399607181549072e-01 -1.792350709438323975e-01 9.243080615997314453e-01 1.007767562866210938e+02
9.365310668945312500e-01 -1.653548516333103180e-02 3.501936793327331543e-01 -1.341489601135253906e+01 -4.776723682880401611e-02 9.835530519485473633e-01 1.741866022348403931e-01 5.313621044158935547e+00 -3.473140597343444824e-01 -1.798590570688247681e-01 9.203383922576904297e-01 1.012235717773437500e+02
