9.999799728393554688e-01 -4.038942512124776840e-03 -4.869274329394102097e-03 -2.889684401452541351e-03 4.044779110699892044e-03 9.999911189079284668e-01 1.189456903375685215e-03 -5.333723127841949463e-02 4.864426795393228531e-03 -1.209128298796713352e-03 9.999874234199523926e-01 2.114327430725097656e+00
9.999846220016479492e-01 -3.277481533586978912e-03 -4.475006368011236191e-03 -3.107059746980667114e-02 3.289203625172376633e-03 9.999911785125732422e-01 2.614668104797601700e-03 -8.767423033714294434e-02 4.466397222131490707e-03 -2.629347145557403564e-03 9.999865889549255371e-01 4.319357395172119141e+00
9.999688863754272461e-01 3.986292518675327301e-03 -6.810633465647697449e-03 -4.724388942122459412e-02 -3.923914395272731781e-03 9.999504685401916504e-01 9.147962555289268494e-03 -1.193444728851318359e-01 6.846761796623468399e-03 -9.120953269302845001e-03 9.999349713325500488e-01 6.527464866638183594e+00
9.999160170555114746e-01 6.843951065093278885e-03 -1.100863702595233917e-02 -8.230306208133697510e-02 -6.685118656605482101e-03 9.998739361763000488e-01 1.440072059631347656e-02 -1.477950662374496460e-01 1.110580563545227051e-02 -1.432591583579778671e-02 9.998357295989990234e-01 8.647555351257324219e+00
9.999054670333862305e-01 7.543155923485755920e-03 -1.149680558592081070e-02 -1.000274047255516052e-01 -7.296749856323003769e-03 9.997459053993225098e-01 2.132594957947731018e-02 -1.601938903331756592e-01 1.165474765002727509e-02 -2.124004252254962921e-02 9.997065067291259766e-01 1.096723365783691406e+01
9.999100565910339355e-01 9.639292838983237743e-04 -1.338051352649927139e-02 -1.125237867236137390e-01 -6.224731914699077606e-04 9.996745586395263672e-01 2.549977786839008331e-02 -1.435803771018981934e-01 1.340073812752962112e-02 -2.548915334045886993e-02 9.995853304862976074e-01 1.318561840057373047e+01
9.998676776885986328e-01 -2.581535838544368744e-03 -1.606564410030841827e-02 -1.284600496292114258e-01 3.004885511472821236e-03 9.996472597122192383e-01 2.638326026499271393e-02 -1.111788451671600342e-01 1.599186845123767853e-02 -2.642804197967052460e-02 9.995228648185729980e-01 1.528447818756103516e+01
9.996686577796936035e-01 -6.984791252762079239e-03 -2.477603033185005188e-02 -1.749939024448394775e-01 7.770718540996313095e-03 9.994649291038513184e-01 3.176826611161231995e-02 -8.995525538921356201e-02 2.454088069498538971e-02 -3.195026516914367676e-02 9.991881847381591797e-01 1.756339073181152344e+01
9.995902180671691895e-01 -1.397727709263563156e-02 -2.498278394341468811e-02 -2.266316413879394531e-01 1.478766556829214096e-02 9.993605017662048340e-01 3.255315870046615601e-02 -3.069406002759933472e-02 2.451180480420589447e-02 -3.290925174951553345e-02 9.991577267646789551e-01 1.967535209655761719e+01
9.994624257087707520e-01 -1.839290931820869446e-02 -2.714152634143829346e-02 -2.964313030242919922e-01 1.922251842916011810e-02 9.993458986282348633e-01 3.062863647937774658e-02 1.216283813118934631e-02 2.656042575836181641e-02 -3.113389201462268829e-02 9.991622567176818848e-01 2.179326629638671875e+01
9.994499683380126953e-01 -2.801170200109481812e-02 -1.775552332401275635e-02 -3.766270577907562256e-01 2.854316681623458862e-02 9.991294741630554199e-01 3.042154759168624878e-02 5.485144630074501038e-02 1.688791066408157349e-02 -3.091160394251346588e-02 9.993794560432434082e-01 2.396704673767089844e+01
9.993800520896911621e-01 -2.672572061419487000e-02 -2.292111515998840332e-02 -4.231044054031372070e-01 2.740826457738876343e-02 9.991739988327026367e-01 2.999965846538543701e-02 7.936421036720275879e-02 2.210042253136634827e-02 -3.060927800834178925e-02 9.992870688438415527e-01 2.621255874633789062e+01
9.992448091506958008e-01 -2.890827320516109467e-02 -2.596823498606681824e-02 -4.808264672756195068e-01 2.962123043835163116e-02 9.991826415061950684e-01 2.750317007303237915e-02 1.089384481310844421e-01 2.515194378793239594e-02 -2.825159952044487000e-02 9.992843866348266602e-01 2.858999633789062500e+01
9.992367625236511230e-01 -2.928152494132518768e-02 -2.585954405367374420e-02 -5.245409011840820312e-01 3.007512167096138000e-02 9.990712404251098633e-01 3.085245378315448761e-02 1.401572078466415405e-01 2.493212372064590454e-02 -3.160662204027175903e-02 9.991894364356994629e-01 3.084125137329101562e+01
9.992493987083435059e-01 -3.452723100781440735e-02 -1.756981387734413147e-02 -5.855189561843872070e-01 3.514427319169044495e-02 9.987293481826782227e-01 3.611449524760246277e-02 1.651421487331390381e-01 1.630055718123912811e-02 -3.670484945178031921e-02 9.991932511329650879e-01 3.304522323608398438e+01
9.990905523300170898e-01 -3.811834752559661865e-02 -1.910990662872791290e-02 -6.325228214263916016e-01 3.882018849253654480e-02 9.985305070877075195e-01 3.780993446707725525e-02 1.901851296424865723e-01 1.764057390391826630e-02 -3.851738199591636658e-02 9.991022348403930664e-01 3.508962249755859375e+01
9.989805817604064941e-01 -4.067771509289741516e-02 -1.957555860280990601e-02 -7.047348022460937500e-01 4.145497828722000122e-02 9.982949495315551758e-01 4.108965024352073669e-02 2.373337149620056152e-01 1.787074841558933258e-02 -4.185925051569938660e-02 9.989637136459350586e-01 3.768436431884765625e+01
9.987536072731018066e-01 -4.654728993773460388e-02 -1.801893115043640137e-02 -7.373779416084289551e-01 4.729580506682395935e-02 9.979278445243835449e-01 4.362152889370918274e-02 3.011367321014404297e-01 1.595112681388854980e-02 -4.441936314105987549e-02 9.988856315612792969e-01 4.005593872070312500e+01
9.984263777732849121e-01 -5.373497307300567627e-02 -1.604451611638069153e-02 -7.837847471237182617e-01 5.442482605576515198e-02 9.974481463432312012e-01 4.620423913002014160e-02 3.476598858833312988e-01 1.352078653872013092e-02 -4.700473323464393616e-02 9.988031387329101562e-01 4.235785293579101562e+01
9.979370832443237305e-01 -6.142978370189666748e-02 -1.865570619702339172e-02 -8.302546143531799316e-01 6.223874911665916443e-02 9.969810247421264648e-01 4.642126336693763733e-02 4.554408788681030273e-01 1.574773527681827545e-02 -4.748659208416938782e-02 9.987477064132690430e-01 4.459217453002929688e+01
9.977012872695922852e-01 -6.541893631219863892e-02 -1.767778210341930389e-02 -8.857490420341491699e-01 6.612777709960937500e-02 9.968825578689575195e-01 4.303568974137306213e-02 5.156935453414916992e-01 1.480732113122940063e-02 -4.410573840141296387e-02 9.989171028137207031e-01 4.684955215454101562e+01
9.976099133491516113e-01 -6.713240593671798706e-02 -1.636166125535964966e-02 -8.980990648269653320e-01 6.785564869642257690e-02 9.965101480484008789e-01 4.861114174127578735e-02 5.775659680366516113e-01 1.304117590188980103e-02 -4.960517212748527527e-02 9.986836910247802734e-01 4.906630325317382812e+01
9.971965551376342773e-01 -7.348512858152389526e-02 -1.410532370209693909e-02 -9.170259833335876465e-01 7.414159178733825684e-02 9.958021640777587891e-01 5.367507785558700562e-02 6.551443934440612793e-01 1.010178867727518082e-02 -5.457037687301635742e-02 9.984587430953979492e-01 5.131700897216796875e+01
9.969186186790466309e-01 -7.700344175100326538e-02 -1.495665498077869415e-02 -9.380354881286621094e-01 7.772598415613174438e-02 9.954026937484741211e-01 5.596570670604705811e-02 7.335647344589233398e-01 1.057833805680274963e-02 -5.695575475692749023e-02 9.983205795288085938e-01 5.350661468505859375e+01
9.968937635421752930e-01 -7.741770148277282715e-02 -1.446403749287128448e-02 -9.648134708404541016e-01 7.812795042991638184e-02 9.952778220176696777e-01 5.760333687067031860e-02 7.992293238639831543e-01 9.936214424669742584e-03 -5.855443328619003296e-02 9.982346892356872559e-01 5.558985137939453125e+01
9.964002370834350586e-01 -8.368951827287673950e-02 -1.351061742752790451e-02 -9.965134859085083008e-01 8.438161015510559082e-02 9.944204092025756836e-01 6.330806016921997070e-02 9.096839427947998047e-01 8.137010037899017334e-03 -6.422019749879837036e-02 9.979024529457092285e-01 5.757089233398437500e+01
9.961615204811096191e-01 -8.684480935335159302e-02 -1.096045505255460739e-02 -1.037818551063537598e+00 8.736204355955123901e-02 9.942213296890258789e-01 6.238562241196632385e-02 1.005145788192749023e+00 5.479248706251382828e-03 -6.310366839170455933e-02 9.979918003082275391e-01 5.976641845703125000e+01
9.952120780944824219e-01 -9.751287102699279785e-02 -6.634863559156656265e-03 -1.054095745086669922e+00 9.773830324411392212e-02 9.929060935974121094e-01 6.771205365657806396e-02 1.117968320846557617e+00 -1.500081270933151245e-05 -6.803631782531738281e-02 9.976826906204223633e-01 6.188939666748046875e+01
9.951575398445129395e-01 -9.786403179168701172e-02 -9.166506119072437286e-03 -1.075829505920410156e+00 9.826727956533432007e-02 9.926747083663940430e-01 7.028989493846893311e-02 1.231518387794494629e+00 2.220504684373736382e-03 -7.085026800632476807e-02 9.974843263626098633e-01 6.414060974121093750e+01
9.949756860733032227e-01 -9.966858476400375366e-02 -9.456956759095191956e-03 -1.112932801246643066e+00 1.000887975096702576e-01 9.924662709236145020e-01 7.066198438405990601e-02 1.344036936759948730e+00 2.342929132282733917e-03 -7.125348597764968872e-02 9.974552989006042480e-01 6.619181823730468750e+01
9.940493106842041016e-01 -1.086966767907142639e-01 -7.131237536668777466e-03 -1.143115878105163574e+00 1.089266315102577209e-01 9.913427829742431641e-01 7.331187278032302856e-02 1.454637765884399414e+00 -8.992564398795366287e-04 -7.365238666534423828e-02 9.972833395004272461e-01 6.822699737548828125e+01
9.937913417816162109e-01 -1.105858758091926575e-01 -1.222085207700729370e-02 -1.175632357597351074e+00 1.111989468336105347e-01 9.908553361892700195e-01 7.642407715320587158e-02 1.578023314476013184e+00 3.657673019915819168e-03 -7.730851322412490845e-02 9.970002770423889160e-01 7.036699676513671875e+01
9.931170344352722168e-01 -1.163480579853057861e-01 -1.347168814390897751e-02 -1.218014836311340332e+00 1.170573905110359192e-01 9.898719787597656250e-01 8.031944930553436279e-02 1.705578327178955078e+00 3.990234807133674622e-03 -8.134354650974273682e-02 9.966778755187988281e-01 7.228504943847656250e+01
9.927970767021179199e-01 -1.192993968725204468e-01 -1.101813372224569321e-02 -1.230564832687377930e+00 1.198036894202232361e-01 9.892562031745910645e-01 8.378185331821441650e-02 1.823793888092041016e+00 9.046338964253664017e-04 -8.449836820363998413e-02 9.964229464530944824e-01 7.414863586425781250e+01
9.923318624496459961e-01 -1.229070127010345459e-01 -1.307927165180444717e-02 -1.263518929481506348e+00 1.235732957720756531e-01 9.887783527374267578e-01 8.394710719585418701e-02 1.958997726440429688e+00 2.614813391119241714e-03 -8.491962403059005737e-02 9.963840842247009277e-01 7.617863464355468750e+01
9.917343854904174805e-01 -1.278658211231231689e-01 -1.062808465212583542e-02 -1.293482661247253418e+00 1.283064931631088257e-01 9.881578683853149414e-01 8.415184915065765381e-02 2.126927852630615234e+00 -2.579183783382177353e-04 -8.481992036104202271e-02 9.963959455490112305e-01 7.832318115234375000e+01
9.910002946853637695e-01 -1.332159042358398438e-01 -1.309683546423912048e-02 -1.311492800712585449e+00 1.338510960340499878e-01 9.871986508369445801e-01 8.673385530710220337e-02 2.273783683776855469e+00 1.374848885461688042e-03 -8.770629763603210449e-02 9.961450695991516113e-01 8.035148620605468750e+01
9.906864762306213379e-01 -1.355799734592437744e-01 -1.256843190640211105e-02 -1.347528576850891113e+00 1.361612826585769653e-01 9.864692687988281250e-01 9.131573140621185303e-02 2.427147388458251953e+00 1.778698060661554337e-05 -9.217658638954162598e-02 9.957423210144042969e-01 8.253835296630859375e+01
9.899963736534118652e-01 -1.405125260353088379e-01 -1.276673190295696259e-02 -1.377594947814941406e+00 1.410913169384002686e-01 9.859440326690673828e-01 8.948612213134765625e-02 2.575574874877929688e+00 1.336153945885598660e-05 -9.039220958948135376e-02 9.959058761596679688e-01 8.454377746582031250e+01
9.899452328681945801e-01 -1.394373625516891479e-01 -2.377546578645706177e-02 -1.411394119262695312e+00 1.410504132509231567e-01 9.857280850410461426e-01 9.189707785844802856e-02 2.716575145721435547e+00 1.062225550413131714e-02 -9.432660788297653198e-02 9.954842329025268555e-01 8.652361297607421875e+01
9.898857474327087402e-01 -1.393927931785583496e-01 -2.637112140655517578e-02 -1.440606474876403809e+00 1.412709057331085205e-01 9.855569601058959961e-01 9.338103979825973511e-02 2.879117488861083984e+00 1.297359634190797806e-02 -9.616202116012573242e-02 9.952807426452636719e-01 8.858985137939453125e+01
9.886391162872314453e-01 -1.484390795230865479e-01 -2.362473867833614349e-02 -1.464375734329223633e+00 1.500572413206100464e-01 9.837895035743713379e-01 9.818905591964721680e-02 3.040402650833129883e+00 8.666675537824630737e-03 -1.006185933947563171e-01 9.948869347572326660e-01 9.041548156738281250e+01
9.891114234924316406e-01 -1.460016369819641113e-01 -1.848017424345016479e-02 -1.505231261253356934e+00 1.471261978149414062e-01 9.839534163475036621e-01 1.009431704878807068e-01 3.216075181961059570e+00 3.445762209594249725e-03 -1.025629639625549316e-01 9.947201013565063477e-01 9.252075195312500000e+01
9.881439805030822754e-01 -1.531228423118591309e-01 -1.114962995052337646e-02 -1.514375090599060059e+00 1.534605026245117188e-01 9.829431772232055664e-01 1.013537868857383728e-01 3.402468681335449219e+00 -4.560127388685941696e-03 -1.018631607294082642e-01 9.947875142097473145e-01 9.469564819335937500e+01
9.868862628936767578e-01 -1.612249463796615601e-01 -7.841166108846664429e-03 -1.541589498519897461e+00 1.611708551645278931e-01 9.815536737442016602e-01 1.028416305780410767e-01 3.584601879119873047e+00 -8.884113281965255737e-03 -1.027567535638809204e-01 9.946663975715637207e-01 9.693825531005859375e+01
9.862785935401916504e-01 -1.644456237554550171e-01 -1.455101650208234787e-02 -1.541430711746215820e+00 1.650612205266952515e-01 9.806885123252868652e-01 1.049044579267501831e-01 3.771555423736572266e+00 -2.981066703796386719e-03 -1.058668270707130432e-01 9.943754076957702637e-01 9.901887512207031250e+01
9.861364364624023438e-01 -1.659282147884368896e-01 -1.522524282336235046e-03 -1.576695561408996582e+00 1.650609821081161499e-01 9.799593687057495117e-01 1.115105599164962769e-01 3.931435823440551758e+00 -1.701073721051216125e-02 -1.102159321308135986e-01 9.937616586685180664e-01 1.009781036376953125e+02
9.860172867774963379e-01 -1.666229963302612305e-01 -2.474563196301460266e-03 -1.584570288658142090e+00 1.658170819282531738e-01 9.795570969581604004e-01 1.138979792594909668e-01 4.146974086761474609e+00 -1.655404455959796906e-02 -1.127157062292098999e-01 9.934889078140258789e-01 1.030057067871093750e+02
9.856111407279968262e-01 -1.689801216125488281e-01 3.978992812335491180e-03 -1.595573544502258301e+00 1.673230826854705811e-01 9.787397980690002441e-01 1.186235025525093079e-01 4.362401962280273438e+00 -2.393941022455692291e-02 -1.162508651614189148e-01 9.929309487342834473e-01 1.050882797241210938e+02
9.848055243492126465e-01 -1.735732555389404297e-01 5.460488609969615936e-03 -1.578138589859008789e+00 1.717118024826049805e-01 9.779770374298095703e-01 1.186428591609001160e-01 4.562614440917968750e+00 -2.593345753848552704e-02 -1.159025058150291443e-01 9.929215908050537109e-01 1.070237121582031250e+02
9.835936427116394043e-01 -1.800712347030639648e-01 1.083135977387428284e-02 -1.562344670295715332e+00 1.774235367774963379e-01 9.764938354492187500e-01 1.223963126540184021e-01 4.804824352264404297e+00 -3.261680528521537781e-02 -1.184664890170097351e-01 9.924218654632568359e-01 1.091943130493164062e+02
9.839166402816772461e-01 -1.777195632457733154e-01 1.797818019986152649e-02 -1.523771166801452637e+00 1.738867163658142090e-01 9.759767651557922363e-01 1.312741041183471680e-01 5.001949310302734375e+00 -4.087625443935394287e-02 -1.260365992784500122e-01 9.911827445030212402e-01 1.112459259033203125e+02
9.829660058021545410e-01 -1.816810518503189087e-01 2.773468568921089172e-02 -1.466800451278686523e+00 1.763520240783691406e-01 9.748909473419189453e-01 1.359696537256240845e-01 5.257545471191406250e+00 -5.174139514565467834e-02 -1.287624835968017578e-01 9.903243780136108398e-01 1.132828674316406250e+02
9.815828204154968262e-01 -1.884098052978515625e-01 3.156390786170959473e-02 -1.399014234542846680e+00 1.826504468917846680e-01 9.740140438079833984e-01 1.339240521192550659e-01 5.493881702423095703e+00 -5.597628653049468994e-02 -1.256923973560333252e-01 9.904885292053222656e-01 1.151177444458007812e+02
9.793943762779235840e-01 -1.986521035432815552e-01 3.637843579053878784e-02 -1.324096441268920898e+00 1.918931305408477783e-01 9.715242385864257812e-01 1.389888226985931396e-01 5.736618041992187500e+00 -6.295294314622879028e-02 -1.291441172361373901e-01 9.896252751350402832e-01 1.171819610595703125e+02
9.772440195083618164e-01 -2.070665657520294189e-01 4.600962996482849121e-02 -1.229140877723693848e+00 1.989420503377914429e-01 9.699791073799133301e-01 1.398668885231018066e-01 6.003916263580322266e+00 -7.359012216329574585e-02 -1.275308430194854736e-01 9.891005158424377441e-01 1.192554473876953125e+02
9.753347635269165039e-01 -2.138063013553619385e-01 5.484872683882713318e-02 -1.113402128219604492e+00 2.040516585111618042e-01 9.681150317192077637e-01 1.453149616718292236e-01 6.247513771057128906e+00 -8.416911959648132324e-02 -1.305387765169143677e-01 9.878636598587036133e-01 1.212065277099609375e+02
9.735325574874877930e-01 -2.189752757549285889e-01 6.544926762580871582e-02 -9.888641834259033203e-01 2.076475769281387329e-01 9.670998454093933105e-01 1.469716727733612061e-01 6.528223037719726562e+00 -9.547913074493408203e-02 -1.294913440942764282e-01 9.869727492332458496e-01 1.233056564331054688e+02
9.727679491043090820e-01 -2.163956165313720703e-01 8.303553611040115356e-02 -8.081803917884826660e-01 2.025169879198074341e-01 9.677844643592834473e-01 1.496008038520812988e-01 6.800243377685546875e+00 -1.127334535121917725e-01 -1.287107765674591064e-01 9.852533936500549316e-01 1.251304244995117188e+02
9.706296920776367188e-01 -2.173353135585784912e-01 1.031635403633117676e-01 -6.407119035720825195e-01 1.999889612197875977e-01 9.672769308090209961e-01 1.561412662267684937e-01 7.058729171752929688e+00 -1.337227225303649902e-01 -1.309237927198410034e-01 9.823322892189025879e-01 1.269880218505859375e+02
9.678448438644409180e-01 -2.170387953519821167e-01 1.271608322858810425e-01 -4.301598072052001953e-01 1.962751448154449463e-01 9.677550792694091797e-01 1.578817367553710938e-01 7.303206443786621094e+00 -1.573269963264465332e-01 -1.278465241193771362e-01 9.792358875274658203e-01 1.285907745361328125e+02
9.599888324737548828e-01 -2.236988246440887451e-01 1.684624850749969482e-01 -1.384929418563842773e-01 1.953601092100143433e-01 9.659826755523681641e-01 1.694473326206207275e-01 7.554391384124755859e+00 -2.006369829177856445e-01 -1.297567039728164673e-01 9.710341691970825195e-01 1.301701202392578125e+02
9.547953605651855469e-01 -2.225406467914581299e-01 1.970803886651992798e-01 1.428271532058715820e-01 1.882694214582443237e-01 9.657732844352722168e-01 1.784291863441467285e-01 7.764297008514404297e+00 -2.300426810979843140e-01 -1.332591623067855835e-01 9.640133976936340332e-01 1.314225616455078125e+02
9.399040341377258301e-01 -2.230903953313827515e-01 2.584766447544097900e-01 4.002182781696319580e-01 1.764313727617263794e-01 9.654606580734252930e-01 1.917243003845214844e-01 7.919829845428466797e+00 -2.923208177089691162e-01 -1.345990598201751709e-01 9.468004703521728516e-01 1.322286529541015625e+02
9.205020070075988770e-01 -2.260230928659439087e-01 3.187297582626342773e-01 7.975813150405883789e-01 1.671501845121383667e-01 9.650908112525939941e-01 2.016458660364151001e-01 8.121801376342773438e+00 -3.531797230243682861e-01 -1.323397159576416016e-01 9.261478185653686523e-01 1.331482849121093750e+02
8.928611874580383301e-01 -2.248427569866180420e-01 3.901841938495635986e-01 1.290981531143188477e+00 1.497007459402084351e-01 9.653563499450683594e-01 2.137226313352584839e-01 8.371534347534179688e+00 -4.247207045555114746e-01 -1.324138194322586060e-01 8.955882787704467773e-01 1.341940460205078125e+02
8.769265413284301758e-01 -2.257586270570755005e-01 4.243017137050628662e-01 1.830197572708129883e+00 1.413999050855636597e-01 9.649297595024108887e-01 2.211721241474151611e-01 8.627700805664062500e+00 -4.593527913093566895e-01 -1.339555382728576660e-01 8.780947327613830566e-01 1.353161315917968750e+02
8.706018924713134766e-01 -2.306337952613830566e-01 4.345797598361968994e-01 2.425572395324707031e+00 1.413774192333221436e-01 9.633370041847229004e-01 2.280236333608627319e-01 8.902936935424804688e+00 -4.712366163730621338e-01 -1.370780766010284424e-01 8.712893128395080566e-01 1.364912109375000000e+02
8.826718330383300781e-01 -2.347147911787033081e-01 4.071836471557617188e-01 2.946360588073730469e+00 1.514445543289184570e-01 9.622005820274353027e-01 2.263517081737518311e-01 9.177906990051269531e+00 -4.449203014373779297e-01 -1.381285637617111206e-01 8.848535418510437012e-01 1.376529083251953125e+02
8.922737240791320801e-01 -2.337314039468765259e-01 3.862854540348052979e-01 3.490045309066772461e+00 1.562686115503311157e-01 9.625669717788696289e-01 2.214621454477310181e-01 9.462188720703125000e+00 -4.235881268978118896e-01 -1.372405886650085449e-01 8.953979015350341797e-01 1.389268493652343750e+02
9.018410444259643555e-01 -2.393341511487960815e-01 3.597237765789031982e-01 4.011154174804687500e+00 1.685678213834762573e-01 9.614855647087097168e-01 2.170966565608978271e-01 9.769711494445800781e+00 -3.978277146816253662e-01 -1.351488679647445679e-01 9.074509143829345703e-01 1.403398895263671875e+02
9.030020236968994141e-01 -2.379726320505142212e-01 3.577089011669158936e-01 4.556245803833007812e+00 1.682250350713729858e-01 9.619521498680114746e-01 2.152883857488632202e-01 1.008411407470703125e+01 -3.953313827514648438e-01 -1.342303007841110229e-01 9.086773991584777832e-01 1.417740020751953125e+02
8.988142609596252441e-01 -2.438214570283889771e-01 3.642571866512298584e-01 5.160457611083984375e+00 1.720697432756423950e-01 9.605724811553955078e-01 2.183876931667327881e-01 1.040098190307617188e+01 -4.031428098678588867e-01 -1.336123943328857422e-01 9.053303003311157227e-01 1.432582550048828125e+02
8.941299915313720703e-01 -2.505579888820648193e-01 3.711487948894500732e-01 5.688912391662597656e+00 1.805744618177413940e-01 9.601798653602600098e-01 2.131855636835098267e-01 1.070061588287353516e+01 -4.097847640514373779e-01 -1.235956698656082153e-01 9.037697911262512207e-01 1.445418243408203125e+02
8.875186443328857422e-01 -2.559115886688232422e-01 3.831698298454284668e-01 6.196364879608154297e+00 1.826660484075546265e-01 9.588603973388671875e-01 2.173027098178863525e-01 1.096152591705322266e+01 -4.230164885520935059e-01 -1.228681430220603943e-01 8.977526426315307617e-01 1.456655578613281250e+02
8.607138395309448242e-01 -2.563776075839996338e-01 4.398197829723358154e-01 6.705100536346435547e+00 1.689205914735794067e-01 9.588165283203125000e-01 2.283359766006469727e-01 1.119522094726562500e+01 -4.802465140819549561e-01 -1.222373619675636292e-01 8.685739040374755859e-01 1.465796508789062500e+02
8.121312260627746582e-01 -2.686600089073181152e-01 5.179420113563537598e-01 7.346106052398681641e+00 1.609502434730529785e-01 9.563974142074584961e-01 2.437201291322708130e-01 1.147814559936523438e+01 -5.608360767364501953e-01 -1.145698726177215576e-01 8.199609518051147461e-01 1.475529785156250000e+02
7.624353766441345215e-01 -2.704119086265563965e-01 5.878511071205139160e-01 8.071700096130371094e+00 1.391224116086959839e-01 9.557499885559082031e-01 2.592054307460784912e-01 1.176805400848388672e+01 -6.319307684898376465e-01 -1.158441603183746338e-01 7.663177847862243652e-01 1.484382781982421875e+02
6.783842444419860840e-01 -2.714120745658874512e-01 6.827368140220642090e-01 8.904098510742187500e+00 1.072212904691696167e-01 9.558885693550109863e-01 2.734615802764892578e-01 1.206939506530761719e+01 -7.268409132957458496e-01 -1.123081520199775696e-01 6.775607466697692871e-01 1.491367034912109375e+02
5.804863572120666504e-01 -2.737781107425689697e-01 7.668640613555908203e-01 9.796589851379394531e+00 7.337233424186706543e-02 9.555375576019287109e-01 2.855961620807647705e-01 1.238150024414062500e+01 -8.109571337699890137e-01 -1.095181107521057129e-01 5.747640728950500488e-01 1.496851959228515625e+02
4.938164949417114258e-01 -2.710465490818023682e-01 8.262435197830200195e-01 1.065757083892822266e+01 3.687601909041404724e-02 9.558526277542114258e-01 2.915246486663818359e-01 1.268434047698974609e+01 -8.687834739685058594e-01 -1.134911477565765381e-01 4.820107221603393555e-01 1.501896667480468750e+02
4.106923341751098633e-01 -2.731346189975738525e-01 8.699014782905578613e-01 1.163996410369873047e+01 9.492073208093643188e-03 9.553057551383972168e-01 2.954685091972351074e-01 1.301156997680664062e+01 -9.117242693901062012e-01 -1.130895316600799561e-01 3.949291706085205078e-01 1.505647583007812500e+02
2.381557375192642212e-01 -2.804024219512939453e-01 9.298685789108276367e-01 1.259174823760986328e+01 -3.491222113370895386e-02 9.543268084526062012e-01 2.967191636562347412e-01 1.328875446319580078e+01 -9.705989956855773926e-01 -1.031291931867599487e-01 2.174888104200363159e-01 1.507968139648437500e+02
1.822021454572677612e-01 -2.819431424140930176e-01 9.419711828231811523e-01 1.358222198486328125e+01 -4.961971938610076904e-02 9.541508555412292480e-01 2.951861619949340820e-01 1.357614231109619141e+01 -9.820079803466796875e-01 -1.005239337682723999e-01 1.598582863807678223e-01 1.509051055908203125e+02
5.603339523077011108e-02 -2.857923507690429688e-01 9.566515684127807617e-01 1.467168712615966797e+01 -8.225382864475250244e-02 9.535794258117675781e-01 2.896921038627624512e-01 1.389595127105712891e+01 -9.950346350669860840e-01 -9.492072463035583496e-02 2.992473542690277100e-02 1.509149932861328125e+02
-1.884006708860397339e-02 -2.840983271598815918e-01 9.586096405982971191e-01 1.585280609130859375e+01 -9.667350351810455322e-02 9.548059701919555664e-01 2.810707986354827881e-01 1.423166751861572266e+01 -9.951375126838684082e-01 -8.737680315971374512e-02 -4.545341059565544128e-02 1.507914886474609375e+02
-9.228726476430892944e-02 -2.879454791545867920e-01 9.531892538070678711e-01 1.720040130615234375e+01 -1.148124635219573975e-01 9.539677500724792480e-01 2.770642638206481934e-01 1.458377742767333984e+01 -9.890907406806945801e-01 -8.386854082345962524e-02 -1.210987865924835205e-01 1.505973663330078125e+02
-1.398174911737442017e-01 -2.917684316635131836e-01 9.462143182754516602e-01 1.857039260864257812e+01 -1.259028911590576172e-01 9.530839920043945312e-01 2.752823233604431152e-01 1.494723320007324219e+01 -9.821398854255676270e-01 -8.064187318086624146e-02 -1.699922531843185425e-01 1.503478698730468750e+02
-2.187122553586959839e-01 -2.940126955509185791e-01 9.304411411285400391e-01 1.994544601440429688e+01 -1.477059721946716309e-01 9.525153636932373047e-01 2.662674486637115479e-01 1.530997276306152344e+01 -9.645449519157409668e-01 -7.919580489397048950e-02 -2.517541348934173584e-01 1.499566955566406250e+02
-2.904036045074462891e-01 -2.958666086196899414e-01 9.100152850151062012e-01 2.129725265502929688e+01 -1.569734662771224976e-01 9.528467655181884766e-01 2.596984207630157471e-01 1.565835857391357422e+01 -9.439406991004943848e-01 -6.743095070123672485e-02 -3.231531977653503418e-01 1.494780273437500000e+02
-3.385253846645355225e-01 -2.916553020477294922e-01 8.946154713630676270e-01 2.263255119323730469e+01 -1.668189018964767456e-01 9.542931914329528809e-01 2.479857206344604492e-01 1.600433731079101562e+01 -9.260512590408325195e-01 -6.528934836387634277e-02 -3.717059195041656494e-01 1.488996124267578125e+02
-3.642155230045318604e-01 -2.912077307701110840e-01 8.846152424812316895e-01 2.400644302368164062e+01 -1.698979586362838745e-01 9.546939134597778320e-01 2.443258911371231079e-01 1.636554527282714844e+01 -9.156858921051025391e-01 -6.130710244178771973e-02 -3.971897661685943604e-01 1.482778625488281250e+02
-4.238652586936950684e-01 -2.828143835067749023e-01 8.604378104209899902e-01 2.528599929809570312e+01 -1.783447265625000000e-01 9.574620723724365234e-01 2.268490642309188843e-01 1.669988632202148438e+01 -8.879922628402709961e-01 -5.730117484927177429e-02 -4.562731683254241943e-01 1.475840148925781250e+02
-5.179677009582519531e-01 -2.788679003715515137e-01 8.086662888526916504e-01 2.645001029968261719e+01 -1.987347155809402466e-01 9.587308764457702637e-01 2.033233344554901123e-01 1.697128295898437500e+01 -8.319932222366333008e-01 -5.539520457386970520e-02 -5.520122051239013672e-01 1.467265930175781250e+02
-6.040332913398742676e-01 -2.752390503883361816e-01 7.479212880134582520e-01 2.747601509094238281e+01 -2.122274190187454224e-01 9.601351618766784668e-01 1.819361299276351929e-01 1.720322799682617188e+01 -7.681810259819030762e-01 -4.883399233222007751e-02 -6.383666396141052246e-01 1.458030853271484375e+02
-6.279138922691345215e-01 -2.729344964027404785e-01 7.288552522659301758e-01 2.844613075256347656e+01 -2.144538164138793945e-01 9.609147906303405762e-01 1.750799566507339478e-01 1.742131042480468750e+01 -7.481527328491210938e-01 -4.637070745229721069e-02 -6.619033813476562500e-01 1.449127349853515625e+02
-6.207148432731628418e-01 -2.696929574012756348e-01 7.361913919448852539e-01 2.957282829284667969e+01 -2.094095200300216675e-01 9.618930220603942871e-01 1.758127957582473755e-01 1.768243980407714844e+01 -7.555523514747619629e-01 -4.503592848777770996e-02 -6.535374522209167480e-01 1.439496154785156250e+02
-6.070970296859741211e-01 -2.701389789581298828e-01 7.472998499870300293e-01 3.072017097473144531e+01 -2.057961076498031616e-01 9.618059992790222168e-01 1.804935038089752197e-01 1.793672370910644531e+01 -7.675153017044067383e-01 -4.421439394354820251e-02 -6.395030617713928223e-01 1.429825439453125000e+02
-5.911356210708618164e-01 -2.654562890529632568e-01 7.616367936134338379e-01 3.209857940673828125e+01 -1.959999054670333862e-01 9.632619619369506836e-01 1.836060285568237305e-01 1.823556137084960938e+01 -7.823946475982666016e-01 -4.074474796652793884e-02 -6.214478015899658203e-01 1.418782501220703125e+02
-5.877250432968139648e-01 -2.658689618110656738e-01 7.641282081604003906e-01 3.337731170654296875e+01 -1.900459676980972290e-01 9.634055495262145996e-01 1.890318095684051514e-01 1.851753425598144531e+01 -7.864226102828979492e-01 -3.412083908915519714e-02 -6.167448163032531738e-01 1.408588867187500000e+02
-5.624010562896728516e-01 -2.685377299785614014e-01 7.820431590080261230e-01 3.468170547485351562e+01 -1.834624558687210083e-01 9.627460837364196777e-01 1.986512392759323120e-01 1.883198165893554688e+01 -8.062539100646972656e-01 -3.175397962331771851e-02 -5.907159447669982910e-01 1.398558197021484375e+02
-5.788571834564208984e-01 -2.677634656429290771e-01 7.702117562294006348e-01 3.571823883056640625e+01 -1.849576979875564575e-01 9.630450010299682617e-01 1.957953274250030518e-01 1.906800460815429688e+01 -7.941749691963195801e-01 -2.911914326250553131e-02 -6.069903373718261719e-01 1.390389556884765625e+02
-5.921668410301208496e-01 -2.636618316173553467e-01 7.614590525627136230e-01 3.692294311523437500e+01 -1.815236061811447144e-01 9.643147587776184082e-01 1.927358359098434448e-01 1.934980964660644531e+01 -7.851028442382812500e-01 -2.409109286963939667e-02 -6.188960075378417969e-01 1.380540771484375000e+02
-6.256174445152282715e-01 -2.650704085826873779e-01 7.337161898612976074e-01 3.800366973876953125e+01 -1.883459538221359253e-01 9.640055894851684570e-01 1.876699924468994141e-01 1.959664154052734375e+01 -7.570518255233764648e-01 -2.078292332589626312e-02 -6.530235409736633301e-01 1.370722961425781250e+02
-6.329464316368103027e-01 -2.603403031826019287e-01 7.291095256805419922e-01 3.907324981689453125e+01 -1.846649497747421265e-01 9.653508663177490234e-01 1.843843907117843628e-01 1.986450386047363281e+01 -7.518487572669982910e-01 -1.793559826910495758e-02 -6.590909957885742188e-01 1.360719451904296875e+02
-6.543185710906982422e-01 -2.597343027591705322e-01 7.102141976356506348e-01 3.998069763183593750e+01 -1.900791376829147339e-01 9.655026197433471680e-01 1.779766231775283813e-01 2.007295036315917969e+01 -7.319398522377014160e-01 -1.854356378316879272e-02 -6.811162829399108887e-01 1.352046051025390625e+02
-7.177108526229858398e-01 -2.548748254776000977e-01 6.480191946029663086e-01 4.091202163696289062e+01 -2.017305493354797363e-01 9.668039679527282715e-01 1.568309515714645386e-01 2.028555679321289062e+01 -6.664793491363525391e-01 -1.816608384251594543e-02 -7.453016042709350586e-01 1.341418914794921875e+02
-7.196127176284790039e-01 -2.598600387573242188e-01 6.439170837402343750e-01 4.187443161010742188e+01 -2.025479078292846680e-01 9.655606150627136230e-01 1.633040159940719604e-01 2.050429153442382812e+01 -6.641767621040344238e-01 -1.290851179510354996e-02 -7.474635839462280273e-01 1.330105895996093750e+02
-7.460769414901733398e-01 -2.542831599712371826e-01 6.153926849365234375e-01 4.273371124267578125e+01 -1.977530568838119507e-01 9.671273231506347656e-01 1.598733365535736084e-01 2.070203399658203125e+01 -6.358158588409423828e-01 -2.418084768578410149e-03 -7.718365192413330078e-01 1.319306640625000000e+02
-7.421517372131347656e-01 -2.553900778293609619e-01 6.196656823158264160e-01 4.366407012939453125e+01 -1.938584148883819580e-01 9.668330550193786621e-01 1.662942767143249512e-01 2.092530822753906250e+01 -6.415829062461853027e-01 3.288074862211942673e-03 -7.670462131500244141e-01 1.307914581298828125e+02
-7.482215762138366699e-01 -2.512324750423431396e-01 6.140403747558593750e-01 4.459803390502929688e+01 -1.892570555210113525e-01 9.678979516029357910e-01 1.653975844383239746e-01 2.114410591125488281e+01 -6.358814239501953125e-01 7.542455103248357773e-03 -7.717494964599609375e-01 1.296410522460937500e+02
-7.529194355010986328e-01 -2.505789399147033691e-01 6.085404157638549805e-01 4.587896728515625000e+01 -1.869615614414215088e-01 9.680201411247253418e-01 1.672822982072830200e-01 2.143886947631835938e+01 -6.309965252876281738e-01 1.217630505561828613e-02 -7.756896018981933594e-01 1.280327301025390625e+02
-7.609761357307434082e-01 -2.488107383251190186e-01 5.991722941398620605e-01 4.711517715454101562e+01 -1.850678920745849609e-01 9.684159755706787109e-01 1.670965403318405151e-01 2.173311614990234375e+01 -6.218231916427612305e-01 1.626881398260593414e-02 -7.829881906509399414e-01 1.264429473876953125e+02
-7.592252492904663086e-01 -2.476578205823898315e-01 6.018649935722351074e-01 4.817623519897460938e+01 -1.810630559921264648e-01 9.686369299888610840e-01 1.701750755310058594e-01 2.199494361877441406e+01 -6.251335740089416504e-01 2.022558823227882385e-02 -7.802551984786987305e-01 1.250470275878906250e+02
-7.634753584861755371e-01 -2.426514774560928345e-01 5.985185503959655762e-01 4.934262847900390625e+01 -1.768376529216766357e-01 9.698614478111267090e-01 1.676249951124191284e-01 2.230121040344238281e+01 -6.211542487144470215e-01 2.213684655725955963e-02 -7.833752036094665527e-01 1.235167312622070312e+02
-7.657055258750915527e-01 -2.421298176050186157e-01 5.958749651908874512e-01 5.057500076293945312e+01 -1.737814098596572876e-01 9.698625206947326660e-01 1.707854866981506348e-01 2.261652565002441406e+01 -6.192687749862670898e-01 2.721931226551532745e-02 -7.847067713737487793e-01 1.219229354858398438e+02
-7.632138729095458984e-01 -2.373659163713455200e-01 6.009665131568908691e-01 5.198818969726562500e+01 -1.689597219228744507e-01 9.710340499877929688e-01 1.689570397138595581e-01 2.299533843994140625e+01 -6.236633658409118652e-01 2.741114236414432526e-02 -7.812119722366333008e-01 1.200982437133789062e+02
-7.666475176811218262e-01 -2.378706783056259155e-01 5.963790416717529297e-01 5.337978363037109375e+01 -1.686265915632247925e-01 9.708305001258850098e-01 1.704528629779815674e-01 2.335130310058593750e+01 -6.195284128189086914e-01 3.011182509362697601e-02 -7.843961119651794434e-01 1.183157501220703125e+02
-7.652265429496765137e-01 -2.394084036350250244e-01 5.975874662399291992e-01 5.466770553588867188e+01 -1.672064960002899170e-01 9.703341722488403320e-01 1.746269166469573975e-01 2.367251777648925781e+01 -6.216664314270019531e-01 3.370854631066322327e-02 -7.825560569763183594e-01 1.166218261718750000e+02
-7.593910694122314453e-01 -2.409735620021820068e-01 6.043639779090881348e-01 5.630135345458984375e+01 -1.662682443857192993e-01 9.699174165725708008e-01 1.778090894222259521e-01 2.408790779113769531e+01 -6.290301680564880371e-01 3.453999757766723633e-02 -7.766128778457641602e-01 1.145034027099609375e+02
-7.664748430252075195e-01 -2.406402379274368286e-01 5.954892635345458984e-01 5.760783004760742188e+01 -1.652282774448394775e-01 9.698313474655151367e-01 1.792420297861099243e-01 2.443521118164062500e+01 -6.206567883491516113e-01 3.899273648858070374e-02 -7.831119298934936523e-01 1.128008117675781250e+02
-7.656674981117248535e-01 -2.406514883041381836e-01 5.965223908424377441e-01 5.893381500244140625e+01 -1.670548468828201294e-01 9.699525237083435059e-01 1.768778711557388306e-01 2.479074668884277344e+01 -6.211640834808349609e-01 3.577756881713867188e-02 -7.828631997108459473e-01 1.110570907592773438e+02
-7.680383920669555664e-01 -2.353426218032836914e-01 5.955919027328491211e-01 6.043757247924804688e+01 -1.616292744874954224e-01 9.711547493934631348e-01 1.753150075674057007e-01 2.517314910888671875e+01 -6.196708083152770996e-01 3.838345035910606384e-02 -7.839224934577941895e-01 1.091161117553710938e+02
-7.712677717208862305e-01 -2.363582849502563477e-01 5.909988880157470703e-01 6.174833679199218750e+01 -1.573083549737930298e-01 9.704780578613281250e-01 1.828315109014511108e-01 2.554394721984863281e+01 -6.167649626731872559e-01 4.804287850856781006e-02 -7.856796383857727051e-01 1.073709640502929688e+02
-7.813034057617187500e-01 -2.254180163145065308e-01 5.820228457450866699e-01 6.294033813476562500e+01 -1.472777426242828369e-01 9.727556705474853516e-01 1.790438294410705566e-01 2.585830116271972656e+01 -6.065254807472229004e-01 5.416843295097351074e-02 -7.932164072990417480e-01 1.058235168457031250e+02
-7.857798337936401367e-01 -2.181933820247650146e-01 5.787404775619506836e-01 6.420573425292968750e+01 -1.400433480739593506e-01 9.741727709770202637e-01 1.771335303783416748e-01 2.621160316467285156e+01 -6.024423241615295410e-01 5.813911184668540955e-02 -7.960419058799743652e-01 1.041138763427734375e+02
-7.882773876190185547e-01 -2.140675634145736694e-01 5.768818259239196777e-01 6.545454406738281250e+01 -1.347173154354095459e-01 9.748292565345764160e-01 1.776520311832427979e-01 2.655708312988281250e+01 -6.003905534744262695e-01 6.232300773262977600e-02 -7.972745299339294434e-01 1.023758773803710938e+02
-7.912990450859069824e-01 -2.134738564491271973e-01 5.729515552520751953e-01 6.673758697509765625e+01 -1.352994292974472046e-01 9.749758243560791016e-01 1.764006763696670532e-01 2.691997337341308594e+01 -5.962706804275512695e-01 6.206556409597396851e-02 -8.003804087638854980e-01 1.005899505615234375e+02
-7.918083071708679199e-01 -2.053547352552413940e-01 5.752111077308654785e-01 6.798671722412109375e+01 -1.256148219108581543e-01 9.764031171798706055e-01 1.756670624017715454e-01 2.727422714233398438e+01 -5.977118015289306641e-01 6.683948636054992676e-02 -7.989197373390197754e-01 9.886877441406250000e+01
-7.913160920143127441e-01 -2.067979574203491211e-01 5.753714442253112793e-01 6.932055664062500000e+01 -1.245746910572052002e-01 9.758559465408325195e-01 1.794085651636123657e-01 2.763674736022949219e+01 -5.985808372497558594e-01 7.029204815626144409e-02 -7.979722619056701660e-01 9.704169464111328125e+01
-7.923061251640319824e-01 -2.063667327165603638e-01 5.741625428199768066e-01 7.052903747558593750e+01 -1.206933185458183289e-01 9.754776358604431152e-01 1.840586513280868530e-01 2.796761703491210938e+01 -5.980661511421203613e-01 7.653308659791946411e-02 -7.977839708328247070e-01 9.537092590332031250e+01
