9.999974370002746582e-01 1.406260416842997074e-04 -2.264209091663360596e-03 -7.169008720666170120e-03 -1.377254957333207130e-04 9.999991655349731445e-01 1.280296244658529758e-03 -2.930836193263530731e-02 2.264387439936399460e-03 -1.279980991967022419e-03 9.999966025352478027e-01 1.773298978805541992e+00
9.999910593032836914e-01 1.005882731988094747e-04 -4.227553494274616241e-03 -1.650409214198589325e-02 -1.009494008030742407e-04 9.999999403953552246e-01 -8.639553561806678772e-05 -5.870273336768150330e-02 4.227544181048870087e-03 8.682173211127519608e-05 9.999910593032836914e-01 3.525715351104736328e+00
9.999879002571105957e-01 -4.071703297086060047e-04 -4.899015184491872787e-03 -2.396649494767189026e-02 3.997974854428321123e-04 9.999987483024597168e-01 -1.505186548456549644e-03 -9.086628258228302002e-02 4.899627529084682465e-03 1.503207022324204445e-03 9.999868273735046387e-01 5.350029945373535156e+00
9.999610781669616699e-01 -1.141701126471161842e-03 -8.748114109039306641e-03 -3.927070647478103638e-02 1.138218445703387260e-03 9.999992251396179199e-01 -4.020635969936847687e-04 -1.265415996313095093e-01 8.748572319746017456e-03 3.920914605259895325e-04 9.999616146087646484e-01 7.194068431854248047e+00
9.999277591705322266e-01 -1.280298689380288124e-03 -1.194851752370595932e-02 -6.103177368640899658e-02 1.272364868782460690e-03 9.999988675117492676e-01 -6.706459680572152138e-04 -1.585412919521331787e-01 1.194936968386173248e-02 6.553941639140248299e-04 9.999282956123352051e-01 8.961592674255371094e+00
9.999096393585205078e-01 -4.897356498986482620e-03 -1.251475885510444641e-02 -8.517849445343017578e-02 4.881678149104118347e-03 9.999871850013732910e-01 -1.282121753320097923e-03 -1.912378817796707153e-01 1.252088043838739395e-02 1.220916165038943291e-03 9.999207854270935059e-01 1.075922966003417969e+01
9.998797178268432617e-01 -4.529253579676151276e-03 -1.483175810426473618e-02 -1.130185872316360474e-01 4.506362136453390121e-03 9.999884963035583496e-01 -1.575644826516509056e-03 -2.234453856945037842e-01 1.483872719109058380e-02 1.508621964603662491e-03 9.998886585235595703e-01 1.255076694488525391e+01
9.998449087142944336e-01 -5.020629614591598511e-03 -1.687583141028881073e-02 -1.418830603361129761e-01 4.996640607714653015e-03 9.999863505363464355e-01 -1.462537096813321114e-03 -2.535660266876220703e-01 1.688294857740402222e-02 1.377998269163072109e-03 9.998564124107360840e-01 1.416652584075927734e+01
9.998341798782348633e-01 -4.675871226936578751e-03 -1.759572327136993408e-02 -1.722338497638702393e-01 4.636003170162439346e-03 9.999864697456359863e-01 -2.306379377841949463e-03 -2.894031405448913574e-01 1.760628446936607361e-02 2.224424388259649277e-03 9.998424053192138672e-01 1.599796295166015625e+01
9.998095631599426270e-01 -4.823375958949327469e-03 -1.890713907778263092e-02 -2.035566866397857666e-01 4.786081146448850632e-03 9.999863505363464355e-01 -2.017317106947302818e-03 -3.247568905353546143e-01 1.891662739217281342e-02 1.926447497680783272e-03 9.998190999031066895e-01 1.780419731140136719e+01
9.997756481170654297e-01 -4.580881446599960327e-03 -2.067380025982856750e-02 -2.425223588943481445e-01 4.554298706352710724e-03 9.999884963035583496e-01 -1.333529595285654068e-03 -3.607581257820129395e-01 2.067969366908073425e-02 1.239087316207587719e-03 9.997852444648742676e-01 1.960209846496582031e+01
9.997169971466064453e-01 -5.562468431890010834e-03 -2.312426269054412842e-02 -2.844364643096923828e-01 5.530863068997859955e-03 9.999834299087524414e-01 -1.431172597222030163e-03 -3.935742080211639404e-01 2.313186600804328918e-02 1.302864751778542995e-03 9.997314214706420898e-01 2.133962440490722656e+01
9.996660947799682617e-01 -3.374492283910512924e-03 -2.561140619218349457e-02 -3.307307660579681396e-01 3.360833041369915009e-03 9.999939203262329102e-01 -5.773731973022222519e-04 -4.250997900962829590e-01 2.561323530972003937e-02 4.911265568807721138e-04 9.996716380119323730e-01 2.313187599182128906e+01
9.996311068534851074e-01 -3.875166410580277443e-03 -2.687668427824974060e-02 -3.814705014228820801e-01 3.834706731140613556e-03 9.999911785125732422e-01 -1.558598363772034645e-03 -4.562804102897644043e-01 2.688251622021198273e-02 1.454993151128292084e-03 9.996374249458312988e-01 2.494550323486328125e+01
9.995435476303100586e-01 -3.465218469500541687e-03 -3.000538609921932220e-02 -4.398704469203948975e-01 3.441665554419159889e-03 9.999934434890747070e-01 -8.383332751691341400e-04 -4.862684607505798340e-01 3.000812605023384094e-02 7.347181090153753757e-04 9.995492100715637207e-01 2.675360488891601562e+01
9.994391798973083496e-01 -4.113200586289167404e-03 -3.322702273726463318e-02 -4.999096393585205078e-01 4.114107694476842880e-03 9.999912381172180176e-01 -4.238530527800321579e-05 -5.196861028671264648e-01 3.322694078087806702e-02 -9.429507190361618996e-05 9.994477033615112305e-01 2.858341789245605469e+01
9.994111657142639160e-01 -4.050273448228836060e-03 -3.406739234924316406e-02 -5.621520280838012695e-01 4.016465507447719574e-03 9.999910593032836914e-01 -1.061613205820322037e-03 -5.526894330978393555e-01 3.407142311334609985e-02 9.242017986252903938e-04 9.994188547134399414e-01 3.042590332031250000e+01
9.993604421615600586e-01 -3.348638536408543587e-03 -3.559596464037895203e-02 -6.322854757308959961e-01 3.324371529743075371e-03 9.999939203262329102e-01 -7.419892936013638973e-04 -5.864115953445434570e-01 3.559827059507369995e-02 6.232459563761949539e-04 9.993658661842346191e-01 3.227068328857421875e+01
9.993636012077331543e-01 -3.006835235282778740e-03 -3.553947806358337402e-02 -6.997518539428710938e-01 2.993790898472070694e-03 9.999952316284179688e-01 -4.218431422486901283e-04 -6.207069754600524902e-01 3.554050624370574951e-02 3.152619174215942621e-04 9.993681311607360840e-01 3.412667846679687500e+01
9.994271397590637207e-01 -1.325904857367277145e-03 -3.381298854947090149e-02 -7.692004442214965820e-01 1.308038365095853806e-03 9.999988079071044922e-01 -5.521620041690766811e-04 -6.572663784027099609e-01 3.381360694766044617e-02 5.077066598460078239e-04 9.994279742240905762e-01 3.612965393066406250e+01
9.994124770164489746e-01 -1.648062141612172127e-03 -3.423254191875457764e-02 -8.420306444168090820e-01 1.649571233429014683e-03 9.999986290931701660e-01 2.137362025678157806e-05 -6.911220550537109375e-01 3.423257172107696533e-02 -7.760565495118498802e-05 9.994140863418579102e-01 3.820906066894531250e+01
9.994590878486633301e-01 -7.348787039518356323e-04 -3.287675976753234863e-02 -9.018285274505615234e-01 7.150150486268103123e-04 9.999995231628417969e-01 -6.100278696976602077e-04 -7.180840373039245605e-01 3.287730365991592407e-02 5.864220438525080681e-04 9.994593858718872070e-01 3.990980148315429688e+01
9.994748234748840332e-01 -2.472187858074903488e-03 -3.230936452746391296e-02 -9.751363396644592285e-01 2.427126048132777214e-03 9.999960064888000488e-01 -1.427861163392663002e-03 -7.575371861457824707e-01 3.231287747621536255e-02 1.348926220089197159e-03 9.994770884513854980e-01 4.203005981445312500e+01
9.995207190513610840e-01 -3.563794540241360664e-03 -3.075014799833297729e-02 -1.046205163002014160e+00 3.556073876097798347e-03 9.999936223030090332e-01 -2.992087975144386292e-04 -7.943594455718994141e-01 3.075112402439117432e-02 1.899569761008024216e-04 9.995272755622863770e-01 4.410420227050781250e+01
9.995725750923156738e-01 -3.645984223112463951e-03 -2.900525182485580444e-02 -1.107207655906677246e+00 3.660652088001370430e-03 9.999932050704956055e-01 4.602641856763511896e-04 -8.302272558212280273e-01 2.900348231196403503e-02 -5.660022725351154804e-04 9.995793104171752930e-01 4.613935852050781250e+01
9.996488690376281738e-01 -3.864692524075508118e-03 -2.621432766318321228e-02 -1.169163703918457031e+00 3.910457249730825424e-03 9.999908804893493652e-01 1.703325775451958179e-03 -8.673995733261108398e-01 2.620761282742023468e-02 -1.804993953555822372e-03 9.996550679206848145e-01 4.833880615234375000e+01
9.997144341468811035e-01 -2.890314208343625069e-03 -2.372391708195209503e-02 -1.219343423843383789e+00 2.954084658995270729e-03 9.999920725822448730e-01 2.662301296368241310e-03 -8.995502591133117676e-01 2.371613495051860809e-02 -2.731364918872714043e-03 9.997152090072631836e-01 5.048944473266601562e+01
9.997117519378662109e-01 -3.536208067089319229e-03 -2.374953031539916992e-02 -1.278600096702575684e+00 3.633838845416903496e-03 9.999850392341613770e-01 4.077808465808629990e-03 -9.279313087463378906e-01 2.373484335839748383e-02 -4.162676632404327393e-03 9.997098445892333984e-01 5.268778610229492188e+01
9.997442364692687988e-01 -4.742383316624909639e-04 -2.261378616094589233e-02 -1.334263563156127930e+00 5.646182107739150524e-04 9.999917745590209961e-01 3.999708686023950577e-03 -9.567117691040039062e-01 2.261178940534591675e-02 -4.011206328868865967e-03 9.997364878654479980e-01 5.489794158935546875e+01
9.998213052749633789e-01 7.298276759684085846e-04 -1.889598742127418518e-02 -1.380837678909301758e+00 -6.673500174656510353e-04 9.999942183494567871e-01 3.323916345834732056e-03 -9.882284998893737793e-01 1.889839023351669312e-02 -3.310452448204159737e-03 9.998161196708679199e-01 5.709804534912109375e+01
9.998667836189270020e-01 2.566457493230700493e-03 -1.612807437777519226e-02 -1.421098113059997559e+00 -2.503810683265328407e-03 9.999892115592956543e-01 3.916396759450435638e-03 -1.018557071685791016e+00 1.613803394138813019e-02 -3.875218797475099564e-03 9.998624920845031738e-01 5.925837707519531250e+01
9.998551607131958008e-01 2.308201743289828300e-03 -1.686895266175270081e-02 -1.456857562065124512e+00 -2.215231768786907196e-03 9.999822378158569336e-01 5.541642662137746811e-03 -1.045427441596984863e+00 1.688153296709060669e-02 -5.503193475306034088e-03 9.998426437377929688e-01 6.132686996459960938e+01
9.998147487640380859e-01 1.046073506586253643e-03 -1.922245882451534271e-02 -1.498148679733276367e+00 -9.705859120003879070e-04 9.999917745590209961e-01 3.949042875319719315e-03 -1.067283630371093750e+00 1.922653242945671082e-02 -3.929392434656620026e-03 9.998077154159545898e-01 6.343997955322265625e+01
9.997748136520385742e-01 1.595807145349681377e-03 -2.116419561207294464e-02 -1.548272132873535156e+00 -1.466917688958346844e-03 9.999803304672241211e-01 6.116690114140510559e-03 -1.096577644348144531e+00 2.117363549768924713e-02 -6.084008608013391495e-03 9.997575879096984863e-01 6.557901000976562500e+01
9.998396635055541992e-01 2.218289999291300774e-03 -1.777115650475025177e-02 -1.591121673583984375e+00 -2.075831638649106026e-03 9.999656081199645996e-01 8.046321570873260498e-03 -1.122130513191223145e+00 1.778849028050899506e-02 -8.007887750864028931e-03 9.998099803924560547e-01 6.775637054443359375e+01
9.998106956481933594e-01 8.736895397305488586e-04 -1.943945698440074921e-02 -1.635372161865234375e+00 -6.934257689863443375e-04 9.999567270278930664e-01 9.292431175708770752e-03 -1.139305233955383301e+00 1.944683305919170380e-02 -9.276933968067169189e-03 9.997681379318237305e-01 6.987976837158203125e+01
9.997718930244445801e-01 5.237929290160536766e-04 -2.135074511170387268e-02 -1.681978583335876465e+00 -3.030647640116512775e-04 9.999464750289916992e-01 1.035408210009336472e-02 -1.153727769851684570e+00 2.135512791574001312e-02 -1.034498587250709534e-02 9.997187256813049316e-01 7.202964019775390625e+01
9.997667670249938965e-01 2.723700832575559616e-03 -2.142139337956905365e-02 -1.729876637458801270e+00 -2.474418375641107559e-03 9.999290108680725098e-01 1.166891679167747498e-02 -1.165947437286376953e+00 2.145174704492092133e-02 -1.161292754113674164e-02 9.997026920318603516e-01 7.401395416259765625e+01
9.998176097869873047e-01 3.988873679190874100e-03 -1.867184042930603027e-02 -1.778974890708923340e+00 -3.724201815202832222e-03 9.998923540115356445e-01 1.420481130480766296e-02 -1.178786277770996094e+00 1.872658729553222656e-02 -1.413242705166339874e-02 9.997249841690063477e-01 7.619209289550781250e+01
9.998276233673095703e-01 5.015571136027574539e-03 -1.787183061242103577e-02 -1.821499228477478027e+00 -4.751838743686676025e-03 9.998795390129089355e-01 1.478632260113954544e-02 -1.185773134231567383e+00 1.794394105672836304e-02 -1.469859853386878967e-02 9.997311830520629883e-01 7.830149078369140625e+01
9.998742938041687012e-01 4.299200139939785004e-03 -1.526080816984176636e-02 -1.857204198837280273e+00 -4.069266840815544128e-03 9.998781085014343262e-01 1.508618518710136414e-02 -1.194288492202758789e+00 1.532390899956226349e-02 -1.502194721251726151e-02 9.997699856758117676e-01 8.045219421386718750e+01
9.998793005943298340e-01 6.898720748722553253e-03 -1.391815952956676483e-02 -1.889429688453674316e+00 -6.710325833410024643e-03 9.998857378959655762e-01 1.356006413698196411e-02 -1.201970577239990234e+00 1.401023566722869873e-02 -1.346477679908275604e-02 9.998114109039306641e-01 8.260695648193359375e+01
9.998813867568969727e-01 8.462667465209960938e-03 -1.286470703780651093e-02 -1.921569228172302246e+00 -8.282250724732875824e-03 9.998673200607299805e-01 1.403813902288675308e-02 -1.213248372077941895e+00 1.298192795366048813e-02 -1.392968930304050446e-02 9.998189210891723633e-01 8.478662109375000000e+01
9.999198913574218750e-01 7.698111701756715775e-03 -1.004485785961151123e-02 -1.950629353523254395e+00 -7.550111971795558929e-03 9.998633265495300293e-01 1.472200267016887665e-02 -1.218434333801269531e+00 1.015694066882133484e-02 -1.464473921805620193e-02 9.998413920402526855e-01 8.692057037353515625e+01
9.999294877052307129e-01 8.315850049257278442e-03 -8.472933433949947357e-03 -1.975317239761352539e+00 -8.198479190468788147e-03 9.998709559440612793e-01 1.383124850690364838e-02 -1.221856951713562012e+00 8.586976677179336548e-03 -1.376057323068380356e-02 9.998686313629150391e-01 8.911001586914062500e+01
9.999452233314514160e-01 9.548266418278217316e-03 -4.275747109204530716e-03 -1.993725180625915527e+00 -9.495353326201438904e-03 9.998795390129089355e-01 1.229761634021997452e-02 -1.229053020477294922e+00 4.392766393721103668e-03 -1.225612126290798187e-02 9.999154210090637207e-01 9.125481414794921875e+01
9.999362230300903320e-01 1.059682946652173996e-02 -3.900793846696615219e-03 -2.004530906677246094e+00 -1.054504886269569397e-02 9.998583793640136719e-01 1.313749141991138458e-02 -1.235830068588256836e+00 4.039554856717586517e-03 -1.309529133141040802e-02 9.999063014984130859e-01 9.329334259033203125e+01
9.999605417251586914e-01 8.746688254177570343e-03 -1.518338220193982124e-03 -2.012969017028808594e+00 -8.724071085453033447e-03 9.998571276664733887e-01 1.449509244412183762e-02 -1.238462328910827637e+00 1.645002746954560280e-03 -1.448104530572891235e-02 9.998940229415893555e-01 9.536519622802734375e+01
9.999663829803466797e-01 8.092392235994338989e-03 1.248907065019011497e-03 -2.012616634368896484e+00 -8.109941147267818451e-03 9.998623728752136230e-01 1.448785234242677689e-02 -1.241281867027282715e+00 -1.131396507844328880e-03 -1.449726149439811707e-02 9.998944997787475586e-01 9.743825531005859375e+01
9.999622106552124023e-01 8.052422665059566498e-03 3.237910568714141846e-03 -2.008584022521972656e+00 -8.106553927063941956e-03 9.998233318328857422e-01 1.697183027863502502e-02 -1.251864910125732422e+00 -3.100576810538768768e-03 -1.699720695614814758e-02 9.998509287834167480e-01 9.964036560058593750e+01
9.999452233314514160e-01 7.254462223500013351e-03 7.529621012508869171e-03 -1.996104478836059570e+00 -7.374403532594442368e-03 9.998452663421630859e-01 1.598512008786201477e-02 -1.253011465072631836e+00 -7.412395440042018890e-03 -1.603954657912254333e-02 9.998440742492675781e-01 1.019681396484375000e+02
9.999453425407409668e-01 7.616945542395114899e-03 7.168769836425781250e-03 -1.981869101524353027e+00 -7.730668876320123672e-03 9.998434782028198242e-01 1.593199744820594788e-02 -1.256324291229248047e+00 -7.046177517622709274e-03 -1.598645001649856567e-02 9.998476505279541016e-01 1.039256668090820312e+02
9.999275207519531250e-01 8.491035550832748413e-03 8.541684597730636597e-03 -1.967240452766418457e+00 -8.626591414213180542e-03 9.998362660408020020e-01 1.592670194804668427e-02 -1.263388872146606445e+00 -8.404934778809547424e-03 -1.599912531673908234e-02 9.998369216918945312e-01 1.060779800415039062e+02
9.998927116394042969e-01 8.954728953540325165e-03 1.159724779427051544e-02 -1.952242732048034668e+00 -9.148464538156986237e-03 9.998183846473693848e-01 1.673616282641887665e-02 -1.266213178634643555e+00 -1.144515536725521088e-02 -1.684036105871200562e-02 9.997929334640502930e-01 1.079907226562500000e+02
9.998988509178161621e-01 8.697343990206718445e-03 1.125634741038084030e-02 -1.936670422554016113e+00 -8.918463252484798431e-03 9.997660517692565918e-01 1.971889473497867584e-02 -1.264963626861572266e+00 -1.108209323137998581e-02 -1.981718838214874268e-02 9.997424483299255371e-01 1.100434951782226562e+02
9.998788237571716309e-01 8.280618116259574890e-03 1.318173203617334366e-02 -1.912981867790222168e+00 -8.538150228559970856e-03 9.997721314430236816e-01 1.957998983561992645e-02 -1.265301585197448730e+00 -1.301647536456584930e-02 -1.969005912542343140e-02 9.997215867042541504e-01 1.122067489624023438e+02
9.998499155044555664e-01 9.340321645140647888e-03 1.459349878132343292e-02 -1.889163851737976074e+00 -9.644778445363044739e-03 9.997350573539733887e-01 2.091470547020435333e-02 -1.261947512626647949e+00 -1.439417898654937744e-02 -2.105219103395938873e-02 9.996749758720397949e-01 1.141845855712890625e+02
9.998491406440734863e-01 9.921748191118240356e-03 1.425743289291858673e-02 -1.864861965179443359e+00 -1.020489539951086044e-02 9.997500777244567871e-01 1.990729570388793945e-02 -1.252390027046203613e+00 -1.405624113976955414e-02 -2.004966512322425842e-02 9.997004270553588867e-01 1.160197296142578125e+02
9.998120069503784180e-01 1.056098751723766327e-02 1.626323163509368896e-02 -1.836083889007568359e+00 -1.089542731642723083e-02 9.997287988662719727e-01 2.059910073876380920e-02 -1.250437259674072266e+00 -1.604116521775722504e-02 -2.077228948473930359e-02 9.996558427810668945e-01 1.180568084716796875e+02
9.998494982719421387e-01 9.438458830118179321e-03 1.455778349190950394e-02 -1.806878328323364258e+00 -9.726591408252716064e-03 9.997563958168029785e-01 1.983307115733623505e-02 -1.244779348373413086e+00 -1.436693686991930008e-02 -1.997154019773006439e-02 9.996976256370544434e-01 1.199589233398437500e+02
9.998671412467956543e-01 9.312440641224384308e-03 1.337685622274875641e-02 -1.782955408096313477e+00 -9.576835669577121735e-03 9.997581243515014648e-01 1.982018724083900452e-02 -1.238876700401306152e+00 -1.318893954157829285e-02 -1.994552090764045715e-02 9.997143745422363281e-01 1.218234634399414062e+02
9.998670220375061035e-01 1.053903624415397644e-02 1.244622655212879181e-02 -1.756749987602233887e+00 -1.078938785940408707e-02 9.997381567955017090e-01 2.020117826759815216e-02 -1.229697942733764648e+00 -1.222996506839990616e-02 -2.033264935016632080e-02 9.997187852859497070e-01 1.237842788696289062e+02
9.998496770858764648e-01 1.226738281548023224e-02 1.225422695279121399e-02 -1.734728932380676270e+00 -1.250231452286243439e-02 9.997367262840270996e-01 1.926163770258426666e-02 -1.223599553108215332e+00 -1.201458647847175598e-02 -1.941182278096675873e-02 9.997397065162658691e-01 1.255935974121093750e+02
9.998524188995361328e-01 1.321605220437049866e-02 1.097976416349411011e-02 -1.714242458343505859e+00 -1.343503966927528381e-02 9.997082948684692383e-01 2.009229548275470734e-02 -1.217095613479614258e+00 -1.071089971810579300e-02 -2.023672312498092651e-02 9.997382164001464844e-01 1.274405136108398438e+02
9.998502135276794434e-01 1.501741725951433182e-02 8.605981245636940002e-03 -1.697313785552978516e+00 -1.518963929265737534e-02 9.996794462203979492e-01 2.027769386768341064e-02 -1.209464192390441895e+00 -8.298583328723907471e-03 -2.040525339543819427e-02 9.997577071189880371e-01 1.293039093017578125e+02
9.998692274093627930e-01 1.503582857549190521e-02 5.958643741905689240e-03 -1.688261985778808594e+00 -1.515754684805870056e-02 9.996672868728637695e-01 2.089169062674045563e-02 -1.201478838920593262e+00 -5.642417352646589279e-03 -2.097915112972259521e-02 9.997643232345581055e-01 1.313299407958984375e+02
9.998589754104614258e-01 1.643243432044982910e-02 3.478833707049489021e-03 -1.680254578590393066e+00 -1.650139689445495605e-02 9.996491670608520508e-01 2.073877677321434021e-02 -1.193968534469604492e+00 -3.136704908683896065e-03 -2.079314179718494415e-02 9.997792243957519531e-01 1.331483459472656250e+02
9.998598694801330566e-01 1.636836864054203033e-02 3.529418259859085083e-03 -1.675830364227294922e+00 -1.643460430204868317e-02 9.996741414070129395e-01 1.955375075340270996e-02 -1.186457633972167969e+00 -3.208084730431437492e-03 -1.960889808833599091e-02 9.998028874397277832e-01 1.350068969726562500e+02
9.998685717582702637e-01 1.607349514961242676e-02 2.166365738958120346e-03 -1.674561262130737305e+00 -1.611319743096828461e-02 9.996780753135681152e-01 1.961836963891983032e-02 -1.184057235717773438e+00 -1.850212225690484047e-03 -1.965056918561458588e-02 9.998055696487426758e-01 1.367862854003906250e+02
9.998494982719421387e-01 1.719291508197784424e-02 2.339652273803949356e-03 -1.670411348342895508e+00 -1.723774708807468414e-02 9.996397495269775391e-01 2.058969251811504364e-02 -1.175283193588256836e+00 -1.984677743166685104e-03 -2.062679640948772430e-02 9.997856616973876953e-01 1.388490295410156250e+02
9.998820424079895020e-01 1.493872795253992081e-02 3.566191531717777252e-03 -1.664705514907836914e+00 -1.501183491200208664e-02 9.996594786643981934e-01 2.135812304913997650e-02 -1.172990560531616211e+00 -3.245774190872907639e-03 -2.140901982784271240e-02 9.997658729553222656e-01 1.408630828857421875e+02
9.998530149459838867e-01 1.690766587853431702e-02 2.828592900186777115e-03 -1.657054424285888672e+00 -1.696475781500339508e-02 9.996263980865478516e-01 2.144594117999076843e-02 -1.168771624565124512e+00 -2.464796649292111397e-03 -2.149066515266895294e-02 9.997663497924804688e-01 1.427919616699218750e+02
9.998583197593688965e-01 1.673311926424503326e-02 1.833913265727460384e-03 -1.653774499893188477e+00 -1.676766388118267059e-02 9.996469020843505859e-01 2.062979340553283691e-02 -1.159723520278930664e+00 -1.487928326241672039e-03 -2.065750956535339355e-02 9.997858405113220215e-01 1.446519317626953125e+02
9.998903870582580566e-01 1.480724662542343140e-02 2.001982647925615311e-05 -1.655506253242492676e+00 -1.480470784008502960e-02 9.996744394302368164e-01 2.079826407134532928e-02 -1.154948353767395020e+00 2.880884567275643349e-04 -2.079617045819759369e-02 9.997839927673339844e-01 1.465418701171875000e+02
9.998834729194641113e-01 1.514283195137977600e-02 1.931870705448091030e-03 -1.656275987625122070e+00 -1.517914980649948120e-02 9.996796846389770508e-01 2.026966214179992676e-02 -1.150539636611938477e+00 -1.624174998141825199e-03 -2.029651589691638947e-02 9.997929930686950684e-01 1.485046081542968750e+02
9.998840093612670898e-01 1.522699464112520218e-02 -3.835008246824145317e-04 -1.660046219825744629e+00 -1.521700713783502579e-02 9.996981620788574219e-01 1.930798031389713287e-02 -1.140153884887695312e+00 6.775241345167160034e-04 -1.929979771375656128e-02 9.998137950897216797e-01 1.504249267578125000e+02
9.998602271080017090e-01 1.654157042503356934e-02 -2.455266891047358513e-03 -1.669426441192626953e+00 -1.648737303912639618e-02 9.996491074562072754e-01 2.074826508760452271e-02 -1.134943723678588867e+00 2.797752618789672852e-03 -2.070477232336997986e-02 9.997819662094116211e-01 1.522636718750000000e+02
9.998295903205871582e-01 1.825309172272682190e-02 -2.785649383440613747e-03 -1.673588991165161133e+00 -1.819065026938915253e-02 9.996126890182495117e-01 2.107916027307510376e-02 -1.128349781036376953e+00 3.169459523633122444e-03 -2.102479152381420135e-02 9.997741580009460449e-01 1.543029785156250000e+02
9.998477697372436523e-01 1.742450520396232605e-02 -9.729290613904595375e-04 -1.677482247352600098e+00 -1.740124635398387909e-02 9.996401071548461914e-01 2.043292857706546783e-02 -1.122238516807556152e+00 1.328743994235992432e-03 -2.041277661919593811e-02 9.997909665107727051e-01 1.558047637939453125e+02
9.998383522033691406e-01 1.795527897775173187e-02 9.960237657651305199e-04 -1.680005192756652832e+00 -1.797175034880638123e-02 9.996423125267028809e-01 1.982304640114307404e-02 -1.116980910301208496e+00 -6.396071985363960266e-04 -1.983763277530670166e-02 9.998031854629516602e-01 1.576627197265625000e+02
9.998381137847900391e-01 1.799546554684638977e-02 1.668641343712806702e-04 -1.681774258613586426e+00 -1.799564249813556671e-02 9.996568560600280762e-01 1.905360072851181030e-02 -1.115785956382751465e+00 1.762029132805764675e-04 -1.905341073870658875e-02 9.998186230659484863e-01 1.595478363037109375e+02
9.998119473457336426e-01 1.939737424254417419e-02 -1.463500811951234937e-04 -1.682975411415100098e+00 -1.939089596271514893e-02 9.996144771575927734e-01 1.989032141864299774e-02 -1.116867303848266602e+00 5.322339711710810661e-04 -1.988363824784755707e-02 9.998022913932800293e-01 1.613202819824218750e+02
9.997932910919189453e-01 2.021413296461105347e-02 -2.226267941296100616e-03 -1.686410307884216309e+00 -2.016511186957359314e-02 9.995909333229064941e-01 2.029854245483875275e-02 -1.112587094306945801e+00 2.635792363435029984e-03 -2.024936303496360779e-02 9.997916817665100098e-01 1.631707305908203125e+02
9.997912645339965820e-01 2.024342678487300873e-02 -2.849006559699773788e-03 -1.692862153053283691e+00 -2.018078044056892395e-02 9.995828270912170410e-01 2.068139053881168365e-02 -1.109919071197509766e+00 3.266591578722000122e-03 -2.061949856579303741e-02 9.997825026512145996e-01 1.649886627197265625e+02
9.997913241386413574e-01 2.014150656759738922e-02 -3.563431091606616974e-03 -1.700337171554565430e+00 -2.006330899894237518e-02 9.995799064636230469e-01 2.093893289566040039e-02 -1.100284576416015625e+00 3.983815200626850128e-03 -2.086290530860424042e-02 9.997751116752624512e-01 1.670382995605468750e+02
9.997403025627136230e-01 2.252908051013946533e-02 -3.564208280295133591e-03 -1.712302207946777344e+00 -2.244571782648563385e-02 9.995045661926269531e-01 2.208626456558704376e-02 -1.094226121902465820e+00 4.060175735503435135e-03 -2.200036309659481049e-02 9.997504353523254395e-01 1.689580230712890625e+02
9.997816085815429688e-01 2.087113633751869202e-02 -1.476217294111847878e-03 -1.717860698699951172e+00 -2.083531767129898071e-02 9.995524883270263672e-01 2.148585952818393707e-02 -1.087189435958862305e+00 1.924147130921483040e-03 -2.145022712647914886e-02 9.997687339782714844e-01 1.709535827636718750e+02
9.997658729553222656e-01 1.913251914083957672e-02 1.015341561287641525e-02 -1.709571957588195801e+00 -1.933923922479152679e-02 9.996013045310974121e-01 2.059732936322689056e-02 -1.075543284416198730e+00 -9.755128063261508942e-03 -2.078868262469768524e-02 9.997369050979614258e-01 1.730527191162109375e+02
9.995747804641723633e-01 2.103571966290473938e-02 2.021351456642150879e-02 -1.680200815200805664e+00 -2.148418128490447998e-02 9.995232224464416504e-01 2.219657599925994873e-02 -1.069457888603210449e+00 -1.973679475486278534e-02 -2.262122184038162231e-02 9.995498657226562500e-01 1.749960632324218750e+02
9.993767142295837402e-01 2.052557468414306641e-02 2.873375266790390015e-02 -1.640855908393859863e+00 -2.117077820003032684e-02 9.995273947715759277e-01 2.230913750827312469e-02 -1.062561750411987305e+00 -2.826210297644138336e-02 -2.290336228907108307e-02 9.993386864662170410e-01 1.765035095214843750e+02
9.984552264213562012e-01 2.077986672520637512e-02 5.153812840580940247e-02 -1.568957567214965820e+00 -2.192251756787300110e-02 9.995247721672058105e-01 2.169221080839633942e-02 -1.056451797485351562e+00 -5.106270313262939453e-02 -2.278835885226726532e-02 9.984360337257385254e-01 1.779446411132812500e+02
9.968832135200500488e-01 1.874668337404727936e-02 7.663661241531372070e-02 -1.475831508636474609e+00 -2.041849121451377869e-02 9.995697140693664551e-01 2.108067087829113007e-02 -1.053982734680175781e+00 -7.620826363563537598e-02 -2.257958427071571350e-02 9.968368411064147949e-01 1.790362548828125000e+02
9.949831366539001465e-01 1.738285459578037262e-02 9.852451086044311523e-02 -1.362286925315856934e+00 -1.952602714300155640e-02 9.995929002761840820e-01 2.082332037389278412e-02 -1.053637266159057617e+00 -9.812225401401519775e-02 -2.264245972037315369e-02 9.949173331260681152e-01 1.801020355224609375e+02
9.906007051467895508e-01 1.509645767509937286e-02 1.359514147043228149e-01 -1.232247471809387207e+00 -1.786922663450241089e-02 9.996564388275146484e-01 1.919301599264144897e-02 -1.052977085113525391e+00 -1.356147676706314087e-01 -2.144177816808223724e-02 9.905301332473754883e-01 1.809058990478515625e+02
9.822865724563598633e-01 1.668744534254074097e-02 1.866412311792373657e-01 -1.082156896591186523e+00 -2.067088522017002106e-02 9.995980858802795410e-01 1.941325329244136810e-02 -1.055829882621765137e+00 -1.862420886754989624e-01 -2.292723581194877625e-02 9.822368025779724121e-01 1.814761047363281250e+02
9.713852405548095703e-01 1.496129110455513000e-02 2.370379865169525146e-01 -8.838325738906860352e-01 -1.949421688914299011e-02 9.996692538261413574e-01 1.678791269659996033e-02 -1.055491209030151367e+00 -2.367082536220550537e-01 -2.092822268605232239e-02 9.713557362556457520e-01 1.821385955810546875e+02
9.575769901275634766e-01 1.579234935343265533e-02 2.877447307109832764e-01 -6.551035642623901367e-01 -2.065999992191791534e-02 9.996902942657470703e-01 1.388522889465093613e-02 -1.060210824012756348e+00 -2.874361872673034668e-01 -1.924080215394496918e-02 9.576067924499511719e-01 1.827790222167968750e+02
9.439198374748229980e-01 1.835804805159568787e-02 3.296639323234558105e-01 -3.755565583705902100e-01 -2.314551733434200287e-02 9.996759891510009766e-01 1.060090027749538422e-02 -1.069483041763305664e+00 -3.293623328208923340e-01 -1.763646490871906281e-02 9.440391063690185547e-01 1.834822998046875000e+02
9.228655695915222168e-01 1.448800135403871536e-02 3.848494291305541992e-01 -1.766583323478698730e-02 -2.016136236488819122e-02 9.997393488883972168e-01 1.070891786366701126e-02 -1.079358816146850586e+00 -3.845938444137573242e-01 -1.764180324971675873e-02 9.229174852371215820e-01 1.842468719482421875e+02
8.948629498481750488e-01 9.456977248191833496e-03 4.462406039237976074e-01 3.923042118549346924e-01 -1.331549696624279022e-02 9.998960494995117188e-01 5.510167218744754791e-03 -1.081610441207885742e+00 -4.461420774459838867e-01 -1.087258383631706238e-02 8.948962092399597168e-01 1.849822540283203125e+02
8.584796786308288574e-01 5.498976446688175201e-03 5.128178596496582031e-01 8.110039234161376953e-01 -1.003867480903863907e-02 9.999309182167053223e-01 6.081516388803720474e-03 -1.089386463165283203e+00 -5.127490162849426270e-01 -1.036869548261165619e-02 8.584760427474975586e-01 1.855981903076171875e+02
8.402741551399230957e-01 4.784771706908941269e-03 5.421403050422668457e-01 1.078573226928710938e+00 -8.210683241486549377e-03 9.999584555625915527e-01 3.899280913174152374e-03 -1.106958627700805664e+00 -5.420991778373718262e-01 -7.727633230388164520e-03 8.402790427207946777e-01 1.859511108398437500e+02
8.195038437843322754e-01 5.208887159824371338e-03 5.730497241020202637e-01 1.319709181785583496e+00 -8.490058593451976776e-03 9.999590516090393066e-01 3.050812985748052597e-03 -1.121143221855163574e+00 -5.730103850364685059e-01 -7.365204859524965286e-03 8.195149898529052734e-01 1.862418823242187500e+02
8.092387914657592773e-01 6.414329633116722107e-03 5.874444246292114258e-01 1.757724881172180176e+00 -8.896893821656703949e-03 9.999592900276184082e-01 1.336212619207799435e-03 -1.141922354698181152e+00 -5.874119400978088379e-01 -6.307572592049837112e-03 8.092634081840515137e-01 1.868198089599609375e+02
7.925707101821899414e-01 5.785709712654352188e-03 6.097521185874938965e-01 2.036724567413330078e+00 -7.259411271661520004e-03 9.999734163284301758e-01 -5.354220047593116760e-05 -1.160198807716369629e+00 -6.097362041473388672e-01 -4.383830819278955460e-03 7.925921082496643066e-01 1.871515960693359375e+02
7.819734811782836914e-01 7.616490125656127930e-03 6.232647299766540527e-01 2.242958068847656250e+00 -9.417904540896415710e-03 9.999552965164184570e-01 -4.047771508339792490e-04 -1.177331566810607910e+00 -6.232399344444274902e-01 -5.553142167627811432e-03 7.820107936859130859e-01 1.873850250244140625e+02
7.596552968025207520e-01 8.465474471449851990e-03 6.502703428268432617e-01 2.467345476150512695e+00 -8.896484039723873138e-03 9.999566674232482910e-01 -2.625878667458891869e-03 -1.187723636627197266e+00 -6.502644419670104980e-01 -3.790176473557949066e-03 7.596982717514038086e-01 1.875939941406250000e+02
7.380902171134948730e-01 8.320342749357223511e-03 6.746502518653869629e-01 2.592066764831542969e+00 -9.124100208282470703e-03 9.999552369117736816e-01 -2.351213945075869560e-03 -1.203063845634460449e+00 -6.746397614479064941e-01 -4.419988021254539490e-03 7.381336688995361328e-01 1.876800384521484375e+02
7.012248635292053223e-01 9.185803122818470001e-03 7.128804326057434082e-01 2.961910009384155273e+00 -7.551794406026601791e-03 9.999561905860900879e-01 -5.457547493278980255e-03 -1.216948866844177246e+00 -7.128995060920715332e-01 -1.556376460939645767e-03 7.012641429901123047e-01 1.879837493896484375e+02
6.633142232894897461e-01 8.254292421042919159e-03 7.482948303222656250e-01 3.369646549224853516e+00 -6.017005071043968201e-03 9.999651908874511719e-01 -5.697653628885746002e-03 -1.226695060729980469e+00 -7.483160495758056641e-01 -7.229769835248589516e-04 6.633415222167968750e-01 1.882879638671875000e+02
6.468335390090942383e-01 6.267776247113943100e-03 7.626048326492309570e-01 3.645206451416015625e+00 -3.761793952435255051e-03 9.999797940254211426e-01 -5.028922576457262039e-03 -1.246397376060485840e+00 -7.626212239265441895e-01 3.842937294393777847e-04 6.468446850776672363e-01 1.884942779541015625e+02
6.279321312904357910e-01 8.110784925520420074e-03 7.782252430915832520e-01 3.890149116516113281e+00 -5.448377691209316254e-03 9.999664425849914551e-01 -6.026515737175941467e-03 -1.265370965003967285e+00 -7.782483696937561035e-01 -4.556392668746411800e-04 6.279559135437011719e-01 1.886682586669921875e+02
6.023685932159423828e-01 8.112804964184761047e-03 7.981762886047363281e-01 4.281959056854248047e+00 -4.588749259710311890e-03 9.999664425849914551e-01 -6.701654288917779922e-03 -1.282338857650756836e+00 -7.982042431831359863e-01 3.744190034922212362e-04 6.023862957954406738e-01 1.889246978759765625e+02
5.918526053428649902e-01 9.063415229320526123e-03 8.059946894645690918e-01 4.784252166748046875e+00 -5.217781756073236465e-03 9.999583363533020020e-01 -7.413902319967746735e-03 -1.303501725196838379e+00 -8.060287237167358398e-01 1.826196385081857443e-04 5.918759107589721680e-01 1.892820739746093750e+02
5.755797028541564941e-01 1.068776473402976990e-02 8.176752328872680664e-01 5.325693130493164062e+00 -5.821882747113704681e-03 9.999421834945678711e-01 -8.972847834229469299e-03 -1.323004722595214844e+00 -8.177243471145629883e-01 4.043653025291860104e-04 5.756093859672546387e-01 1.896493835449218750e+02
5.605824589729309082e-01 1.339042093604803085e-02 8.279898166656494141e-01 5.681964874267578125e+00 -6.756654940545558929e-03 9.999092817306518555e-01 -1.159704104065895081e-02 -1.351317524909973145e+00 -8.280704617500305176e-01 9.068457875400781631e-04 5.606228113174438477e-01 1.898668060302734375e+02
5.377272963523864746e-01 1.376905664801597595e-02 8.430057764053344727e-01 6.165709495544433594e+00 -6.396298296749591827e-03 9.999037981033325195e-01 -1.225253101438283920e-02 -1.376847267150878906e+00 -8.430938720703125000e-01 1.196593511849641800e-03 5.377644300460815430e-01 1.901549530029296875e+02
5.121735334396362305e-01 1.344716176390647888e-02 8.587760925292968750e-01 6.594404220581054688e+00 -8.147629909217357635e-03 9.999077916145324707e-01 -1.079863402992486954e-02 -1.397937178611755371e+00 -8.588426113128662109e-01 -1.466027810238301754e-03 5.122367143630981445e-01 1.903813171386718750e+02
4.574465751647949219e-01 1.423468906432390213e-02 8.891225457191467285e-01 7.264057636260986328e+00 -4.779689013957977295e-03 9.998960494995117188e-01 -1.354981586337089539e-02 -1.416211128234863281e+00 -8.892235159873962402e-01 1.948778517544269562e-03 4.574678838253021240e-01 1.906675415039062500e+02
3.982157409191131592e-01 1.500354520976543427e-02 9.171684384346008301e-01 8.124463081359863281e+00 -2.279033884406089783e-03 9.998785257339477539e-01 -1.536780595779418945e-02 -1.449593424797058105e+00 -9.172882437705993652e-01 4.029638133943080902e-03 3.982023596763610840e-01 1.910039672851562500e+02
3.488602638244628906e-01 1.356890331953763962e-02 9.370757937431335449e-01 9.303102493286132812e+00 -2.046231646090745926e-03 9.999030232429504395e-01 -1.371759455651044846e-02 -1.492377281188964844e+00 -9.371718168258666992e-01 2.868241164833307266e-03 3.488549590110778809e-01 1.914311676025390625e+02
2.962467074394226074e-01 1.475273631513118744e-02 9.549967646598815918e-01 1.050846672058105469e+01 9.219814091920852661e-05 9.998794198036193848e-01 -1.547540351748466492e-02 -1.535979866981506348e+00 -9.551107287406921387e-01 4.672781564295291901e-03 2.962103486061096191e-01 1.918048553466796875e+02
2.428062558174133301e-01 1.331452652812004089e-02 9.699825644493103027e-01 1.168935775756835938e+01 2.676355652511119843e-03 9.998919367790222168e-01 -1.439573243260383606e-02 -1.573639869689941406e+00 -9.700703024864196777e-01 6.091590970754623413e-03 2.427451014518737793e-01 1.920838775634765625e+02
1.985944807529449463e-01 1.053182594478130341e-02 9.800242781639099121e-01 1.298523807525634766e+01 5.794673226773738861e-03 9.999112486839294434e-01 -1.192048843950033188e-02 -1.615239024162292480e+00 -9.800637960433959961e-01 8.046464063227176666e-03 1.985164880752563477e-01 1.923469848632812500e+02
1.725054234266281128e-01 9.628552012145519257e-03 9.849606156349182129e-01 1.404721927642822266e+01 7.473899982869625092e-03 9.999096989631652832e-01 -1.108436007052659988e-02 -1.649203538894653320e+00 -9.849793910980224609e-01 9.273810312151908875e-03 1.724185049533843994e-01 1.925245056152343750e+02
1.533996760845184326e-01 1.094266213476657867e-02 9.881027340888977051e-01 1.476863193511962891e+01 8.195915259420871735e-03 9.998892545700073242e-01 -1.234627421945333481e-02 -1.675809979438781738e+00 -9.881293773651123047e-01 9.992522187530994415e-03 1.532936096191406250e-01 1.926218566894531250e+02
1.350778788328170776e-01 1.156393531709909439e-02 9.907665848731994629e-01 1.551270484924316406e+01 9.179340675473213196e-03 9.998733997344970703e-01 -1.292240433394908905e-02 -1.702497959136962891e+00 -9.907916188240051270e-01 1.084031909704208374e-02 1.349552273750305176e-01 1.927100982666015625e+02
1.161319836974143982e-01 1.211413089185953140e-02 9.931589961051940918e-01 1.642267608642578125e+01 1.106220390647649765e-02 9.998468756675720215e-01 -1.348992995917797089e-02 -1.728481173515319824e+00 -9.931713342666625977e-01 1.255334634333848953e-02 1.159807518124580383e-01 1.928026275634765625e+02
1.006286069750785828e-01 1.185250282287597656e-02 9.948526024818420410e-01 1.756358528137207031e+01 1.215080544352531433e-02 9.998388290405273438e-01 -1.314165350049734116e-02 -1.757862448692321777e+00 -9.948490262031555176e-01 1.341089233756065369e-02 1.004689261317253113e-01 1.929132232666015625e+02
8.410130441188812256e-02 1.189305167645215988e-02 9.963853359222412109e-01 1.866575241088867188e+01 1.200440712273120880e-02 9.998431205749511719e-01 -1.294827274978160858e-02 -1.788821101188659668e+00 -9.963840842247009277e-01 1.305018737912178040e-02 8.394587785005569458e-02 1.930019226074218750e+02
6.748080253601074219e-02 1.153853908181190491e-02 9.976528882980346680e-01 1.982315254211425781e+01 1.314536854624748230e-02 9.998350143432617188e-01 -1.245362311601638794e-02 -1.820548295974731445e+00 -9.976331591606140137e-01 1.395510137081146240e-02 6.731851398944854736e-02 1.930765686035156250e+02
