9.999794960021972656e-01 5.025123246014118195e-04 -6.380357779562473297e-03 -4.596713930368423462e-03 -5.005159764550626278e-04 9.999998211860656738e-01 3.144874644931405783e-04 -2.001523971557617188e-03 6.380515173077583313e-03 -3.112874401267617941e-04 9.999796152114868164e-01 9.154274314641952515e-02
9.999095797538757324e-01 1.061516115441918373e-03 -1.340598985552787781e-02 -1.001115981489419937e-02 -1.058761961758136749e-03 9.999993443489074707e-01 2.126018371200188994e-04 -4.359703510999679565e-03 1.340620964765548706e-02 -1.983887632377445698e-04 9.999099969863891602e-01 1.857372820377349854e-01
9.997801184654235840e-01 1.386756193824112415e-03 -2.092925459146499634e-02 -1.753371208906173706e-02 -1.395505852997303009e-03 9.999989271163940430e-01 -4.034728626720607281e-04 -6.859664339572191238e-03 2.092866972088813782e-02 4.325908666942268610e-04 9.997807741165161133e-01 2.834671437740325928e-01
9.995455145835876465e-01 2.025309251621365547e-03 -3.008212335407733917e-02 -2.863192185759544373e-02 -2.080074045807123184e-03 9.999961256980895996e-01 -1.789331319741904736e-03 -6.726658903062343597e-03 3.007839247584342957e-02 1.851090695708990097e-03 9.995458126068115234e-01 3.873099386692047119e-01
9.991405010223388672e-01 2.230707788839936256e-03 -4.139680787920951843e-02 -4.273697361350059509e-02 -2.379114041104912758e-03 9.999908804893493652e-01 -3.536042291671037674e-03 -7.303013931959867477e-03 4.138854146003723145e-02 3.631489351391792297e-03 9.991363883018493652e-01 5.011394619941711426e-01
9.984893798828125000e-01 2.145631471648812294e-03 -5.490592122077941895e-02 -6.000009551644325256e-02 -2.394373295828700066e-03 9.999871253967285156e-01 -4.464950878173112869e-03 -8.065469563007354736e-03 5.489562451839447021e-02 4.589670337736606598e-03 9.984813928604125977e-01 6.279357671737670898e-01
9.974755048751831055e-01 2.223074436187744141e-03 -7.097932696342468262e-02 -8.275693655014038086e-02 -2.545052906498312950e-03 9.999869465827941895e-01 -4.446102771908044815e-03 -8.994999341666698456e-03 7.096850872039794922e-02 4.615523852407932281e-03 9.974676966667175293e-01 7.669395208358764648e-01
9.959798455238342285e-01 9.912400273606181145e-04 -8.957232534885406494e-02 -1.090496927499771118e-01 -1.397592481225728989e-03 9.999891519546508789e-01 -4.473982378840446472e-03 -1.033981982618570328e-02 8.956690132617950439e-02 4.581182263791561127e-03 9.959701299667358398e-01 9.191805124282836914e-01
9.939837455749511719e-01 -3.564687503967434168e-04 -1.095286011695861816e-01 -1.415334939956665039e-01 -1.406637311447411776e-04 9.999899268150329590e-01 -4.531084559857845306e-03 -1.195088028907775879e-02 1.095290929079055786e-01 4.519232083112001419e-03 9.939731359481811523e-01 1.081912994384765625e+00
9.912981390953063965e-01 -4.511767183430492878e-04 -1.316366046667098999e-01 -1.816056966781616211e-01 -1.745504123391583562e-04 9.999889135360717773e-01 -4.741873592138290405e-03 -1.604514941573143005e-02 1.316371858119964600e-01 4.723586607724428177e-03 9.912865757942199707e-01 1.251377820968627930e+00
9.877899289131164551e-01 2.927871886640787125e-03 -1.557640880346298218e-01 -2.325643002986907959e-01 -3.900867188349366188e-03 9.999750256538391113e-01 -5.941284820437431335e-03 -2.265363931655883789e-02 1.557427495718002319e-01 6.476356647908687592e-03 9.877762794494628906e-01 1.425642728805541992e+00
9.834265708923339844e-01 7.281907368451356888e-03 -1.811610907316207886e-01 -2.934589982032775879e-01 -8.809763938188552856e-03 9.999324083328247070e-01 -7.630443200469017029e-03 -3.116429597139358521e-02 1.810931414365768433e-01 9.099964052438735962e-03 9.834236502647399902e-01 1.604139804840087891e+00
9.780772924423217773e-01 1.080196164548397064e-02 -2.079623043537139893e-01 -3.616512417793273926e-01 -1.279341336339712143e-02 9.998845458030700684e-01 -8.233356289565563202e-03 -3.933358192443847656e-02 2.078492343425750732e-01 1.071340125054121017e-02 9.781021475791931152e-01 1.788639903068542480e+00
9.713483452796936035e-01 1.158386096358299255e-02 -2.373781800270080566e-01 -4.366243183612823486e-01 -1.400444377213716507e-02 9.998660683631896973e-01 -8.513366803526878357e-03 -4.313508421182632446e-02 2.372476458549499512e-01 1.159379165619611740e-02 9.713800549507141113e-01 1.979231119155883789e+00
9.632837176322937012e-01 1.344570983201265335e-02 -2.681486606597900391e-01 -5.224919319152832031e-01 -1.613640412688255310e-02 9.998394250869750977e-01 -7.832913659512996674e-03 -4.573639109730720520e-02 2.680002152919769287e-01 1.187226921319961548e-02 9.633457064628601074e-01 2.173020124435424805e+00
9.538091421127319336e-01 1.577198132872581482e-02 -2.999995052814483643e-01 -6.200940012931823730e-01 -1.861376501619815826e-02 9.998050332069396973e-01 -6.616867613047361374e-03 -4.902232438325881958e-02 2.998366355895996094e-01 1.189533900469541550e-02 9.539164304733276367e-01 2.368741035461425781e+00
9.425177574157714844e-01 1.774119026958942413e-02 -3.336854875087738037e-01 -7.248450517654418945e-01 -2.073817886412143707e-02 9.997705221176147461e-01 -5.421185400336980820e-03 -5.140743404626846313e-02 3.335125744342803955e-01 1.202958822250366211e-02 9.426689147949218750e-01 2.565689086914062500e+00
9.299714565277099609e-01 2.036643214523792267e-02 -3.670676350593566895e-01 -8.394933342933654785e-01 -2.385303005576133728e-02 9.997034072875976562e-01 -4.964299499988555908e-03 -5.397789180278778076e-02 3.668574690818786621e-01 1.337232813239097595e-02 9.301808476448059082e-01 2.758284807205200195e+00
9.160372018814086914e-01 2.349847368896007538e-02 -4.004044830799102783e-01 -9.687590003013610840e-01 -2.746959030628204346e-02 9.996141791343688965e-01 -4.180152434855699539e-03 -5.101000890135765076e-02 4.001516401767730713e-01 1.482811756432056427e-02 9.163289070129394531e-01 2.950415611267089844e+00
8.999655842781066895e-01 2.432815358042716980e-02 -4.352819025516510010e-01 -1.103632926940917969e+00 -2.866013720631599426e-02 9.995837807655334473e-01 -3.388837678357958794e-03 -4.676234722137451172e-02 4.350181221961975098e-01 1.552506349980831146e-02 9.002876281738281250e-01 3.142084360122680664e+00
8.815781474113464355e-01 2.050712332129478455e-02 -4.715927243232727051e-01 -1.242763876914978027e+00 -2.543755248188972473e-02 9.996684193611145020e-01 -4.081633873283863068e-03 -4.292674362659454346e-02 4.713521897792816162e-01 1.559443213045597076e-02 8.818070292472839355e-01 3.333104610443115234e+00
8.604450225830078125e-01 1.550968270748853683e-02 -5.093075037002563477e-01 -1.392474889755249023e+00 -2.063887007534503937e-02 9.997774958610534668e-01 -4.422428552061319351e-03 -4.238964617252349854e-02 5.091248750686645508e-01 1.431677956134080887e-02 8.605731725692749023e-01 3.523026943206787109e+00
8.357454538345336914e-01 1.684757322072982788e-02 -5.488587617874145508e-01 -1.564445853233337402e+00 -2.109934762120246887e-02 9.997766017913818359e-01 -1.439128769561648369e-03 -4.491983726620674133e-02 5.487112402915954590e-01 1.278330013155937195e-02 8.359138369560241699e-01 3.706266164779663086e+00
8.069524168968200684e-01 2.370092645287513733e-02 -5.901408195495605469e-01 -1.761567711830139160e+00 -2.696201018989086151e-02 9.996314644813537598e-01 3.279094584286212921e-03 -4.899413138628005981e-02 5.900005102157592773e-01 1.326529774814844131e-02 8.072935342788696289e-01 3.880701541900634766e+00
7.747744321823120117e-01 2.685279771685600281e-02 -6.316673755645751953e-01 -1.969360589981079102e+00 -3.022770211100578308e-02 9.995287060737609863e-01 5.415013059973716736e-03 -5.141143128275871277e-02 6.315144896507263184e-01 1.489842869341373444e-02 7.752204537391662598e-01 4.049496650695800781e+00
7.390816211700439453e-01 2.703623846173286438e-02 -6.730731129646301270e-01 -2.187834739685058594e+00 -3.078163228929042816e-02 9.995062947273254395e-01 6.348107475787401199e-03 -5.358748137950897217e-02 6.729120016098022461e-01 1.602651365101337433e-02 7.395484447479248047e-01 4.215882301330566406e+00
6.998655200004577637e-01 2.300743758678436279e-02 -7.139040231704711914e-01 -2.415526866912841797e+00 -2.506270259618759155e-02 9.996569156646728516e-01 7.646709214895963669e-03 -5.318917706608772278e-02 7.138344645500183105e-01 1.254068315029144287e-02 7.002015113830566406e-01 4.382389068603515625e+00
6.574739217758178711e-01 1.958832517266273499e-02 -7.532225847244262695e-01 -2.663145780563354492e+00 -2.008944749832153320e-02 9.997626543045043945e-01 8.464129641652107239e-03 -5.287039652466773987e-02 7.532090544700622559e-01 9.566882625222206116e-03 6.577110886573791504e-01 4.540772914886474609e+00
6.131630539894104004e-01 1.930946670472621918e-02 -7.897202968597412109e-01 -2.929114341735839844e+00 -1.750862784683704376e-02 9.997881650924682617e-01 1.085158158093690872e-02 -5.283790826797485352e-02 7.897616624832153320e-01 7.173123769462108612e-03 6.133709549903869629e-01 4.687678813934326172e+00
5.654773712158203125e-01 2.029055729508399963e-02 -8.245141506195068359e-01 -3.215511322021484375e+00 -1.550388708710670471e-02 9.997826814651489258e-01 1.397069171071052551e-02 -5.138932913541793823e-02 8.246175646781921387e-01 4.883060697466135025e-03 5.656686425209045410e-01 4.824433326721191406e+00
5.147146582603454590e-01 2.089948765933513641e-02 -8.571066856384277344e-01 -3.517838001251220703e+00 -1.382235717028379440e-02 9.997755885124206543e-01 1.607758924365043640e-02 -4.877554625272750854e-02 8.572497367858886719e-01 3.571870038285851479e-03 5.148875713348388672e-01 4.948176860809326172e+00
4.622316956520080566e-01 2.267230488359928131e-02 -8.864691853523254395e-01 -3.836953878402709961e+00 -1.311577018350362778e-02 9.997389912605285645e-01 1.873030886054039001e-02 -4.505664110183715820e-02 8.866618871688842773e-01 2.968993736431002617e-03 4.624079167842864990e-01 5.057269573211669922e+00
4.081174731254577637e-01 2.482780627906322479e-02 -9.125916361808776855e-01 -4.177128791809082031e+00 -1.202969066798686981e-02 9.996899962425231934e-01 2.181760966777801514e-02 -3.878848254680633545e-02 9.128498435020446777e-01 2.074058633297681808e-03 4.082891047000885010e-01 5.153466224670410156e+00
3.528223931789398193e-01 2.685154601931571960e-02 -9.353048801422119141e-01 -4.534333705902099609e+00 -1.174859236925840378e-02 9.996368288993835449e-01 2.426653914153575897e-02 -3.325073793530464172e-02 9.356162548065185547e-01 2.426754217594861984e-03 3.530092835426330566e-01 5.233792304992675781e+00
2.977520227432250977e-01 2.999078109860420227e-02 -9.541718363761901855e-01 -4.911073684692382812e+00 -9.323253296315670013e-03 9.995504617691040039e-01 2.850772067904472351e-02 -2.945441007614135742e-02 9.545975923538208008e-01 4.077731864526867867e-04 2.978972494602203369e-01 5.302449226379394531e+00
2.439426183700561523e-01 3.226577863097190857e-02 -9.692525267601013184e-01 -5.299326896667480469e+00 -5.239213351160287857e-03 9.994759559631347656e-01 3.195327520370483398e-02 -2.697753533720970154e-02 9.697753787040710449e-01 -2.716621616855263710e-03 2.439834326505661011e-01 5.360940456390380859e+00
1.928122341632843018e-01 3.260780498385429382e-02 -9.806935787200927734e-01 -5.701355457305908203e+00 -2.205282449722290039e-03 9.994598627090454102e-01 3.279819712042808533e-02 -2.303084731101989746e-02 9.812330007553100586e-01 -4.161161370575428009e-03 1.927795857191085815e-01 5.401690959930419922e+00
1.451011300086975098e-01 3.362422809004783630e-02 -9.888452291488647461e-01 -6.122088909149169922e+00 -3.991993609815835953e-03 9.994345307350158691e-01 3.339851647615432739e-02 -1.604267954826354980e-02 9.894086122512817383e-01 -8.986751781776547432e-04 1.451529711484909058e-01 5.421287059783935547e+00
1.020612269639968872e-01 3.392392769455909729e-02 -9.941993355751037598e-01 -6.558991909027099609e+00 -6.144855171442031860e-03 9.994212388992309570e-01 3.347128629684448242e-02 -5.757046863436698914e-03 9.947589635848999023e-01 2.693107584491372108e-03 1.022102832794189453e-01 5.427670478820800781e+00
6.378225982189178467e-02 3.251618146896362305e-02 -9.974338412284851074e-01 -7.009089469909667969e+00 -7.384407334029674530e-03 9.994574189186096191e-01 3.210993111133575439e-02 6.191568449139595032e-03 9.979363679885864258e-01 5.317423492670059204e-03 6.398750096559524536e-02 5.424014091491699219e+00
2.904761768877506256e-02 2.991173788905143738e-02 -9.991301298141479492e-01 -7.473423480987548828e+00 -6.521629635244607925e-03 9.995368719100952148e-01 2.973430044949054718e-02 1.625110208988189697e-02 9.995565414428710938e-01 5.652261432260274887e-03 2.922895550727844238e-02 5.410693645477294922e+00
-2.721630968153476715e-03 2.726004831492900848e-02 -9.996243715286254883e-01 -7.950406551361083984e+00 -5.718755535781383514e-03 9.996120333671569824e-01 2.727526053786277771e-02 2.306417375802993774e-02 9.999797344207763672e-01 5.790858529508113861e-03 -2.564892405644059181e-03 5.389279365539550781e+00
-2.964856661856174469e-02 2.550782635807991028e-02 -9.992343783378601074e-01 -8.444606781005859375e+00 -6.326382979750633240e-03 9.996498227119445801e-01 2.570613101124763489e-02 3.066416084766387939e-02 9.995400905609130859e-01 7.083707023411989212e-03 -2.947713434696197510e-02 5.353640079498291016e+00
-5.091726034879684448e-02 2.312999963760375977e-02 -9.984346628189086914e-01 -8.953001022338867188e+00 -6.820028647780418396e-03 9.997007846832275391e-01 2.350711636245250702e-02 4.057470709085464478e-02 9.986792206764221191e-01 8.006284013390541077e-03 -5.074459686875343323e-02 5.310724735260009766e+00
-6.733240187168121338e-02 2.173972129821777344e-02 -9.974933266639709473e-01 -9.480372428894042969e+00 -6.474867928773164749e-03 9.997324943542480469e-01 2.222556620836257935e-02 5.248986929655075073e-02 9.977092146873474121e-01 7.955152541399002075e-03 -6.717398017644882202e-02 5.263864994049072266e+00
-8.060798794031143188e-02 2.217432297766208649e-02 -9.964987635612487793e-01 -1.002301502227783203e+01 -5.344054196029901505e-03 9.997290372848510742e-01 2.267847023904323578e-02 6.141727045178413391e-02 9.967312812805175781e-01 7.153423968702554703e-03 -8.046796172857284546e-02 5.211223125457763672e+00
-9.045206010341644287e-02 2.383599430322647095e-02 -9.956151247024536133e-01 -1.057920646667480469e+01 -6.387153640389442444e-03 9.996796250343322754e-01 2.451355196535587311e-02 6.596194207668304443e-02 9.958800077438354492e-01 8.576462045311927795e-03 -9.027116745710372925e-02 5.153070926666259766e+00
-9.725750982761383057e-02 2.540281414985656738e-02 -9.949346780776977539e-01 -1.115273571014404297e+01 -8.559792302548885345e-03 9.996164441108703613e-01 2.635906077921390533e-02 6.936399638652801514e-02 9.952220320701599121e-01 1.108006387948989868e-02 -9.700303524732589722e-02 5.088355541229248047e+00
-1.018109917640686035e-01 2.626013197004795074e-02 -9.944566488265991211e-01 -1.173940563201904297e+01 -8.587823249399662018e-03 9.995916485786437988e-01 2.727491222321987152e-02 7.855466753244400024e-02 9.947663545608520508e-01 1.131711527705192566e-02 -1.015441194176673889e-01 5.025875091552734375e+00
-1.035000979900360107e-01 2.648562379181385040e-02 -9.942764043807983398e-01 -1.234411430358886719e+01 -6.117952987551689148e-03 9.996100068092346191e-01 2.726453170180320740e-02 9.123037755489349365e-02 9.946102499961853027e-01 8.904830552637577057e-03 -1.032979115843772888e-01 4.964836597442626953e+00
-1.028274074196815491e-01 2.847192436456680298e-02 -9.942912459373474121e-01 -1.296426486968994141e+01 -3.919269423931837082e-03 9.995714426040649414e-01 2.902842499315738678e-02 1.026714071631431580e-01 9.946910738945007324e-01 6.881830282509326935e-03 -1.026720181107521057e-01 4.901807785034179688e+00
-1.013573929667472839e-01 3.126980364322662354e-02 -9.943581223487854004e-01 -1.360014343261718750e+01 -4.596271552145481110e-03 9.994810223579406738e-01 3.189939260482788086e-02 1.095161512494087219e-01 9.948390722274780273e-01 7.803595624864101410e-03 -1.011612862348556519e-01 4.835676193237304688e+00
-9.950447082519531250e-02 3.165294975042343140e-02 -9.945330619812011719e-01 -1.425163364410400391e+01 -7.042725570499897003e-03 9.994469285011291504e-01 3.251395374536514282e-02 1.178240180015563965e-01 9.950117468833923340e-01 1.023952662944793701e-02 -9.922681748867034912e-02 4.767219543457031250e+00
-9.786383062601089478e-02 2.880842424929141998e-02 -9.947821497917175293e-01 -1.491340255737304688e+01 -8.778979070484638214e-03 9.995175600051879883e-01 2.980917878448963165e-02 1.296147406101226807e-01 9.951606392860412598e-01 1.165042538195848465e-02 -9.756407141685485840e-02 4.697357177734375000e+00
-9.663297981023788452e-02 2.858455665409564972e-02 -9.949090480804443359e-01 -1.559371185302734375e+01 -9.168542921543121338e-03 9.995200037956237793e-01 2.960752695798873901e-02 1.450795978307723999e-01 9.952773451805114746e-01 1.198294665664434433e-02 -9.632491320371627808e-02 4.629993438720703125e+00
-9.508492052555084229e-02 3.088558465242385864e-02 -9.949893355369567871e-01 -1.629096984863281250e+01 -8.691178634762763977e-03 9.994552135467529297e-01 3.185475245118141174e-02 1.622251272201538086e-01 9.954306483268737793e-01 1.167655829340219498e-02 -9.476510435342788696e-02 4.563296318054199219e+00
-9.324551373720169067e-02 3.432540223002433777e-02 -9.950507283210754395e-01 -1.700476837158203125e+01 -9.606852196156978607e-03 9.993285536766052246e-01 3.537319600582122803e-02 1.770184785127639771e-01 9.955962300300598145e-01 1.285771839320659637e-02 -9.285353869199752808e-02 4.494624137878417969e+00
-9.143311530351638794e-02 3.749732300639152527e-02 -9.951044321060180664e-01 -1.773320960998535156e+01 -1.072095241397619247e-02 9.991962313652038574e-01 3.863656148314476013e-02 1.905590891838073730e-01 9.957529902458190918e-01 1.420114748179912567e-02 -9.095798432826995850e-02 4.426526546478271484e+00
-8.962978422641754150e-02 3.633794561028480530e-02 -9.953114986419677734e-01 -1.847181892395019531e+01 -1.191925164312124252e-02 9.992238879203796387e-01 3.755411133170127869e-02 2.092749476432800293e-01 9.959031939506530762e-01 1.522934623062610626e-02 -8.912745863199234009e-02 4.359243869781494141e+00
-8.776829391717910767e-02 3.343540802597999573e-02 -9.955791234970092773e-01 -1.922425842285156250e+01 -1.418125443160533905e-02 9.992938041687011719e-01 3.481032699346542358e-02 2.305551022291183472e-01 9.960393309593200684e-01 1.717381551861763000e-02 -8.723253011703491211e-02 4.290978908538818359e+00
-8.619975298643112183e-02 3.252666443586349487e-02 -9.957461953163146973e-01 -1.998831748962402344e+01 -1.553741283714771271e-02 9.993017911911010742e-01 3.398783504962921143e-02 2.503184676170349121e-01 9.961559176445007324e-01 1.840107329189777374e-02 -8.563455939292907715e-02 4.223116397857666016e+00
-8.451244235038757324e-02 3.487322479486465454e-02 -9.958114624023437500e-01 -2.077308654785156250e+01 -1.290089171379804611e-02 9.992657303810119629e-01 3.608904033899307251e-02 2.703512012958526611e-01 9.963381290435791016e-01 1.589684747159481049e-02 -8.400090038776397705e-02 4.161923408508300781e+00
-8.331578224897384644e-02 3.705887496471405029e-02 -9.958333969116210938e-01 -2.156446647644042969e+01 -1.052013970911502838e-02 9.992203712463378906e-01 3.806504979729652405e-02 2.880245447158813477e-01 9.964668750762939453e-01 1.364774629473686218e-02 -8.286137133836746216e-02 4.100210666656494141e+00
-8.195747435092926025e-02 3.938853740692138672e-02 -9.958567023277282715e-01 -2.236417770385742188e+01 -9.754532016813755035e-03 9.991396069526672363e-01 4.032113030552864075e-02 3.062232732772827148e-01 9.965872764587402344e-01 1.301875524222850800e-02 -8.150313794612884521e-02 4.035954952239990234e+00
-8.125025033950805664e-02 3.526390716433525085e-02 -9.960693717002868652e-01 -2.316413879394531250e+01 -9.827291592955589294e-03 9.992976188659667969e-01 3.617978841066360474e-02 3.216149210929870605e-01 9.966444373130798340e-01 1.272829528898000717e-02 -8.084699511528015137e-02 3.971012830734252930e+00
-8.074464648962020874e-02 2.784208953380584717e-02 -9.963454604148864746e-01 -2.396948623657226562e+01 -8.508480153977870941e-03 9.995546936988830566e-01 2.862126566469669342e-02 3.342054784297943115e-01 9.966976642608642578e-01 1.078841742128133774e-02 -8.047216385602951050e-02 3.908963441848754883e+00
-8.068422973155975342e-02 2.317276224493980408e-02 -9.964699149131774902e-01 -2.478945732116699219e+01 -5.031553097069263458e-03 9.997080564498901367e-01 2.365544065833091736e-02 3.492532372474670410e-01 9.967260956764221191e-01 6.922431755810976028e-03 -8.054441958665847778e-02 3.849045515060424805e+00
-8.117466419935226440e-02 2.268473245203495026e-02 -9.964413642883300781e-01 -2.561884689331054688e+01 -3.485155757516622543e-03 9.997290372848510742e-01 2.304346300661563873e-02 3.615092337131500244e-01 9.966928362846374512e-01 5.343321245163679123e-03 -8.107393980026245117e-02 3.786072492599487305e+00
-8.098648488521575928e-02 3.123790025711059570e-02 -9.962251186370849609e-01 -2.646134757995605469e+01 -4.490312188863754272e-03 9.994878172874450684e-01 3.170520439743995667e-02 3.717693090438842773e-01 9.967041015625000000e-01 7.041079923510551453e-03 -8.080508559942245483e-02 3.716335535049438477e+00
-8.132561296224594116e-02 3.806048631668090820e-02 -9.959602355957031250e-01 -2.730753517150878906e+01 -5.642361938953399658e-03 9.992375969886779785e-01 3.864643350243568420e-02 3.854986727237701416e-01 9.966706037521362305e-01 8.762539364397525787e-03 -8.104921877384185791e-02 3.644744396209716797e+00
-8.165923506021499634e-02 4.388269782066345215e-02 -9.956933856010437012e-01 -2.815285301208496094e+01 -7.595695089548826218e-03 9.989744424819946289e-01 4.465021938085556030e-02 4.028810858726501465e-01 9.966303110122680664e-01 1.120910793542861938e-02 -8.124251663684844971e-02 3.569532871246337891e+00
-8.204840123653411865e-02 4.465935006737709045e-02 -9.956269264221191406e-01 -2.899760055541992188e+01 -9.387227706611156464e-03 9.989171624183654785e-01 4.558051005005836487e-02 4.194168448448181152e-01 9.965830445289611816e-01 1.308600511401891708e-02 -8.154067397117614746e-02 3.492889642715454102e+00
-8.245255798101425171e-02 4.133612290024757385e-02 -9.957369565963745117e-01 -2.983719062805175781e+01 -9.690611623227596283e-03 9.990596175193786621e-01 4.227647185325622559e-02 4.370059669017791748e-01 9.965468645095825195e-01 1.313512679189443588e-02 -8.197478950023651123e-02 3.418451309204101562e+00
-8.290171623229980469e-02 3.805545717477798462e-02 -9.958304762840270996e-01 -3.067422294616699219e+01 -9.508359245955944061e-03 9.991956949234008789e-01 3.897560387849807739e-02 4.566599428653717041e-01 9.965113997459411621e-01 1.269987691193819046e-02 -8.247353136539459229e-02 3.346037626266479492e+00
-8.288929611444473267e-02 3.922070562839508057e-02 -9.957863092422485352e-01 -3.151584053039550781e+01 -1.105293072760105133e-02 9.991283416748046875e-01 4.027237743139266968e-02 4.763849973678588867e-01 9.964964389801025391e-01 1.434452645480632782e-02 -8.238390833139419556e-02 3.271980762481689453e+00
-8.269772678613662720e-02 4.194647446274757385e-02 -9.956911206245422363e-01 -3.235440063476562500e+01 -1.214293204247951508e-02 9.989980459213256836e-01 4.309432208538055420e-02 4.917250275611877441e-01 9.964995980262756348e-01 1.565442606806755066e-02 -8.210583776235580444e-02 3.198812007904052734e+00
-8.271683752536773682e-02 4.082258045673370361e-02 -9.957362413406372070e-01 -3.319515228271484375e+01 -1.302831340581178665e-02 9.990318417549133301e-01 4.203995317220687866e-02 5.076448917388916016e-01 9.964868426322937012e-01 1.645018532872200012e-02 -8.210524171590805054e-02 3.123616456985473633e+00
-8.231159299612045288e-02 3.566378727555274963e-02 -9.959679841995239258e-01 -3.402624511718750000e+01 -1.376550272107124329e-02 9.992240667343139648e-01 3.691803663969039917e-02 5.241895318031311035e-01 9.965103864669799805e-01 1.674879156053066254e-02 -8.175714313983917236e-02 3.051251173019409180e+00
-8.195092529058456421e-02 3.105420432984828949e-02 -9.961521625518798828e-01 -3.486002349853515625e+01 -1.499028317630290985e-02 9.993634223937988281e-01 3.238752484321594238e-02 5.386698246002197266e-01 9.965223670005798340e-01 1.758678816258907318e-02 -8.143357932567596436e-02 2.980347871780395508e+00
-8.151354640722274780e-02 3.157686442136764526e-02 -9.961714744567871094e-01 -3.569637298583984375e+01 -1.501862425357103348e-02 9.993461370468139648e-01 3.290641307830810547e-02 5.500316619873046875e-01 9.965578317642211914e-01 1.764344796538352966e-02 -8.098634332418441772e-02 2.910610914230346680e+00
-8.074672520160675049e-02 3.441770002245903015e-02 -9.961398839950561523e-01 -3.653343582153320312e+01 -1.407712511718273163e-02 9.992651343345642090e-01 3.566675260663032532e-02 5.579544305801391602e-01 9.966340065002441406e-01 1.690275967121124268e-02 -8.020321279764175415e-02 2.843126535415649414e+00
-8.028195798397064209e-02 3.893235698342323303e-02 -9.960111975669860840e-01 -3.737373352050781250e+01 -1.355743408203125000e-02 9.991022944450378418e-01 4.014595597982406616e-02 5.707773566246032715e-01 9.966788887977600098e-01 1.672635599970817566e-02 -7.968239486217498779e-02 2.775059461593627930e+00
-7.964930683374404907e-02 4.443041980266571045e-02 -9.958319067955017090e-01 -3.821474075317382812e+01 -1.275582145899534225e-02 9.988794326782226562e-01 4.558661580085754395e-02 5.878611207008361816e-01 9.967401623725891113e-01 1.633360981941223145e-02 -7.899365574121475220e-02 2.706973791122436523e+00
-7.980623841285705566e-02 4.835639148950576782e-02 -9.956364035606384277e-01 -3.904916000366210938e+01 -1.285876147449016571e-02 9.986901283264160156e-01 4.953538998961448669e-02 6.055644750595092773e-01 9.967263340950012207e-01 1.675589755177497864e-02 -7.908024638891220093e-02 2.638843536376953125e+00
-7.952875643968582153e-02 4.776541888713836670e-02 -9.956872463226318359e-01 -3.988165283203125000e+01 -1.253988128155469894e-02 9.987249374389648438e-01 4.891273379325866699e-02 6.246494054794311523e-01 9.967525005340576172e-01 1.637578941881656647e-02 -7.882872223854064941e-02 2.572245121002197266e+00
-7.935164123773574829e-02 4.425698518753051758e-02 -9.958633780479431152e-01 -4.071168518066406250e+01 -1.242385990917682648e-02 9.988930225372314453e-01 4.538156092166900635e-02 6.464852094650268555e-01 9.967679977416992188e-01 1.597357913851737976e-02 -7.871430367231369019e-02 2.504794120788574219e+00
-7.897121459245681763e-02 3.959310799837112427e-02 -9.960899949073791504e-01 -4.153837203979492188e+01 -1.315327174961566925e-02 9.990831613540649414e-01 4.075486958026885986e-02 6.640161871910095215e-01 9.967886805534362793e-01 1.632030680775642395e-02 -7.837836444377899170e-02 2.436141967773437500e+00
-7.862330973148345947e-02 3.683575615286827087e-02 -9.962233304977416992e-01 -4.236517333984375000e+01 -1.711450517177581787e-02 9.991204142570495605e-01 3.829356655478477478e-02 6.807218790054321289e-01 9.967560172080993652e-01 2.006062678992748260e-02 -7.792405784130096436e-02 2.363059759140014648e+00
-7.912406325340270996e-02 3.465563431382179260e-02 -9.962618947029113770e-01 -4.319139862060546875e+01 -2.040106989443302155e-02 9.991304278373718262e-01 3.637567162513732910e-02 6.977475285530090332e-01 9.966545701026916504e-01 2.320298366248607635e-02 -7.834858447313308716e-02 2.290192604064941406e+00
-7.976507395505905151e-02 3.312771022319793701e-02 -9.962627291679382324e-01 -4.401516342163085938e+01 -1.910752989351749420e-02 9.992136359214782715e-01 3.475564718246459961e-02 7.092779278755187988e-01 9.966289997100830078e-01 2.180839516222476959e-02 -7.906967401504516602e-02 2.223670959472656250e+00
-8.099460601806640625e-02 2.976202778518199921e-02 -9.962696433067321777e-01 -4.483880233764648438e+01 -1.535851787775754929e-02 9.993986487388610840e-01 3.110411018133163452e-02 7.206977605819702148e-01 9.965947866439819336e-01 1.782048121094703674e-02 -8.048912882804870605e-02 2.160896778106689453e+00
-8.168182522058486938e-02 2.762877009809017181e-02 -9.962751269340515137e-01 -4.566118240356445312e+01 -1.115210540592670441e-02 9.995281696319580078e-01 2.863330952823162079e-02 7.331950664520263672e-01 9.965947866439819336e-01 1.344937738031148911e-02 -8.133551478385925293e-02 2.096608161926269531e+00
-8.331008255481719971e-02 3.088015690445899963e-02 -9.960448145866394043e-01 -4.648331832885742188e+01 -1.024724636226892471e-02 9.994408488273620605e-01 3.184252604842185974e-02 7.434440851211547852e-01 9.964696764945983887e-01 1.285951957106590271e-02 -8.294740319252014160e-02 2.028242826461791992e+00
-8.506575971841812134e-02 3.760111331939697266e-02 -9.956651926040649414e-01 -4.730741119384765625e+01 -8.393781259655952454e-03 9.992256760597229004e-01 3.845269978046417236e-02 7.534135580062866211e-01 9.963386058807373047e-01 1.162841077893972397e-02 -8.468461036682128906e-02 1.959111213684082031e+00
-8.682765811681747437e-02 4.163558036088943481e-02 -9.953525662422180176e-01 -4.812329864501953125e+01 -6.298417691141366959e-03 9.990836977958679199e-01 4.234108328819274902e-02 7.646910548210144043e-01 9.962020516395568848e-01 9.945530444383621216e-03 -8.648618310689926147e-02 1.890482544898986816e+00
-8.855062723159790039e-02 4.048817977309226990e-02 -9.952479600906372070e-01 -4.893311309814453125e+01 -5.319443996995687485e-03 9.991404414176940918e-01 4.111980646848678589e-02 7.767198085784912109e-01 9.960561394691467285e-01 8.935362100601196289e-03 -8.825946599245071411e-02 1.820285081863403320e+00
-8.958817273378372192e-02 3.722221404314041138e-02 -9.952827095985412598e-01 -4.973550033569335938e+01 -9.200322441756725311e-03 9.992281794548034668e-01 3.819790855050086975e-02 7.874181866645812988e-01 9.959349632263183594e-01 1.257900893688201904e-02 -8.917688578367233276e-02 1.740685105323791504e+00
-9.088082611560821533e-02 3.306855261325836182e-02 -9.953120350837707520e-01 -5.053248977661132812e+01 -1.334326621145009995e-02 9.993187189102172852e-01 3.442002087831497192e-02 7.989919185638427734e-01 9.957710504531860352e-01 1.640883274376392365e-02 -9.037800878286361694e-02 1.659355759620666504e+00
-9.202605485916137695e-02 3.137353807687759399e-02 -9.952617287635803223e-01 -5.132867431640625000e+01 -1.768446899950504303e-02 9.992947578430175781e-01 3.313582763075828552e-02 8.126418590545654297e-01 9.955981373786926270e-01 2.065002918243408203e-02 -9.140668064355850220e-02 1.575293779373168945e+00
-9.301257878541946411e-02 3.268321231007575989e-02 -9.951278567314147949e-01 -5.212272644042968750e+01 -1.993856020271778107e-02 9.991999864578247070e-01 3.468054160475730896e-02 8.219482302665710449e-01 9.954639077186584473e-01 2.306712232530117035e-02 -9.228684753179550171e-02 1.493741512298583984e+00
-9.396243840456008911e-02 3.429642692208290100e-02 -9.949843287467956543e-01 -5.291585922241210938e+01 -1.947440207004547119e-02 9.991523623466491699e-01 3.627916052937507629e-02 8.317680954933166504e-01 9.953839182853698730e-01 2.278558537364006042e-02 -9.321523457765579224e-02 1.416796445846557617e+00
-9.489105641841888428e-02 3.383215889334678650e-02 -9.949119687080383301e-01 -5.370191574096679688e+01 -2.126903273165225983e-02 9.991257786750793457e-01 3.600398451089859009e-02 8.419524431228637695e-01 9.952590465545654297e-01 2.457725070416927338e-02 -9.408884495496749878e-02 1.337468147277832031e+00
-9.547585248947143555e-02 3.365712240338325500e-02 -9.948619604110717773e-01 -5.448395538330078125e+01 -2.234159223735332489e-02 9.991044998168945312e-01 3.594471514225006104e-02 8.494913578033447266e-01 9.951795935630798340e-01 2.565863728523254395e-02 -9.463873505592346191e-02 1.258983612060546875e+00
-9.600745141506195068e-02 3.526470810174942017e-02 -9.947552084922790527e-01 -5.526298904418945312e+01 -2.088947966694831848e-02 9.990811347961425781e-01 3.743416070938110352e-02 8.601343631744384766e-01 9.951599240303039551e-01 2.437385916709899902e-02 -9.518290311098098755e-02 1.184691548347473145e+00
-9.631572663784027100e-02 3.786491602659225464e-02 -9.946298003196716309e-01 -5.603803634643554688e+01 -1.966750063002109528e-02 9.990090131759643555e-01 3.993612155318260193e-02 8.696723580360412598e-01 9.951549768447875977e-01 2.340834215283393860e-02 -9.547590464353561401e-02 1.110745191574096680e+00
-9.631848335266113281e-02 4.229139536619186401e-02 -9.944510459899902344e-01 -5.681070327758789062e+01 -2.023668028414249420e-02 9.988074898719787598e-01 4.443667083978652954e-02 8.820221424102783203e-01 9.951431751251220703e-01 2.440444938838481903e-02 -9.534810483455657959e-02 1.032625555992126465e+00
-9.679201990365982056e-02 4.476912319660186768e-02 -9.942966103553771973e-01 -5.757455825805664062e+01 -2.017708308994770050e-02 9.986945390701293945e-01 4.693131148815155029e-02 8.956986665725708008e-01 9.950984716415405273e-01 2.460457012057304382e-02 -9.576267749071121216e-02 9.565275907516479492e-01
-9.751189500093460083e-02 4.461774230003356934e-02 -9.942331314086914062e-01 -5.833035278320312500e+01 -1.973638124763965607e-02 9.987117648124694824e-01 4.675439372658729553e-02 9.106529951095581055e-01 9.950369596481323242e-01 2.418166399002075195e-02 -9.650598466396331787e-02 8.830516338348388672e-01
-9.795406460762023926e-02 4.283838346600532532e-02 -9.942678809165954590e-01 -5.907755279541015625e+01 -1.906694099307060242e-02 9.988092780113220215e-01 4.491247981786727905e-02 9.234540462493896484e-01 9.950066804885864258e-01 2.335699275135993958e-02 -9.702093154191970825e-02 8.099966049194335938e-01
-9.803587198257446289e-02 3.931108489632606506e-02 -9.944055080413818359e-01 -5.981035995483398438e+01 -1.882453076541423798e-02 9.989679455757141113e-01 4.134727641940116882e-02 9.337787032127380371e-01 9.950031042098999023e-01 2.277272380888462067e-02 -9.719496220350265503e-02 7.359573841094970703e-01
-9.799891710281372070e-02 3.666304796934127808e-02 -9.945102930068969727e-01 -6.053654861450195312e+01 -1.904441975057125092e-02 9.990695118904113770e-01 3.870772197842597961e-02 9.432165026664733887e-01 9.950027465820312500e-01 2.273317426443099976e-02 -9.720976650714874268e-02 6.623557806015014648e-01
-9.675555676221847534e-02 3.416077792644500732e-02 -9.947210550308227539e-01 -6.124544525146484375e+01 -1.957874000072479248e-02 9.991525411605834961e-01 3.621731698513031006e-02 9.508000612258911133e-01 9.951140284538269043e-01 2.297960594296455383e-02 -9.600500017404556274e-02 5.919377207756042480e-01
-9.446787834167480469e-02 3.336158767342567444e-02 -9.949681162834167480e-01 -6.194028854370117188e+01 -2.166317217051982880e-02 9.991332888603210449e-01 3.555803745985031128e-02 9.565100073814392090e-01 9.952906370162963867e-01 2.491324394941329956e-02 -9.366354346275329590e-02 5.237501859664916992e-01
-9.065560251474380493e-02 3.447305038571357727e-02 -9.952848553657531738e-01 -6.262018585205078125e+01 -2.266349457204341888e-02 9.990709424018859863e-01 3.666845709085464478e-02 9.607280492782592773e-01 9.956229329109191895e-01 2.588082291185855865e-02 -8.979033678770065308e-02 4.617086052894592285e-01
-8.478836715221405029e-02 3.562921285629272461e-02 -9.957610368728637695e-01 -6.328547286987304688e+01 -2.179696597158908844e-02 9.990555644035339355e-01 3.760304301977157593e-02 9.654737114906311035e-01 9.961590766906738281e-01 2.489286474883556366e-02 -8.393192291259765625e-02 4.088310599327087402e-01
-7.769093662500381470e-02 3.737607970833778381e-02 -9.962759613990783691e-01 -6.393542098999023438e+01 -2.099039405584335327e-02 9.990148544311523438e-01 3.911564126610755920e-02 9.696713089942932129e-01 9.967551231384277344e-01 2.395115047693252563e-02 -7.683013379573822021e-02 3.622861504554748535e-01
-6.908173859119415283e-02 3.878502175211906433e-02 -9.968559741973876953e-01 -6.457044219970703125e+01 -2.201575785875320435e-02 9.989419579505920410e-01 4.039180278778076172e-02 9.742119908332824707e-01 9.973666667938232422e-01 2.473687008023262024e-02 -6.815502792596817017e-02 3.201777935028076172e-01
-5.715119466185569763e-02 4.050176218152046204e-02 -9.975429177284240723e-01 -6.518986511230468750e+01 -2.428575977683067322e-02 9.988253712654113770e-01 4.194515943527221680e-02 9.801815152168273926e-01 9.980686902999877930e-01 2.662330307066440582e-02 -5.610074102878570557e-02 2.859487533569335938e-01
-4.271055385470390320e-02 4.211610183119773865e-02 -9.981987476348876953e-01 -6.579131317138671875e+01 -2.736685797572135925e-02 9.986875653266906738e-01 4.330764338374137878e-02 9.882435202598571777e-01 9.987112283706665039e-01 2.916724793612957001e-02 -4.150222986936569214e-02 2.627575695514678955e-01
-2.429881691932678223e-02 4.346382617950439453e-02 -9.987586736679077148e-01 -6.637558746337890625e+01 -2.907340601086616516e-02 9.986016750335693359e-01 4.416428506374359131e-02 9.966510534286499023e-01 9.992805719375610352e-01 3.011044673621654510e-02 -2.300154604017734528e-02 2.555575072765350342e-01
-2.518550958484411240e-03 4.426214098930358887e-02 -9.990159869194030762e-01 -6.693697357177734375e+01 -3.030186519026756287e-02 9.985584020614624023e-01 4.431821405887603760e-02 1.003710508346557617e+00 9.995363354682922363e-01 3.038365766406059265e-02 -1.174066681414842606e-03 2.646102309226989746e-01
2.288707531988620758e-02 4.500994831323623657e-02 -9.987233877182006836e-01 -6.747666931152343750e+01 -3.012124449014663696e-02 9.985641837120056152e-01 4.431245476007461548e-02 1.009211301803588867e+00 9.992827773094177246e-01 2.906860597431659698e-02 2.420956641435623169e-02 2.941604256629943848e-01
5.165785923600196838e-02 4.439305886626243591e-02 -9.976767301559448242e-01 -6.799044799804687500e+01 -2.852110192179679871e-02 9.986703395843505859e-01 4.296044260263442993e-02 1.013811588287353516e+00 9.982560276985168457e-01 2.623561024665832520e-02 5.285486578941345215e-02 3.455502390861511230e-01
8.536071330308914185e-02 4.448259249329566956e-02 -9.953556656837463379e-01 -6.848207092285156250e+01 -2.750152163207530975e-02 9.987281560897827148e-01 4.227475076913833618e-02 1.016475915908813477e+00 9.959689974784851074e-01 2.376520633697509766e-02 8.647501468658447266e-02 4.164716005325317383e-01
1.227575019001960754e-01 4.458956792950630188e-02 -9.914335012435913086e-01 -6.895404815673828125e+01 -2.686323225498199463e-02 9.987741708755493164e-01 4.159349203109741211e-02 1.019822955131530762e+00 9.920716285705566406e-01 2.152720838785171509e-02 1.238042563199996948e-01 5.048719048500061035e-01
1.629812568426132202e-01 4.426984488964080811e-02 -9.856344461441040039e-01 -6.940369415283203125e+01 -2.671631984412670135e-02 9.988252520561218262e-01 4.044453427195549011e-02 1.021541714668273926e+00 9.862660169601440430e-01 1.974084042012691498e-02 1.639719903469085693e-01 6.110788583755493164e-01
2.077988982200622559e-01 4.518368840217590332e-02 -9.771264791488647461e-01 -6.984838867187500000e+01 -2.578528784215450287e-02 9.988391399383544922e-01 4.070408642292022705e-02 1.023926734924316406e+00 9.778304100036621094e-01 1.673724502325057983e-02 2.087221443653106689e-01 7.419557571411132812e-01
2.555492222309112549e-01 4.418567940592765808e-02 -9.657846093177795410e-01 -7.027040100097656250e+01 -2.323951572179794312e-02 9.989478588104248047e-01 3.955363482236862183e-02 1.024335622787475586e+00 9.665153622627258301e-01 1.233649067580699921e-02 2.563065588474273682e-01 8.955649137496948242e-01
3.052821457386016846e-01 3.940288349986076355e-02 -9.514450430870056152e-01 -7.068163299560546875e+01 -1.572097837924957275e-02 9.992167353630065918e-01 3.633695468306541443e-02 1.023886561393737793e+00 9.521310329437255859e-01 3.864657366648316383e-03 3.056617975234985352e-01 1.080732703208923340e+00
3.561289012432098389e-01 3.412235528230667114e-02 -9.338123202323913574e-01 -7.106853485107421875e+01 -1.009255088865756989e-02 9.994161128997802734e-01 3.267050161957740784e-02 1.025886416435241699e+00 9.343810677528381348e-01 -2.210319507867097855e-03 3.562644720077514648e-01 1.285734057426452637e+00
4.079743921756744385e-01 2.889902889728546143e-02 -9.125345349311828613e-01 -7.145137023925781250e+01 -4.496175795793533325e-03 9.995512962341308594e-01 2.964454703032970428e-02 1.032360672950744629e+00 9.129810929298400879e-01 -7.991250604391098022e-03 4.079204201698303223e-01 1.513548374176025391e+00
