9.999995827674865723e-01 -9.035185212269425392e-04 -2.101170684909448028e-04 1.289127743802964687e-03 9.037964046001434326e-04 9.999986886978149414e-01 1.325645600445568562e-03 -1.821615919470787048e-02 2.089191257255151868e-04 -1.325834309682250023e-03 9.999991059303283691e-01 1.310642957687377930e+00
9.999985694885253906e-01 -1.646346994675695896e-03 -5.538206896744668484e-04 4.448320250958204269e-04 1.647375058382749557e-03 9.999969005584716797e-01 1.859718817286193371e-03 -4.203318059444427490e-02 5.507571622729301453e-04 -1.860627322457730770e-03 9.999980330467224121e-01 2.625298738479614258e+00
9.999940395355224609e-01 -3.413454396650195122e-03 -7.312198868021368980e-04 2.037580590695142746e-03 3.413846949115395546e-03 9.999939203262329102e-01 5.361918592825531960e-04 -6.302800774574279785e-02 7.293852395378053188e-04 -5.386845441535115242e-04 9.999995231628417969e-01 3.941729545593261719e+00
9.999933242797851562e-01 -3.635348519310355186e-03 -6.434005335904657841e-04 2.777891699224710464e-03 3.635871922597289085e-03 9.999929666519165039e-01 8.141187136061489582e-04 -8.483759313821792603e-02 6.404364248737692833e-04 -8.164520841091871262e-04 9.999995827674865723e-01 5.261016368865966797e+00
9.999921917915344238e-01 -3.925219178199768066e-03 -5.162242450751364231e-04 4.157927352935075760e-03 3.926062025129795074e-03 9.999908804893493652e-01 1.640786998905241489e-03 -1.014677882194519043e-01 5.097790271975100040e-04 -1.642800634726881981e-03 9.999986290931701660e-01 6.581637859344482422e+00
9.999849200248718262e-01 -5.504052620381116867e-03 -4.169864405412226915e-04 7.571022026240825653e-03 5.505158100277185440e-03 9.999811649322509766e-01 2.694454044103622437e-03 -1.165873929858207703e-01 4.021481145173311234e-04 -2.696707611903548241e-03 9.999964237213134766e-01 7.908774375915527344e+00
9.999865889549255371e-01 -5.184553097933530807e-03 -5.975598469376564026e-04 8.323818445205688477e-03 5.186662543565034866e-03 9.999799728393554688e-01 3.583037760108709335e-03 -1.328034996986389160e-01 5.789714632555842400e-04 -3.586087841540575027e-03 9.999936223030090332e-01 9.238962173461914062e+00
9.999890327453613281e-01 -4.630871117115020752e-03 -8.604708127677440643e-04 7.728337775915861130e-03 4.632472060620784760e-03 9.999873042106628418e-01 1.867104903794825077e-03 -1.497648805379867554e-01 8.518139366060495377e-04 -1.871070242486894131e-03 9.999982118606567383e-01 1.056962966918945312e+01
9.999977946281433105e-01 -1.900807954370975494e-03 -9.601048077456653118e-04 6.780917756259441376e-03 1.900055562146008015e-03 9.999976754188537598e-01 -7.842213963158428669e-04 -1.634546816349029541e-01 9.615937015041708946e-04 7.823971100151538849e-04 9.999995231628417969e-01 1.190425872802734375e+01
9.999988079071044922e-01 1.543587539345026016e-03 -6.218671915121376514e-04 3.419394837692379951e-03 -1.544657628983259201e-03 9.999971389770507812e-01 -1.724972156807780266e-03 -1.767479777336120605e-01 6.192032014951109886e-04 1.725931884720921516e-03 9.999986290931701660e-01 1.324207973480224609e+01
9.999922513961791992e-01 3.962554503232240677e-03 -5.304798251017928123e-04 -1.862184144556522369e-03 -3.963386639952659607e-03 9.999907612800598145e-01 -1.579138333909213543e-03 -1.959201693534851074e-01 5.242178449407219887e-04 1.581230084411799908e-03 9.999990463256835938e-01 1.458047866821289062e+01
9.999867081642150879e-01 5.189813673496246338e-03 -3.869435167871415615e-04 -5.851758178323507309e-03 -5.190148483961820602e-03 9.999859929084777832e-01 -8.728849934414029121e-04 -2.177601754665374756e-01 3.824082959908992052e-04 8.748834952712059021e-04 1.000000000000000000e+00 1.593066024780273438e+01
9.999957084655761719e-01 2.993090311065316200e-03 2.876753569580614567e-05 -4.267718177288770676e-03 -2.993135713040828705e-03 9.999938607215881348e-01 1.769063295796513557e-03 -2.364139705896377563e-01 -2.347229929000604898e-05 -1.769141294062137604e-03 9.999988079071044922e-01 1.728222274780273438e+01
9.999998211860656738e-01 -8.993864757940173149e-04 2.524903975427150726e-04 4.827869124710559845e-04 8.983702864497900009e-04 9.999915361404418945e-01 3.998215775936841965e-03 -2.537474334239959717e-01 -2.560841385275125504e-04 -3.997987136244773865e-03 9.999923706054687500e-01 1.863468933105468750e+01
9.999936819076538086e-01 -3.638642374426126480e-03 -3.959221066907048225e-05 5.006085615605115891e-03 3.638709196820855141e-03 9.999917149543762207e-01 1.831392059102654457e-03 -2.699100375175476074e-01 3.292823748779483140e-05 -1.831522793509066105e-03 9.999986290931701660e-01 1.998670005798339844e+01
9.999873042106628418e-01 -5.119264125823974609e-03 -2.320357452845200896e-04 4.134685266762971878e-03 5.119135603308677673e-03 9.999867081642150879e-01 -5.539278499782085419e-04 -2.931091487407684326e-01 2.348685084143653512e-04 5.527345347218215466e-04 1.000000119209289551e+00 2.134127044677734375e+01
9.999963045120239258e-01 -2.848775591701269150e-03 4.262616275809705257e-04 -7.654777728021144867e-04 2.849651733413338661e-03 9.999938607215881348e-01 -2.066801767796278000e-03 -3.222296833992004395e-01 -4.203709249850362539e-04 2.068009460344910622e-03 9.999980926513671875e-01 2.270575141906738281e+01
9.999997615814208984e-01 1.424852380296215415e-04 1.245425548404455185e-03 -7.369330152869224548e-03 -1.415300794178619981e-04 9.999997615814208984e-01 -7.660723640583455563e-04 -3.468118607997894287e-01 -1.245534513145685196e-03 7.658976246602833271e-04 9.999992251396179199e-01 2.407210350036621094e+01
9.999976754188537598e-01 1.440634718164801598e-03 1.942059025168418884e-03 -9.719273075461387634e-03 -1.451154937967658043e-03 9.999843239784240723e-01 5.427245516330003738e-03 -3.687423765659332275e-01 -1.934208674356341362e-03 -5.430045071989297867e-03 9.999836683273315430e-01 2.544868469238281250e+01
9.999973177909851074e-01 -1.050891703926026821e-03 2.369239460676908493e-03 -5.061190575361251831e-03 1.037931302562355995e-03 9.999847412109375000e-01 5.465291906148195267e-03 -3.871397972106933594e-01 -2.374946139752864838e-03 -5.462811794131994247e-03 9.999826550483703613e-01 2.682030296325683594e+01
9.999847412109375000e-01 -5.339010618627071381e-03 1.951316138729453087e-03 1.962264534085988998e-03 5.331393796950578690e-03 9.999783635139465332e-01 3.887908766046166420e-03 -4.099384248256683350e-01 -1.972031313925981522e-03 -3.877439303323626518e-03 9.999908804893493652e-01 2.819472312927246094e+01
9.999811649322509766e-01 -5.933232605457305908e-03 1.984893111512064934e-03 5.281586199998855591e-03 5.930625367909669876e-03 9.999816417694091797e-01 1.317194546572864056e-03 -4.328975677490234375e-01 -1.992672216147184372e-03 -1.305393991060554981e-03 9.999976754188537598e-01 2.957012557983398438e+01
9.999788999557495117e-01 -6.177292671054601669e-03 2.396697178483009338e-03 7.939016446471214294e-03 6.179644726216793060e-03 9.999805092811584473e-01 -9.754587081260979176e-04 -4.591177701950073242e-01 -2.390624489635229111e-03 9.902521269395947456e-04 9.999971985816955566e-01 3.094984817504882812e+01
9.999917149543762207e-01 -2.864263718947768211e-03 3.173276549205183983e-03 6.827063858509063721e-03 2.868673764169216156e-03 9.999949336051940918e-01 -1.385711715556681156e-03 -4.850132465362548828e-01 -3.169292118400335312e-03 1.394806429743766785e-03 9.999943971633911133e-01 3.233531951904296875e+01
9.999926090240478516e-01 -1.916604000143706799e-03 3.569833701476454735e-03 8.305157534778118134e-03 1.929099671542644501e-03 9.999920725822448730e-01 -3.499496029689908028e-03 -5.122366547584533691e-01 -3.563098376616835594e-03 3.506358712911605835e-03 9.999879598617553711e-01 3.371780776977539062e+01
9.999942183494567871e-01 -1.021448057144880295e-03 3.498428268358111382e-03 1.017338410019874573e-02 1.035313471220433712e-03 9.999916553497314453e-01 -3.963090479373931885e-03 -5.431158542633056641e-01 -3.494352102279663086e-03 3.966691903769969940e-03 9.999863505363464355e-01 3.511083602905273438e+01
9.999945759773254395e-01 -9.562954073771834373e-04 3.408963093534111977e-03 1.211938075721263885e-02 9.619590127840638161e-04 9.999981522560119629e-01 -1.659240457229316235e-03 -5.746231675148010254e-01 -3.407370997592806816e-03 1.662513823248445988e-03 9.999930262565612793e-01 3.650789642333984375e+01
9.999963641166687012e-01 -1.889547856990247965e-04 2.986144507303833961e-03 1.511475630104541779e-02 1.891396677820011973e-04 1.000000119209289551e+00 -6.045164263923652470e-05 -5.999004840850830078e-01 -2.986134029924869537e-03 6.102119732531718910e-05 9.999957680702209473e-01 3.790589523315429688e+01
9.999933838844299316e-01 2.514540217816829681e-03 2.962671453133225441e-03 1.696848869323730469e-02 -2.513423794880509377e-03 9.999969005584716797e-01 -3.789483453147113323e-04 -6.238524913787841797e-01 -2.963615581393241882e-03 3.715041384566575289e-04 9.999957680702209473e-01 3.930155944824218750e+01
9.999833106994628906e-01 5.051557905972003937e-03 3.101410577073693275e-03 1.942946948111057281e-02 -5.049834027886390686e-03 9.999872446060180664e-01 -5.613013054244220257e-04 -6.437119245529174805e-01 -3.104206873103976250e-03 5.456348881125450134e-04 9.999952912330627441e-01 4.070436859130859375e+01
9.999701380729675293e-01 7.203661371022462845e-03 3.111047670245170593e-03 1.916341483592987061e-02 -7.203530054539442062e-03 9.999741911888122559e-01 -5.033430352341383696e-05 -6.707244515419006348e-01 -3.111329860985279083e-03 2.792729901557322592e-05 9.999953508377075195e-01 4.211100006103515625e+01
9.999624490737915039e-01 8.308321237564086914e-03 2.843621186912059784e-03 2.134428173303604126e-02 -8.308995515108108521e-03 9.999656081199645996e-01 2.285407099407166243e-04 -6.941318511962890625e-01 -2.841625362634658813e-03 -2.521542774047702551e-04 9.999959468841552734e-01 4.351857757568359375e+01
9.999715685844421387e-01 7.259725593030452728e-03 2.412259113043546677e-03 2.622362039983272552e-02 -7.259295322000980377e-03 9.999737739562988281e-01 -1.830521796364337206e-04 -7.178579568862915039e-01 -2.413525246083736420e-03 1.655405940255150199e-04 9.999971389770507812e-01 4.492820739746093750e+01
9.999787807464599609e-01 6.426247302442789078e-03 1.720932079479098320e-03 3.086034022271633148e-02 -6.424855440855026245e-03 9.999791383743286133e-01 -8.074711076915264130e-04 -7.390248775482177734e-01 -1.726086251437664032e-03 7.964014657773077488e-04 9.999983310699462891e-01 4.634126281738281250e+01
9.999837875366210938e-01 5.800177343189716339e-03 7.616172661073505878e-04 3.408029302954673767e-02 -5.800119601190090179e-03 9.999833106994628906e-01 -6.597967876587063074e-05 -7.610314488410949707e-01 -7.619897369295358658e-04 6.156620656838640571e-05 9.999998807907104492e-01 4.775703430175781250e+01
9.999828934669494629e-01 6.010573823004961014e-03 -2.411980676697567105e-04 3.359218686819076538e-02 -6.010371726006269455e-03 9.999817013740539551e-01 7.926542311906814575e-04 -7.839855551719665527e-01 2.459546085447072983e-04 -7.911850116215646267e-04 9.999999403953552246e-01 4.917962646484375000e+01
9.999781250953674316e-01 6.648919545114040375e-03 -1.303820987232029438e-03 3.175529465079307556e-02 -6.647536531090736389e-03 9.999773502349853516e-01 1.052802079357206821e-03 -8.056349158287048340e-01 1.310787396505475044e-03 -1.044105738401412964e-03 9.999988675117492676e-01 5.060218048095703125e+01
9.999758601188659668e-01 6.638260092586278915e-03 -2.479485236108303070e-03 2.895792201161384583e-02 -6.636597681790590286e-03 9.999778270721435547e-01 6.739985547028481960e-04 -8.265407681465148926e-01 2.483899472281336784e-03 -6.575210136361420155e-04 9.999969601631164551e-01 5.202830123901367188e+01
9.999709725379943848e-01 6.882785353809595108e-03 -3.588307183235883713e-03 2.536972984671592712e-02 -6.875794380903244019e-03 9.999745488166809082e-01 1.954125007614493370e-03 -8.453834652900695801e-01 3.601659322157502174e-03 -1.929389080032706261e-03 9.999919533729553223e-01 5.345715332031250000e+01
9.999765157699584961e-01 5.497099831700325012e-03 -4.387413151562213898e-03 2.082932367920875549e-02 -5.484302528202533722e-03 9.999808669090270996e-01 2.921096980571746826e-03 -8.668316006660461426e-01 4.403379280120134354e-03 -2.896958496421575546e-03 9.999862909317016602e-01 5.488463592529296875e+01
9.999805688858032227e-01 4.003121517598628998e-03 -5.028585903346538544e-03 1.680860668420791626e-02 -3.988900221884250641e-03 9.999881386756896973e-01 2.833040431141853333e-03 -8.868800997734069824e-01 5.039859563112258911e-03 -2.812918508425354958e-03 9.999835491180419922e-01 5.631660079956054688e+01
9.999836683273315430e-01 1.719380379654467106e-03 -5.654452368617057800e-03 1.322900597006082535e-02 -1.705841743387281895e-03 9.999957680702209473e-01 2.396850148215889931e-03 -9.072442650794982910e-01 5.658540409058332443e-03 -2.387158572673797607e-03 9.999814033508300781e-01 5.774549865722656250e+01
9.999846816062927246e-01 3.749414463527500629e-04 -5.730778910219669342e-03 1.007524691522121429e-02 -3.586961247492581606e-04 9.999961256980895996e-01 2.834408078342676163e-03 -9.249469041824340820e-01 5.731809418648481369e-03 -2.832300495356321335e-03 9.999797940254211426e-01 5.917364883422851562e+01
9.999868273735046387e-01 -8.364903042092919350e-04 -5.300798919051885605e-03 6.524128373712301254e-03 8.549072081223130226e-04 9.999939203262329102e-01 3.472044598311185837e-03 -9.446035623550415039e-01 5.297852680087089539e-03 -3.476521000266075134e-03 9.999800920486450195e-01 6.060318374633789062e+01
9.999874234199523926e-01 -1.858792151324450970e-03 -4.917940124869346619e-03 2.764090662822127342e-03 1.878977287560701370e-03 9.999901056289672852e-01 4.102188162505626678e-03 -9.647484421730041504e-01 4.910258110612630844e-03 -4.111368209123611450e-03 9.999797344207763672e-01 6.202795791625976562e+01
9.999839663505554199e-01 -3.792552743107080460e-03 -4.488799255341291428e-03 -1.308360369876027107e-03 3.809038782492280006e-03 9.999862313270568848e-01 3.669131081551313400e-03 -9.878101348876953125e-01 4.474813584238290787e-03 -3.686162643134593964e-03 9.999834895133972168e-01 6.345198822021484375e+01
9.999792575836181641e-01 -5.296200979501008987e-03 -4.008206538856029510e-03 -2.873717574402689934e-03 5.307531915605068207e-03 9.999820590019226074e-01 2.820930210873484612e-03 -1.008175134658813477e+00 3.993187565356492996e-03 -2.842137590050697327e-03 9.999883174896240234e-01 6.487187957763671875e+01
9.999819397926330566e-01 -5.220469087362289429e-03 -3.359602298587560654e-03 -5.954078398644924164e-03 5.228052381426095963e-03 9.999839067459106445e-01 2.251725178211927414e-03 -1.029700160026550293e+00 3.347778925672173500e-03 -2.275060862302780151e-03 9.999920725822448730e-01 6.628941345214843750e+01
9.999919533729553223e-01 -3.482465399429202080e-03 -2.553141210228204727e-03 -1.002047210931777954e-02 3.488384885713458061e-03 9.999912977218627930e-01 2.316105877980589867e-03 -1.050202965736389160e+00 2.545041730627417564e-03 -2.332409610971808434e-03 9.999943971633911133e-01 6.770310974121093750e+01
9.999989271163940430e-01 -6.481359596364200115e-04 -2.068777801468968391e-03 -1.936458423733711243e-02 6.556920707225799561e-04 9.999932050704956055e-01 3.650431055575609207e-03 -1.076074957847595215e+00 2.066408051177859306e-03 -3.655216190963983536e-03 9.999915361404418945e-01 6.911592864990234375e+01
9.999958276748657227e-01 3.012869739904999733e-03 -1.287975697778165340e-03 -2.702293172478675842e-02 -3.006435465067625046e-03 9.999833106994628906e-01 4.960907157510519028e-03 -1.097831130027770996e+00 1.302929362282156944e-03 -4.961775150150060654e-03 9.999872446060180664e-01 7.052999877929687500e+01
9.999790191650390625e-01 6.659942679107189178e-03 -5.287448875606060028e-04 -3.513461723923683167e-02 -6.656913552433252335e-03 9.999626874923706055e-01 5.510826129466295242e-03 -1.118231177330017090e+00 5.655124550685286522e-04 -5.518381483852863312e-03 9.999850988388061523e-01 7.193977355957031250e+01
9.999390840530395508e-01 1.115148607641458511e-02 1.358805311610922217e-04 -4.214671254158020020e-02 -1.115201320499181747e-02 9.999247789382934570e-01 5.112815182656049728e-03 -1.135987162590026855e+00 -7.871689740568399429e-05 -5.123255308717489243e-03 9.999872446060180664e-01 7.333985137939453125e+01
9.998999834060668945e-01 1.421693153679370880e-02 8.503222488798201084e-04 -4.677610844373703003e-02 -1.422069407999515533e-02 9.998881816864013672e-01 4.621053114533424377e-03 -1.153311252593994141e+00 -7.843886269256472588e-04 -4.640367813408374786e-03 9.999894499778747559e-01 7.474244689941406250e+01
9.998662471771240234e-01 1.636600680649280548e-02 1.544957165606319904e-03 -5.327700823545455933e-02 -1.637255400419235229e-02 9.998564720153808594e-01 4.344503860920667648e-03 -1.177226066589355469e+00 -1.473446260206401348e-03 -4.379505291581153870e-03 9.999899864196777344e-01 7.614450073242187500e+01
9.998611807823181152e-01 1.663768664002418518e-02 1.883620629087090492e-03 -5.458535254001617432e-02 -1.664594374597072601e-02 9.998514056205749512e-01 4.472347907721996307e-03 -1.197942018508911133e+00 -1.808644621632993221e-03 -4.515827633440494537e-03 9.999887943267822266e-01 7.754077911376953125e+01
9.998806118965148926e-01 1.540194638073444366e-02 2.040509833022952080e-03 -5.287349596619606018e-02 -1.541124470531940460e-02 9.998705387115478516e-01 4.635587800294160843e-03 -1.218035101890563965e+00 -1.968669705092906952e-03 -4.674337338656187057e-03 9.999879002571105957e-01 7.893495178222656250e+01
9.998980760574340820e-01 1.423632539808750153e-02 1.959368819370865822e-03 -4.954276606440544128e-02 -1.424344442784786224e-02 9.998917579650878906e-01 3.684605937451124191e-03 -1.236655116081237793e+00 -1.906464109197258949e-03 -3.721424145624041557e-03 9.999920725822448730e-01 8.032544708251953125e+01
9.999089837074279785e-01 1.348989456892013550e-02 1.677214284427464008e-03 -4.883238300681114197e-02 -1.349577307701110840e-02 9.999026060104370117e-01 3.560727927833795547e-03 -1.258287072181701660e+00 -1.628702739253640175e-03 -3.595114219933748245e-03 9.999930262565612793e-01 8.171095275878906250e+01
9.999088048934936523e-01 1.353418547660112381e-02 1.448461902327835560e-03 -4.838835075497627258e-02 -1.353962346911430359e-02 9.999010562896728516e-01 3.833193797618150711e-03 -1.278676152229309082e+00 -1.396012492477893829e-03 -3.871262073516845703e-03 9.999921917915344238e-01 8.309720611572265625e+01
9.999154210090637207e-01 1.308012474328279495e-02 9.085326455533504486e-04 -5.269102752208709717e-02 -1.308304443955421448e-02 9.999089241027832031e-01 3.317813621833920479e-03 -1.300030946731567383e+00 -8.646689238958060741e-04 -3.349681152030825615e-03 9.999946355819702148e-01 8.448365783691406250e+01
9.999111294746398926e-01 1.343480497598648071e-02 1.870444975793361664e-04 -6.072036176919937134e-02 -1.343538425862789154e-02 9.999028444290161133e-01 3.681204281747341156e-03 -1.320245027542114258e+00 -1.371753751300275326e-04 -3.706283867359161377e-03 9.999938011169433594e-01 8.586560821533203125e+01
9.999160170555114746e-01 1.305411476641893387e-02 -7.454534061253070831e-04 -7.518076896667480469e-02 -1.305068470537662506e-02 9.999050498008728027e-01 4.397270735353231430e-03 -1.343695163726806641e+00 8.031775942072272301e-04 -4.412021022289991379e-03 9.999906420707702637e-01 8.725014495849609375e+01
9.999400377273559570e-01 1.093066297471523285e-02 -1.877980772405862808e-03 -8.437656611204147339e-02 -1.092023402452468872e-02 9.999253749847412109e-01 5.458592437207698822e-03 -1.362982153892517090e+00 1.937853056006133556e-03 -5.461678840219974518e-03 9.999837875366210938e-01 8.862908172607421875e+01
9.999581575393676758e-01 8.790750987827777863e-03 -3.086654935032129288e-03 -9.813267737627029419e-02 -8.771537803113460541e-03 9.999424815177917480e-01 6.176186725497245789e-03 -1.382640004158020020e+00 3.141057211905717850e-03 -6.168555468320846558e-03 9.999768137931823730e-01 9.000633239746093750e+01
9.999715685844421387e-01 6.803275551646947861e-03 -3.711645957082509995e-03 -1.110479012131690979e-01 -6.779625546187162399e-03 9.999570250511169434e-01 6.342127453535795212e-03 -1.399780869483947754e+00 3.754859557375311852e-03 -6.330995820462703705e-03 9.999735355377197266e-01 9.137522125244140625e+01
9.999777078628540039e-01 5.509765353053808212e-03 -4.188789986073970795e-03 -1.283355355262756348e-01 -5.485982168465852737e-03 9.999690651893615723e-01 5.663661286234855652e-03 -1.418058753013610840e+00 4.220037255436182022e-03 -5.649019498378038406e-03 9.999757409095764160e-01 9.274125671386718750e+01
9.999825954437255859e-01 4.282228648662567139e-03 -4.468502942472696304e-03 -1.454607695341110229e-01 -4.259211476892232895e-03 9.999779462814331055e-01 5.143992137163877487e-03 -1.435963749885559082e+00 4.490605089813470840e-03 -5.132524762302637100e-03 9.999773502349853516e-01 9.410337066650390625e+01
9.999788999557495117e-01 4.941468127071857452e-03 -4.604778718203306198e-03 -1.697052717208862305e-01 -4.919514525681734085e-03 9.999767541885375977e-01 4.762665834277868271e-03 -1.456189751625061035e+00 4.628380760550498962e-03 -4.743931815028190613e-03 9.999787211418151855e-01 9.546073150634765625e+01
9.999804496765136719e-01 4.738586489111185074e-03 -4.487420897930860519e-03 -1.913414001464843750e-01 -4.720312077552080154e-03 9.999806880950927734e-01 4.070438910275697708e-03 -1.476212620735168457e+00 4.506781231611967087e-03 -4.051353316754102707e-03 9.999822974205017090e-01 9.681377410888671875e+01
9.999777674674987793e-01 5.462043918669223785e-03 -4.246270284056663513e-03 -2.120319157838821411e-01 -5.447625182569026947e-03 9.999795556068420410e-01 3.395397681742906570e-03 -1.496477484703063965e+00 4.264919087290763855e-03 -3.378799417987465858e-03 9.999858140945434570e-01 9.816539764404296875e+01
9.999692440032958984e-01 7.060855627059936523e-03 -3.876958508044481277e-03 -2.344061732292175293e-01 -7.047177758067846298e-03 9.999690055847167969e-01 3.524912521243095398e-03 -1.517682552337646484e+00 3.901945427060127258e-03 -3.506812732666730881e-03 9.999867677688598633e-01 9.951506805419921875e+01
9.999668002128601074e-01 7.529277354478836060e-03 -3.627216210588812828e-03 -2.485721260309219360e-01 -7.511440198868513107e-03 9.999600648880004883e-01 4.900145344436168671e-03 -1.534998297691345215e+00 3.664155723527073860e-03 -4.878335166722536087e-03 9.999818205833435059e-01 1.008602142333984375e+02
9.999566674232482910e-01 8.833830244839191437e-03 -3.458307124674320221e-03 -2.694027423858642578e-01 -8.811337873339653015e-03 9.999406337738037109e-01 6.459625437855720520e-03 -1.556017398834228516e+00 3.515353659167885780e-03 -6.429830566048622131e-03 9.999735355377197266e-01 1.022053146362304688e+02
9.999614357948303223e-01 8.302272297441959381e-03 -3.413298167288303375e-03 -2.867608368396759033e-01 -8.284609764814376831e-03 9.999527335166931152e-01 5.149960517883300781e-03 -1.575246453285217285e+00 3.456088947132229805e-03 -5.124096293002367020e-03 9.999813437461853027e-01 1.035458297729492188e+02
9.999628067016601562e-01 8.173890411853790283e-03 -3.338214242830872536e-03 -3.053264021873474121e-01 -8.165517821907997131e-03 9.999640583992004395e-01 2.507096854969859123e-03 -1.596045374870300293e+00 3.358786925673484802e-03 -2.478210721164941788e-03 9.999916553497314453e-01 1.048844146728515625e+02
9.999668598175048828e-01 7.633292581886053085e-03 -3.387365490198135376e-03 -3.153963088989257812e-01 -7.628799416124820709e-03 9.999705553054809570e-01 1.330447499640285969e-03 -1.613298296928405762e+00 3.397637512534856796e-03 -1.298817223869264126e-03 9.999937415122985840e-01 1.062207183837890625e+02
9.999812841415405273e-01 5.504942499101161957e-03 -3.239057026803493500e-03 -3.343093991279602051e-01 -5.496395751833915710e-03 9.999819993972778320e-01 2.634820062667131424e-03 -1.638431429862976074e+00 3.253725357353687286e-03 -2.609789837151765823e-03 9.999917149543762207e-01 1.075652236938476562e+02
9.999933242797851562e-01 3.142115427181124687e-03 -2.625891240313649178e-03 -3.508139252662658691e-01 -3.129611024633049965e-03 9.999843835830688477e-01 4.744786769151687622e-03 -1.661274671554565430e+00 2.640999155119061470e-03 -4.734025336802005768e-03 9.999858140945434570e-01 1.089063415527343750e+02
9.999990463256835938e-01 1.561472425237298012e-03 -1.709525589831173420e-03 -3.737769722938537598e-01 -1.552190049551427364e-03 9.999846816062927246e-01 5.406525917351245880e-03 -1.686738491058349609e+00 1.718184212222695351e-03 -5.400601774454116821e-03 9.999844431877136230e-01 1.102445449829101562e+02
1.000001192092895508e+00 6.761708646081387997e-04 -1.000193413347005844e-03 -3.943158388137817383e-01 -6.721864920109510422e-04 9.999924302101135254e-01 3.960471134632825851e-03 -1.710101485252380371e+00 1.003117999061942101e-03 -3.958056680858135223e-03 9.999921917915344238e-01 1.115765609741210938e+02
9.999984502792358398e-01 2.581209642812609673e-03 -3.337582456879317760e-04 -4.137138724327087402e-01 -2.580666681751608849e-03 9.999958276748657227e-01 1.556833274662494659e-03 -1.733996748924255371e+00 3.380388079676777124e-04 -1.559289521537721157e-03 9.999991655349731445e-01 1.129049758911132812e+02
9.999914169311523438e-01 4.532683175057172775e-03 7.482805522158741951e-04 -4.219692945480346680e-01 -4.532177932560443878e-03 9.999899268150329590e-01 -6.455745897255837917e-04 -1.753985762596130371e+00 -7.509582792408764362e-04 6.457537529058754444e-04 1.000000000000000000e+00 1.142285614013671875e+02
9.999708533287048340e-01 7.570215500891208649e-03 2.161282813176512718e-03 -4.295908808708190918e-01 -7.568313274532556534e-03 9.999714493751525879e-01 -8.754174341447651386e-04 -1.775004029273986816e+00 -2.167659811675548553e-03 8.685396751388907433e-04 9.999978542327880859e-01 1.155600585937500000e+02
9.999549984931945801e-01 8.996745571494102478e-03 3.596948692575097084e-03 -4.334789514541625977e-01 -9.001416154205799103e-03 9.999590516090393066e-01 1.292099943384528160e-03 -1.794229865074157715e+00 -3.585025668144226074e-03 -1.306857797317206860e-03 9.999933242797851562e-01 1.168929443359375000e+02
9.999499320983886719e-01 9.079909883439540863e-03 4.667318891733884811e-03 -4.334162175655364990e-01 -9.097311645746231079e-03 9.999521374702453613e-01 3.727158298715949059e-03 -1.811794042587280273e+00 -4.633068107068538666e-03 -3.755229990929365158e-03 9.999827742576599121e-01 1.182273559570312500e+02
9.999545812606811523e-01 8.077899925410747528e-03 5.449548363685607910e-03 -4.306148290634155273e-01 -8.102024905383586884e-03 9.999579191207885742e-01 4.424715880304574966e-03 -1.825847268104553223e+00 -5.413347855210304260e-03 -4.450056701898574829e-03 9.999759793281555176e-01 1.195612564086914062e+02
9.999443292617797852e-01 8.587184362113475800e-03 6.468949839472770691e-03 -4.334157705307006836e-01 -8.611011318862438202e-03 9.999566674232482910e-01 3.668981138616800308e-03 -1.846322298049926758e+00 -6.436943542212247849e-03 -3.705123439431190491e-03 9.999730587005615234e-01 1.209044570922851562e+02
9.999188184738159180e-01 1.035033538937568665e-02 7.709261029958724976e-03 -4.472944140434265137e-01 -1.037510298192501068e-02 9.999415278434753418e-01 3.183681052178144455e-03 -1.880929231643676758e+00 -7.675654720515012741e-03 -3.248617751523852348e-03 9.999657869338989258e-01 1.222683486938476562e+02
9.998863339424133301e-01 1.238026935607194901e-02 8.849735371768474579e-03 -4.560756385326385498e-01 -1.240542251616716385e-02 9.999194741249084473e-01 2.797300694510340691e-03 -1.910030484199523926e+00 -8.814214728772640228e-03 -2.889039460569620132e-03 9.999574422836303711e-01 1.236241455078125000e+02
9.998663067817687988e-01 1.313731167465448380e-02 9.963138028979301453e-03 -4.622562825679779053e-01 -1.315501518547534943e-02 9.999123811721801758e-01 1.716444035992026329e-03 -1.940325498580932617e+00 -9.939539246261119843e-03 -1.832040143199265003e-03 9.999493956565856934e-01 1.249834442138671875e+02
9.998398423194885254e-01 1.423204224556684494e-02 1.105096004903316498e-02 -4.641343355178833008e-01 -1.424546353518962860e-02 9.998981952667236328e-01 1.139845931902527809e-03 -1.966295480728149414e+00 -1.103342790156602859e-02 -1.285991282202303410e-03 9.999388456344604492e-01 1.263370361328125000e+02
9.998409748077392578e-01 1.339484192430973053e-02 1.195756159722805023e-02 -4.708509743213653564e-01 -1.340613327920436859e-02 9.999099969863891602e-01 8.676740108057856560e-04 -2.006026268005371094e+00 -1.194464694708585739e-02 -1.019185525365173817e-03 9.999285936355590820e-01 1.276924285888671875e+02
9.998382925987243652e-01 1.286457944661378860e-02 1.272997353225946426e-02 -4.718108177185058594e-01 -1.288657356053590775e-02 9.999158382415771484e-01 1.649654004722833633e-03 -2.038343429565429688e+00 -1.270742993801832199e-02 -1.806188607588410378e-03 9.999182224273681641e-01 1.290495452880859375e+02
9.998391270637512207e-01 1.188960671424865723e-02 1.357742492109537125e-02 -4.742814004421234131e-01 -1.193360425531864166e-02 9.999240636825561523e-01 3.166745416820049286e-03 -2.073189258575439453e+00 -1.353846210986375809e-02 -3.321613185107707977e-03 9.999034404754638672e-01 1.304069366455078125e+02
9.998461604118347168e-01 1.089172530919313431e-02 1.389625575393438339e-02 -4.701269567012786865e-01 -1.093765441328287125e-02 9.999352097511291504e-01 3.235385520383715630e-03 -2.099488973617553711e+00 -1.385983731597661972e-02 -3.378870896995067596e-03 9.998989105224609375e-01 1.317556304931640625e+02
9.998669624328613281e-01 8.812565356492996216e-03 1.387259736657142639e-02 -4.656952917575836182e-01 -8.863626047968864441e-03 9.999544620513916016e-01 3.625223878771066666e-03 -2.127701997756958008e+00 -1.383965183049440384e-02 -3.741137683391571045e-03 9.998978972434997559e-01 1.331096191406250000e+02
9.998847842216491699e-01 7.142789661884307861e-03 1.354836486279964447e-02 -4.651045799255371094e-01 -7.199647370725870132e-03 9.999657869338989258e-01 4.154063761234283447e-03 -2.162932157516479492e+00 -1.351785473525524139e-02 -4.242551513016223907e-03 9.999004006385803223e-01 1.344613037109375000e+02
9.999017119407653809e-01 5.636627320200204849e-03 1.300501544028520584e-02 -4.661212563514709473e-01 -5.686384625732898712e-03 9.999769926071166992e-01 3.793554846197366714e-03 -2.198388099670410156e+00 -1.298294868320226669e-02 -3.856194438412785530e-03 9.999089837074279785e-01 1.358144989013671875e+02
9.999247789382934570e-01 4.048652946949005127e-03 1.174937095493078232e-02 -4.644969701766967773e-01 -4.092630464583635330e-03 9.999852180480957031e-01 3.722652560099959373e-03 -2.226308822631835938e+00 -1.173372659832239151e-02 -3.755982266739010811e-03 9.999248981475830078e-01 1.371604919433593750e+02
9.999411106109619141e-01 2.791734412312507629e-03 1.067838724702596664e-02 -4.645738005638122559e-01 -2.842427929863333702e-03 9.999851584434509277e-01 4.736389964818954468e-03 -2.254853963851928711e+00 -1.066457014530897141e-02 -4.755052737891674042e-03 9.999326467514038086e-01 1.385122985839843750e+02
9.999547004699707031e-01 1.228063483722507954e-03 9.656597860157489777e-03 -4.641821086406707764e-01 -1.276885624974966049e-03 9.999869465827941895e-01 5.052513908594846725e-03 -2.281748771667480469e+00 -9.649826213717460632e-03 -5.053895991295576096e-03 9.999413490295410156e-01 1.398624877929687500e+02
9.999670386314392090e-01 4.853882128372788429e-04 8.355204015970230103e-03 -4.674433171749114990e-01 -5.268779350444674492e-04 9.999880790710449219e-01 4.965535365045070648e-03 -2.314865589141845703e+00 -8.352254517376422882e-03 -4.955463111400604248e-03 9.999535679817199707e-01 1.412127838134765625e+02
9.999768733978271484e-01 2.292771241627633572e-04 7.102155126631259918e-03 -4.704589247703552246e-01 -2.612661919556558132e-04 9.999904036521911621e-01 4.505001939833164215e-03 -2.341885566711425781e+00 -7.100609596818685532e-03 -4.492785315960645676e-03 9.999654889106750488e-01 1.425620727539062500e+02
9.999837279319763184e-01 -1.461809442844241858e-04 6.061122752726078033e-03 -4.747036695480346680e-01 1.219096593558788300e-04 9.999924898147583008e-01 4.006240051239728928e-03 -2.367454051971435547e+00 -6.061214022338390350e-03 -3.990309312939643860e-03 9.999745488166809082e-01 1.439097595214843750e+02
9.999879002571105957e-01 -1.774248899891972542e-03 5.074863322079181671e-03 -4.789029359817504883e-01 1.762945088557898998e-03 9.999964833259582520e-01 2.232536207884550095e-03 -2.395023107528686523e+00 -5.078335292637348175e-03 -2.207894343882799149e-03 9.999854564666748047e-01 1.452576446533203125e+02
9.999679923057556152e-01 -7.298628333956003189e-03 3.947409801185131073e-03 -4.813940823078155518e-01 7.295554969459772110e-03 9.999735355377197266e-01 7.925713434815406799e-04 -2.426592111587524414e+00 -3.952558618038892746e-03 -7.504451787099242210e-04 9.999926686286926270e-01 1.466009521484375000e+02
9.998991489410400391e-01 -1.409571059048175812e-02 2.802845090627670288e-03 -4.844166338443756104e-01 1.408554706722497940e-02 9.998948574066162109e-01 3.608253784477710724e-03 -2.462968349456787109e+00 -2.852805657312273979e-03 -3.555362578481435776e-03 9.999904036521911621e-01 1.479536285400390625e+02
9.997654557228088379e-01 -2.173084951937198639e-02 1.320180599577724934e-03 -4.832858741283416748e-01 2.172461897134780884e-02 9.997540712356567383e-01 4.543877206742763519e-03 -2.489365577697753906e+00 -1.417863066308200359e-03 -4.497746471315622330e-03 9.999896287918090820e-01 1.493028411865234375e+02
9.996885657310485840e-01 -2.504952624440193176e-02 1.332404353888705373e-04 -4.888001680374145508e-01 2.504915930330753326e-02 9.996845126152038574e-01 2.113372320309281349e-03 -2.518616199493408203e+00 -1.853676076279953122e-04 -2.091601723805069923e-03 9.999985694885253906e-01 1.506479339599609375e+02
9.996864795684814453e-01 -2.513257972896099091e-02 3.807395114563405514e-04 -4.979870319366455078e-01 2.513321861624717712e-02 9.996829032897949219e-01 -1.884705037809908390e-03 -2.545627117156982422e+00 -3.324456047266721725e-04 1.912732142955064774e-03 9.999989271163940430e-01 1.519915161132812500e+02
9.997686147689819336e-01 -2.158753946423530579e-02 1.248821383342146873e-03 -5.139913558959960938e-01 2.159193903207778931e-02 9.997609257698059082e-01 -3.645132062956690788e-03 -2.581791162490844727e+00 -1.168986433185636997e-03 3.692453494295477867e-03 9.999932646751403809e-01 1.533371124267578125e+02
9.997730255126953125e-01 -2.133192121982574463e-02 2.001940505579113960e-03 -5.203421115875244141e-01 2.133906073868274689e-02 9.997664690017700195e-01 -3.630063962191343307e-03 -2.611884117126464844e+00 -1.923226052895188332e-03 3.693519160151481628e-03 9.999920129776000977e-01 1.546841125488281250e+02
9.997096061706542969e-01 -2.405943721532821655e-02 2.609291812404990196e-03 -5.188391208648681641e-01 2.406074292957782745e-02 9.997111558914184570e-01 -4.795239074155688286e-04 -2.641448259353637695e+00 -2.596177626401185989e-03 5.625787889584898949e-04 9.999971389770507812e-01 1.560327453613281250e+02
9.995622634887695312e-01 -2.951224520802497864e-02 3.081809496507048607e-03 -5.104886889457702637e-01 2.950367704033851624e-02 9.995615482330322266e-01 2.776579465717077255e-03 -2.666162014007568359e+00 -3.161587519571185112e-03 -2.665951848030090332e-03 9.999921917915344238e-01 1.573827362060546875e+02
9.994308948516845703e-01 -3.366707265377044678e-02 3.070722566917538643e-03 -4.996063411235809326e-01 3.365625813603401184e-02 9.994280934333801270e-01 3.494314150884747505e-03 -2.689149141311645508e+00 -3.185641951858997345e-03 -3.368984675034880638e-03 9.999899864196777344e-01 1.587317352294921875e+02
9.993691444396972656e-01 -3.546250984072685242e-02 3.006808692589402199e-03 -4.908910691738128662e-01 3.545074537396430969e-02 9.993646144866943359e-01 3.864767495542764664e-03 -2.711381912231445312e+00 -3.141113091260194778e-03 -3.736484330147504807e-03 9.999887943267822266e-01 1.600784149169921875e+02
9.994201064109802246e-01 -3.391119465231895447e-02 3.821919905021786690e-03 -4.848775267601013184e-01 3.389485925436019897e-02 9.994169473648071289e-01 4.248698707669973373e-03 -2.736778736114501953e+00 -3.962871618568897247e-03 -4.095392301678657532e-03 9.999844431877136230e-01 1.614288024902343750e+02
9.995403885841369629e-01 -2.997711673378944397e-02 5.043706391006708145e-03 -4.836533665657043457e-01 2.995752170681953430e-02 9.995440840721130371e-01 3.909709397703409195e-03 -2.760602951049804688e+00 -5.157657433301210403e-03 -3.734323196113109589e-03 9.999803900718688965e-01 1.627785949707031250e+02
9.996321201324462891e-01 -2.654353901743888855e-02 5.992338992655277252e-03 -4.767820537090301514e-01 2.653484791517257690e-02 9.996472597122192383e-01 1.518787816166877747e-03 -2.787253141403198242e+00 -6.029645912349224091e-03 -1.337936148047447205e-03 9.999817609786987305e-01 1.641293029785156250e+02
9.996987581253051758e-01 -2.370312996208667755e-02 6.750241853296756744e-03 -4.687857627868652344e-01 2.369906567037105560e-02 9.997194409370422363e-01 6.776091759093105793e-04 -2.810666322708129883e+00 -6.763498298823833466e-03 -4.918885533697903156e-04 9.999777674674987793e-01 1.654805145263671875e+02
9.997413754463195801e-01 -2.170103415846824646e-02 7.145437411963939667e-03 -4.599280655384063721e-01 2.168706245720386505e-02 9.997632503509521484e-01 2.022976055741310120e-03 -2.835557222366333008e+00 -7.186813279986381531e-03 -1.841046963818371296e-03 9.999731779098510742e-01 1.668388214111328125e+02
9.997771978378295898e-01 -2.006193809211254120e-02 6.919404957443475723e-03 -4.494856894016265869e-01 2.004974149167537689e-02 9.997978806495666504e-01 1.825344981625676155e-03 -2.861985206604003906e+00 -6.953905336558818817e-03 -1.662199152633547783e-03 9.999751448631286621e-01 1.681997985839843750e+02
9.998172521591186523e-01 -1.813303306698799133e-02 6.434427574276924133e-03 -4.424453675746917725e-01 1.813721098005771637e-02 9.998359680175781250e-01 -5.943424184806644917e-04 -2.886559247970581055e+00 -6.421871017664670944e-03 7.382569601759314537e-04 9.999797940254211426e-01 1.695599975585937500e+02
9.998776912689208984e-01 -1.463469676673412323e-02 5.933103151619434357e-03 -4.389733672142028809e-01 1.465568039566278458e-02 9.998869895935058594e-01 -3.510451409965753555e-03 -2.914239168167114258e+00 -5.880448035895824432e-03 3.627067897468805313e-03 9.999768137931823730e-01 1.709195709228515625e+02
9.999385476112365723e-01 -9.733318351209163666e-03 5.740263964980840683e-03 -4.111558198928833008e-01 9.761031717061996460e-03 9.999412894248962402e-01 -4.820710979402065277e-03 -2.932729959487915039e+00 -5.692468490451574326e-03 4.906678572297096252e-03 9.999724626541137695e-01 1.722838592529296875e+02
9.999708533287048340e-01 -5.143158603459596634e-03 6.037021055817604065e-03 -3.881133794784545898e-01 5.167244933545589447e-03 9.999792575836181641e-01 -3.980536013841629028e-03 -2.960770130157470703e+00 -6.015997380018234253e-03 4.038894549012184143e-03 9.999744296073913574e-01 1.736525421142578125e+02
9.999791383743286133e-01 -1.828113105148077011e-03 6.567249074578285217e-03 -3.779314756393432617e-01 1.838046824559569359e-03 9.999978542327880859e-01 -1.505772583186626434e-03 -2.986447095870971680e+00 -6.564184091985225677e-03 1.546070794574916363e-03 9.999778866767883301e-01 1.750288543701171875e+02
9.999788403511047363e-01 -1.477614045143127441e-03 6.696036551147699356e-03 -3.588795661926269531e-01 1.474506803788244724e-03 9.999993443489074707e-01 4.701401048805564642e-04 -3.008538007736206055e+00 -6.696437485516071320e-03 -4.314332036301493645e-04 9.999782443046569824e-01 1.764083557128906250e+02
9.999755024909973145e-01 -4.339604172855615616e-03 5.909503437578678131e-03 -3.405322134494781494e-01 4.328939132392406464e-03 9.999895095825195312e-01 1.816914416849613190e-03 -3.013911962509155273e+00 -5.916954949498176575e-03 -1.761694904416799545e-03 9.999815821647644043e-01 1.777849578857421875e+02
9.999696612358093262e-01 -6.892817094922065735e-03 4.231983330100774765e-03 -3.214055597782135010e-01 6.885793060064315796e-03 9.999755024909973145e-01 1.671890495344996452e-03 -3.022951841354370117e+00 -4.242930095642805099e-03 -1.608735532499849796e-03 9.999904632568359375e-01 1.791604309082031250e+02
