9.999404549598693848e-01 -2.057261765003204346e-03 -1.071450300514698029e-02 -1.520630321465432644e-03 2.137030474841594696e-03 9.999700188636779785e-01 7.438794709742069244e-03 -3.980274125933647156e-02 1.069887913763523102e-02 -7.461248897016048431e-03 9.999149441719055176e-01 2.497579336166381836e+00
9.998142719268798828e-01 -8.510480634868144989e-03 -1.729166321456432343e-02 -4.688505455851554871e-02 8.659971877932548523e-03 9.999255537986755371e-01 8.588829077780246735e-03 -6.376847624778747559e-02 1.721728220582008362e-02 -8.736979216337203979e-03 9.998136162757873535e-01 5.028709411621093750e+00
9.994629621505737305e-01 -1.550006307661533356e-02 -2.887010388076305389e-02 -1.159427016973495483e-01 1.591300219297409058e-02 9.997735023498535156e-01 1.412892621010541916e-02 -7.381537556648254395e-02 2.864456921815872192e-02 -1.458074897527694702e-02 9.994832873344421387e-01 7.827723979949951172e+00
9.994144439697265625e-01 -2.024257369339466095e-02 -2.758752368390560150e-02 -1.809145212173461914e-01 2.068597637116909027e-02 9.996598362922668457e-01 1.588298007845878601e-02 -9.390805661678314209e-02 2.725663036108016968e-02 -1.644435524940490723e-02 9.994931817054748535e-01 1.055987167358398438e+01
9.992306828498840332e-01 -2.254532091319561005e-02 -3.209068253636360168e-02 -2.313676774501800537e-01 2.316692285239696503e-02 9.995485544204711914e-01 1.913188211619853973e-02 -9.726412594318389893e-02 3.164486587047576904e-02 -1.986060664057731628e-02 9.993017911911010742e-01 1.311072158813476562e+01
9.989321827888488770e-01 -2.589354105293750763e-02 -3.826072439551353455e-02 -3.113967776298522949e-01 2.660796046257019043e-02 9.994787573814392090e-01 1.828260347247123718e-02 -7.957559823989868164e-02 3.776738420128822327e-02 -1.928112469613552094e-02 9.991004467010498047e-01 1.597700691223144531e+01
9.983752369880676270e-01 -2.879304811358451843e-02 -4.916913434863090515e-02 -4.279245734214782715e-01 2.984596788883209229e-02 9.993377327919006348e-01 2.081589773297309875e-02 -9.066574275493621826e-02 4.853722080588340759e-02 -2.224958315491676331e-02 9.985734820365905762e-01 1.844592666625976562e+01
9.979952573776245117e-01 -3.163329884409904480e-02 -5.481522530317306519e-02 -5.589787364006042480e-01 3.268145769834518433e-02 9.992976784706115723e-01 1.833172701299190521e-02 -8.423256874084472656e-02 5.419684201478958130e-02 -2.008642256259918213e-02 9.983281493186950684e-01 2.112730407714843750e+01
9.970018863677978516e-01 -3.417217731475830078e-02 -6.942278891801834106e-02 -7.273542881011962891e-01 3.583234921097755432e-02 9.990974068641662598e-01 2.281068637967109680e-02 -9.617859125137329102e-02 6.858064979314804077e-02 -2.522988431155681610e-02 9.973263740539550781e-01 2.389737510681152344e+01
9.964963793754577637e-01 -3.973923251032829285e-02 -7.359159737825393677e-02 -8.996674418449401855e-01 4.153367504477500916e-02 9.988719224929809570e-01 2.301550097763538361e-02 -8.864577114582061768e-02 7.259397208690643311e-02 -2.599139884114265442e-02 9.970226883888244629e-01 2.675901412963867188e+01
9.947798848152160645e-01 -4.504733160138130188e-02 -9.156189858913421631e-02 -1.097168326377868652e+00 4.775362834334373474e-02 9.984781742095947266e-01 2.758318185806274414e-02 -7.508239150047302246e-02 9.018001705408096313e-02 -3.181161358952522278e-02 9.954171180725097656e-01 2.944446372985839844e+01
9.948973655700683594e-01 -4.406742006540298462e-02 -9.075811505317687988e-02 -1.351612091064453125e+00 4.651195928454399109e-02 9.986048340797424316e-01 2.499710023403167725e-02 -7.008557021617889404e-02 8.952994644641876221e-02 -2.909089624881744385e-02 9.955589771270751953e-01 3.219594955444335938e+01
9.947058558464050293e-01 -5.242875590920448303e-02 -8.838145434856414795e-02 -1.614959478378295898e+00 5.516647174954414368e-02 9.980610609054565430e-01 2.882185764610767365e-02 -3.845034912228584290e-02 8.669899404048919678e-02 -3.354497253894805908e-02 9.956694245338439941e-01 3.496235275268554688e+01
9.943581223487854004e-01 -5.261904373764991760e-02 -9.210325777530670166e-02 -1.803647756576538086e+00 5.566038191318511963e-02 9.979755282402038574e-01 3.076804615557193756e-02 2.174005657434463501e-02 9.029780328273773193e-02 -3.572096675634384155e-02 9.952738285064697266e-01 3.741691207885742188e+01
9.941543340682983398e-01 -4.922426491975784302e-02 -9.609373658895492554e-02 -2.060030698776245117e+00 5.306756496429443359e-02 9.978731274604797363e-01 3.785658627748489380e-02 5.023774504661560059e-02 9.402587264776229858e-02 -4.273475706577301025e-02 9.946520328521728516e-01 4.031018066406250000e+01
9.939753413200378418e-01 -3.575475886464118958e-02 -1.036077812314033508e-01 -2.378077507019042969e+00 4.057933017611503601e-02 9.981698393821716309e-01 4.483765736222267151e-02 1.007428988814353943e-01 1.018149778246879578e-01 -4.877186566591262817e-02 9.936069846153259277e-01 4.321792221069335938e+01
9.935145974159240723e-01 -3.987997397780418396e-02 -1.064812242984771729e-01 -2.643241405487060547e+00 4.496211186051368713e-02 9.979401230812072754e-01 4.576098546385765076e-02 1.602668464183807373e-01 1.044369116425514221e-01 -5.025183036923408508e-02 9.932610392570495605e-01 4.601173019409179688e+01
9.919509887695312500e-01 -4.784101247787475586e-02 -1.172365620732307434e-01 -2.948318243026733398e+00 5.359601229429244995e-02 9.974824786186218262e-01 4.643641412258148193e-02 2.358165532350540161e-01 1.147198230028152466e-01 -5.234606191515922546e-02 9.920176863670349121e-01 4.872751235961914062e+01
9.919013977050781250e-01 -5.561340972781181335e-02 -1.141873523592948914e-01 -3.234194517135620117e+00 6.168375909328460693e-02 9.968259334564208984e-01 5.033235251903533936e-02 3.027825951576232910e-01 1.110257357358932495e-01 -5.696823447942733765e-02 9.921833276748657227e-01 5.128466033935546875e+01
9.916273951530456543e-01 -5.742352455854415894e-02 -1.156613454222679138e-01 -3.577757596969604492e+00 6.353896111249923706e-02 9.967312812805175781e-01 4.989699274301528931e-02 4.013919532299041748e-01 1.124179884791374207e-01 -5.682822316884994507e-02 9.920345544815063477e-01 5.413780975341796875e+01
9.918130040168762207e-01 -5.845346301794052124e-02 -1.135344654321670532e-01 -3.910770177841186523e+00 6.416463106870651245e-02 9.968171119689941406e-01 4.731514304876327515e-02 4.818186163902282715e-01 1.104073300957679749e-01 -5.421267077326774597e-02 9.924066662788391113e-01 5.695794296264648438e+01
9.915442466735839844e-01 -6.789571046829223633e-02 -1.105896010994911194e-01 -4.249397277832031250e+00 7.334789633750915527e-02 9.962451457977294922e-01 4.599809646606445312e-02 5.637079477310180664e-01 1.070512533187866211e-01 -5.372066050767898560e-02 9.928010106086730957e-01 5.977927017211914062e+01
9.908052682876586914e-01 -7.308661192655563354e-02 -1.138556525111198425e-01 -4.565871238708496094e+00 8.009403944015502930e-02 9.950848817825317383e-01 5.823356285691261292e-02 6.369677782058715820e-01 1.090399175882339478e-01 -6.681727617979049683e-02 9.917890429496765137e-01 6.248048400878906250e+01
9.868786931037902832e-01 -8.816964179277420044e-02 -1.352642774581909180e-01 -4.904870510101318359e+00 9.657461941242218018e-02 9.936994314193725586e-01 5.687619000673294067e-02 7.800326347351074219e-01 1.293972581624984741e-01 -6.919299066066741943e-02 9.891756772994995117e-01 6.534571075439453125e+01
9.840325117111206055e-01 -1.015844047069549561e-01 -1.461522281169891357e-01 -5.256375789642333984e+00 1.103597879409790039e-01 9.924657940864562988e-01 5.322250723838806152e-02 8.980580568313598633e-01 1.396444886922836304e-01 -6.850200146436691284e-02 9.878292679786682129e-01 6.809967803955078125e+01
9.824219942092895508e-01 -1.134605184197425842e-01 -1.482347697019577026e-01 -5.640635013580322266e+00 1.217000186443328857e-01 9.914192557334899902e-01 4.772060364484786987e-02 9.776923060417175293e-01 1.415483653545379639e-01 -6.492194533348083496e-02 9.878001213073730469e-01 7.080536651611328125e+01
9.827982187271118164e-01 -1.125298514962196350e-01 -1.464397460222244263e-01 -6.022955894470214844e+00 1.200811117887496948e-01 9.917991757392883301e-01 4.376201331615447998e-02 1.047197818756103516e+00 1.403142660856246948e-01 -6.059386953711509705e-02 9.882510900497436523e-01 7.340869140625000000e+01
9.824289083480834961e-01 -1.162550523877143860e-01 -1.460074186325073242e-01 -6.445419311523437500e+00 1.244616955518722534e-01 9.910454154014587402e-01 4.835880920290946960e-02 1.129400730133056641e+00 1.390779912471771240e-01 -6.568141281604766846e-02 9.881007671356201172e-01 7.616183471679687500e+01
9.822321534156799316e-01 -1.183376684784889221e-01 -1.456573903560638428e-01 -6.822283267974853516e+00 1.267645061016082764e-01 9.906736612319946289e-01 4.996786639094352722e-02 1.207950353622436523e+00 1.383858174085617065e-01 -6.754422187805175781e-02 9.880723357200622559e-01 7.892155456542968750e+01
9.803524017333984375e-01 -1.230369284749031067e-01 -1.541787087917327881e-01 -7.166399478912353516e+00 1.332409381866455078e-01 9.894051551818847656e-01 5.765855684876441956e-02 1.295761942863464355e+00 1.454510241746902466e-01 -7.706860452890396118e-02 9.863590598106384277e-01 8.139900970458984375e+01
9.809854030609130859e-01 -1.177605539560317993e-01 -1.542730480432510376e-01 -7.583635807037353516e+00 1.284356266260147095e-01 9.898322820663452148e-01 6.112723425030708313e-02 1.417010784149169922e+00 1.455060094594955444e-01 -7.977905869483947754e-02 9.861354231834411621e-01 8.400664520263671875e+01
9.813742041587829590e-01 -1.152705401182174683e-01 -1.536795943975448608e-01 -7.987995624542236328e+00 1.263301670551300049e-01 9.899070858955383301e-01 6.422484666109085083e-02 1.541260838508605957e+00 1.447252184152603149e-01 -8.244296163320541382e-02 9.860311746597290039e-01 8.669551086425781250e+01
9.803365468978881836e-01 -1.138553693890571594e-01 -1.611747592687606812e-01 -8.383162498474121094e+00 1.266742497682571411e-01 9.893571734428405762e-01 7.159783691167831421e-02 1.662587523460388184e+00 1.513075381517410278e-01 -9.060664474964141846e-02 9.843252301216125488e-01 8.923116302490234375e+01
9.807624220848083496e-01 -1.115724295377731323e-01 -1.601775884628295898e-01 -8.784410476684570312e+00 1.259514838457107544e-01 9.885928034782409668e-01 8.258819580078125000e-02 1.792363524436950684e+00 1.491357833147048950e-01 -1.011739820241928101e-01 9.836269617080688477e-01 9.183837890625000000e+01
9.795269370079040527e-01 -1.153939738869667053e-01 -1.649586260318756104e-01 -9.219781875610351562e+00 1.299516856670379639e-01 9.882607460021972656e-01 8.033429086208343506e-02 1.958416938781738281e+00 1.537519842386245728e-01 -1.001262292265892029e-01 9.830232858657836914e-01 9.454012298583984375e+01
9.793463945388793945e-01 -1.219301819801330566e-01 -1.612876206636428833e-01 -9.640605926513671875e+00 1.359010934829711914e-01 9.876003265380859375e-01 7.859224081039428711e-02 2.110361337661743164e+00 1.497048735618591309e-01 -9.888817369937896729e-02 9.837729930877685547e-01 9.707748413085937500e+01
9.785951972007751465e-01 -1.276948153972625732e-01 -1.613860279321670532e-01 -1.002865219116210938e+01 1.421680599451065063e-01 9.864798188209533691e-01 8.152253180742263794e-02 2.264992237091064453e+00 1.487940102815628052e-01 -1.027214750647544861e-01 9.835183024406433105e-01 9.948242187500000000e+01
9.760064482688903809e-01 -1.386174857616424561e-01 -1.679184585809707642e-01 -1.043369483947753906e+01 1.549227386713027954e-01 9.839826822280883789e-01 8.818787336349487305e-02 2.444433212280273438e+00 1.530044376850128174e-01 -1.120863035321235657e-01 9.818481802940368652e-01 1.019260177612304688e+02
9.748583436012268066e-01 -1.506444066762924194e-01 -1.641875356435775757e-01 -1.081274700164794922e+01 1.666121482849121094e-01 9.820706844329833984e-01 8.819048106670379639e-02 2.626766920089721680e+00 1.479583382606506348e-01 -1.133288517594337463e-01 9.824787378311157227e-01 1.042922134399414062e+02
9.748575687408447266e-01 -1.570783853530883789e-01 -1.580481827259063721e-01 -1.117986869812011719e+01 1.730449646711349487e-01 9.805276989936828613e-01 9.284806996583938599e-02 2.807682275772094727e+00 1.403861939907073975e-01 -1.178630590438842773e-01 9.830562472343444824e-01 1.065188369750976562e+02
9.729927182197570801e-01 -1.582034379243850708e-01 -1.680978983640670776e-01 -1.157809829711914062e+01 1.757299005985260010e-01 9.798438549041748047e-01 9.499961137771606445e-02 3.011776447296142578e+00 1.496804207563400269e-01 -1.219737380743026733e-01 9.811818003654479980e-01 1.089385833740234375e+02
9.716742634773254395e-01 -1.598540246486663818e-01 -1.740569174289703369e-01 -1.192662143707275391e+01 1.783488094806671143e-01 9.792440533638000488e-01 9.629518538713455200e-02 3.188925743103027344e+00 1.550510078668594360e-01 -1.246103793382644653e-01 9.800158143043518066e-01 1.110268325805664062e+02
9.714014530181884766e-01 -1.613182127475738525e-01 -1.742286980152130127e-01 -1.231818866729736328e+01 1.800577491521835327e-01 9.787988662719726562e-01 9.763192385435104370e-02 3.379032850265502930e+00 1.547850072383880615e-01 -1.262110024690628052e-01 9.798530340194702148e-01 1.132322235107421875e+02
9.702459573745727539e-01 -1.660120934247970581e-01 -1.762461960315704346e-01 -1.270355701446533203e+01 1.847861856222152710e-01 9.780815243721008301e-01 9.597202390432357788e-02 3.545545339584350586e+00 1.564505994319915771e-01 -1.256843209266662598e-01 9.796561598777770996e-01 1.154232406616210938e+02
9.673447012901306152e-01 -1.666966676712036133e-01 -1.909357309341430664e-01 -1.307824516296386719e+01 1.872864365577697754e-01 9.776717424392700195e-01 9.529884904623031616e-02 3.724045276641845703e+00 1.707864254713058472e-01 -1.279465109109878540e-01 9.769653081893920898e-01 1.174874420166015625e+02
9.683128595352172852e-01 -1.682920455932617188e-01 -1.845212280750274658e-01 -1.343800258636474609e+01 1.884897798299789429e-01 9.771831631660461426e-01 9.790162742137908936e-02 3.895731210708618164e+00 1.638349294662475586e-01 -1.295797675848007202e-01 9.779400229454040527e-01 1.194350357055664062e+02
9.721382856369018555e-01 -1.727757006883621216e-01 -1.584166735410690308e-01 -1.379131507873535156e+01 1.910793781280517578e-01 9.755480289459228516e-01 1.086033508181571960e-01 4.047408103942871094e+00 1.357790082693099976e-01 -1.358476281166076660e-01 9.813811779022216797e-01 1.214551696777343750e+02
9.790949821472167969e-01 -1.868973523378372192e-01 -8.026520907878875732e-02 -1.396813297271728516e+01 1.959430873394012451e-01 9.725366830825805664e-01 1.256130784749984741e-01 4.244553565979003906e+00 5.458408594131469727e-02 -1.387145370244979858e-01 9.888267517089843750e-01 1.233576431274414062e+02
9.803059697151184082e-01 -1.924954205751419067e-01 -4.411249607801437378e-02 -1.406956863403320312e+01 1.967822313308715820e-01 9.709653854370117188e-01 1.360248625278472900e-01 4.460185050964355469e+00 1.664753258228302002e-02 -1.420264989137649536e-01 9.897226095199584961e-01 1.252817535400390625e+02
9.794338941574096680e-01 -1.990128457546234131e-01 -3.321696445345878601e-02 -1.412149429321289062e+01 2.017455697059631348e-01 9.683079719543457031e-01 1.472349166870117188e-01 4.695265293121337891e+00 2.862601540982723236e-03 -1.509082019329071045e-01 9.885433316230773926e-01 1.272898025512695312e+02
9.784494638442993164e-01 -2.063046395778656006e-01 -8.673990145325660706e-03 -1.415205097198486328e+01 2.052337825298309326e-01 9.670317769050598145e-01 1.507591605186462402e-01 4.956521034240722656e+00 -2.271429263055324554e-02 -1.492903679609298706e-01 9.885321855545043945e-01 1.292701568603515625e+02
9.767643213272094727e-01 -2.099770903587341309e-01 4.290994256734848022e-02 -1.407484149932861328e+01 2.003809958696365356e-01 9.657783508300781250e-01 1.646794378757476807e-01 5.234437942504882812e+00 -7.602039724588394165e-02 -1.522546112537384033e-01 9.854130744934082031e-01 1.311068267822265625e+02
9.759704470634460449e-01 -2.116670608520507812e-01 5.175803229212760925e-02 -1.396826553344726562e+01 2.005832791328430176e-01 9.654875993728637695e-01 1.661316156387329102e-01 5.521238803863525391e+00 -8.513630926609039307e-02 -1.517577171325683594e-01 9.847440719604492188e-01 1.329524383544921875e+02
9.745822548866271973e-01 -2.138856649398803711e-01 6.665233522653579712e-02 -1.383447742462158203e+01 2.001722902059555054e-01 9.649618864059448242e-01 1.696448028087615967e-01 5.819201469421386719e+00 -1.006015241146087646e-01 -1.519908308982849121e-01 9.832484722137451172e-01 1.349452056884765625e+02
9.739060401916503906e-01 -2.155829817056655884e-01 7.093086093664169312e-02 -1.368943977355957031e+01 2.011288851499557495e-01 9.646451473236083984e-01 1.703136563301086426e-01 6.113652706146240234e+00 -1.051397994160652161e-01 -1.516032218933105469e-01 9.828334450721740723e-01 1.368098907470703125e+02
9.731537699699401855e-01 -2.166714072227478027e-01 7.762315869331359863e-02 -1.352657318115234375e+01 2.004722356796264648e-01 9.636554718017578125e-01 1.765751689672470093e-01 6.423604011535644531e+00 -1.130607277154922485e-01 -1.562734842300415039e-01 9.812213778495788574e-01 1.387474670410156250e+02
9.704557657241821289e-01 -2.232530415058135986e-01 9.150888770818710327e-02 -1.333342552185058594e+01 2.044721394777297974e-01 9.623106718063354492e-01 1.793014556169509888e-01 6.766629219055175781e+00 -1.280895322561264038e-01 -1.552930921316146851e-01 9.795287847518920898e-01 1.407571411132812500e+02
9.682660102844238281e-01 -2.273059189319610596e-01 1.038900688290596008e-01 -1.313339996337890625e+01 2.057703584432601929e-01 9.609927535057067871e-01 1.848006248474121094e-01 7.085640430450439453e+00 -1.418438255786895752e-01 -1.575586497783660889e-01 9.772692322731018066e-01 1.426739196777343750e+02
9.652032852172851562e-01 -2.304670959711074829e-01 1.235625520348548889e-01 -1.287465667724609375e+01 2.050545364618301392e-01 9.602686762809753418e-01 1.893053501844406128e-01 7.470642566680908203e+00 -1.622818410396575928e-01 -1.573810875415802002e-01 9.741126298904418945e-01 1.448401336669921875e+02
9.618145227432250977e-01 -2.369896620512008667e-01 1.369268596172332764e-01 -1.258554077148437500e+01 2.084522992372512817e-01 9.584652781486511230e-01 1.946581602096557617e-01 7.840516090393066406e+00 -1.773715317249298096e-01 -1.586823165416717529e-01 9.712666273117065430e-01 1.468390808105468750e+02
9.579396843910217285e-01 -2.478962838649749756e-01 1.445656865835189819e-01 -1.226752567291259766e+01 2.168349176645278931e-01 9.552477598190307617e-01 2.012069374322891235e-01 8.236986160278320312e+00 -1.879744082689285278e-01 -1.613972038030624390e-01 9.688220620155334473e-01 1.490564575195312500e+02
9.559603333473205566e-01 -2.522669136524200439e-01 1.500049680471420288e-01 -1.193736743927001953e+01 2.202305048704147339e-01 9.544003009796142578e-01 2.015401721000671387e-01 8.597818374633789062e+00 -1.940066218376159668e-01 -1.596287190914154053e-01 9.679254889488220215e-01 1.510812683105468750e+02
9.534384012222290039e-01 -2.518207430839538574e-01 1.659572273492813110e-01 -1.157591724395751953e+01 2.146087139844894409e-01 9.531227350234985352e-01 2.133074551820755005e-01 9.012185096740722656e+00 -2.118927538394927979e-01 -1.677596271038055420e-01 9.627864956855773926e-01 1.531922760009765625e+02
9.504020810127258301e-01 -2.481981217861175537e-01 1.874402761459350586e-01 -1.121367931365966797e+01 2.073695063591003418e-01 9.548214077949523926e-01 2.128705680370330811e-01 9.393405914306640625e+00 -2.318059802055358887e-01 -1.634432226419448853e-01 9.589326977729797363e-01 1.550182647705078125e+02
9.474182128906250000e-01 -2.531119585037231445e-01 1.957887560129165649e-01 -1.086481380462646484e+01 2.101849019527435303e-01 9.535741209983825684e-01 2.156816571950912476e-01 9.765853881835937500e+00 -2.412905991077423096e-01 -1.631889045238494873e-01 9.566336274147033691e-01 1.567636413574218750e+02
9.432405829429626465e-01 -2.580248117446899414e-01 2.090948224067687988e-01 -1.046690082550048828e+01 2.124025821685791016e-01 9.526799321174621582e-01 2.174533605575561523e-01 1.015923976898193359e+01 -2.553086876869201660e-01 -1.606985777616500854e-01 9.534112811088562012e-01 1.585994567871093750e+02
9.365839362144470215e-01 -2.638653218746185303e-01 2.306203693151473999e-01 -1.000311851501464844e+01 2.105585634708404541e-01 9.497599005699157715e-01 2.315622419118881226e-01 1.055994033813476562e+01 -2.801350951194763184e-01 -1.683184206485748291e-01 9.450888037681579590e-01 1.604057464599609375e+02
9.320910573005676270e-01 -2.686525285243988037e-01 2.429656237363815308e-01 -9.514600753784179688e+00 2.103422135114669800e-01 9.475191831588745117e-01 2.407557666301727295e-01 1.097141838073730469e+01 -2.948941290378570557e-01 -1.733004003763198853e-01 9.396829605102539062e-01 1.622600097656250000e+02
9.247527122497558594e-01 -2.735823988914489746e-01 2.645474076271057129e-01 -8.992430686950683594e+00 2.094311565160751343e-01 9.462490081787109375e-01 2.464777976274490356e-01 1.142515659332275391e+01 -3.177595734596252441e-01 -1.725265830755233765e-01 9.323428273200988770e-01 1.641366119384765625e+02
9.225398898124694824e-01 -2.761497199535369873e-01 2.695583701133728027e-01 -8.455130577087402344e+00 2.086783051490783691e-01 9.445645213127136230e-01 2.534781992435455322e-01 1.188930225372314453e+01 -3.246130645275115967e-01 -1.775927990674972534e-01 9.290246963500976562e-01 1.659387207031250000e+02
9.122278094291687012e-01 -2.843188941478729248e-01 2.949634194374084473e-01 -7.853872776031494141e+00 2.077642232179641724e-01 9.415834546089172363e-01 2.650555670261383057e-01 1.240257644653320312e+01 -3.530928790569305420e-01 -1.805082410573959351e-01 9.180097579956054688e-01 1.678535614013671875e+02
9.064161777496337891e-01 -2.873836457729339600e-01 3.095489442348480225e-01 -7.164090633392333984e+00 2.056905925273895264e-01 9.404111504554748535e-01 2.707731425762176514e-01 1.296187400817871094e+01 -3.689189553260803223e-01 -1.817618757486343384e-01 9.115158319473266602e-01 1.698608093261718750e+02
8.966751098632812500e-01 -2.914738953113555908e-01 3.331919014453887939e-01 -6.444145202636718750e+00 2.037665992975234985e-01 9.399315118789672852e-01 2.738755047321319580e-01 1.353899765014648438e+01 -3.930050134658813477e-01 -1.776840090751647949e-01 9.022057056427001953e-01 1.718672485351562500e+02
8.901714086532592773e-01 -2.945849001407623291e-01 3.475841283798217773e-01 -5.649594783782958984e+00 2.030397653579711914e-01 9.394134879112243652e-01 2.761831283569335938e-01 1.410832786560058594e+01 -4.078844785690307617e-01 -1.752769649028778076e-01 8.960512876510620117e-01 1.738972930908203125e+02
8.848503232002258301e-01 -2.940017879009246826e-01 3.613903224468231201e-01 -4.884614944458007812e+00 1.962949037551879883e-01 9.387850761413574219e-01 2.831092178821563721e-01 1.464184570312500000e+01 -4.225023090839385986e-01 -1.795702576637268066e-01 8.883951902389526367e-01 1.756719970703125000e+02
8.809349536895751953e-01 -2.971675992012023926e-01 3.683004975318908691e-01 -4.062937259674072266e+00 1.942565590143203735e-01 9.367387890815734863e-01 2.911781668663024902e-01 1.522900295257568359e+01 -4.315299093723297119e-01 -1.849642843008041382e-01 8.829325437545776367e-01 1.776444244384765625e+02
8.787800669670104980e-01 -2.927215099334716797e-01 3.769083023071289062e-01 -3.308297395706176758e+00 1.845793724060058594e-01 9.368037581443786621e-01 2.972021996974945068e-01 1.576842594146728516e+01 -4.400864243507385254e-01 -1.916058957576751709e-01 8.772746920585632324e-01 1.793802337646484375e+02
8.755517601966857910e-01 -2.948858439922332764e-01 3.826901018619537354e-01 -2.544860124588012695e+00 1.848073452711105347e-01 9.362967014312744141e-01 2.986548840999603271e-01 1.634167861938476562e+01 -4.463804066181182861e-01 -1.907638758420944214e-01 8.742730617523193359e-01 1.811276855468750000e+02
8.674018979072570801e-01 -2.963985502719879150e-01 3.997024893760681152e-01 -1.719451665878295898e+00 1.798963397741317749e-01 9.357037544250488281e-01 3.034728169441223145e-01 1.695691299438476562e+01 -4.639518260955810547e-01 -1.913278996944427490e-01 8.649520277976989746e-01 1.829991760253906250e+02
8.588747382164001465e-01 -3.038235008716583252e-01 4.123416244983673096e-01 -8.880012631416320801e-01 1.803779006004333496e-01 9.329096674919128418e-01 3.116782605648040771e-01 1.756157684326171875e+01 -4.793724715709686279e-01 -1.933152973651885986e-01 8.560554385185241699e-01 1.847165222167968750e+02
8.510177135467529297e-01 -3.088603615760803223e-01 4.247049093246459961e-01 2.736175060272216797e-02 1.799047887325286865e-01 9.312839508056640625e-01 3.167719542980194092e-01 1.820187759399414062e+01 -4.933589398860931396e-01 -1.931721270084381104e-01 8.481044769287109375e-01 1.865817565917968750e+02
8.457574844360351562e-01 -3.127081990242004395e-01 4.323287010192871094e-01 9.992292523384094238e-01 1.802173405885696411e-01 9.300613999366760254e-01 3.201678693294525146e-01 1.886197662353515625e+01 -5.022111535072326660e-01 -1.928712576627731323e-01 8.429616689682006836e-01 1.883961486816406250e+02
8.394310474395751953e-01 -3.216834366321563721e-01 4.380359947681427002e-01 1.919059753417968750e+00 1.868255883455276489e-01 9.276884794235229492e-01 3.232495188713073730e-01 1.951535415649414062e+01 -5.103448033332824707e-01 -1.895093768835067749e-01 8.388290405273437500e-01 1.901762847900390625e+02
8.336054086685180664e-01 -3.291276097297668457e-01 4.435957968235015869e-01 2.853366136550903320e+00 1.920635104179382324e-01 9.256912469863891602e-01 3.258946835994720459e-01 2.018169403076171875e+01 -5.178934931755065918e-01 -1.864690184593200684e-01 8.348744511604309082e-01 1.919319305419921875e+02
8.220546245574951172e-01 -3.328959941864013672e-01 4.619596600532531738e-01 3.842905044555664062e+00 1.896646469831466675e-01 9.250513315200805664e-01 3.291009068489074707e-01 2.084459686279296875e+01 -5.368925929069519043e-01 -1.829214841127395630e-01 8.235810995101928711e-01 1.937251892089843750e+02
8.120614886283874512e-01 -3.379633426666259766e-01 4.757491052150726318e-01 4.886433601379394531e+00 1.907077431678771973e-01 9.241633415222167969e-01 3.309875726699829102e-01 2.152950096130371094e+01 -5.515313148498535156e-01 -1.780532002449035645e-01 8.149293661117553711e-01 1.955165252685546875e+02
7.998016476631164551e-01 -3.424938917160034180e-01 4.929659962654113770e-01 5.851669311523437500e+00 1.910229772329330444e-01 9.237766861915588379e-01 3.318839371204376221e-01 2.213110160827636719e+01 -5.690584778785705566e-01 -1.712734699249267578e-01 8.042620420455932617e-01 1.970769348144531250e+02
7.936319112777709961e-01 -3.431961834430694580e-01 5.023593306541442871e-01 6.790320396423339844e+00 1.880456060171127319e-01 9.236493706703186035e-01 3.339323103427886963e-01 2.273546218872070312e+01 -5.786079168319702148e-01 -1.705528497695922852e-01 7.975738644599914551e-01 1.985507965087890625e+02
7.887237071990966797e-01 -3.482352197170257568e-01 5.066037178039550781e-01 7.843525886535644531e+00 1.916634887456893921e-01 9.223049879074096680e-01 3.355870246887207031e-01 2.339889526367187500e+01 -5.841061472892761230e-01 -1.675879508256912231e-01 7.941875457763671875e-01 2.001766357421875000e+02
7.840078473091125488e-01 -3.530474901199340820e-01 5.105774998664855957e-01 8.829478263854980469e+00 1.938022971153259277e-01 9.206139445304870605e-01 3.389847576618194580e-01 2.400171852111816406e+01 -5.897222757339477539e-01 -1.668155789375305176e-01 7.901897430419921875e-01 2.016997070312500000e+02
7.797563076019287109e-01 -3.563304841518402100e-01 5.147901773452758789e-01 1.000443267822265625e+01 1.944735795259475708e-01 9.194169044494628906e-01 3.418370783329010010e-01 2.472704887390136719e+01 -5.951135158538818359e-01 -1.664365082979202271e-01 7.862178087234497070e-01 2.035176086425781250e+02
7.753860950469970703e-01 -3.559562265872955322e-01 5.216050744056701660e-01 1.109854316711425781e+01 1.930203139781951904e-01 9.200568795204162598e-01 3.409376740455627441e-01 2.541751861572265625e+01 -6.012649536132812500e-01 -1.636779308319091797e-01 7.821058630943298340e-01 2.051847229003906250e+02
7.687057852745056152e-01 -3.592151403427124023e-01 5.292033553123474121e-01 1.219437599182128906e+01 1.951670497655868530e-01 9.196686744689941406e-01 3.407630324363708496e-01 2.611333465576171875e+01 -6.090986728668212891e-01 -1.586634367704391479e-01 7.770613431930541992e-01 2.068329010009765625e+02
7.634847760200500488e-01 -3.618493378162384033e-01 5.349358320236206055e-01 1.343419361114501953e+01 2.007775902748107910e-01 9.202408790588378906e-01 3.359243273735046387e-01 2.684542465209960938e+01 -6.138235330581665039e-01 -1.490699499845504761e-01 7.752408385276794434e-01 2.086207733154296875e+02
7.581115961074829102e-01 -3.731203973293304443e-01 5.348348021507263184e-01 1.477523040771484375e+01 2.044693231582641602e-01 9.147879481315612793e-01 3.483608961105346680e-01 2.763891792297363281e+01 -6.192407608032226562e-01 -1.547390967607498169e-01 7.698026895523071289e-01 2.105514678955078125e+02
7.571021914482116699e-01 -3.821930587291717529e-01 5.298348665237426758e-01 1.608413124084472656e+01 2.059529274702072144e-01 9.092937111854553223e-01 3.616190552711486816e-01 2.844202232360839844e+01 -6.199836134910583496e-01 -1.646614670753479004e-01 7.671416401863098145e-01 2.124099426269531250e+02
7.561083436012268066e-01 -3.847220242023468018e-01 5.294236540794372559e-01 1.741700363159179688e+01 2.093385756015777588e-01 9.086394906044006348e-01 3.613193333148956299e-01 2.927540779113769531e+01 -6.200625896453857422e-01 -1.623677015304565430e-01 7.675666213035583496e-01 2.143224029541015625e+02
7.529146671295166016e-01 -3.890557289123535156e-01 5.308064222335815430e-01 1.870858764648437500e+01 2.113335877656936646e-01 9.067642092704772949e-01 3.648517727851867676e-01 3.011016845703125000e+01 -6.232637763023376465e-01 -1.625249534845352173e-01 7.649361491203308105e-01 2.161719055175781250e+02
7.515466809272766113e-01 -3.919894993305206299e-01 5.305866003036499023e-01 2.000474929809570312e+01 2.124588340520858765e-01 9.052801132202148438e-01 3.678712248802185059e-01 3.095237541198730469e+01 -6.245309710502624512e-01 -1.637445092201232910e-01 7.636414170265197754e-01 2.180014648437500000e+02
7.491797804832458496e-01 -3.934421539306640625e-01 5.328539013862609863e-01 2.132636451721191406e+01 2.117624282836914062e-01 9.045200347900390625e-01 3.701355755329132080e-01 3.181172752380371094e+01 -6.276037096977233887e-01 -1.644595712423324585e-01 7.609639167785644531e-01 2.198654479980468750e+02
7.487357854843139648e-01 -3.995005786418914795e-01 5.289559364318847656e-01 2.261801528930664062e+01 2.138239592313766479e-01 9.008851051330566406e-01 3.777374029159545898e-01 3.264991760253906250e+01 -6.274345517158508301e-01 -1.697219908237457275e-01 7.599471807479858398e-01 2.216979370117187500e+02
7.486608624458312988e-01 -3.985036611557006836e-01 5.298133492469787598e-01 2.391108703613281250e+01 2.165518701076507568e-01 9.023324847221374512e-01 3.726951181888580322e-01 3.348132705688476562e+01 -6.265878677368164062e-01 -1.642901301383972168e-01 7.618371844291687012e-01 2.235299072265625000e+02
7.457745075225830078e-01 -4.023415446281433105e-01 5.309821963310241699e-01 2.515386581420898438e+01 2.208442240953445435e-01 9.012722969055175781e-01 3.727417290210723877e-01 3.430670928955078125e+01 -6.285287737846374512e-01 -1.607169061899185181e-01 7.610001564025878906e-01 2.253207550048828125e+02
7.452999353408813477e-01 -4.018343091011047363e-01 5.320315957069396973e-01 2.637646293640136719e+01 2.214353233575820923e-01 9.018616676330566406e-01 3.709613084793090820e-01 3.510285568237304688e+01 -6.288836002349853516e-01 -1.586668342351913452e-01 7.611371874809265137e-01 2.270839233398437500e+02
7.431778907775878906e-01 -4.034366011619567871e-01 5.337845087051391602e-01 2.787398529052734375e+01 2.251272648572921753e-01 9.020308852195739746e-01 3.683182895183563232e-01 3.608638381958007812e+01 -6.300829648971557617e-01 -1.535565406084060669e-01 7.611934542655944824e-01 2.292245025634765625e+02
7.397078275680541992e-01 -4.127701520919799805e-01 5.314636230468750000e-01 2.943343544006347656e+01 2.348844408988952637e-01 8.984785676002502441e-01 3.708987832069396973e-01 3.709928894042968750e+01 -6.306043863296508789e-01 -1.495241522789001465e-01 7.615643739700317383e-01 2.314410552978515625e+02
7.380710840225219727e-01 -4.158531129360198975e-01 5.313358306884765625e-01 3.084518432617187500e+01 2.378602623939514160e-01 8.972954750061035156e-01 3.718651235103607178e-01 3.801183319091796875e+01 -6.314063072204589844e-01 -1.480791717767715454e-01 7.611821889877319336e-01 2.334164733886718750e+02
7.395531535148620605e-01 -4.163627326488494873e-01 5.288702845573425293e-01 3.218004989624023438e+01 2.400374263525009155e-01 8.972054719924926758e-01 3.706814348697662354e-01 3.891116714477539062e+01 -6.288430690765380859e-01 -1.471899151802062988e-01 7.634731531143188477e-01 2.352910156250000000e+02
7.422465085983276367e-01 -4.255145788192749023e-01 5.176950097084045410e-01 3.349337005615234375e+01 2.486466765403747559e-01 8.922615051269531250e-01 3.768880665302276611e-01 3.981916809082031250e+01 -6.222904920578002930e-01 -1.510206460952758789e-01 7.680800557136535645e-01 2.371596679687500000e+02
7.418703436851501465e-01 -4.239357113838195801e-01 5.195262432098388672e-01 3.470617675781250000e+01 2.506158947944641113e-01 8.939348459243774414e-01 3.715813159942626953e-01 4.062580490112304688e+01 -6.219489574432373047e-01 -1.454635858535766602e-01 7.694280147552490234e-01 2.389381256103515625e+02
7.425011992454528809e-01 -4.363097250461578369e-01 5.082581043243408203e-01 3.606008529663085938e+01 2.632424235343933105e-01 8.877850770950317383e-01 3.775468766689300537e-01 4.156444549560546875e+01 -6.159510612487792969e-01 -1.465338915586471558e-01 7.740359902381896973e-01 2.409490051269531250e+02
7.380634546279907227e-01 -4.397739768028259277e-01 5.117242336273193359e-01 3.751941680908203125e+01 2.673307061195373535e-01 8.869399428367614746e-01 3.766596317291259766e-01 4.260499954223632812e+01 -6.195134520530700684e-01 -1.411990970373153687e-01 7.721822857856750488e-01 2.431467895507812500e+02
7.323485016822814941e-01 -4.454465508460998535e-01 5.150180459022521973e-01 3.889481735229492188e+01 2.710820138454437256e-01 8.845508098602294922e-01 3.795855045318603516e-01 4.356208801269531250e+01 -6.246443390846252441e-01 -1.383767277002334595e-01 7.685511708259582520e-01 2.451972808837890625e+02
7.305606007575988770e-01 -4.445120990276336670e-01 5.183538198471069336e-01 4.031745529174804688e+01 2.730253338813781738e-01 8.859364986419677734e-01 3.749324977397918701e-01 4.457110595703125000e+01 -6.258902549743652344e-01 -1.323872059583663940e-01 7.685925960540771484e-01 2.473320617675781250e+02
7.373337745666503906e-01 -4.403080046176910400e-01 5.123165249824523926e-01 4.171296691894531250e+01 2.722542881965637207e-01 8.877639770507812500e-01 3.711514472961425781e-01 4.549014663696289062e+01 -6.182367801666259766e-01 -1.341821551322937012e-01 7.744533419609069824e-01 2.493705596923828125e+02
7.351815104484558105e-01 -4.463595151901245117e-01 5.101684331893920898e-01 4.301947021484375000e+01 2.747611105442047119e-01 8.842281699180603027e-01 3.776872158050537109e-01 4.637847900390625000e+01 -6.196892857551574707e-01 -1.374942362308502197e-01 7.727095484733581543e-01 2.512832183837890625e+02
7.324452400207519531e-01 -4.523596763610839844e-01 5.088173747062683105e-01 4.438398361206054688e+01 2.793499529361724854e-01 8.812260627746582031e-01 3.813201189041137695e-01 4.732876586914062500e+01 -6.208766698837280273e-01 -1.371580362319946289e-01 7.718155980110168457e-01 2.533133239746093750e+02
7.409341931343078613e-01 -4.511937797069549561e-01 4.974345862865447998e-01 4.574478149414062500e+01 2.871808111667633057e-01 8.824234008789062500e-01 3.726351261138916016e-01 4.828239440917968750e+01 -6.070783138275146484e-01 -1.332444846630096436e-01 7.833908796310424805e-01 2.553095245361328125e+02
7.429259419441223145e-01 -4.556765258312225342e-01 4.903268218040466309e-01 4.704544830322265625e+01 2.902962863445281982e-01 8.793789148330688477e-01 3.773879408836364746e-01 4.919071578979492188e+01 -6.031496524810791016e-01 -1.380312740802764893e-01 7.855936288833618164e-01 2.573568115234375000e+02
7.407801151275634766e-01 -4.621546566486358643e-01 4.875021278858184814e-01 4.827788543701171875e+01 2.964922785758972168e-01 8.761530518531799316e-01 3.800646066665649414e-01 5.007572937011718750e+01 -6.027748584747314453e-01 -1.370037347078323364e-01 7.860610485076904297e-01 2.592915344238281250e+02
7.386377453804016113e-01 -4.697737693786621094e-01 4.834535419940948486e-01 4.960807800292968750e+01 2.967633008956909180e-01 8.705542683601379395e-01 3.925147652626037598e-01 5.105617523193359375e+01 -6.052653789520263672e-01 -1.464550197124481201e-01 7.824348211288452148e-01 2.614446716308593750e+02
7.358041405677795410e-01 -4.722217619419097900e-01 4.853856861591339111e-01 5.084569168090820312e+01 2.986261546611785889e-01 8.695666193962097168e-01 3.932904303073883057e-01 5.199863815307617188e+01 -6.077951788902282715e-01 -1.444359570741653442e-01 7.808474898338317871e-01 2.634407043457031250e+02
7.298938632011413574e-01 -4.821983873844146729e-01 4.844997227191925049e-01 5.216526794433593750e+01 3.090691864490509033e-01 8.650020956993103027e-01 3.952830433845520020e-01 5.300786209106445312e+01 -6.096978783607482910e-01 -1.387708336114883423e-01 7.803913950920104980e-01 2.655052185058593750e+02
7.298853993415832520e-01 -4.845287501811981201e-01 4.821819365024566650e-01 5.350947570800781250e+01 3.144567310810089111e-01 8.643161654472351074e-01 3.925245702266693115e-01 5.402333831787109375e+01 -6.069468855857849121e-01 -1.348727345466613770e-01 7.832141518592834473e-01 2.676125183105468750e+02
7.279697656631469727e-01 -4.918529391288757324e-01 4.776410162448883057e-01 5.483875274658203125e+01 3.200292587280273438e-01 8.598861098289489746e-01 3.977161049842834473e-01 5.507854461669921875e+01 -6.063345670700073242e-01 -1.366663426160812378e-01 7.833775281906127930e-01 2.697370300292968750e+02
7.272247672080993652e-01 -4.976958632469177246e-01 4.726977944374084473e-01 5.606300735473632812e+01 3.279216289520263672e-01 8.569030165672302246e-01 3.977255225181579590e-01 5.607126617431640625e+01 -6.030023694038391113e-01 -1.342281550168991089e-01 7.863654494285583496e-01 2.717720947265625000e+02
7.271593213081359863e-01 -5.000635981559753418e-01 4.702933728694915771e-01 5.728578567504882812e+01 3.319319188594818115e-01 8.558084964752197266e-01 3.967542648315429688e-01 5.702977752685546875e+01 -6.008833050727844238e-01 -1.323983371257781982e-01 7.882953882217407227e-01 2.737923889160156250e+02
7.288081049919128418e-01 -5.001918673515319824e-01 4.675970673561096191e-01 5.853975296020507812e+01 3.317917883396148682e-01 8.553575873374938965e-01 3.978424370288848877e-01 5.803003692626953125e+01 -5.989601612091064453e-01 -1.348060518503189087e-01 7.893502712249755859e-01 2.758513183593750000e+02
7.271194458007812500e-01 -5.016695261001586914e-01 4.686418473720550537e-01 5.983472442626953125e+01 3.350015282630920410e-01 8.551334738731384277e-01 3.956282138824462891e-01 5.904263305664062500e+01 -5.992259383201599121e-01 -1.306733340024948120e-01 7.898434400558471680e-01 2.779424743652343750e+02
7.253373861312866211e-01 -5.010350346565246582e-01 4.720696806907653809e-01 6.117798995971679688e+01 3.313969075679779053e-01 8.552094101905822754e-01 3.984896540641784668e-01 6.011002349853515625e+01 -6.033756136894226074e-01 -1.325971186161041260e-01 7.863560318946838379e-01 2.801309509277343750e+02
7.271639108657836914e-01 -5.016273856163024902e-01 4.686180055141448975e-01 6.242156982421875000e+01 3.329298198223114014e-01 8.547044992446899414e-01 3.982950448989868164e-01 6.108464431762695312e+01 -6.003255248069763184e-01 -1.336089819669723511e-01 7.885162234306335449e-01 2.821642456054687500e+02
