9.988942742347717285e-01 -6.263787858188152313e-03 -4.659343138337135315e-02 -5.635557323694229126e-02 6.420483812689781189e-03 9.999742507934570312e-01 3.214147640392184258e-03 -2.276158519089221954e-02 4.657210037112236023e-02 -3.509746165946125984e-03 9.989087581634521484e-01 1.392346858978271484e+00
9.978351593017578125e-01 -8.555903099477291107e-03 -6.520532071590423584e-02 -1.669096797704696655e-01 9.146567434072494507e-03 9.999197721481323242e-01 8.765369653701782227e-03 -4.438253119587898254e-02 6.512509286403656006e-02 -9.342798963189125061e-03 9.978333115577697754e-01 2.812511444091796875e+00
9.987900853157043457e-01 -1.363474968820810318e-02 -4.724746197462081909e-02 -2.286044657230377197e-01 1.392013859003782272e-02 9.998867511749267578e-01 5.716509185731410980e-03 -6.188826262950897217e-02 4.716416075825691223e-02 -6.367283873260021210e-03 9.988667964935302734e-01 4.312771320343017578e+00
9.978938102722167969e-01 -1.923692226409912109e-02 -6.195005401968955994e-02 -3.295312225818634033e-01 1.935401558876037598e-02 9.998118281364440918e-01 1.290509011596441269e-03 -6.774397939443588257e-02 6.191356480121612549e-02 -2.486772835254669189e-03 9.980783462524414062e-01 5.522213935852050781e+00
9.968865513801574707e-01 -1.996922679245471954e-02 -7.627886533737182617e-02 -4.584813117980957031e-01 2.019430138170719147e-02 9.997936487197875977e-01 2.180374460294842720e-03 -8.830323815345764160e-02 7.621958106756210327e-02 -3.713984042406082153e-03 9.970840811729431152e-01 6.781614780426025391e+00
9.938011765480041504e-01 -2.134129591286182404e-02 -1.091039776802062988e-01 -6.326072216033935547e-01 2.159441448748111725e-02 9.997661113739013672e-01 1.138814841397106647e-03 -1.120525747537612915e-01 1.090541556477546692e-01 -3.487791866064071655e-03 9.940296411514282227e-01 8.072602272033691406e+00
9.901962876319885254e-01 -2.505522035062313080e-02 -1.374174356460571289e-01 -8.265318274497985840e-01 2.605884522199630737e-02 9.996451735496520996e-01 5.509056150913238525e-03 -1.127644702792167664e-01 1.372306644916534424e-01 -9.035986848175525665e-03 9.904978275299072266e-01 9.417504310607910156e+00
9.799644351005554199e-01 -2.571322023868560791e-02 -1.975054740905761719e-01 -1.125057220458984375e+00 2.831582911312580109e-02 9.995452165603637695e-01 1.036417298018932343e-02 -1.232268959283828735e-01 1.971491873264312744e-01 -1.574905216693878174e-02 9.802469015121459961e-01 1.055283832550048828e+01
9.698596000671386719e-01 -2.550786174833774567e-02 -2.423254847526550293e-01 -1.498224973678588867e+00 2.823477052152156830e-02 9.995709061622619629e-01 7.786416448652744293e-03 -1.411260068416595459e-01 2.420229315757751465e-01 -1.439373381435871124e-02 9.701637029647827148e-01 1.183428382873535156e+01
9.457430839538574219e-01 -2.824119850993156433e-02 -3.236857652664184570e-01 -1.908069491386413574e+00 3.284340724349021912e-02 9.994219541549682617e-01 8.763268589973449707e-03 -1.488964110612869263e-01 3.232512176036834717e-01 -1.891874149441719055e-02 9.461240172386169434e-01 1.311712741851806641e+01
9.335276484489440918e-01 -3.257632628083229065e-02 -3.570223450660705566e-01 -2.379822492599487305e+00 4.080723598599433899e-02 9.990459680557250977e-01 1.554365642368793488e-02 -1.456633806228637695e-01 3.561754226684570312e-01 -2.907952666282653809e-02 9.339664578437805176e-01 1.431808662414550781e+01
9.175090789794921875e-01 -3.219844028353691101e-02 -3.964092433452606201e-01 -2.882654666900634766e+00 4.081401601433753967e-02 9.990778565406799316e-01 1.331573538482189178e-02 -1.454912424087524414e-01 3.956149816513061523e-01 -2.839636057615280151e-02 9.179772734642028809e-01 1.543400478363037109e+01
8.961729407310485840e-01 -2.908429875969886780e-02 -4.427506625652313232e-01 -3.462983608245849609e+00 3.895075991749763489e-02 9.991536736488342285e-01 1.320591568946838379e-02 -1.364775151014328003e-01 4.419919252395629883e-01 -2.908025681972503662e-02 8.965474963188171387e-01 1.653976058959960938e+01
8.839579820632934570e-01 -3.124349750578403473e-02 -4.665213823318481445e-01 -4.113422393798828125e+00 4.130538180470466614e-02 9.990818500518798828e-01 1.135510951280593872e-02 -1.398730874061584473e-01 4.657383263111114502e-01 -2.930727787315845490e-02 8.844370245933532715e-01 1.769802093505859375e+01
8.681062459945678711e-01 -2.505576983094215393e-02 -4.957458674907684326e-01 -4.749729633331298828e+00 3.761345893144607544e-02 9.991740584373474121e-01 1.536552328616380692e-02 -1.429402381181716919e-01 4.949514567852020264e-01 -3.198561817407608032e-02 8.683317303657531738e-01 1.877757835388183594e+01
8.201125860214233398e-01 -2.666767686605453491e-02 -5.715805888175964355e-01 -5.532400131225585938e+00 4.255529120564460754e-02 9.989894628524780273e-01 1.445009745657444000e-02 -1.395787149667739868e-01 5.706176161766052246e-01 -3.617448359727859497e-02 8.204187154769897461e-01 1.979617881774902344e+01
8.232289552688598633e-01 -2.602434903383255005e-02 -5.671128630638122559e-01 -6.318456649780273438e+00 4.527751356363296509e-02 9.987761974334716797e-01 1.989242993295192719e-02 -1.443819701671600342e-01 5.659011006355285645e-01 -4.205348342657089233e-02 8.233999013900756836e-01 2.089793777465820312e+01
7.925859689712524414e-01 -2.135697193443775177e-02 -6.093862652778625488e-01 -7.096837520599365234e+00 4.161158576607704163e-02 9.989508390426635742e-01 1.911133527755737305e-02 -1.349053084850311279e-01 6.083387136459350586e-01 -4.050489887595176697e-02 7.926433086395263672e-01 2.184662437438964844e+01
7.621415257453918457e-01 -2.040343359112739563e-02 -6.470890641212463379e-01 -7.928952693939208984e+00 4.631656035780906677e-02 9.986603260040283203e-01 2.306277304887771606e-02 -1.201826333999633789e-01 6.457515358924865723e-01 -4.754803329706192017e-02 7.620657086372375488e-01 2.274037742614746094e+01
7.485339045524597168e-01 -1.569758541882038116e-02 -6.629108786582946777e-01 -8.704711914062500000e+00 4.291560873389244080e-02 9.987704157829284668e-01 2.480801194906234741e-02 -1.195346713066101074e-01 6.617062687873840332e-01 -4.701885953545570374e-02 7.482873797416687012e-01 2.362077331542968750e+01
7.096629142761230469e-01 -1.281350106000900269e-02 -7.044250369071960449e-01 -9.510506629943847656e+00 4.272862151265144348e-02 9.987766742706298828e-01 2.487857639789581299e-02 -1.108364611864089966e-01 7.032444477081298828e-01 -4.775451123714447021e-02 7.093424797058105469e-01 2.438568115234375000e+01
7.209380865097045898e-01 -1.470489520579576492e-02 -6.928436756134033203e-01 -1.022202014923095703e+01 4.478907212615013123e-02 9.986730813980102539e-01 2.540943399071693420e-02 -9.880774468183517456e-02 6.915505528450012207e-01 -4.935044795274734497e-02 7.206402420997619629e-01 2.512074470520019531e+01
6.931477785110473633e-01 -1.520993374288082123e-02 -7.206352353096008301e-01 -1.110776233673095703e+01 5.000432580709457397e-02 9.983831048011779785e-01 2.702482976019382477e-02 -7.753680646419525146e-02 7.190588712692260742e-01 -5.476707220077514648e-02 6.927877068519592285e-01 2.592628097534179688e+01
6.637156009674072266e-01 -9.949788451194763184e-03 -7.479190826416015625e-01 -1.193534469604492188e+01 4.939402639865875244e-02 9.983117580413818359e-01 3.055222891271114349e-02 -7.013043761253356934e-02 7.463522553443908691e-01 -5.722071602940559387e-02 6.630866527557373047e-01 2.660920143127441406e+01
5.907654166221618652e-01 -4.116629250347614288e-03 -8.068330883979797363e-01 -1.287914466857910156e+01 4.563939198851585388e-02 9.985561370849609375e-01 2.832244709134101868e-02 -7.663780450820922852e-02 8.055514693260192871e-01 -5.355528369545936584e-02 5.901004672050476074e-01 2.730605125427246094e+01
5.257495045661926270e-01 -2.794398460537195206e-03 -8.506350517272949219e-01 -1.384525489807128906e+01 5.154499411582946777e-02 9.982614517211914062e-01 2.857889607548713684e-02 -5.501563847064971924e-02 8.490762114524841309e-01 -5.887131020426750183e-02 5.249796509742736816e-01 2.787823295593261719e+01
4.327495694160461426e-01 -5.166277289390563965e-03 -9.014995098114013672e-01 -1.476934814453125000e+01 5.553052574396133423e-02 9.982371926307678223e-01 2.093582600355148315e-02 -5.431668087840080261e-02 8.998022079467773438e-01 -5.912070348858833313e-02 4.322738051414489746e-01 2.819743919372558594e+01
3.304933309555053711e-01 -6.263857940211892128e-04 -9.438082575798034668e-01 -1.560987663269042969e+01 5.027267336845397949e-02 9.985915422439575195e-01 1.694123260676860809e-02 -5.940335243940353394e-02 9.424684047698974609e-01 -5.304672196507453918e-02 3.300594985485076904e-01 2.846634101867675781e+01
2.324570119380950928e-01 1.296144444495439529e-03 -9.726059436798095703e-01 -1.656575393676757812e+01 4.326865822076797485e-02 9.989950060844421387e-01 1.167270261794328690e-02 -6.346402317285537720e-02 9.716436266899108887e-01 -4.479674622416496277e-02 2.321674674749374390e-01 2.863357353210449219e+01
1.434029638767242432e-01 5.479224491864442825e-04 -9.896643757820129395e-01 -1.753810882568359375e+01 4.159322008490562439e-02 9.991126656532287598e-01 6.580031476914882660e-03 -6.438982486724853516e-02 9.887898564338684082e-01 -4.210691526532173157e-02 1.432530879974365234e-01 2.871787261962890625e+01
6.057365238666534424e-02 -1.366604352369904518e-03 -9.981629252433776855e-01 -1.842632293701171875e+01 4.579779133200645447e-02 9.989494681358337402e-01 1.411559525877237320e-03 -9.089867770671844482e-02 9.971123933792114258e-01 -4.579915106296539307e-02 6.057276576757431030e-02 2.870187568664550781e+01
1.708057150244712830e-02 5.980243440717458725e-04 -9.998540878295898438e-01 -1.953599929809570312e+01 5.026711523532867432e-02 9.987344145774841309e-01 1.456066966056823730e-03 -1.062503159046173096e-01 9.985896348953247070e-01 -5.028464272618293762e-02 1.702905818819999695e-02 2.869698524475097656e+01
1.310224272310733795e-02 7.279647979885339737e-03 -9.998877644538879395e-01 -2.102430152893066406e+01 5.599874258041381836e-02 9.983984231948852539e-01 8.002592250704765320e-03 -1.219709962606430054e-01 9.983447790145874023e-01 -5.609731003642082214e-02 1.267377287149429321e-02 2.869340896606445312e+01
1.708498001098632812e-01 2.583203837275505066e-03 -9.852938055992126465e-01 -2.216318893432617188e+01 5.760355666279792786e-02 9.982596039772033691e-01 1.260564103722572327e-02 -1.209487393498420715e-01 9.836117029190063477e-01 -5.891009420156478882e-02 1.704038232564926147e-01 2.890768814086914062e+01
2.126419693231582642e-01 6.150701083242893219e-04 -9.771300554275512695e-01 -2.334897232055664062e+01 5.785321816802024841e-02 9.982372522354125977e-01 1.321830414235591888e-02 -1.230248957872390747e-01 9.754159450531005859e-01 -5.934087932109832764e-02 2.122317254543304443e-01 2.917014503479003906e+01
2.057196795940399170e-01 -4.454179434105753899e-04 -9.786109328269958496e-01 -2.456073379516601562e+01 5.957023799419403076e-02 9.981508255004882812e-01 1.206830050796270370e-02 -1.186892241239547729e-01 9.767960906028747559e-01 -6.077877059578895569e-02 2.053659856319427490e-01 2.942355346679687500e+01
1.711988449096679688e-01 5.155192688107490540e-03 -9.852231144905090332e-01 -2.569216346740722656e+01 6.027075275778770447e-02 9.980583190917968750e-01 1.569538936018943787e-02 -1.228888630867004395e-01 9.833911657333374023e-01 -6.206717342138290405e-02 1.705558896064758301e-01 2.959457969665527344e+01
1.597855687141418457e-01 1.096404343843460083e-02 -9.870910048484802246e-01 -2.682289123535156250e+01 5.941193550825119019e-02 9.980185627937316895e-01 2.070273458957672119e-02 -1.383252441883087158e-01 9.853621721267700195e-01 -6.195298582315444946e-02 1.588177233934402466e-01 2.975732612609863281e+01
1.557715982198715210e-01 1.172407809644937515e-02 -9.877236485481262207e-01 -2.805618095397949219e+01 6.312920898199081421e-02 9.977669715881347656e-01 2.179924398660659790e-02 -1.260020285844802856e-01 9.857736825942993164e-01 -6.574991345405578613e-02 1.546837687492370605e-01 2.994153976440429688e+01
1.856568306684494019e-01 1.751274429261684418e-02 -9.824587106704711914e-01 -2.940181541442871094e+01 6.417124718427658081e-02 9.974904060363769531e-01 2.990722842514514923e-02 -1.133659854531288147e-01 9.805169105529785156e-01 -6.859808415174484253e-02 1.840672045946121216e-01 3.017764663696289062e+01
1.874095201492309570e-01 1.626334711909294128e-02 -9.821473360061645508e-01 -3.089666938781738281e+01 6.872926652431488037e-02 9.971950650215148926e-01 2.962716482579708099e-02 -7.271608710289001465e-02 9.798743128776550293e-01 -7.305469363927841187e-02 1.857661902904510498e-01 3.047904777526855469e+01
1.736084371805191040e-01 2.108425274491310120e-02 -9.845891594886779785e-01 -3.276563644409179688e+01 7.156837731599807739e-02 9.968569278717041016e-01 3.396630287170410156e-02 -4.612585157155990601e-02 9.822106361389160156e-01 -7.636230438947677612e-02 1.715539246797561646e-01 3.077917098999023438e+01
1.508917361497879028e-01 2.297057397663593292e-02 -9.882835149765014648e-01 -3.476974487304687500e+01 7.972531765699386597e-02 9.961904287338256836e-01 3.532686084508895874e-02 -1.559254527091979980e-02 9.853299260139465332e-01 -8.412176370620727539e-02 1.484856903553009033e-01 3.104355621337890625e+01
1.502019912004470825e-01 2.165818214416503906e-02 -9.884182214736938477e-01 -3.679932403564453125e+01 9.028583019971847534e-02 9.952817559242248535e-01 3.552858158946037292e-02 2.466136217117309570e-02 9.845238924026489258e-01 -9.457663446664810181e-02 1.475379765033721924e-01 3.133193206787109375e+01
1.479890644550323486e-01 1.804975606501102448e-02 -9.888243675231933594e-01 -3.873219299316406250e+01 9.651874005794525146e-02 9.947967529296875000e-01 3.260391950607299805e-02 7.701258361339569092e-02 9.842676520347595215e-01 -1.002651229500770569e-01 1.454770117998123169e-01 3.159646606445312500e+01
1.290419250726699829e-01 2.217043936252593994e-02 -9.913914203643798828e-01 -4.085392379760742188e+01 1.021428480744361877e-01 9.941348433494567871e-01 3.552694991230964661e-02 9.360141307115554810e-02 9.863641858100891113e-01 -1.058480143547058105e-01 1.260206550359725952e-01 3.188072967529296875e+01
1.237593889236450195e-01 2.166739478707313538e-02 -9.920758008956909180e-01 -4.294906997680664062e+01 1.113911420106887817e-01 9.931389093399047852e-01 3.558642417192459106e-02 1.165638118982315063e-01 9.860400557518005371e-01 -1.149126142263412476e-01 1.204968392848968506e-01 3.213159942626953125e+01
1.251339018344879150e-01 2.072118222713470459e-02 -9.919235706329345703e-01 -4.520980072021484375e+01 1.125904023647308350e-01 9.930263161659240723e-01 3.494780883193016052e-02 1.575226634740829468e-01 9.857302904129028320e-01 -1.160542443394660950e-01 1.219283789396286011e-01 3.241833114624023438e+01
1.264327019453048706e-01 2.509919926524162292e-02 -9.916577935218811035e-01 -4.738991928100585938e+01 1.139186173677444458e-01 9.926981329917907715e-01 3.964973613619804382e-02 2.041403055191040039e-01 9.854118824005126953e-01 -1.179813072085380554e-01 1.226503700017929077e-01 3.268284225463867188e+01
1.281383931636810303e-01 2.513699419796466827e-02 -9.914378523826599121e-01 -4.950149154663085938e+01 1.103351637721061707e-01 9.931112527847290039e-01 3.943969309329986572e-02 2.598807513713836670e-01 9.855992794036865234e-01 -1.144441962242126465e-01 1.244823113083839417e-01 3.294782638549804688e+01
1.315666735172271729e-01 2.174516953527927399e-02 -9.910689592361450195e-01 -5.166575622558593750e+01 1.165469139814376831e-01 9.924861788749694824e-01 3.724813461303710938e-02 3.269760608673095703e-01 9.844319224357604980e-01 -1.204066425561904907e-01 1.280438899993896484e-01 3.322885131835937500e+01
1.362011134624481201e-01 2.731654420495033264e-02 -9.903046488761901855e-01 -5.392458343505859375e+01 1.178724169731140137e-01 9.920718073844909668e-01 4.357681795954704285e-02 3.764400780200958252e-01 9.836434721946716309e-01 -1.226648166775703430e-01 1.319015324115753174e-01 3.353079986572265625e+01
1.388960629701614380e-01 2.983772382140159607e-02 -9.898574352264404297e-01 -5.649599838256835938e+01 1.214381232857704163e-01 9.914888143539428711e-01 4.692699760198593140e-02 4.590617120265960693e-01 9.828325510025024414e-01 -1.267244070768356323e-01 1.340905576944351196e-01 3.386377716064453125e+01
1.392960399389266968e-01 3.316216543316841125e-02 -9.896954298019409180e-01 -5.881053543090820312e+01 1.229344829916954041e-01 9.911281466484069824e-01 5.051274597644805908e-02 5.558917522430419922e-01 9.825898408889770508e-01 -1.287039220333099365e-01 1.339835673570632935e-01 3.418064880371093750e+01
1.438249200582504272e-01 3.217549622058868408e-02 -9.890800118446350098e-01 -6.105269622802734375e+01 1.309977918863296509e-01 9.900564551353454590e-01 5.125600844621658325e-02 6.256885528564453125e-01 9.808939695358276367e-01 -1.369392126798629761e-01 1.381799727678298950e-01 3.449137496948242188e+01
1.410660147666931152e-01 3.333049640059471130e-02 -9.894390702247619629e-01 -6.322100448608398438e+01 1.356654465198516846e-01 9.893534183502197266e-01 5.266965553164482117e-02 7.034917473793029785e-01 9.806601405143737793e-01 -1.416625976562500000e-01 1.350424587726593018e-01 3.479063796997070312e+01
1.383153498172760010e-01 3.440274670720100403e-02 -9.897906780242919922e-01 -6.555392456054687500e+01 1.503717452287673950e-01 9.870801568031311035e-01 5.532178282737731934e-02 7.988033890724182129e-01 9.789056181907653809e-01 -1.564884036779403687e-01 1.313552558422088623e-01 3.510762405395507812e+01
1.432699561119079590e-01 4.238062351942062378e-02 -9.887759089469909668e-01 -6.786413574218750000e+01 1.522951424121856689e-01 9.862383604049682617e-01 6.433884799480438232e-02 8.873471021652221680e-01 9.778951406478881836e-01 -1.598035991191864014e-01 1.348440796136856079e-01 3.539134979248046875e+01
1.474039554595947266e-01 3.848980367183685303e-02 -9.883273243904113770e-01 -7.015805816650390625e+01 1.551949530839920044e-01 9.859646558761596680e-01 6.154431402683258057e-02 9.908907413482666016e-01 9.768242239952087402e-01 -1.624552607536315918e-01 1.393617838621139526e-01 3.574240112304687500e+01
1.437433362007141113e-01 3.513806685805320740e-02 -9.889910817146301270e-01 -7.261407470703125000e+01 1.614139229059219360e-01 9.851533770561218262e-01 5.846215784549713135e-02 1.095801591873168945e+00 9.763617515563964844e-01 -1.680404692888259888e-01 1.359375864267349243e-01 3.608664703369140625e+01
1.407227069139480591e-01 3.937904164195060730e-02 -9.892657399177551270e-01 -7.495874786376953125e+01 1.620594859123229980e-01 9.848149418830871582e-01 6.225477904081344604e-02 1.202217698097229004e+00 9.766947627067565918e-01 -1.690805405378341675e-01 1.322042346000671387e-01 3.642721939086914062e+01
1.424105018377304077e-01 3.946409747004508972e-02 -9.890207648277282715e-01 -7.714118957519531250e+01 1.670246124267578125e-01 9.839176535606384277e-01 6.331058591604232788e-02 1.325280904769897461e+00 9.756130576133728027e-01 -1.742068976163864136e-01 1.335289031267166138e-01 3.671843719482421875e+01
1.475512087345123291e-01 3.029762208461761475e-02 -9.885903596878051758e-01 -7.962688446044921875e+01 1.818586885929107666e-01 9.816576838493347168e-01 5.722832307219505310e-02 1.429206728935241699e+00 9.721907377243041992e-01 -1.882278472185134888e-01 1.393350511789321899e-01 3.706740188598632812e+01
1.537827998399734497e-01 3.433708474040031433e-02 -9.875079989433288574e-01 -8.186208343505859375e+01 1.871308982372283936e-01 9.802978038787841797e-01 6.322792917490005493e-02 1.507292747497558594e+00 9.702224731445312500e-01 -1.945166140794754028e-01 1.443275660276412964e-01 3.740557861328125000e+01
1.534635275602340698e-01 2.828446030616760254e-02 -9.877495169639587402e-01 -8.402737426757812500e+01 1.935568004846572876e-01 9.793659448623657227e-01 5.811670795083045959e-02 1.607308268547058105e+00 9.690116047859191895e-01 -2.001044154167175293e-01 1.448224633932113647e-01 3.770410156250000000e+01
1.560455560684204102e-01 3.250740468502044678e-02 -9.872148633003234863e-01 -8.632254791259765625e+01 1.968250721693038940e-01 9.783909320831298828e-01 6.332828849554061890e-02 1.704497575759887695e+00 9.679403305053710938e-01 -2.041907012462615967e-01 1.462754458189010620e-01 3.804194641113281250e+01
1.501307189464569092e-01 3.291105106472969055e-02 -9.881182909011840820e-01 -8.876100158691406250e+01 1.989585906267166138e-01 9.779931902885437012e-01 6.280278414487838745e-02 1.829685091972351074e+00 9.684395194053649902e-01 -2.060232162475585938e-01 1.402790397405624390e-01 3.837913894653320312e+01
1.520374566316604614e-01 3.491794317960739136e-02 -9.877578020095825195e-01 -9.094683074951171875e+01 2.008000016212463379e-01 9.774423837661743164e-01 6.546078622341156006e-02 1.942973971366882324e+00 9.677617549896240234e-01 -2.082942277193069458e-01 1.415965110063552856e-01 3.870055770874023438e+01
1.551758199930191040e-01 2.952922135591506958e-02 -9.874454736709594727e-01 -9.317314147949218750e+01 2.106474786996841431e-01 9.755759835243225098e-01 6.227725744247436523e-02 2.056876420974731445e+00 9.651667475700378418e-01 -2.176667749881744385e-01 1.451657414436340332e-01 3.903376007080078125e+01
1.506742537021636963e-01 2.645817212760448456e-02 -9.882293939590454102e-01 -9.513655853271484375e+01 2.132534980773925781e-01 9.752361178398132324e-01 5.862482637166976929e-02 2.132332324981689453e+00 9.653077125549316406e-01 -2.195765674114227295e-01 1.413008570671081543e-01 3.933026123046875000e+01
1.581666916608810425e-01 2.003771066665649414e-02 -9.872091412544250488e-01 -9.733826446533203125e+01 2.180887609720230103e-01 9.743934869766235352e-01 5.471889302134513855e-02 2.219425439834594727e+00 9.630261659622192383e-01 -2.239538580179214478e-01 1.497467756271362305e-01 3.965627288818359375e+01
1.597834378480911255e-01 2.194311469793319702e-02 -9.869082570075988770e-01 -9.999308013916015625e+01 2.208389192819595337e-01 9.736193418502807617e-01 5.740213766694068909e-02 2.321290016174316406e+00 9.621320962905883789e-01 -2.271195948123931885e-01 1.507225334644317627e-01 4.004383468627929688e+01
1.541386544704437256e-01 1.821187883615493774e-02 -9.878814816474914551e-01 -1.021814498901367188e+02 2.228798121213912964e-01 9.734189510345458984e-01 5.272109061479568481e-02 2.395313262939453125e+00 9.625822901725769043e-01 -2.283051311969757080e-01 1.459826231002807617e-01 4.039468002319335938e+01
1.435643434524536133e-01 1.834554597735404968e-02 -9.894710183143615723e-01 -1.044410552978515625e+02 2.261998504400253296e-01 9.727522134780883789e-01 5.085536465048789978e-02 2.479415655136108398e+00 9.634426236152648926e-01 -2.311191558837890625e-01 1.355029642581939697e-01 4.071152114868164062e+01
1.403405368328094482e-01 1.616435870528221130e-02 -9.899713993072509766e-01 -1.066160736083984375e+02 2.315052449703216553e-01 9.716145396232604980e-01 4.868332669138908386e-02 2.559660196304321289e+00 9.626570940017700195e-01 -2.360157519578933716e-01 1.326149553060531616e-01 4.101986694335937500e+01
1.392073780298233032e-01 1.683035679161548615e-02 -9.901202321052551270e-01 -1.087573165893554688e+02 2.343848794698715210e-01 9.708847403526306152e-01 4.945706948637962341e-02 2.624082088470458984e+00 9.621246457099914551e-01 -2.389539629220962524e-01 1.312097311019897461e-01 4.131808471679687500e+01
1.364185214042663574e-01 2.200820297002792358e-02 -9.904068112373352051e-01 -1.108723144531250000e+02 2.355828583240509033e-01 9.703518748283386230e-01 5.401171743869781494e-02 2.695791721343994141e+00 9.622315764427185059e-01 -2.406910061836242676e-01 1.271894127130508423e-01 4.159054946899414062e+01
1.467808187007904053e-01 2.118025720119476318e-02 -9.889422655105590820e-01 -1.129129333496093750e+02 2.407747954130172729e-01 9.689354896545410156e-01 5.648805573582649231e-02 2.763982772827148438e+00 9.594174623489379883e-01 -2.464036643505096436e-01 1.371216773986816406e-01 4.187159729003906250e+01
1.516654491424560547e-01 2.585520967841148376e-02 -9.880936741828918457e-01 -1.149852523803710938e+02 2.452175617218017578e-01 9.674215912818908691e-01 6.295347213745117188e-02 2.837602376937866211e+00 9.575306177139282227e-01 -2.518457174301147461e-01 1.403844803571701050e-01 4.215276336669921875e+01
1.596886664628982544e-01 3.394001722335815430e-02 -9.865838289260864258e-01 -1.172997283935546875e+02 2.461313903331756592e-01 9.664765596389770508e-01 7.308718562126159668e-02 2.939575910568237305e+00 9.559904336929321289e-01 -2.545003592967987061e-01 1.459818482398986816e-01 4.250901031494140625e+01
1.594926416873931885e-01 3.580329194664955139e-02 -9.865496754646301270e-01 -1.195200424194335938e+02 2.525953352451324463e-01 9.645946025848388672e-01 7.584288716316223145e-02 3.037524938583374023e+00 9.543356299400329590e-01 -2.612941563129425049e-01 1.448022127151489258e-01 4.283998489379882812e+01
1.637678891420364380e-01 4.386285692453384399e-02 -9.855232834815979004e-01 -1.216055068969726562e+02 2.577607333660125732e-01 9.624031782150268555e-01 8.566687256097793579e-02 3.147305011749267578e+00 9.522281289100646973e-01 -2.680585980415344238e-01 1.463048309087753296e-01 4.315993499755859375e+01
1.647334843873977661e-01 4.598556458950042725e-02 -9.852655529975891113e-01 -1.236936035156250000e+02 2.557991147041320801e-01 9.627431035041809082e-01 8.770323544740676880e-02 3.321377277374267578e+00 9.525905251502990723e-01 -2.664776146411895752e-01 1.468331664800643921e-01 4.347489547729492188e+01
1.640441268682479858e-01 4.799755290150642395e-02 -9.852846264839172363e-01 -1.260572891235351562e+02 2.587420046329498291e-01 9.617507457733154297e-01 8.993016183376312256e-02 3.493668079376220703e+00 9.519144892692565918e-01 -2.696869075298309326e-01 1.453507691621780396e-01 4.382085037231445312e+01
1.668814569711685181e-01 4.777853563427925110e-02 -9.848186373710632324e-01 -1.284927368164062500e+02 2.651449143886566162e-01 9.598572254180908203e-01 9.149740636348724365e-02 3.684290409088134766e+00 9.496567249298095703e-01 -2.763887643814086914e-01 1.475143134593963623e-01 4.421129989624023438e+01
1.676340848207473755e-01 4.857109114527702332e-02 -9.846520423889160156e-01 -1.309394531250000000e+02 2.746005654335021973e-01 9.569568634033203125e-01 9.395488351583480835e-02 3.890617609024047852e+00 9.468328356742858887e-01 -2.861359119415283203e-01 1.470811367034912109e-01 4.459490203857421875e+01
1.684093624353408813e-01 4.954419285058975220e-02 -9.844712615013122559e-01 -1.334410705566406250e+02 2.780864536762237549e-01 9.557794332504272461e-01 9.567134827375411987e-02 4.121795177459716797e+00 9.456771612167358398e-01 -2.898799180984497070e-01 1.471848338842391968e-01 4.496761322021484375e+01
1.674177646636962891e-01 5.114752426743507385e-02 -9.845584034919738770e-01 -1.356963958740234375e+02 2.796103954315185547e-01 9.551836848258972168e-01 9.716746211051940918e-02 4.283880710601806641e+00 9.454038739204406738e-01 -2.915601730346679688e-01 1.456135362386703491e-01 4.532467651367187500e+01
1.729351729154586792e-01 5.138542130589485168e-02 -9.835919141769409180e-01 -1.380720977783203125e+02 2.838322818279266357e-01 9.536736011505126953e-01 9.972584247589111328e-02 4.470572948455810547e+00 9.431499242782592773e-01 -2.964211106300354004e-01 1.503390669822692871e-01 4.568275451660156250e+01
1.887655854225158691e-01 4.364850744605064392e-02 -9.810516834259033203e-01 -1.401675872802734375e+02 2.904991805553436279e-01 9.518181681632995605e-01 9.824325889348983765e-02 4.637675285339355469e+00 9.380708932876586914e-01 -3.035395145416259766e-01 1.669908463954925537e-01 4.604771423339843750e+01
1.860090494155883789e-01 4.821095615625381470e-02 -9.813646078109741211e-01 -1.424288635253906250e+02 2.908303737640380859e-01 9.513367414474487305e-01 1.018601655960083008e-01 4.832044601440429688e+00 9.385188221931457520e-01 -3.043573796749114990e-01 1.629362106323242188e-01 4.644039916992187500e+01
1.827344000339508057e-01 4.649817198514938354e-02 -9.820622205734252930e-01 -1.445650024414062500e+02 2.953616976737976074e-01 9.501429796218872070e-01 9.994547814130783081e-02 5.004184246063232422e+00 9.377467036247253418e-01 -3.083268702030181885e-01 1.598902046680450439e-01 4.680309295654296875e+01
1.801287382841110229e-01 4.692747071385383606e-02 -9.825230836868286133e-01 -1.469319305419921875e+02 3.038478493690490723e-01 9.473564624786376953e-01 1.009531542658805847e-01 5.187783241271972656e+00 9.355369806289672852e-01 -3.167219161987304688e-01 1.563874930143356323e-01 4.720429229736328125e+01
1.865112483501434326e-01 4.048251733183860779e-02 -9.816185235977172852e-01 -1.492058105468750000e+02 3.090795278549194336e-01 9.460000395774841309e-01 9.773991256952285767e-02 5.371870040893554688e+00 9.325678348541259766e-01 -3.216275870800018311e-01 1.639275252819061279e-01 4.759278106689453125e+01
1.826444715261459351e-01 3.900092095136642456e-02 -9.824053049087524414e-01 -1.512419433593750000e+02 3.077704906463623047e-01 9.467253684997558594e-01 9.480382502079010010e-02 5.544705390930175781e+00 9.337652921676635742e-01 -3.196705579757690430e-01 1.609110087156295776e-01 4.793279647827148438e+01
1.819734722375869751e-01 4.148036986589431763e-02 -9.824282526969909668e-01 -1.533419952392578125e+02 3.089831471443176270e-01 9.460893869400024414e-01 9.717849642038345337e-02 5.728671073913574219e+00 9.334957599639892578e-01 -3.212374448776245117e-01 1.593466252088546753e-01 4.827866363525390625e+01
1.805549114942550659e-01 4.140805453062057495e-02 -9.826930165290832520e-01 -1.556173400878906250e+02 3.128359615802764893e-01 9.448108077049255371e-01 9.729069471359252930e-02 5.896593093872070312e+00 9.324874281883239746e-01 -3.249877989292144775e-01 1.576364934444427490e-01 4.865405654907226562e+01
1.884625405073165894e-01 4.013115167617797852e-02 -9.812602400779724121e-01 -1.577668304443359375e+02 3.184666633605957031e-01 9.426741600036621094e-01 9.971836954355239868e-02 6.067891120910644531e+00 9.290102720260620117e-01 -3.312916457653045654e-01 1.648785024881362915e-01 4.902069473266601562e+01
1.925740242004394531e-01 4.559798911213874817e-02 -9.802226424217224121e-01 -1.597470550537109375e+02 3.242757022380828857e-01 9.398426413536071777e-01 1.074266657233238220e-01 6.247989177703857422e+00 9.261531829833984375e-01 -3.385497331619262695e-01 1.662031263113021851e-01 4.934967422485351562e+01
1.954949051141738892e-01 4.580601304769515991e-02 -9.796345829963684082e-01 -1.618182373046875000e+02 3.252534270286560059e-01 9.393432736396789551e-01 1.088293492794036865e-01 6.432628631591796875e+00 9.251978993415832520e-01 -3.399048149585723877e-01 1.687384247779846191e-01 4.971364593505859375e+01
2.003615647554397583e-01 4.938317462801933289e-02 -9.784768819808959961e-01 -1.638929901123046875e+02 3.299627900123596191e-01 9.369803667068481445e-01 1.148550063371658325e-01 6.639384746551513672e+00 9.224852323532104492e-01 -3.458731770515441895e-01 1.714404225349426270e-01 5.006758499145507812e+01
1.986396908760070801e-01 5.008080229163169861e-02 -9.787924885749816895e-01 -1.659227142333984375e+02 3.380556106567382812e-01 9.339010119438171387e-01 1.163901612162590027e-01 6.831763267517089844e+00 9.199238419532775879e-01 -3.540056645870208740e-01 1.685798913240432739e-01 5.043497467041015625e+01
2.087272852659225464e-01 5.455580353736877441e-02 -9.764512777328491211e-01 -1.678498535156250000e+02 3.385801315307617188e-01 9.326663017272949219e-01 1.244847625494003296e-01 7.030567646026611328e+00 9.174942374229431152e-01 -3.565900325775146484e-01 1.762015670537948608e-01 5.078619003295898438e+01
2.115968763828277588e-01 5.633848160505294800e-02 -9.757321476936340332e-01 -1.699702301025390625e+02 3.426995873451232910e-01 9.306763410568237305e-01 1.280547082424163818e-01 7.258907318115234375e+00 9.153048396110534668e-01 -3.614786565303802490e-01 1.776212006807327271e-01 5.117346954345703125e+01
2.168430835008621216e-01 5.900552868843078613e-02 -9.744217991828918457e-01 -1.721759338378906250e+02 3.460104763507843018e-01 9.287216663360595703e-01 1.332377046346664429e-01 7.513098716735839844e+00 9.128280878067016602e-01 -3.660514950752258301e-01 1.809705197811126709e-01 5.157918548583984375e+01
2.231419682502746582e-01 6.409197300672531128e-02 -9.726768732070922852e-01 -1.740625305175781250e+02 3.438096642494201660e-01 9.285356998443603516e-01 1.400568634271621704e-01 7.763131141662597656e+00 9.121413826942443848e-01 -3.656679689884185791e-01 1.851599961519241333e-01 5.194844818115234375e+01
2.283713668584823608e-01 6.815416365861892700e-02 -9.711858034133911133e-01 -1.760686035156250000e+02 3.477606177330017090e-01 9.260257482528686523e-01 1.467598527669906616e-01 8.009987831115722656e+00 9.093449711799621582e-01 -3.712556660175323486e-01 1.877765804529190063e-01 5.234284591674804688e+01
2.339436411857604980e-01 6.895869225263595581e-02 -9.698017239570617676e-01 -1.778925781250000000e+02 3.493435978889465332e-01 9.249039292335510254e-01 1.500377655029296875e-01 8.276615142822265625e+00 9.073194861412048340e-01 -3.738941848278045654e-01 1.922852694988250732e-01 5.274049758911132812e+01
2.396519929170608521e-01 6.866534054279327393e-02 -9.684277772903442383e-01 -1.798505706787109375e+02 3.476656675338745117e-01 9.252746701240539551e-01 1.516407281160354614e-01 8.555727005004882812e+00 9.064737558364868164e-01 -3.730298876762390137e-01 1.978714913129806519e-01 5.315156936645507812e+01
2.388672232627868652e-01 7.562962919473648071e-02 -9.681028127670288086e-01 -1.819968414306640625e+02 3.519394099712371826e-01 9.224366545677185059e-01 1.588987857103347778e-01 8.839651107788085938e+00 9.050304889678955078e-01 -3.786690235137939453e-01 1.937230080366134644e-01 5.358068084716796875e+01
2.382735013961791992e-01 7.811727374792098999e-02 -9.680515527725219727e-01 -1.841494445800781250e+02 3.509265780448913574e-01 9.224901795387268066e-01 1.608167737722396851e-01 9.151390075683593750e+00 9.055801033973693848e-01 -3.780331909656524658e-01 1.923916786909103394e-01 5.401824188232421875e+01
2.369265705347061157e-01 7.938691973686218262e-02 -9.682788252830505371e-01 -1.862443237304687500e+02 3.543497622013092041e-01 9.209362864494323730e-01 1.622106879949569702e-01 9.480723381042480469e+00 9.045999646186828613e-01 -3.815411925315856934e-01 1.900636553764343262e-01 5.445852279663085938e+01
2.557994127273559570e-01 7.897440344095230103e-02 -9.634988903999328613e-01 -1.883132629394531250e+02 3.599697053432464600e-01 9.172058105468750000e-01 1.707483381032943726e-01 9.802678108215332031e+00 8.972109556198120117e-01 -3.905074894428253174e-01 2.061924338340759277e-01 5.490774154663085938e+01
2.629861235618591309e-01 8.177802711725234985e-02 -9.613277316093444824e-01 -1.903371276855468750e+02 3.648199737071990967e-01 9.139916896820068359e-01 1.775534451007843018e-01 1.013752460479736328e+01 8.931649923324584961e-01 -3.974054157733917236e-01 2.105330079793930054e-01 5.537238311767578125e+01
2.877712547779083252e-01 8.108501881361007690e-02 -9.542605876922607422e-01 -1.921256256103515625e+02 3.644563853740692139e-01 9.121659398078918457e-01 1.874153465032577515e-01 1.045509147644042969e+01 8.856400251388549805e-01 -4.017188847064971924e-01 2.329432815313339233e-01 5.581925964355468750e+01
3.038955628871917725e-01 8.287931978702545166e-02 -9.490936994552612305e-01 -1.939949951171875000e+02 3.650091588497161865e-01 9.100639820098876953e-01 1.963453888893127441e-01 1.080896472930908203e+01 8.800083398818969727e-01 -4.060961604118347168e-01 2.463127970695495605e-01 5.632467269897460938e+01
3.366894721984863281e-01 7.803334295749664307e-02 -9.383769631385803223e-01 -1.957978057861328125e+02 3.633991181850433350e-01 9.085857272148132324e-01 2.059435099363327026e-01 1.117692279815673828e+01 8.686658143997192383e-01 -4.103441238403320312e-01 2.775540649890899658e-01 5.688019561767578125e+01
4.007815718650817871e-01 8.237610757350921631e-02 -9.124629497528076172e-01 -1.973327941894531250e+02 3.495484888553619385e-01 9.068632125854492188e-01 2.354029417037963867e-01 1.155352783203125000e+01 8.468701243400573730e-01 -4.132949411869049072e-01 3.346596658229827881e-01 5.746365737915039062e+01
4.486105442047119141e-01 8.339167386293411255e-02 -8.898285031318664551e-01 -1.988514709472656250e+02 3.400054872035980225e-01 9.048480987548828125e-01 2.562143802642822266e-01 1.196683406829833984e+01 8.265252113342285156e-01 -4.174867868423461914e-01 3.775707781314849854e-01 5.813625717163085938e+01
5.101380348205566406e-01 8.302061259746551514e-02 -8.560765385627746582e-01 -2.004405670166015625e+02 3.229570090770721436e-01 9.040084481239318848e-01 2.801198065280914307e-01 1.244792556762695312e+01 7.971556782722473145e-01 -4.193754494190216064e-01 4.343569576740264893e-01 5.896154022216796875e+01
5.537992119789123535e-01 8.385360985994338989e-02 -8.284173607826232910e-01 -2.017938232421875000e+02 3.098950684070587158e-01 9.026851654052734375e-01 2.985368072986602783e-01 1.294399452209472656e+01 7.728329300880432129e-01 -4.220516383647918701e-01 4.739204347133636475e-01 5.981586456298828125e+01
6.426947712898254395e-01 7.913036644458770752e-02 -7.620249986648559570e-01 -2.028223571777343750e+02 2.835699617862701416e-01 8.994382023811340332e-01 3.325636684894561768e-01 1.340364170074462891e+01 7.117097973823547363e-01 -4.298240840435028076e-01 5.556251406669616699e-01 6.059774398803710938e+01
6.715662479400634766e-01 8.155617862939834595e-02 -7.364425659179687500e-01 -2.039525299072265625e+02 2.703625857830047607e-01 8.984210491180419922e-01 3.460394740104675293e-01 1.391255378723144531e+01 6.898567080497741699e-01 -4.314947128295898438e-01 5.812994241714477539e-01 6.150915145874023438e+01
6.931962966918945312e-01 8.142086863517761230e-02 -7.161353230476379395e-01 -2.050549774169921875e+02 2.647209763526916504e-01 8.953924775123596191e-01 3.580430150032043457e-01 1.444650077819824219e+01 6.703738570213317871e-01 -4.377699196338653564e-01 5.991287827491760254e-01 6.245327377319335938e+01
7.320886850357055664e-01 7.941051572561264038e-02 -6.765651702880859375e-01 -2.060624389648437500e+02 2.496148794889450073e-01 8.928306102752685547e-01 3.748942315578460693e-01 1.499268531799316406e+01 6.338281035423278809e-01 -4.433363080024719238e-01 6.338089108467102051e-01 6.342260742187500000e+01
7.490972876548767090e-01 7.659040391445159912e-02 -6.580178737640380859e-01 -2.071553039550781250e+02 2.448052465915679932e-01 8.909789323806762695e-01 3.823959827423095703e-01 1.559926891326904297e+01 6.155673861503601074e-01 -4.475377500057220459e-01 6.486799120903015137e-01 6.450904846191406250e+01
7.624902725219726562e-01 7.905651628971099854e-02 -6.421518325805664062e-01 -2.082679595947265625e+02 2.403695881366729736e-01 8.868569731712341309e-01 3.945971727371215820e-01 1.627000808715820312e+01 6.006917953491210938e-01 -4.552299976348876953e-01 6.572167277336120605e-01 6.566550445556640625e+01
7.641670107841491699e-01 7.716349512338638306e-02 -6.403864622116088867e-01 -2.094216003417968750e+02 2.430384308099746704e-01 8.851998448371887207e-01 3.966777622699737549e-01 1.694597625732421875e+01 5.974785685539245605e-01 -4.587662816047668457e-01 6.576865911483764648e-01 6.683132934570312500e+01
7.963379621505737305e-01 7.032706588506698608e-02 -6.007496118545532227e-01 -2.104244232177734375e+02 2.311617583036422729e-01 8.824339509010314941e-01 4.097246229648590088e-01 1.762275886535644531e+01 5.589360594749450684e-01 -4.651493132114410400e-01 6.864585280418395996e-01 6.801046752929687500e+01
8.084303140640258789e-01 6.355465948581695557e-02 -5.851507782936096191e-01 -2.113056488037109375e+02 2.271928489208221436e-01 8.834134340286254883e-01 4.098339378833770752e-01 1.822513961791992188e+01 5.429764389991760254e-01 -4.642639458179473877e-01 6.997388005256652832e-01 6.906356048583984375e+01
8.297817707061767578e-01 6.263264268636703491e-02 -5.545625090599060059e-01 -2.120860900878906250e+02 2.149256020784378052e-01 8.811770677566528320e-01 4.211099743843078613e-01 1.880199241638183594e+01 5.150426030158996582e-01 -4.686187803745269775e-01 7.177230715751647949e-01 7.010270690917968750e+01
