9.999657869338989258e-01 -6.800046656280755997e-03 -4.709264263510704041e-03 -2.009488828480243683e-02 6.811006460338830948e-03 9.999741315841674805e-01 2.315183170139789581e-03 -2.740226313471794128e-02 4.693399183452129364e-03 -2.347178757190704346e-03 9.999862313270568848e-01 2.813593149185180664e+00
9.997887611389160156e-01 -1.879632659256458282e-02 -8.311940357089042664e-03 -4.420477151870727539e-02 1.881441287696361542e-02 9.998208284378051758e-01 2.102907979860901833e-03 -7.656541466712951660e-02 8.270923979580402374e-03 -2.258848166093230247e-03 9.999632835388183594e-01 5.692947864532470703e+00
9.995948672294616699e-01 -2.775830961763858795e-02 -6.280642934143543243e-03 -5.362150073051452637e-02 2.778184413909912109e-02 9.996072053909301758e-01 3.690829966217279434e-03 -1.327750980854034424e-01 6.175724789500236511e-03 -3.863823134452104568e-03 9.999734759330749512e-01 8.490360260009765625e+00
9.992839097976684570e-01 -3.608821332454681396e-02 -1.136454381048679352e-02 -6.385835260152816772e-02 3.613827377557754517e-02 9.993377923965454102e-01 4.230403807014226913e-03 -1.818390935659408569e-01 1.120435073971748352e-02 -4.638069774955511093e-03 9.999265074729919434e-01 1.127267932891845703e+01
9.990933537483215332e-01 -3.968247398734092712e-02 -1.541451457887887955e-02 -7.053202390670776367e-02 3.985598683357238770e-02 9.991434812545776367e-01 1.111663412302732468e-02 -2.232392728328704834e-01 1.496017724275588989e-02 -1.172091811895370483e-02 9.998194575309753418e-01 1.393729400634765625e+01
9.989851713180541992e-01 -4.287862032651901245e-02 -1.378040760755538940e-02 -1.067298129200935364e-01 4.307883977890014648e-02 9.989652633666992188e-01 1.457574497908353806e-02 -2.951397597789764404e-01 1.314116083085536957e-02 -1.515460107475519180e-02 9.997988343238830566e-01 1.687605094909667969e+01
9.988362193107604980e-01 -4.464801028370857239e-02 -1.823901943862438202e-02 -1.303778439760208130e-01 4.499484226107597351e-02 9.988051056861877441e-01 1.906926184892654419e-02 -3.112200796604156494e-01 1.736582256853580475e-02 -1.986773312091827393e-02 9.996518492698669434e-01 1.980998802185058594e+01
9.984595179557800293e-01 -5.339598283171653748e-02 -1.507580559700727463e-02 -1.647785604000091553e-01 5.371155962347984314e-02 9.983277916908264160e-01 2.136624790728092194e-02 -2.938940525054931641e-01 1.390972360968589783e-02 -2.214308083057403564e-02 9.996581077575683594e-01 2.283665466308593750e+01
9.986562728881835938e-01 -4.942557588219642639e-02 -1.557326316833496094e-02 -1.619485169649124146e-01 4.976132512092590332e-02 9.985195398330688477e-01 2.196415327489376068e-02 -2.915696799755096436e-01 1.446461584419012070e-02 -2.270958758890628815e-02 9.996375441551208496e-01 2.563760757446289062e+01
9.977508187294006348e-01 -6.288493424654006958e-02 -2.320947498083114624e-02 -2.136968821287155151e-01 6.347014755010604858e-02 9.976603388786315918e-01 2.540269494056701660e-02 -3.105092644691467285e-01 2.155772782862186432e-02 -2.681867219507694244e-02 9.994078874588012695e-01 2.836695480346679688e+01
9.973932504653930664e-01 -6.609487533569335938e-02 -2.895001508295536041e-02 -2.763434648513793945e-01 6.693723052740097046e-02 9.973308444023132324e-01 2.916348353028297424e-02 -2.621937990188598633e-01 2.694519050419330597e-02 -3.102529980242252350e-02 9.991553425788879395e-01 3.121592521667480469e+01
9.971721768379211426e-01 -6.661666929721832275e-02 -3.478306531906127930e-02 -3.519233465194702148e-01 6.771399080753326416e-02 9.972109794616699219e-01 3.138373047113418579e-02 -2.778636217117309570e-01 3.259538114070892334e-02 -3.365028277039527893e-02 9.989020228385925293e-01 3.414159774780273438e+01
9.967008829116821289e-01 -7.047674059867858887e-02 -4.025484248995780945e-02 -4.365855753421783447e-01 7.188951969146728516e-02 9.968053698539733887e-01 3.479690849781036377e-02 -2.337082177400588989e-01 3.767387941479682922e-02 -3.757600858807563782e-02 9.985833168029785156e-01 3.698655700683593750e+01
9.967364072799682617e-01 -7.270479947328567505e-02 -3.508029505610466003e-02 -5.444053411483764648e-01 7.432693988084793091e-02 9.961069822311401367e-01 4.739394038915634155e-02 -1.578117758035659790e-01 3.149797022342681885e-02 -4.984667524695396423e-02 9.982600212097167969e-01 3.977658843994140625e+01
9.964600801467895508e-01 -7.859326153993606567e-02 -2.984116785228252411e-02 -6.117440462112426758e-01 8.008673787117004395e-02 9.953950643539428711e-01 5.267461761832237244e-02 -1.066396236419677734e-01 2.556388825178146362e-02 -5.487803742289543152e-02 9.981657266616821289e-01 4.250253677368164062e+01
9.962267279624938965e-01 -8.012243360280990601e-02 -3.335838019847869873e-02 -6.973741054534912109e-01 8.179353922605514526e-02 9.952826499938964844e-01 5.217334628105163574e-02 -3.134593367576599121e-03 2.902076765894889832e-02 -5.470498278737068176e-02 9.980806708335876465e-01 4.524998092651367188e+01
9.955673813819885254e-01 -8.669657260179519653e-02 -3.646183013916015625e-02 -7.748171687126159668e-01 8.867129683494567871e-02 9.944533705711364746e-01 5.656698718667030334e-02 9.253196418285369873e-02 3.135542944073677063e-02 -5.954936146736145020e-02 9.977326989173889160e-01 4.800151824951171875e+01
9.946972727775573730e-01 -9.152773767709732056e-02 -4.690595343708992004e-02 -8.878185153007507324e-01 9.431941807270050049e-02 9.936572313308715820e-01 6.122992932796478271e-02 2.004715055227279663e-01 4.100420325994491577e-02 -6.532938033342361450e-02 9.970207810401916504e-01 5.080283355712890625e+01
9.939987063407897949e-01 -1.009643524885177612e-01 -4.210557416081428528e-02 -9.757356643676757812e-01 1.034857183694839478e-01 9.926490187644958496e-01 6.275865435600280762e-02 3.395754992961883545e-01 3.545967116951942444e-02 -6.673934310674667358e-02 9.971400499343872070e-01 5.347234344482421875e+01
9.939370751380920410e-01 -1.011756435036659241e-01 -4.304264485836029053e-02 -1.084422469139099121e+00 1.039728075265884399e-01 9.922075867652893066e-01 6.865668296813964844e-02 4.703640639781951904e-01 3.576086089015007019e-02 -7.271569222211837769e-02 9.967112541198730469e-01 5.612056350708007812e+01
9.931468367576599121e-01 -1.049079596996307373e-01 -5.151405930519104004e-02 -1.204025030136108398e+00 1.084526255726814270e-01 9.915153980255126953e-01 7.166022062301635742e-02 5.854257941246032715e-01 4.355926066637039185e-02 -7.675595581531524658e-02 9.960978031158447266e-01 5.870129394531250000e+01
9.928205609321594238e-01 -1.051294580101966858e-01 -5.705501139163970947e-02 -1.327250719070434570e+00 1.091618165373802185e-01 9.913486838340759277e-01 7.287920266389846802e-02 7.401922345161437988e-01 4.889966547489166260e-02 -7.858418673276901245e-02 9.957073330879211426e-01 6.160873031616210938e+01
9.922891855239868164e-01 -1.056788191199302673e-01 -6.476251035928726196e-02 -1.482239007949829102e+00 1.106607168912887573e-01 9.907222390174865723e-01 7.888910919427871704e-02 8.729213476181030273e-01 5.582475662231445312e-02 -8.544746786355972290e-02 9.947773218154907227e-01 6.431549072265625000e+01
9.920147657394409180e-01 -1.097313985228538513e-01 -6.217576563358306885e-02 -1.629428505897521973e+00 1.145739406347274780e-01 9.901422262191772461e-01 8.056731522083282471e-02 1.046140074729919434e+00 5.272208154201507568e-02 -8.704767376184463501e-02 9.948078393936157227e-01 6.704487609863281250e+01
9.915308356285095215e-01 -1.102029159665107727e-01 -6.871746480464935303e-02 -1.802231907844543457e+00 1.157666370272636414e-01 9.897975921630859375e-01 8.305872231721878052e-02 1.227481365203857422e+00 5.886306241154670715e-02 -9.031046181917190552e-02 9.941723942756652832e-01 6.996049499511718750e+01
9.908734560012817383e-01 -1.129069104790687561e-01 -7.363394647836685181e-02 -1.959690213203430176e+00 1.187647283077239990e-01 9.896355271339416504e-01 8.072512596845626831e-02 1.430038213729858398e+00 6.375633180141448975e-02 -8.873349428176879883e-02 9.940125942230224609e-01 7.272145080566406250e+01
9.900140166282653809e-01 -1.167553216218948364e-01 -7.899773865938186646e-02 -2.162526845932006836e+00 1.229001581668853760e-01 9.893499612808227539e-01 7.798951864242553711e-02 1.604543209075927734e+00 6.905069202184677124e-02 -8.691953867673873901e-02 9.938191771507263184e-01 7.544341278076171875e+01
9.891133308410644531e-01 -1.214895471930503845e-01 -8.303804695606231689e-02 -2.383269786834716797e+00 1.287416964769363403e-01 9.877294301986694336e-01 8.840887993574142456e-02 1.809096097946166992e+00 7.127834856510162354e-02 -9.813684225082397461e-02 9.926168322563171387e-01 7.838240051269531250e+01
9.878593087196350098e-01 -1.249976530671119690e-01 -9.224870055913925171e-02 -2.636663436889648438e+00 1.331923604011535645e-01 9.871063828468322754e-01 8.877436071634292603e-02 1.991375327110290527e+00 7.996267080307006836e-02 -9.998339414596557617e-02 9.917705655097961426e-01 8.140747833251953125e+01
9.865677356719970703e-01 -1.272898167371749878e-01 -1.023803129792213440e-01 -2.936015129089355469e+00 1.373753696680068970e-01 9.856231808662414551e-01 9.836175292730331421e-02 2.191423416137695312e+00 8.838792890310287476e-02 -1.111050471663475037e-01 9.898701310157775879e-01 8.434798431396484375e+01
9.850781559944152832e-01 -1.309308558702468872e-01 -1.117072552442550659e-01 -3.224241495132446289e+00 1.423221379518508911e-01 9.846598505973815918e-01 1.009428799152374268e-01 2.427779912948608398e+00 9.677706658840179443e-02 -1.153350248932838440e-01 9.886008501052856445e-01 8.720169830322265625e+01
9.823825359344482422e-01 -1.434088796377182007e-01 -1.198280006647109985e-01 -3.531494617462158203e+00 1.564721912145614624e-01 9.817799925804138184e-01 1.078176200389862061e-01 2.667567253112792969e+00 1.021826788783073425e-01 -1.246678903698921204e-01 9.869226217269897461e-01 8.999017333984375000e+01
9.814661145210266113e-01 -1.466107219457626343e-01 -1.234092339873313904e-01 -3.814399719238281250e+00 1.601108014583587646e-01 9.812093377113342285e-01 1.076702624559402466e-01 2.926930904388427734e+00 1.053046211600303650e-01 -1.254338473081588745e-01 9.864972829818725586e-01 9.269059753417968750e+01
9.808989167213439941e-01 -1.453546434640884399e-01 -1.292654573917388916e-01 -4.152407169342041016e+00 1.596108227968215942e-01 9.812822341918945312e-01 1.077484786510467529e-01 3.160899400711059570e+00 1.111840903759002686e-01 -1.263225227594375610e-01 9.857384562492370605e-01 9.548049926757812500e+01
9.806004166603088379e-01 -1.437509804964065552e-01 -1.332616060972213745e-01 -4.539924621582031250e+00 1.594897210597991943e-01 9.803510904312133789e-01 1.160818487405776978e-01 3.416132450103759766e+00 1.139562204480171204e-01 -1.350837647914886475e-01 9.842590689659118652e-01 9.836394500732421875e+01
9.794439077377319336e-01 -1.482891440391540527e-01 -1.367485374212265015e-01 -4.907040119171142578e+00 1.647547781467437744e-01 9.792309999465942383e-01 1.181637272238731384e-01 3.654320240020751953e+00 1.163859516382217407e-01 -1.382647007703781128e-01 9.835327267646789551e-01 1.010420455932617188e+02
9.781783223152160645e-01 -1.533177942037582397e-01 -1.402180492877960205e-01 -5.254073143005371094e+00 1.705899387598037720e-01 9.779111742973327637e-01 1.207845807075500488e-01 3.948511362075805664e+00 1.186023205518722534e-01 -1.420686244964599609e-01 9.827255606651306152e-01 1.037770767211914062e+02
9.782800078392028809e-01 -1.532811969518661499e-01 -1.395471692085266113e-01 -5.609729766845703125e+00 1.708975285291671753e-01 9.773952960968017578e-01 1.244688630104064941e-01 4.239248275756835938e+00 1.173139661550521851e-01 -1.456136554479598999e-01 9.823612570762634277e-01 1.064324264526367188e+02
9.750778079032897949e-01 -1.612302809953689575e-01 -1.524085998535156250e-01 -6.015201568603515625e+00 1.814320981502532959e-01 9.748396873474121094e-01 1.294985115528106689e-01 4.545973300933837891e+00 1.276948302984237671e-01 -1.539229154586791992e-01 9.797965288162231445e-01 1.092273101806640625e+02
9.724509716033935547e-01 -1.679039001464843750e-01 -1.617024987936019897e-01 -6.474529743194580078e+00 1.900995075702667236e-01 9.726812839508056641e-01 1.332410573959350586e-01 4.873133182525634766e+00 1.349132508039474487e-01 -1.603099256753921509e-01 9.778029918670654297e-01 1.121820526123046875e+02
9.720960259437561035e-01 -1.684736758470535278e-01 -1.632367372512817383e-01 -6.884367942810058594e+00 1.918575316667556763e-01 9.713882207870483398e-01 1.399840861558914185e-01 5.184916973114013672e+00 1.349825561046600342e-01 -1.673961281776428223e-01 9.766052365303039551e-01 1.148734054565429688e+02
9.702718257904052734e-01 -1.719816476106643677e-01 -1.702797114849090576e-01 -7.335290908813476562e+00 1.970611512660980225e-01 9.698584079742431641e-01 1.433228254318237305e-01 5.529920101165771484e+00 1.404982805252075195e-01 -1.726175546646118164e-01 9.749168157577514648e-01 1.175548019409179688e+02
9.699255228042602539e-01 -1.731100082397460938e-01 -1.711074560880661011e-01 -7.826816082000732422e+00 1.989074200391769409e-01 9.688878059387207031e-01 1.472824513912200928e-01 5.922046184539794922e+00 1.402878314256668091e-01 -1.768874675035476685e-01 9.741814732551574707e-01 1.204842834472656250e+02
9.685731530189514160e-01 -1.783305257558822632e-01 -1.733916997909545898e-01 -8.280630111694335938e+00 2.038544118404388428e-01 9.685616493225097656e-01 1.425886899232864380e-01 6.266997337341308594e+00 1.425126045942306519e-01 -1.734541654586791992e-01 9.744758605957031250e-01 1.231992187500000000e+02
9.669368863105773926e-01 -1.874479204416275024e-01 -1.729070842266082764e-01 -8.796575546264648438e+00 2.129316627979278564e-01 9.665575027465820312e-01 1.429215818643569946e-01 6.632583141326904297e+00 1.403342485427856445e-01 -1.750134676694869995e-01 9.745131731033325195e-01 1.261472549438476562e+02
9.626764655113220215e-01 -1.962062120437622070e-01 -1.864336580038070679e-01 -9.234571456909179688e+00 2.246872335672378540e-01 9.633821845054626465e-01 1.463224887847900391e-01 6.981607437133789062e+00 1.508974283933639526e-01 -1.827504187822341919e-01 9.715099334716796875e-01 1.287504425048828125e+02
9.602838158607482910e-01 -2.047208398580551147e-01 -1.895911246538162231e-01 -9.697175025939941406e+00 2.342585176229476929e-01 9.606561660766601562e-01 1.492063403129577637e-01 7.312120914459228516e+00 1.515862047672271729e-01 -1.876937001943588257e-01 9.704596996307373047e-01 1.313742523193359375e+02
9.589066505432128906e-01 -2.058799713850021362e-01 -1.952225267887115479e-01 -1.024585723876953125e+01 2.377563714981079102e-01 9.585632085800170898e-01 1.569340527057647705e-01 7.681872844696044922e+00 1.548235416412353516e-01 -1.969004273414611816e-01 9.681214690208435059e-01 1.341057281494140625e+02
9.581606984138488770e-01 -2.161017060279846191e-01 -1.876923441886901855e-01 -1.078671646118164062e+01 2.460612952709197998e-01 9.568735957145690918e-01 1.544235944747924805e-01 8.082385063171386719e+00 1.462266296148300171e-01 -1.941463798284530640e-01 9.700124859809875488e-01 1.368032379150390625e+02
9.582634568214416504e-01 -2.095039933919906616e-01 -1.945237517356872559e-01 -1.128932952880859375e+01 2.415865808725357056e-01 9.572397470474243164e-01 1.591473668813705444e-01 8.434217453002929688e+00 1.528638303279876709e-01 -1.994993686676025391e-01 9.679007530212402344e-01 1.394668273925781250e+02
9.581980705261230469e-01 -2.099093794822692871e-01 -1.944087892770767212e-01 -1.183393192291259766e+01 2.425517290830612183e-01 9.563710093498229980e-01 1.628591269254684448e-01 8.852131843566894531e+00 1.517412513494491577e-01 -2.032054364681243896e-01 9.673062562942504883e-01 1.423072967529296875e+02
9.553316831588745117e-01 -2.180429250001907349e-01 -1.994965523481369019e-01 -1.235866737365722656e+01 2.514725923538208008e-01 9.543536901473999023e-01 1.611536592245101929e-01 9.253115653991699219e+00 1.552518308162689209e-01 -2.041230797767639160e-01 9.665557146072387695e-01 1.449883422851562500e+02
9.521071910858154297e-01 -2.250459939241409302e-01 -2.069937735795974731e-01 -1.291100597381591797e+01 2.613972127437591553e-01 9.502890706062316895e-01 1.691804826259613037e-01 9.642845153808593750e+00 1.586305052042007446e-01 -2.151854932308197021e-01 9.636030793190002441e-01 1.477109680175781250e+02
9.495990872383117676e-01 -2.300406694412231445e-01 -2.129392474889755249e-01 -1.350946712493896484e+01 2.682279348373413086e-01 9.478411674499511719e-01 1.721940040588378906e-01 1.005237007141113281e+01 1.622209399938583374e-01 -2.206314802169799805e-01 9.617720246315002441e-01 1.503326263427734375e+02
9.475991725921630859e-01 -2.383513152599334717e-01 -2.127081304788589478e-01 -1.409974002838134766e+01 2.773018479347229004e-01 9.442965388298034668e-01 1.772219985723495483e-01 1.048148155212402344e+01 1.586184352636337280e-01 -2.269197404384613037e-01 9.609093666076660156e-01 1.530023803710937500e+02
9.443988800048828125e-01 -2.449908107519149780e-01 -2.192953526973724365e-01 -1.466868782043457031e+01 2.863255143165588379e-01 9.406497478485107422e-01 1.821964085102081299e-01 1.093513679504394531e+01 1.616436541080474854e-01 -2.348559051752090454e-01 9.584953188896179199e-01 1.556414184570312500e+02
9.392955303192138672e-01 -2.527880966663360596e-01 -2.319961935281753540e-01 -1.528947353363037109e+01 2.963359951972961426e-01 9.385063052177429199e-01 1.771742850542068481e-01 1.136475563049316406e+01 1.729423105716705322e-01 -2.351678013801574707e-01 9.564446210861206055e-01 1.583522949218750000e+02
9.367596507072448730e-01 -2.560677826404571533e-01 -2.385598421096801758e-01 -1.586539363861083984e+01 3.010850846767425537e-01 9.371484518051147461e-01 1.763528883457183838e-01 1.177497768402099609e+01 1.784076541662216187e-01 -2.370270341634750366e-01 9.549807310104370117e-01 1.609120788574218750e+02
9.306381940841674805e-01 -2.628849148750305176e-01 -2.545667290687561035e-01 -1.651380920410156250e+01 3.132551610469818115e-01 9.319022297859191895e-01 1.828363090753555298e-01 1.221544837951660156e+01 1.891663521528244019e-01 -2.498987466096878052e-01 9.496136307716369629e-01 1.635543365478515625e+02
9.275619387626647949e-01 -2.666916847229003906e-01 -2.617335915565490723e-01 -1.716998100280761719e+01 3.192383050918579102e-01 9.296145439147949219e-01 1.841289997100830078e-01 1.264872932434082031e+01 1.942056119441986084e-01 -2.543464004993438721e-01 9.474129676818847656e-01 1.661066436767578125e+02
9.233831167221069336e-01 -2.798573970794677734e-01 -2.627615332603454590e-01 -1.789259529113769531e+01 3.323405086994171143e-01 9.253703355789184570e-01 1.823164969682693481e-01 1.312384605407714844e+01 1.921290159225463867e-01 -2.556742429733276367e-01 9.474790096282958984e-01 1.687422943115234375e+02
9.230273365974426270e-01 -2.828131914138793945e-01 -2.608397006988525391e-01 -1.863330841064453125e+01 3.352238535881042480e-01 9.238908886909484863e-01 1.845275759696960449e-01 1.359349250793457031e+01 1.888004839420318604e-01 -2.577636539936065674e-01 9.475820064544677734e-01 1.714440002441406250e+02
9.176800847053527832e-01 -2.927508652210235596e-01 -2.686267197132110596e-01 -1.933734512329101562e+01 3.461983799934387207e-01 9.209145307540893555e-01 1.790615916252136230e-01 1.405528354644775391e+01 1.949617117643356323e-01 -2.573193609714508057e-01 9.464544653892517090e-01 1.740187835693359375e+02
9.164180159568786621e-01 -2.942255735397338867e-01 -2.713106274604797363e-01 -2.001252937316894531e+01 3.487067818641662598e-01 9.196918010711669922e-01 1.804729253053665161e-01 1.450091743469238281e+01 1.964222788810729980e-01 -2.599964737892150879e-01 9.454203248023986816e-01 1.765191955566406250e+02
9.127448797225952148e-01 -2.997144162654876709e-01 -2.776116132736206055e-01 -2.078569030761718750e+01 3.557771742343902588e-01 9.171590805053710938e-01 1.795598268508911133e-01 1.496338939666748047e+01 2.007972151041030884e-01 -2.626601755619049072e-01 9.437635540962219238e-01 1.792900390625000000e+02
9.113996028900146484e-01 -2.972849309444427490e-01 -2.845568358898162842e-01 -2.153332710266113281e+01 3.561065793037414551e-01 9.162940382957458496e-01 1.832846552133560181e-01 1.538287544250488281e+01 2.062498182058334351e-01 -2.683781385421752930e-01 9.409748911857604980e-01 1.819173583984375000e+02
9.064723849296569824e-01 -2.933702766895294189e-01 -3.037134110927581787e-01 -2.228199386596679688e+01 3.589059710502624512e-01 9.142204523086547852e-01 1.881153434514999390e-01 1.582051944732666016e+01 2.224733829498291016e-01 -2.795259356498718262e-01 9.340077042579650879e-01 1.844324188232421875e+02
9.003333449363708496e-01 -2.918352186679840088e-01 -3.228500783443450928e-01 -2.312306404113769531e+01 3.643273711204528809e-01 9.111911058425903320e-01 1.923441886901855469e-01 1.629962348937988281e+01 2.380451261997222900e-01 -2.907970249652862549e-01 9.266990423202514648e-01 1.870975189208984375e+02
8.952633142471313477e-01 -2.997725903987884521e-01 -3.296059966087341309e-01 -2.404782485961914062e+01 3.748610615730285645e-01 9.066399931907653809e-01 1.936051994562149048e-01 1.681144905090332031e+01 2.407962828874588013e-01 -2.968841195106506348e-01 9.240543246269226074e-01 1.898217468261718750e+02
8.949973583221435547e-01 -2.959557175636291504e-01 -3.337514102458953857e-01 -2.498235321044921875e+01 3.724680244922637939e-01 9.075272083282470703e-01 1.940664649009704590e-01 1.733475112915039062e+01 2.454532384872436523e-01 -2.980007231235504150e-01 9.224683046340942383e-01 1.925221557617187500e+02
8.930625915527343750e-01 -2.996246218681335449e-01 -3.356549739837646484e-01 -2.585742759704589844e+01 3.755723237991333008e-01 9.072282910346984863e-01 1.894253939390182495e-01 1.779593658447265625e+01 2.477590441703796387e-01 -2.952314913272857666e-01 9.227422475814819336e-01 1.949428405761718750e+02
8.899204134941101074e-01 -3.061904013156890869e-01 -3.380665779113769531e-01 -2.680052375793457031e+01 3.832651376724243164e-01 9.038217067718505859e-01 1.902993172407150269e-01 1.830272293090820312e+01 2.472839951515197754e-01 -2.989204227924346924e-01 9.216814041137695312e-01 1.975074462890625000e+02
8.861017823219299316e-01 -3.110004961490631104e-01 -3.436600565910339355e-01 -2.770810317993164062e+01 3.897748887538909912e-01 9.012153148651123047e-01 1.894363462924957275e-01 1.874318695068359375e+01 2.507968246936798096e-01 -3.018099963665008545e-01 9.197885990142822266e-01 2.000190277099609375e+02
8.847308158874511719e-01 -3.133797347545623779e-01 -3.450282514095306396e-01 -2.864583206176757812e+01 3.935689926147460938e-01 8.988502621650695801e-01 1.927988529205322266e-01 1.926390075683593750e+01 2.497094273567199707e-01 -3.063675463199615479e-01 9.185768961906433105e-01 2.027458648681640625e+02
8.823724389076232910e-01 -3.134036064147949219e-01 -3.509945571422576904e-01 -2.967052268981933594e+01 3.971754312515258789e-01 8.960431814193725586e-01 1.983887553215026855e-01 1.980086135864257812e+01 2.523304820060729980e-01 -3.144592046737670898e-01 9.151197671890258789e-01 2.055528259277343750e+02
8.811230063438415527e-01 -3.195220530033111572e-01 -3.486087620258331299e-01 -3.078988647460937500e+01 4.034835398197174072e-01 8.924478888511657715e-01 2.018358409404754639e-01 2.037357330322265625e+01 2.466240972280502319e-01 -3.185001313686370850e-01 9.152779579162597656e-01 2.085420532226562500e+02
8.808755278587341309e-01 -3.284289538860321045e-01 -3.408707082271575928e-01 -3.169211387634277344e+01 4.100014269351959229e-01 8.892743587493896484e-01 2.027064263820648193e-01 2.088218688964843750e+01 2.365528643131256104e-01 -3.183166384696960449e-01 9.179959893226623535e-01 2.110585784912109375e+02
8.792960047721862793e-01 -3.307096660137176514e-01 -3.427385985851287842e-01 -3.258318710327148438e+01 4.137858450412750244e-01 8.867824673652648926e-01 2.059079706668853760e-01 2.139230346679687500e+01 2.358387857675552368e-01 -3.228744864463806152e-01 9.165868759155273438e-01 2.135247497558593750e+02
8.801349401473999023e-01 -3.217770755290985107e-01 -3.490303158760070801e-01 -3.360190582275390625e+01 4.084301292896270752e-01 8.880078196525573730e-01 2.112507969141006470e-01 2.192212295532226562e+01 2.419659644365310669e-01 -3.284837305545806885e-01 9.129897952079772949e-01 2.163049621582031250e+02
8.798818588256835938e-01 -3.253949284553527832e-01 -3.463037312030792236e-01 -3.456067276000976562e+01 4.123660624027252197e-01 8.850014209747314453e-01 2.161637246608734131e-01 2.249304199218750000e+01 2.361406832933425903e-01 -3.330024480819702148e-01 9.128780961036682129e-01 2.189196014404296875e+02
8.772146105766296387e-01 -3.310949802398681641e-01 -3.476648628711700439e-01 -3.546310424804687500e+01 4.194635450839996338e-01 8.808283209800720215e-01 2.195263653993606567e-01 2.301441192626953125e+01 2.335489541292190552e-01 -3.384044766426086426e-01 9.115573167800903320e-01 2.213614044189453125e+02
8.738174438476562500e-01 -3.327983617782592773e-01 -3.545257747173309326e-01 -3.643828201293945312e+01 4.233081936836242676e-01 8.794075250625610352e-01 2.178362458944320679e-01 2.357579421997070312e+01 2.392770648002624512e-01 -3.404227793216705322e-01 9.093174934387207031e-01 2.238870544433593750e+02
8.738749027252197266e-01 -3.278962671756744385e-01 -3.589245378971099854e-01 -3.744942474365234375e+01 4.195774495601654053e-01 8.816084861755371094e-01 2.161509990692138672e-01 2.417264175415039062e+01 2.455558180809020996e-01 -3.394856154918670654e-01 9.079930186271667480e-01 2.265684356689453125e+02
8.677647113800048828e-01 -3.383750915527343750e-01 -3.639872968196868896e-01 -3.849038696289062500e+01 4.313784539699554443e-01 8.765249848365783691e-01 2.135805189609527588e-01 2.477870368957519531e+01 2.467736452817916870e-01 -3.423539400100708008e-01 9.065847992897033691e-01 2.292862854003906250e+02
8.625865578651428223e-01 -3.381882011890411377e-01 -3.762619495391845703e-01 -3.947802352905273438e+01 4.365442991256713867e-01 8.734351396560668945e-01 2.157317847013473511e-01 2.529541587829589844e+01 2.556824684143066406e-01 -3.503423631191253662e-01 9.010472297668457031e-01 2.317728118896484375e+02
8.613867163658142090e-01 -3.402206897735595703e-01 -3.771772384643554688e-01 -4.046569061279296875e+01 4.389374256134033203e-01 8.722575902938842773e-01 2.156403809785842896e-01 2.583100509643554688e+01 2.556303739547729492e-01 -3.513070046901702881e-01 9.006863832473754883e-01 2.342399902343750000e+02
8.582406044006347656e-01 -3.466276526451110840e-01 -3.785131275653839111e-01 -4.157413101196289062e+01 4.449263513088226318e-01 8.701099753379821777e-01 2.120126038789749146e-01 2.642325782775878906e+01 2.558586001396179199e-01 -3.503683507442474365e-01 9.009872078895568848e-01 2.369400634765625000e+02
8.557063341140747070e-01 -3.521713614463806152e-01 -3.791330754756927490e-01 -4.255486679077148438e+01 4.511833488941192627e-01 8.665396571159362793e-01 2.134076058864593506e-01 2.696641731262207031e+01 2.533777952194213867e-01 -3.536728024482727051e-01 9.003970026969909668e-01 2.393312988281250000e+02
8.508699536323547363e-01 -3.533163964748382568e-01 -3.888287544250488281e-01 -4.352306747436523438e+01 4.553532302379608154e-01 8.651046156883239746e-01 2.103512883186340332e-01 2.744488716125488281e+01 2.620569765567779541e-01 -3.560360670089721680e-01 8.969749212265014648e-01 2.416595001220703125e+02
8.504357337951660156e-01 -3.527652025222778320e-01 -3.902764618396759033e-01 -4.450798034667968750e+01 4.545706212520599365e-01 8.661774396896362305e-01 2.076110690832138062e-01 2.795439147949218750e+01 2.648107409477233887e-01 -3.539681434631347656e-01 8.969845771789550781e-01 2.440195159912109375e+02
8.494915366172790527e-01 -3.545201718807220459e-01 -3.907423615455627441e-01 -4.569342422485351562e+01 4.569880962371826172e-01 8.645423054695129395e-01 2.091140747070312500e-01 2.854549980163574219e+01 2.636781930923461914e-01 -3.562052845954895020e-01 8.964324593544006348e-01 2.467510681152343750e+02
8.470312356948852539e-01 -3.515011966228485107e-01 -3.987292945384979248e-01 -4.673186874389648438e+01 4.594586789608001709e-01 8.613567948341369629e-01 2.167078852653503418e-01 2.907107734680175781e+01 2.672751843929290771e-01 -3.667580187320709229e-01 8.910959959030151367e-01 2.492050628662109375e+02
8.389638066291809082e-01 -3.572277724742889404e-01 -4.105217754840850830e-01 -4.781513595581054688e+01 4.694748818874359131e-01 8.566102385520935059e-01 2.140381336212158203e-01 2.960436439514160156e+01 2.751968502998352051e-01 -3.722999393939971924e-01 8.863741159439086914e-01 2.516922607421875000e+02
8.346503376960754395e-01 -3.629220724105834961e-01 -4.143024682998657227e-01 -4.881591415405273438e+01 4.778014123439788818e-01 8.512777090072631836e-01 2.168692052364349365e-01 3.011641311645507812e+01 2.739798426628112793e-01 -3.789643049240112305e-01 8.839234709739685059e-01 2.539464569091796875e+02
8.306848406791687012e-01 -3.660251796245574951e-01 -4.195096492767333984e-01 -4.994287490844726562e+01 4.814235270023345947e-01 8.507023453712463379e-01 2.110380679368972778e-01 3.067559242248535156e+01 2.796326577663421631e-01 -3.772679567337036133e-01 8.828783035278320312e-01 2.564029235839843750e+02
8.310021162033081055e-01 -3.641693592071533203e-01 -4.204953014850616455e-01 -5.107830047607421875e+01 4.822419285774230957e-01 8.484132289886474609e-01 2.182609289884567261e-01 3.121218109130859375e+01 2.772698998451232910e-01 -3.841557502746582031e-01 8.806505799293518066e-01 2.588836669921875000e+02
8.283194899559020996e-01 -3.631530106067657471e-01 -4.266225397586822510e-01 -5.215684890747070312e+01 4.868414700031280518e-01 8.433928489685058594e-01 2.273190170526504517e-01 3.173343849182128906e+01 2.772588729858398438e-01 -3.959903120994567871e-01 8.753963708877563477e-01 2.611888427734375000e+02
8.277766108512878418e-01 -3.626811802387237549e-01 -4.280751049518585205e-01 -5.335524749755859375e+01 4.883036315441131592e-01 8.414550423622131348e-01 2.313290089368820190e-01 3.234031677246093750e+01 2.763073146343231201e-01 -4.005194008350372314e-01 8.736349344253540039e-01 2.637562866210937500e+02
8.245870471000671387e-01 -3.586996197700500488e-01 -4.374822378158569336e-01 -5.455512237548828125e+01 4.893557131290435791e-01 8.402686119079589844e-01 2.334087044000625610e-01 3.296507263183593750e+01 2.838790416717529297e-01 -4.065502882003784180e-01 8.684059977531433105e-01 2.662515258789062500e+02
8.236190080642700195e-01 -3.576169908046722412e-01 -4.401837587356567383e-01 -5.571515655517578125e+01 4.938464462757110596e-01 8.338549137115478516e-01 2.465798407793045044e-01 3.355165863037109375e+01 2.788683176040649414e-01 -4.204710721969604492e-01 8.633862733840942383e-01 2.686079101562500000e+02
8.216812014579772949e-01 -3.592852056026458740e-01 -4.424410164356231689e-01 -5.689443588256835938e+01 4.982145726680755615e-01 8.298017382621765137e-01 2.514185011386871338e-01 3.420591735839843750e+01 2.768074274063110352e-01 -4.270164668560028076e-01 8.608332276344299316e-01 2.709656372070312500e+02
8.160321712493896484e-01 -3.633709847927093506e-01 -4.495030343532562256e-01 -5.807978057861328125e+01 5.060980916023254395e-01 8.248447775840759277e-01 2.519836425781250000e-01 3.485878372192382812e+01 2.792067229747772217e-01 -4.331193864345550537e-01 8.570008873939514160e-01 2.733675842285156250e+02
8.157812356948852539e-01 -3.613045811653137207e-01 -4.516192078590393066e-01 -5.930980682373046875e+01 5.073235630989074707e-01 8.219747543334960938e-01 2.588055729866027832e-01 3.548564529418945312e+01 2.777119576930999756e-01 -4.402457475662231445e-01 8.538495302200317383e-01 2.757512817382812500e+02
8.119339942932128906e-01 -3.639037311077117920e-01 -4.564396739006042480e-01 -6.049152755737304688e+01 5.134898424148559570e-01 8.171386718750000000e-01 2.619400620460510254e-01 3.615413665771484375e+01 2.776535451412200928e-01 -4.470551609992980957e-01 8.503231406211853027e-01 2.780921325683593750e+02
8.064497709274291992e-01 -3.672433495521545410e-01 -4.634339213371276855e-01 -6.185010528564453125e+01 5.205660462379455566e-01 8.126693367958068848e-01 2.618770897388458252e-01 3.690919113159179688e+01 2.804459035396575928e-01 -4.524386525154113770e-01 8.465509414672851562e-01 2.807090148925781250e+02
8.055014014244079590e-01 -3.717726469039916992e-01 -4.614678919315338135e-01 -6.304208755493164062e+01 5.242184996604919434e-01 8.101697564125061035e-01 2.623357474803924561e-01 3.753417587280273438e+01 2.763380706310272217e-01 -4.532217383384704590e-01 8.474824428558349609e-01 2.829419555664062500e+02
8.047476410865783691e-01 -3.752403855323791504e-01 -4.599737226963043213e-01 -6.433799743652343750e+01 5.286076068878173828e-01 8.055642843246459961e-01 2.676570713520050049e-01 3.822418975830078125e+01 2.701026797294616699e-01 -4.585418999195098877e-01 8.466303944587707520e-01 2.853995971679687500e+02
8.034164309501647949e-01 -3.715346455574035645e-01 -4.652783572673797607e-01 -6.565845489501953125e+01 5.287121534347534180e-01 8.045439720153808594e-01 2.705042958259582520e-01 3.897595596313476562e+01 2.738352119922637939e-01 -4.633257985115051270e-01 8.428182601928710938e-01 2.878762817382812500e+02
8.027117252349853516e-01 -3.684534430503845215e-01 -4.689306318759918213e-01 -6.694944000244140625e+01 5.277760028839111328e-01 8.050212860107421875e-01 2.709118425846099854e-01 3.967304611206054688e+01 2.776807844638824463e-01 -4.649543166160583496e-01 8.406605124473571777e-01 2.902512512207031250e+02
7.986956834793090820e-01 -3.669530451297760010e-01 -4.768968224525451660e-01 -6.828857421875000000e+01 5.305645465850830078e-01 8.033475279808044434e-01 2.704329490661621094e-01 4.043233871459960938e+01 2.838777303695678711e-01 -4.690180718898773193e-01 8.363221287727355957e-01 2.927605895996093750e+02
7.981397509574890137e-01 -3.724338114261627197e-01 -4.735671877861022949e-01 -6.945415496826171875e+01 5.345451235771179199e-01 8.003497719764709473e-01 2.714804410934448242e-01 4.106843185424804688e+01 2.779109776020050049e-01 -4.698222577571868896e-01 8.378733992576599121e-01 2.948568420410156250e+02
7.934173941612243652e-01 -3.772409558296203613e-01 -4.776797890663146973e-01 -7.075216674804687500e+01 5.411921739578247070e-01 7.963805198669433594e-01 2.699795067310333252e-01 4.180470657348632812e+01 2.785676419734954834e-01 -4.727228879928588867e-01 8.360217809677124023e-01 2.972021179199218750e+02
7.817334532737731934e-01 -3.810021877288818359e-01 -4.936901926994323730e-01 -7.200053405761718750e+01 5.523147583007812500e-01 7.905839085578918457e-01 2.644341289997100830e-01 4.248421859741210938e+01 2.895536422729492188e-01 -4.793892502784729004e-01 8.284587860107421875e-01 2.994682922363281250e+02
7.723127007484436035e-01 -3.820620775222778320e-01 -5.075051784515380859e-01 -7.328770446777343750e+01 5.601816773414611816e-01 7.863452434539794922e-01 2.604950070381164551e-01 4.314006042480468750e+01 2.995490729808807373e-01 -4.854785799980163574e-01 8.213282823562622070e-01 3.016825866699218750e+02
7.693647742271423340e-01 -3.802917599678039551e-01 -5.132795572280883789e-01 -7.471071624755859375e+01 5.614475607872009277e-01 7.858226895332336426e-01 2.593439519405364990e-01 4.381249237060546875e+01 3.047204315662384033e-01 -4.877095520496368408e-01 8.180978894233703613e-01 3.040165100097656250e+02
7.668730020523071289e-01 -3.853977024555206299e-01 -5.131999850273132324e-01 -7.605486297607421875e+01 5.663405060768127441e-01 7.825459241867065430e-01 2.586121261119842529e-01 4.448012924194335938e+01 3.019341528415679932e-01 -4.889685511589050293e-01 8.183794021606445312e-01 3.062303161621093750e+02
7.595707178115844727e-01 -3.839674592018127441e-01 -5.249962806701660156e-01 -7.747116851806640625e+01 5.706182718276977539e-01 7.807702422142028809e-01 2.545437812805175781e-01 4.517739105224609375e+01 3.121650516986846924e-01 -4.929164946079254150e-01 8.121487498283386230e-01 3.085802917480468750e+02
7.552407383918762207e-01 -3.888585269451141357e-01 -5.276364088058471680e-01 -7.874875640869140625e+01 5.777470469474792480e-01 7.751248478889465332e-01 2.557142972946166992e-01 4.575797271728515625e+01 3.095475435256958008e-01 -4.979662597179412842e-01 8.100674152374267578e-01 3.106258544921875000e+02
7.534550428390502930e-01 -3.853903710842132568e-01 -5.327094793319702148e-01 -8.018727111816406250e+01 5.784112215042114258e-01 7.737675905227661133e-01 2.583101987838745117e-01 4.642221069335937500e+01 3.126432001590728760e-01 -5.027503371238708496e-01 8.059129118919372559e-01 3.128880310058593750e+02
7.533345222473144531e-01 -3.894309401512145996e-01 -5.299342870712280273e-01 -8.149010467529296875e+01 5.805011987686157227e-01 7.724470496177673340e-01 2.575730979442596436e-01 4.706007766723632812e+01 3.090393543243408203e-01 -5.016662478446960449e-01 8.079757690429687500e-01 3.149042358398437500e+02
7.506923675537109375e-01 -3.960709869861602783e-01 -5.287613272666931152e-01 -8.285649871826171875e+01 5.872355699539184570e-01 7.667282223701477051e-01 2.593882083892822266e-01 4.770514297485351562e+01 3.026801943778991699e-01 -5.052281618118286133e-01 8.081635832786560059e-01 3.170754699707031250e+02
7.445769309997558594e-01 -4.030350446701049805e-01 -5.321351885795593262e-01 -8.437322235107421875e+01 5.961781740188598633e-01 7.601005434989929199e-01 2.584933042526245117e-01 4.840830230712890625e+01 3.002944588661193848e-01 -5.097154378890991211e-01 8.062336444854736328e-01 3.194532470703125000e+02
7.436292767524719238e-01 -4.076282083988189697e-01 -5.299571752548217773e-01 -8.602120208740234375e+01 5.997027754783630371e-01 7.570952177047729492e-01 2.591592371463775635e-01 4.917643356323242188e+01 2.955874800682067871e-01 -5.105350613594055176e-01 8.074535727500915527e-01 3.220245971679687500e+02
7.323426008224487305e-01 -4.087023735046386719e-01 -5.446435809135437012e-01 -8.744574737548828125e+01 6.113198995590209961e-01 7.469318509101867676e-01 2.614973783493041992e-01 4.983456420898437500e+01 2.999370694160461426e-01 -5.244570374488830566e-01 7.968575358390808105e-01 3.241759643554687500e+02
7.266157865524291992e-01 -4.149909019470214844e-01 -5.475509166717529297e-01 -8.899597167968750000e+01 6.181132197380065918e-01 7.427905797958374023e-01 2.572903335094451904e-01 5.054113006591796875e+01 2.999424934387207031e-01 -5.253996253013610840e-01 7.962343096733093262e-01 3.265066833496093750e+02
7.212011814117431641e-01 -4.163995087146759033e-01 -5.536065101623535156e-01 -9.046691894531250000e+01 6.245514154434204102e-01 7.365743517875671387e-01 2.596033811569213867e-01 5.120747375488281250e+01 2.996736168861389160e-01 -5.329819917678833008e-01 7.912808060646057129e-01 3.286663513183593750e+02
7.162778377532958984e-01 -4.215991497039794922e-01 -5.560575127601623535e-01 -9.203897094726562500e+01 6.318049430847167969e-01 7.301222681999206543e-01 2.602771222591400146e-01 5.189261627197265625e+01 2.962573170661926270e-01 -5.377506613731384277e-01 7.893384695053100586e-01 3.309215698242187500e+02
7.149561047554016113e-01 -4.200130403041839600e-01 -5.589512586593627930e-01 -9.360369110107421875e+01 6.324870586395263672e-01 7.292642593383789062e-01 2.610248625278472900e-01 5.260903930664062500e+01 2.979892492294311523e-01 -5.401507616043090820e-01 7.870444059371948242e-01 3.332026062011718750e+02
7.097680568695068359e-01 -4.217861890792846680e-01 -5.642033815383911133e-01 -9.515567016601562500e+01 6.388549208641052246e-01 7.228778004646301270e-01 2.632724046707153320e-01 5.330143356323242188e+01 2.968053221702575684e-01 -5.473064184188842773e-01 7.825354337692260742e-01 3.354514160156250000e+02
7.066963315010070801e-01 -4.190759658813476562e-01 -5.700485706329345703e-01 -9.661145782470703125e+01 6.395473480224609375e-01 7.229567170143127441e-01 2.613676786422729492e-01 5.391582489013671875e+01 3.025873899459838867e-01 -5.492806434631347656e-01 7.789294719696044922e-01 3.375218200683593750e+02
7.010307312011718750e-01 -4.194471240043640137e-01 -5.767319202423095703e-01 -9.811978912353515625e+01 6.446037888526916504e-01 7.186268568038940430e-01 2.608862519264221191e-01 5.458924865722656250e+01 3.050269186496734619e-01 -5.546529293060302734e-01 7.741564512252807617e-01 3.397243957519531250e+02
