9.999983906745910645e-01 -1.496062381193041801e-03 -9.912836831063032150e-04 4.927556728944182396e-04 1.496379030868411064e-03 9.999988079071044922e-01 3.187691618222743273e-04 -9.731940925121307373e-03 9.908056817948818207e-04 -3.202520019840449095e-04 9.999994635581970215e-01 1.332152366638183594e+00
9.999964237213134766e-01 -2.439331496134400368e-03 -1.053093466907739639e-03 7.327513303607702255e-03 2.440985525026917458e-03 9.999957084655761719e-01 1.572326757013797760e-03 -2.865930274128913879e-02 1.049253623932600021e-03 -1.574891852214932442e-03 9.999982118606567383e-01 2.734574794769287109e+00
9.999842643737792969e-01 -2.118301199516281486e-04 5.602307617664337158e-03 1.354974880814552307e-02 1.923553500091657043e-04 9.999938607215881348e-01 3.476516809314489365e-03 -4.609256982803344727e-02 -5.603010300546884537e-03 -3.475384786725044250e-03 9.999782443046569824e-01 3.908256530761718750e+00
9.999953508377075195e-01 -2.989114727824926376e-03 -5.848999135196208954e-04 1.793149858713150024e-02 2.993827220052480698e-03 9.999616146087646484e-01 8.229062892496585846e-03 -5.784366652369499207e-02 5.602794699370861053e-04 -8.230776526033878326e-03 9.999659061431884766e-01 5.104608058929443359e+00
9.999868869781494141e-01 -4.257475957274436951e-03 -2.851652912795543671e-03 1.452942751348018646e-02 4.291824996471405029e-03 9.999169111251831055e-01 1.214940194040536880e-02 -5.928985029458999634e-02 2.799690002575516701e-03 -1.216148212552070618e-02 9.999220371246337891e-01 6.205149173736572266e+00
9.999822378158569336e-01 -5.947025958448648453e-03 3.742300905287265778e-04 1.712556928396224976e-02 5.941400304436683655e-03 9.998901486396789551e-01 1.357009727507829666e-02 -6.275707483291625977e-02 -4.548905417323112488e-04 -1.356763299554586411e-02 9.999077916145324707e-01 7.284897804260253906e+00
9.999005198478698730e-01 -1.148364041000604630e-02 8.187592960894107819e-03 2.263442054390907288e-02 1.140468288213014603e-02 9.998884797096252441e-01 9.625716134905815125e-03 -7.100375741720199585e-02 -8.297219872474670410e-03 -9.531382471323013306e-03 9.999200701713562012e-01 8.441162109375000000e+00
9.998904466629028320e-01 -1.318652275949716568e-02 6.724499166011810303e-03 3.115733340382575989e-02 1.311820838600397110e-02 9.998627901077270508e-01 1.010363083332777023e-02 -7.641474902629852295e-02 -6.856808904558420181e-03 -1.001431047916412354e-02 9.999262690544128418e-01 9.625999450683593750e+00
9.997967481613159180e-01 -1.887794025242328644e-02 7.074231281876564026e-03 5.019422993063926697e-02 1.878482848405838013e-02 9.997388124465942383e-01 1.300454325973987579e-02 -8.077578991651535034e-02 -7.317883428186178207e-03 -1.286901347339153290e-02 9.998903274536132812e-01 1.095270729064941406e+01
9.997436404228210449e-01 -2.036152780055999756e-02 9.897269308567047119e-03 6.943383812904357910e-02 2.022900432348251343e-02 9.997066259384155273e-01 1.330989692360162735e-02 -8.249580115079879761e-02 -1.016537565737962723e-02 -1.310627534985542297e-02 9.998623132705688477e-01 1.220587444305419922e+01
9.997457265853881836e-01 -2.235744521021842957e-02 2.907236106693744659e-03 8.535124361515045166e-02 2.228810638189315796e-02 9.995088577270507812e-01 2.202129364013671875e-02 -8.580482006072998047e-02 -3.398147411644458771e-03 -2.195090055465698242e-02 9.997531175613403320e-01 1.353000164031982422e+01
9.997432231903076172e-01 -2.252111397683620453e-02 2.491910476237535477e-03 8.890895545482635498e-02 2.245702967047691345e-02 9.994761943817138672e-01 2.329569496214389801e-02 -6.984266638755798340e-02 -3.015249501913785934e-03 -2.323375456035137177e-02 9.997253417968750000e-01 1.490799903869628906e+01
9.996562004089355469e-01 -2.619686722755432129e-02 -1.062750583514571190e-03 9.163057059049606323e-02 2.621458470821380615e-02 9.993810057640075684e-01 2.345353551208972931e-02 -5.948279798030853271e-02 4.476844333112239838e-04 -2.347333356738090515e-02 9.997242093086242676e-01 1.622451782226562500e+01
9.996082782745361328e-01 -2.781702578067779541e-02 -3.085805103182792664e-03 8.901277184486389160e-02 2.787989750504493713e-02 9.993543624877929688e-01 2.265593037009239197e-02 -4.825330525636672974e-02 2.453593071550130844e-03 -2.273308858275413513e-02 9.997383952140808105e-01 1.754863739013671875e+01
9.994640350341796875e-01 -3.222696855664253235e-02 -5.757803097367286682e-03 8.316106349229812622e-02 3.236446157097816467e-02 9.991469979286193848e-01 2.564182132482528687e-02 -3.885331377387046814e-02 4.926534369587898254e-03 -2.581442520022392273e-02 9.996544122695922852e-01 1.895291137695312500e+01
9.994205236434936523e-01 -3.395598754286766052e-02 -2.361042192205786705e-03 9.307967126369476318e-02 3.400818258523941040e-02 9.990417957305908203e-01 2.754375152289867401e-02 -2.620802819728851318e-02 1.423506531864404678e-03 -2.760808542370796204e-02 9.996176362037658691e-01 2.033294296264648438e+01
9.994176030158996582e-01 -3.410666808485984802e-02 -1.082734554074704647e-03 9.704659134149551392e-02 3.412378579378128052e-02 9.989673495292663574e-01 2.999281696975231171e-02 -6.719511002302169800e-03 5.866354331374168396e-05 -3.001229651272296906e-02 9.995493292808532715e-01 2.163825225830078125e+01
9.993571639060974121e-01 -3.583906218409538269e-02 9.038330754265189171e-04 1.055520325899124146e-01 3.579945862293243408e-02 9.989627003669738770e-01 2.813704125583171844e-02 1.263003982603549957e-02 -1.911298488266766071e-03 -2.808659896254539490e-02 9.996034502983093262e-01 2.280353736877441406e+01
9.992762207984924316e-01 -3.801288828253746033e-02 -1.416934072040021420e-03 1.119942665100097656e-01 3.803900629281997681e-02 9.987150430679321289e-01 3.348128497600555420e-02 3.267163038253784180e-02 1.423947978764772415e-04 -3.351095318794250488e-02 9.994381070137023926e-01 2.406419754028320312e+01
9.991506934165954590e-01 -4.099524393677711487e-02 -4.155173897743225098e-03 1.170536503195762634e-01 4.111837595701217651e-02 9.985066652297973633e-01 3.596548736095428467e-02 6.009022891521453857e-02 2.674556570127606392e-03 -3.610580042004585266e-02 9.993441700935363770e-01 2.527063941955566406e+01
9.989866614341735840e-01 -4.353202134370803833e-02 -1.142501272261142731e-02 1.078980937600135803e-01 4.392444714903831482e-02 9.983603358268737793e-01 3.670048341155052185e-02 7.834599912166595459e-02 9.808633476495742798e-03 -3.716513887047767639e-02 9.992607235908508301e-01 2.646364402770996094e+01
9.989049434661865234e-01 -4.461418464779853821e-02 -1.408520899713039398e-02 9.791573137044906616e-02 4.515982046723365784e-02 9.981318712234497070e-01 4.114491119980812073e-02 1.147235035896301270e-01 1.222324930131435394e-02 -4.173594340682029724e-02 9.990536570549011230e-01 2.769052886962890625e+01
9.988311529159545898e-01 -4.533069953322410583e-02 -1.677674427628517151e-02 8.617882430553436279e-02 4.600934311747550964e-02 9.980338215827941895e-01 4.255869984626770020e-02 1.449584662914276123e-01 1.481454167515039444e-02 -4.328084364533424377e-02 9.989528059959411621e-01 2.882738304138183594e+01
9.988383054733276367e-01 -4.604254662990570068e-02 -1.421843841671943665e-02 6.899270415306091309e-02 4.661815240979194641e-02 9.979768991470336914e-01 4.322533681988716125e-02 1.847603917121887207e-01 1.219946891069412231e-02 -4.383796080946922302e-02 9.989638328552246094e-01 3.004083061218261719e+01
9.986476302146911621e-01 -4.845693707466125488e-02 -1.883638463914394379e-02 5.203950405120849609e-02 4.927901551127433777e-02 9.977271556854248047e-01 4.595168679952621460e-02 2.196383476257324219e-01 1.656689494848251343e-02 -4.681778699159622192e-02 9.987657070159912109e-01 3.119340515136718750e+01
9.984143972396850586e-01 -4.985528439283370972e-02 -2.613503299653530121e-02 3.187062591314315796e-02 5.108500644564628601e-02 9.975053668022155762e-01 4.871179535984992981e-02 2.537125051021575928e-01 2.364129386842250824e-02 -4.996967315673828125e-02 9.984705448150634766e-01 3.240803146362304688e+01
9.980354309082031250e-01 -5.388839542865753174e-02 -3.195661306381225586e-02 1.235302537679672241e-03 5.544117465615272522e-02 9.972150921821594238e-01 4.987797513604164124e-02 2.952257990837097168e-01 2.917977049946784973e-02 -5.155170708894729614e-02 9.982435703277587891e-01 3.360068130493164062e+01
9.967555999755859375e-01 -6.606957316398620605e-02 -4.596741124987602234e-02 -4.054430499672889709e-02 6.868258863687515259e-02 9.959624409675598145e-01 5.780056118965148926e-02 3.415088951587677002e-01 4.196295514702796936e-02 -6.077019870281219482e-02 9.972689747810363770e-01 3.477181625366210938e+01
9.967916011810302734e-01 -6.774651259183883667e-02 -4.262403398752212524e-02 -8.337855339050292969e-02 7.018543034791946411e-02 9.958113431930541992e-01 5.859397351741790771e-02 3.838752210140228271e-01 3.847595676779747009e-02 -6.139757484197616577e-02 9.973711371421813965e-01 3.589729690551757812e+01
9.966558814048767090e-01 -6.645231693983078003e-02 -4.755105450749397278e-02 -1.240271776914596558e-01 6.918114423751831055e-02 9.959018230438232422e-01 5.824918672442436218e-02 4.298778772354125977e-01 4.348538815975189209e-02 -6.134403869509696960e-02 9.971686005592346191e-01 3.692778396606445312e+01
9.969198703765869141e-01 -6.389018148183822632e-02 -4.548408836126327515e-02 -1.688790470361709595e-01 6.659331172704696655e-02 9.959361553192138672e-01 6.062896549701690674e-02 4.740149974822998047e-01 4.142565280199050903e-02 -6.347116082906723022e-02 9.971231818199157715e-01 3.804692077636718750e+01
9.969270229339599609e-01 -6.546135991811752319e-02 -4.302597790956497192e-02 -2.138834297657012939e-01 6.796205788850784302e-02 9.959126114845275879e-01 5.948573723435401917e-02 5.235530138015747070e-01 3.895609825849533081e-02 -6.222708150744438171e-02 9.973011016845703125e-01 3.917491912841796875e+01
9.966028928756713867e-01 -6.891398131847381592e-02 -4.509339109063148499e-02 -2.629313170909881592e-01 7.157313823699951172e-02 9.956114888191223145e-01 6.028506532311439514e-02 5.747280716896057129e-01 4.074101895093917847e-02 -6.330774724483489990e-02 9.971617460250854492e-01 4.029293060302734375e+01
9.959815144538879395e-01 -7.147105783224105835e-02 -5.396879464387893677e-02 -3.082047700881958008e-01 7.494872063398361206e-02 9.950382113456726074e-01 6.542900949716567993e-02 6.324807405471801758e-01 4.902473837137222290e-02 -6.921098381280899048e-02 9.963963627815246582e-01 4.145224761962890625e+01
9.961056113243103027e-01 -7.287631928920745850e-02 -4.962541535496711731e-02 -3.616076707839965820e-01 7.602947205305099487e-02 9.949887990951538086e-01 6.493212282657623291e-02 6.892618536949157715e-01 4.464472457766532898e-02 -6.845224648714065552e-02 9.966546297073364258e-01 4.259657287597656250e+01
9.960617423057556152e-01 -7.479619979858398438e-02 -4.760815948247909546e-02 -4.097070991992950439e-01 7.785070687532424927e-02 9.947832822799682617e-01 6.591583788394927979e-02 7.470262050628662109e-01 4.242954775691032410e-02 -6.936257332563400269e-02 9.966884851455688477e-01 4.377570343017578125e+01
9.957430958747863770e-01 -7.711406797170639038e-02 -5.048840492963790894e-02 -4.605207741260528564e-01 8.049976080656051636e-02 9.943723678588867188e-01 6.886742264032363892e-02 8.140733242034912109e-01 4.489363357424736023e-02 -7.263857126235961914e-02 9.963470697402954102e-01 4.496484375000000000e+01
9.956267476081848145e-01 -7.869060337543487549e-02 -5.035022273659706116e-02 -5.212417840957641602e-01 8.201910555362701416e-02 9.943171143531799316e-01 6.786532700061798096e-02 8.857038021087646484e-01 4.472373425960540771e-02 -7.169822603464126587e-02 9.964227676391601562e-01 4.623451232910156250e+01
9.954351782798767090e-01 -7.997598499059677124e-02 -5.208143591880798340e-02 -5.737771391868591309e-01 8.340585976839065552e-02 9.942333698272705078e-01 6.740168482065200806e-02 9.494493007659912109e-01 4.639058932662010193e-02 -7.143791764974594116e-02 9.963652491569519043e-01 4.743206024169921875e+01
9.954480528831481934e-01 -8.124051243066787720e-02 -4.982899501919746399e-02 -6.278655529022216797e-01 8.453819900751113892e-02 9.940906167030334473e-01 6.809298694133758545e-02 1.020059943199157715e+00 4.400262981653213501e-02 -7.199550420045852661e-02 9.964333772659301758e-01 4.873168563842773438e+01
9.956557750701904297e-01 -8.238144218921661377e-02 -4.339068755507469177e-02 -6.825226545333862305e-01 8.523869514465332031e-02 9.939867258071899414e-01 6.873343884944915771e-02 1.073274850845336914e+00 3.746741265058517456e-02 -7.213342934846878052e-02 9.966905117034912109e-01 5.000651550292968750e+01
9.956270456314086914e-01 -8.244562149047851562e-02 -4.392519220709800720e-02 -7.327311038970947266e-01 8.535702526569366455e-02 9.939481019973754883e-01 6.914354860782623291e-02 1.150587320327758789e+00 3.795878589153289795e-02 -7.259052991867065430e-02 9.966387152671813965e-01 5.140330505371093750e+01
9.959012866020202637e-01 -7.894898951053619385e-02 -4.413005337119102478e-02 -7.783096432685852051e-01 8.195395022630691528e-02 9.941010475158691406e-01 7.103630900382995605e-02 1.211613535881042480e+00 3.826149553060531616e-02 -7.436180859804153442e-02 9.964964985847473145e-01 5.252435684204101562e+01
9.957590103149414062e-01 -8.285292237997055054e-02 -3.998900577425956726e-02 -8.264899253845214844e-01 8.551368862390518188e-02 9.938614368438720703e-01 7.018848508596420288e-02 1.275051593780517578e+00 3.392821550369262695e-02 -7.331044971942901611e-02 9.967314004898071289e-01 5.365858078002929688e+01
9.955222606658935547e-01 -8.682458102703094482e-02 -3.737134113907814026e-02 -8.789248466491699219e-01 8.940608054399490356e-02 9.932362437248229980e-01 7.408089935779571533e-02 1.348639726638793945e+00 3.068653494119644165e-02 -7.709043473005294800e-02 9.965512752532958984e-01 5.488756179809570312e+01
9.951372146606445312e-01 -8.845186978578567505e-02 -4.333397373557090759e-02 -9.276882410049438477e-01 9.156685322523117065e-02 9.928840398788452148e-01 7.613471895456314087e-02 1.427223682403564453e+00 3.629135712981224060e-02 -7.973247021436691284e-02 9.961549639701843262e-01 5.613092041015625000e+01
9.949846863746643066e-01 -9.080278128385543823e-02 -4.195156320929527283e-02 -9.763883352279663086e-01 9.389027953147888184e-02 9.924689531326293945e-01 7.867486774921417236e-02 1.504078269004821777e+00 3.449173271656036377e-02 -8.221915364265441895e-02 9.960167407989501953e-01 5.732281875610351562e+01
9.949770569801330566e-01 -9.247497469186782837e-02 -3.832274302840232849e-02 -1.022572517395019531e+00 9.528869390487670898e-02 9.922612309455871582e-01 7.960855215787887573e-02 1.593515157699584961e+00 3.066437691450119019e-02 -8.286042511463165283e-02 9.960887432098388672e-01 5.868565368652343750e+01
9.948770403861999512e-01 -9.303926676511764526e-02 -3.953408822417259216e-02 -1.070111036300659180e+00 9.607462584972381592e-02 9.918681979179382324e-01 8.346806466579437256e-02 1.691169023513793945e+00 3.144680336117744446e-02 -8.683869987726211548e-02 9.957254528999328613e-01 6.002836990356445312e+01
9.948425292968750000e-01 -9.358792006969451904e-02 -3.910421207547187805e-02 -1.110682487487792969e+00 9.659927338361740112e-02 9.917764663696289062e-01 8.395180851221084595e-02 1.782819271087646484e+00 3.092576563358306885e-02 -8.729629218578338623e-02 9.957017302513122559e-01 6.138555145263671875e+01
9.946789741516113281e-01 -9.502462297677993774e-02 -3.979312628507614136e-02 -1.149454832077026367e+00 9.815821051597595215e-02 9.914427995681762695e-01 8.605857938528060913e-02 1.869183778762817383e+00 3.127492964267730713e-02 -8.950670808553695679e-02 9.954945445060729980e-01 6.265076065063476562e+01
9.944400191307067871e-01 -9.641513973474502563e-02 -4.233922064304351807e-02 -1.195634603500366211e+00 9.994263947010040283e-02 9.908124804496765137e-01 9.111540764570236206e-02 1.948763251304626465e+00 3.316532820463180542e-02 -9.484032541513442993e-02 9.949393868446350098e-01 6.382489776611328125e+01
9.944856166839599609e-01 -9.779748320579528809e-02 -3.786140307784080505e-02 -1.240544795989990234e+00 1.008869111537933350e-01 9.907443523406982422e-01 9.081530570983886719e-02 2.040966510772705078e+00 2.862946316599845886e-02 -9.413425624370574951e-02 9.951472878456115723e-01 6.505145263671875000e+01
9.946494102478027344e-01 -9.670531749725341797e-02 -3.633388876914978027e-02 -1.282583236694335938e+00 9.971582889556884766e-02 9.906560182571411133e-01 9.304514527320861816e-02 2.134512186050415039e+00 2.699642628431320190e-02 -9.617038071155548096e-02 9.949982166290283203e-01 6.628192138671875000e+01
9.944956898689270020e-01 -9.686838835477828979e-02 -3.992937877774238586e-02 -1.327498912811279297e+00 1.002794876694679260e-01 9.904305338859558105e-01 9.482279419898986816e-02 2.234857082366943359e+00 3.036194294691085815e-02 -9.830497950315475464e-02 9.946925640106201172e-01 6.749485015869140625e+01
9.942156672477722168e-01 -9.980581700801849365e-02 -3.966720774769783020e-02 -1.368396282196044922e+00 1.033221930265426636e-01 9.896448850631713867e-01 9.963764995336532593e-02 2.331444025039672852e+00 2.931202761828899384e-02 -1.031598374247550964e-01 9.942322969436645508e-01 6.865570831298828125e+01
9.940108060836791992e-01 -1.007994189858436584e-01 -4.220859333872795105e-02 -1.411796212196350098e+00 1.046793609857559204e-01 9.891628026962280273e-01 1.029526814818382263e-01 2.431117057800292969e+00 3.137359768152236938e-02 -1.067544594407081604e-01 9.937897920608520508e-01 6.981836700439453125e+01
9.941888451576232910e-01 -9.927196055650711060e-02 -4.163203015923500061e-02 -1.455978870391845703e+00 1.030881032347679138e-01 9.893620610237121582e-01 1.026429980993270874e-01 2.537829160690307617e+00 3.099957667291164398e-02 -1.063383072614669800e-01 9.938461184501647949e-01 7.099414062500000000e+01
9.940801262855529785e-01 -1.005761772394180298e-01 -4.109408333897590637e-02 -1.505186438560485840e+00 1.044131815433502197e-01 9.889305233955383301e-01 1.054248586297035217e-01 2.648783922195434570e+00 3.003595583140850067e-02 -1.090915426611900330e-01 9.935772418975830078e-01 7.222257995605468750e+01
9.934728741645812988e-01 -1.048707887530326843e-01 -4.487138241529464722e-02 -1.559142351150512695e+00 1.090136691927909851e-01 9.887023568153381348e-01 1.028771325945854187e-01 2.764562606811523438e+00 3.357562050223350525e-02 -1.070972457528114319e-01 9.936808943748474121e-01 7.346564483642578125e+01
9.928913712501525879e-01 -1.069424524903297424e-01 -5.224703624844551086e-02 -1.606306076049804688e+00 1.120159178972244263e-01 9.879878759384155273e-01 1.064536944031715393e-01 2.870283842086791992e+00 4.023500531911849976e-02 -1.115494593977928162e-01 9.929435253143310547e-01 7.459886169433593750e+01
9.928858876228332520e-01 -1.082878932356834412e-01 -4.950920864939689636e-02 -1.657954096794128418e+00 1.131071969866752625e-01 9.876952171325683594e-01 1.080038994550704956e-01 2.983044862747192383e+00 3.720448166131973267e-02 -1.128353998064994812e-01 9.929164052009582520e-01 7.580392456054687500e+01
9.927724003791809082e-01 -1.084731742739677429e-01 -5.134550482034683228e-02 -1.705902218818664551e+00 1.135342866182327271e-01 9.875483512878417969e-01 1.088953018188476562e-01 3.091028690338134766e+00 3.889393433928489685e-02 -1.139377206563949585e-01 9.927257895469665527e-01 7.692942810058593750e+01
9.928288459777832031e-01 -1.081273555755615234e-01 -5.098291113972663879e-02 -1.750771045684814453e+00 1.131027489900588989e-01 9.877278804779052734e-01 1.077096089720726013e-01 3.195698022842407227e+00 3.871087357401847839e-02 -1.127035021781921387e-01 9.928738474845886230e-01 7.804248809814453125e+01
9.923660159111022949e-01 -1.078147962689399719e-01 -5.988019332289695740e-02 -1.803779244422912598e+00 1.138681247830390930e-01 9.874867796897888184e-01 1.091055124998092651e-01 3.301812410354614258e+00 4.736769199371337891e-02 -1.150910332798957825e-01 9.922245144844055176e-01 7.914440155029296875e+01
9.919376373291015625e-01 -1.075372844934463501e-01 -6.704786419868469238e-02 -1.873889923095703125e+00 1.145007684826850891e-01 9.872548580169677734e-01 1.105329990386962891e-01 3.414004325866699219e+00 5.430688336491584778e-02 -1.173188611865043640e-01 9.916079044342041016e-01 8.030876922607421875e+01
9.915892481803894043e-01 -1.095559820532798767e-01 -6.890749186277389526e-02 -1.954109072685241699e+00 1.168330237269401550e-01 9.867734909057617188e-01 1.123757064342498779e-01 3.531282424926757812e+00 5.568461865186691284e-02 -1.194811984896659851e-01 9.912732243537902832e-01 8.148268127441406250e+01
9.910082817077636719e-01 -1.117442250251770020e-01 -7.359314709901809692e-02 -2.035001754760742188e+00 1.196843385696411133e-01 9.862234592437744141e-01 1.141882836818695068e-01 3.658037185668945312e+00 5.981937795877456665e-02 -1.219694539904594421e-01 9.907291531562805176e-01 8.273364257812500000e+01
9.903589487075805664e-01 -1.143012717366218567e-01 -7.825913280248641968e-02 -2.129885673522949219e+00 1.228468492627143860e-01 9.857556223869323730e-01 1.148676201701164246e-01 3.776207447052001953e+00 6.401482969522476196e-02 -1.233740448951721191e-01 9.902929663658142090e-01 8.390238189697265625e+01
9.901673197746276855e-01 -1.146355867385864258e-01 -8.017154783010482788e-02 -2.207605361938476562e+00 1.234001368284225464e-01 9.857161045074462891e-01 1.146131828427314758e-01 3.885613679885864258e+00 6.588760018348693848e-02 -1.233793795108795166e-01 9.901694655418395996e-01 8.492199707031250000e+01
9.904533028602600098e-01 -1.141488701105117798e-01 -7.728131115436553955e-02 -2.279875993728637695e+00 1.225566118955612183e-01 9.858235120773315430e-01 1.145950034260749817e-01 3.984803676605224609e+00 6.310480833053588867e-02 -1.229723170399665833e-01 9.904013276100158691e-01 8.593055725097656250e+01
9.903415441513061523e-01 -1.155973076820373535e-01 -7.655704766511917114e-02 -2.350430488586425781e+00 1.239258572459220886e-01 9.856205582618713379e-01 1.148677244782447815e-01 4.088860988616943359e+00 6.217776611447334290e-02 -1.232456639409065247e-01 9.904260039329528809e-01 8.694724273681640625e+01
9.900844097137451172e-01 -1.177094802260398865e-01 -7.666362822055816650e-02 -2.430797576904296875e+00 1.259458810091018677e-01 9.855403900146484375e-01 1.133486703038215637e-01 4.199760437011718750e+00 6.221285089850425720e-02 -1.218802109360694885e-01 9.905927181243896484e-01 8.809114837646484375e+01
9.907228350639343262e-01 -1.165727451443672180e-01 -6.985013931989669800e-02 -2.499395847320556641e+00 1.241409704089164734e-01 9.854422211647033691e-01 1.161588281393051147e-01 4.303659915924072266e+00 5.529228970408439636e-02 -1.237524524331092834e-01 9.907709956169128418e-01 8.915713500976562500e+01
9.911782741546630859e-01 -1.159409135580062866e-01 -6.421355158090591431e-02 -2.564448833465576172e+00 1.229175999760627747e-01 9.853513240814208984e-01 1.182120963931083679e-01 4.411206722259521484e+00 4.956726729869842529e-02 -1.250622123479843140e-01 9.909095168113708496e-01 9.021940612792968750e+01
9.913754463195800781e-01 -1.166332215070724487e-01 -5.976099893450737000e-02 -2.625425100326538086e+00 1.230361461639404297e-01 9.853687286376953125e-01 1.179429739713668823e-01 4.513031005859375000e+00 4.513053223490715027e-02 -1.242785006761550903e-01 9.912200570106506348e-01 9.121257019042968750e+01
9.915349483489990234e-01 -1.153861135244369507e-01 -5.953498557209968567e-02 -2.684726476669311523e+00 1.217980533838272095e-01 9.854442477226257324e-01 1.185949519276618958e-01 4.622326850891113281e+00 4.498418420553207397e-02 -1.248422563076019287e-01 9.911558628082275391e-01 9.226051330566406250e+01
9.915177226066589355e-01 -1.159073933959007263e-01 -5.880512297153472900e-02 -2.747200965881347656e+00 1.223588362336158752e-01 9.850067496299743652e-01 1.216134876012802124e-01 4.737299919128417969e+00 4.382752999663352966e-02 -1.277772188186645508e-01 9.908336400985717773e-01 9.330613708496093750e+01
9.914182424545288086e-01 -1.163290739059448242e-01 -5.964387953281402588e-02 -2.806370496749877930e+00 1.230156868696212769e-01 9.845614433288574219e-01 1.245222017168998718e-01 4.862790107727050781e+00 4.423749446868896484e-02 -1.307906806468963623e-01 9.904221892356872559e-01 9.442620849609375000e+01
9.911544919013977051e-01 -1.185617521405220032e-01 -5.963039025664329529e-02 -2.874616384506225586e+00 1.253199875354766846e-01 9.840145707130432129e-01 1.265311837196350098e-01 4.997203826904296875e+00 4.367539286613464355e-02 -1.328848153352737427e-01 9.901683330535888672e-01 9.555989837646484375e+01
9.916302561759948730e-01 -1.178672760725021362e-01 -5.269393324851989746e-02 -2.937207221984863281e+00 1.239324882626533508e-01 9.833966493606567383e-01 1.325587928295135498e-01 5.125657558441162109e+00 3.619467467069625854e-02 -1.379797756671905518e-01 9.897730946540832520e-01 9.667879486083984375e+01
9.917681217193603516e-01 -1.172726377844810486e-01 -5.140972882509231567e-02 -2.986186742782592773e+00 1.232099458575248718e-01 9.833164811134338379e-01 1.338212043046951294e-01 5.255042552947998047e+00 3.485844656825065613e-02 -1.390537619590759277e-01 9.896707534790039062e-01 9.777478027343750000e+01
9.918022751808166504e-01 -1.158144921064376831e-01 -5.399103462696075439e-02 -3.041883468627929688e+00 1.223068162798881531e-01 9.827578067779541016e-01 1.386659443378448486e-01 5.383865356445312500e+00 3.700056299567222595e-02 -1.441326290369033813e-01 9.888660311698913574e-01 9.884543609619140625e+01
9.911336302757263184e-01 -1.191448569297790527e-01 -5.880777910351753235e-02 -3.107469797134399414e+00 1.263160705566406250e-01 9.822117686271667480e-01 1.389402002096176147e-01 5.533267974853515625e+00 4.120765626430511475e-02 -1.451366394758224487e-01 9.885527491569519043e-01 1.000249710083007812e+02
9.909279942512512207e-01 -1.205232217907905579e-01 -5.946000292897224426e-02 -3.170011043548583984e+00 1.277820914983749390e-01 9.820049405097961426e-01 1.390614807605743408e-01 5.674162387847900391e+00 4.162985458970069885e-02 -1.453978121280670166e-01 9.884966611862182617e-01 1.011419143676757812e+02
9.895985722541809082e-01 -1.272027343511581421e-01 -6.718450039625167847e-02 -3.244785547256469727e+00 1.355800628662109375e-01 9.808237552642822266e-01 1.400101929903030396e-01 5.826331615447998047e+00 4.808644205331802368e-02 -1.476627290248870850e-01 9.878677725791931152e-01 1.023279037475585938e+02
9.886225461959838867e-01 -1.298055052757263184e-01 -7.599731534719467163e-02 -3.316094398498535156e+00 1.395776569843292236e-01 9.799973964691162109e-01 1.418563574552536011e-01 5.975562572479248047e+00 5.606339871883392334e-02 -1.508498787879943848e-01 9.869652986526489258e-01 1.034965667724609375e+02
9.883356094360351562e-01 -1.311995983123779297e-01 -7.732319831848144531e-02 -3.408741950988769531e+00 1.410966664552688599e-01 9.799391031265258789e-01 1.407516002655029297e-01 6.130497932434082031e+00 5.730543285608291626e-02 -1.500198394060134888e-01 9.870204329490661621e-01 1.047119064331054688e+02
9.880267977714538574e-01 -1.328302770853042603e-01 -7.847656309604644775e-02 -3.496918439865112305e+00 1.428504288196563721e-01 9.797750115394592285e-01 1.401230841875076294e-01 6.279393196105957031e+00 5.827675387263298035e-02 -1.496557593345642090e-01 9.870188236236572266e-01 1.058916473388671875e+02
9.873282909393310547e-01 -1.342576742172241211e-01 -8.459936827421188354e-02 -3.596017599105834961e+00 1.452556699514389038e-01 9.792762398719787598e-01 1.411333531141281128e-01 6.432811737060546875e+00 6.389787793159484863e-02 -1.516334861516952515e-01 9.863688349723815918e-01 1.071170806884765625e+02
9.863953590393066406e-01 -1.342008113861083984e-01 -9.494021534919738770e-02 -3.703597068786621094e+00 1.469162255525588989e-01 9.787749052047729492e-01 1.428816467523574829e-01 6.571831703186035156e+00 7.375022023916244507e-02 -1.548860520124435425e-01 9.851752519607543945e-01 1.082678070068359375e+02
9.863047599792480469e-01 -1.341243535280227661e-01 -9.598412364721298218e-02 -3.811494588851928711e+00 1.469689756631851196e-01 9.788329005241394043e-01 1.424293816089630127e-01 6.718500137329101562e+00 7.484912127256393433e-02 -1.545854508876800537e-01 9.851395487785339355e-01 1.094302902221679688e+02
9.846466183662414551e-01 -1.330962330102920532e-01 -1.129416972398757935e-01 -3.946113109588623047e+00 1.487190872430801392e-01 9.784030914306640625e-01 1.435613185167312622e-01 6.876739978790283203e+00 9.139497578144073486e-02 -1.581537276506423950e-01 9.831750988960266113e-01 1.106019592285156250e+02
9.844298362731933594e-01 -1.330633759498596191e-01 -1.148538812994956970e-01 -4.084609985351562500e+00 1.490356773138046265e-01 9.782878756523132324e-01 1.440175026655197144e-01 7.034307003021240234e+00 9.319665282964706421e-02 -1.588924378156661987e-01 9.828868508338928223e-01 1.117835998535156250e+02
9.845722913742065430e-01 -1.328525096178054810e-01 -1.138730570673942566e-01 -4.220775604248046875e+00 1.486464887857437134e-01 9.783818125724792480e-01 1.437813788652420044e-01 7.188886642456054688e+00 9.230955690145492554e-02 -1.584899872541427612e-01 9.830355048179626465e-01 1.129659042358398438e+02
9.845952391624450684e-01 -1.336802691221237183e-01 -1.126996800303459167e-01 -4.361872673034667969e+00 1.493438780307769775e-01 9.781756401062011719e-01 1.444597393274307251e-01 7.353911876678466797e+00 9.092861413955688477e-02 -1.590653806924819946e-01 9.830712676048278809e-01 1.142188339233398438e+02
9.841518402099609375e-01 -1.344939172267913818e-01 -1.155680716037750244e-01 -4.502686977386474609e+00 1.507108807563781738e-01 9.778155088424682617e-01 1.454746127128601074e-01 7.514315605163574219e+00 9.343875199556350708e-02 -1.605864614248275757e-01 9.825884103775024414e-01 1.154056243896484375e+02
9.821811914443969727e-01 -1.379732638597488403e-01 -1.276043802499771118e-01 -4.653459548950195312e+00 1.562851220369338989e-01 9.767364263534545898e-01 1.468355655670166016e-01 7.677370548248291016e+00 1.043764054775238037e-01 -1.641617715358734131e-01 9.808951616287231445e-01 1.166372146606445312e+02
9.816511273384094238e-01 -1.402157843112945557e-01 -1.292281746864318848e-01 -4.814600467681884766e+00 1.589565575122833252e-01 9.760654568672180176e-01 1.484210640192031860e-01 7.841382980346679688e+00 1.053241267800331116e-01 -1.662393361330032349e-01 9.804438352584838867e-01 1.178459930419921875e+02
9.810906052589416504e-01 -1.410997658967971802e-01 -1.324817836284637451e-01 -4.987625598907470703e+00 1.606061756610870361e-01 9.754891395568847656e-01 1.504207402467727661e-01 8.015499114990234375e+00 1.080101579427719116e-01 -1.688537150621414185e-01 9.797044992446899414e-01 1.191188278198242188e+02
9.803307056427001953e-01 -1.443303227424621582e-01 -1.346097290515899658e-01 -5.146729946136474609e+00 1.640962660312652588e-01 9.750288128852844238e-01 1.496362239122390747e-01 8.203409194946289062e+00 1.096512675285339355e-01 -1.687818765640258789e-01 9.795345664024353027e-01 1.203810882568359375e+02
9.804488420486450195e-01 -1.441096216440200806e-01 -1.339845657348632812e-01 -5.309474468231201172e+00 1.638875901699066162e-01 9.749006628990173340e-01 1.506958156824111938e-01 8.377235412597656250e+00 1.089048832654953003e-01 -1.697078794240951538e-01 9.794577956199645996e-01 1.216098251342773438e+02
9.804268479347229004e-01 -1.458211094141006470e-01 -1.322829872369766235e-01 -5.490743637084960938e+00 1.653713732957839966e-01 9.745433330535888672e-01 1.513846218585968018e-01 8.564682006835937500e+00 1.068403869867324829e-01 -1.702972948551177979e-01 9.795829057693481445e-01 1.229872283935546875e+02
9.805778264999389648e-01 -1.454470753669738770e-01 -1.315736770629882812e-01 -5.651246547698974609e+00 1.651210337877273560e-01 9.742330908775329590e-01 1.536382436752319336e-01 8.740508079528808594e+00 1.058371514081954956e-01 -1.723797619342803955e-01 9.793275594711303711e-01 1.242284774780273438e+02
9.803598523139953613e-01 -1.470863819122314453e-01 -1.313755065202713013e-01 -5.825535297393798828e+00 1.668579727411270142e-01 9.737262725830078125e-01 1.549684554338455200e-01 8.930168151855468750e+00 1.051299944519996643e-01 -1.738458126783370972e-01 9.791445732116699219e-01 1.255470275878906250e+02
9.808695912361145020e-01 -1.491591036319732666e-01 -1.250831037759780884e-01 -5.965110301971435547e+00 1.679700613021850586e-01 9.732801318168640137e-01 1.565616130828857422e-01 9.095342636108398438e+00 9.838826209306716919e-02 -1.745766550302505493e-01 9.797149896621704102e-01 1.266818313598632812e+02
9.811027050018310547e-01 -1.506202071905136108e-01 -1.214514002203941345e-01 -6.087491035461425781e+00 1.689313203096389771e-01 9.728575348854064941e-01 1.581459790468215942e-01 9.256402015686035156e+00 9.433487802743911743e-02 -1.756742894649505615e-01 9.799174666404724121e-01 1.278015747070312500e+02
9.807089567184448242e-01 -1.523829698562622070e-01 -1.224289387464523315e-01 -6.238205909729003906e+00 1.710051447153091431e-01 9.722387194633483887e-01 1.597149074077606201e-01 9.439598083496093750e+00 9.469226747751235962e-02 -1.775697171688079834e-01 9.795413017272949219e-01 1.290164337158203125e+02
9.807178378105163574e-01 -1.542561948299407959e-01 -1.199871748685836792e-01 -6.389353275299072266e+00 1.726255267858505249e-01 9.715957045555114746e-01 1.618704050779342651e-01 9.639787673950195312e+00 9.160944819450378418e-02 -1.794619411230087280e-01 9.794896245002746582e-01 1.303045806884765625e+02
9.804932475090026855e-01 -1.550815403461456299e-01 -1.207565665245056152e-01 -6.530410289764404297e+00 1.736633926630020142e-01 9.712678790092468262e-01 1.627254486083984375e-01 9.823502540588378906e+00 9.205120801925659180e-02 -1.805220991373062134e-01 9.792533516883850098e-01 1.315236968994140625e+02
9.807615280151367188e-01 -1.558304131031036377e-01 -1.175715923309326172e-01 -6.663712501525878906e+00 1.740068942308425903e-01 9.708665609359741211e-01 1.647409200668334961e-01 9.999998092651367188e+00 8.847463876008987427e-02 -1.820297241210937500e-01 9.793038964271545410e-01 1.326231384277343750e+02
9.796804189682006836e-01 -1.598720997571945190e-01 -1.211051046848297119e-01 -6.801832199096679688e+00 1.790618151426315308e-01 9.692018628120422363e-01 1.690694242715835571e-01 1.017581558227539062e+01 9.034576267004013062e-02 -1.873192042112350464e-01 9.781349301338195801e-01 1.338003997802734375e+02
9.795928597450256348e-01 -1.608044058084487915e-01 -1.205776706337928772e-01 -6.932751178741455078e+00 1.799576431512832642e-01 9.688956737518310547e-01 1.698714047670364380e-01 1.036853408813476562e+01 8.951106667518615723e-02 -1.881035864353179932e-01 9.780611395835876465e-01 1.349928894042968750e+02
9.798897504806518555e-01 -1.606745421886444092e-01 -1.183172911405563354e-01 -7.081433296203613281e+00 1.795918792486190796e-01 9.685832262039184570e-01 1.720265895128250122e-01 1.057968330383300781e+01 8.695980906486511230e-02 -1.898158043622970581e-01 9.779605269432067871e-01 1.363003540039062500e+02
9.795996546745300293e-01 -1.625258475542068481e-01 -1.181912198662757874e-01 -7.235323905944824219e+00 1.815202832221984863e-01 9.679757952690124512e-01 1.734159737825393677e-01 1.079767513275146484e+01 8.622162789106369019e-02 -1.913322210311889648e-01 9.777303338050842285e-01 1.376669616699218750e+02
9.790893793106079102e-01 -1.634460389614105225e-01 -1.211140677332878113e-01 -7.397139549255371094e+00 1.830605268478393555e-01 9.675580859184265137e-01 1.741267591714859009e-01 1.101100540161132812e+01 8.872452378273010254e-02 -1.926567554473876953e-01 9.772462248802185059e-01 1.389872436523437500e+02
9.796821475028991699e-01 -1.639722138643264771e-01 -1.154785305261611938e-01 -7.544319629669189453e+00 1.827769130468368530e-01 9.669877886772155762e-01 1.775593310594558716e-01 1.122374916076660156e+01 8.255148679018020630e-02 -1.950583904981613159e-01 9.773107767105102539e-01 1.402603759765625000e+02
9.792743325233459473e-01 -1.658752262592315674e-01 -1.162179708480834961e-01 -7.682063579559326172e+00 1.848648786544799805e-01 9.664521813392639160e-01 1.783121228218078613e-01 1.143076229095458984e+01 8.274150639772415161e-02 -1.961009800434112549e-01 9.770860075950622559e-01 1.414872131347656250e+02
9.787970185279846191e-01 -1.688132584095001221e-01 -1.160080283880233765e-01 -7.833457469940185547e+00 1.877717673778533936e-01 9.657834172248840332e-01 1.788974255323410034e-01 1.164792633056640625e+01 8.183832466602325439e-02 -1.968871802091598511e-01 9.770039916038513184e-01 1.427958374023437500e+02
9.790545105934143066e-01 -1.690422594547271729e-01 -1.134737133979797363e-01 -7.956916332244873047e+00 1.875463873147964478e-01 9.657085537910461426e-01 1.795369535684585571e-01 1.184338188171386719e+01 7.923314720392227173e-02 -1.970579475164413452e-01 9.771842360496520996e-01 1.439864959716796875e+02
9.792528152465820312e-01 -1.683628857135772705e-01 -1.127705574035644531e-01 -8.098118782043457031e+00 1.868765950202941895e-01 9.655127525329589844e-01 1.812803298234939575e-01 1.204985237121582031e+01 7.836047559976577759e-02 -1.985933482646942139e-01 9.769437909126281738e-01 1.452075042724609375e+02
9.791944026947021484e-01 -1.698450148105621338e-01 -1.110417544841766357e-01 -8.237532615661621094e+00 1.880800575017929077e-01 9.650655388832092285e-01 1.824136525392532349e-01 1.227011871337890625e+01 7.618045806884765625e-02 -1.995030790567398071e-01 9.769308567047119141e-01 1.464800720214843750e+02
9.790340065956115723e-01 -1.706129312515258789e-01 -1.112783476710319519e-01 -8.379362106323242188e+00 1.888778507709503174e-01 9.649257659912109375e-01 1.823284327983856201e-01 1.249675846099853516e+01 7.626769691705703735e-02 -1.995236724615097046e-01 9.769198298454284668e-01 1.477591247558593750e+02
9.793020486831665039e-01 -1.719559580087661743e-01 -1.067606061697006226e-01 -8.503202438354492188e+00 1.894145607948303223e-01 9.645076990127563477e-01 1.839762479066848755e-01 1.270222854614257812e+01 7.133556902408599854e-02 -2.003902494907379150e-01 9.771150350570678711e-01 1.490093994140625000e+02
9.792251586914062500e-01 -1.726083606481552124e-01 -1.064125597476959229e-01 -8.636810302734375000e+00 1.900333166122436523e-01 9.642632603645324707e-01 1.846181005239486694e-01 1.293267726898193359e+01 7.074306160211563110e-02 -2.010045498609542847e-01 9.770318865776062012e-01 1.503460845947265625e+02
9.783591032028198242e-01 -1.749503612518310547e-01 -1.104769334197044373e-01 -8.782773017883300781e+00 1.932690292596817017e-01 9.633571505546569824e-01 1.859843730926513672e-01 1.316078567504882812e+01 7.389067858457565308e-02 -2.033111751079559326e-01 9.763214588165283203e-01 1.516657562255859375e+02
9.780244231224060059e-01 -1.762727200984954834e-01 -1.113348081707954407e-01 -8.923198699951171875e+00 1.949939280748367310e-01 9.623763561248779297e-01 1.892334520816802979e-01 1.339424324035644531e+01 7.378925383090972900e-02 -2.067844569683074951e-01 9.755994081497192383e-01 1.529839782714843750e+02
9.775083065032958984e-01 -1.779869049787521362e-01 -1.131257563829421997e-01 -9.063408851623535156e+00 1.972543001174926758e-01 9.614006876945495605e-01 1.918319463729858398e-01 1.362726593017578125e+01 7.461557537317276001e-02 -2.098317742347717285e-01 9.748856425285339355e-01 1.542748718261718750e+02
9.762303829193115234e-01 -1.804277002811431885e-01 -1.200808510184288025e-01 -9.202888488769531250e+00 2.013704329729080200e-01 9.599717259407043457e-01 1.946903318166732788e-01 1.386587333679199219e+01 8.014665544033050537e-02 -2.142432630062103271e-01 9.734860658645629883e-01 1.555702514648437500e+02
9.764003753662109375e-01 -1.815027743577957153e-01 -1.170400455594062805e-01 -9.351131439208984375e+00 2.019709795713424683e-01 9.593259692192077637e-01 1.972347795963287354e-01 1.410803508758544922e+01 7.648086547851562500e-02 -2.162187248468399048e-01 9.733441472053527832e-01 1.568774719238281250e+02
9.753351807594299316e-01 -1.857087314128875732e-01 -1.193021088838577271e-01 -9.496952056884765625e+00 2.066244184970855713e-01 9.582669138908386230e-01 1.975629180669784546e-01 1.434391689300537109e+01 7.763407379388809204e-02 -2.173407226800918579e-01 9.730029106140136719e-01 1.581223144531250000e+02
