9.999905228614807129e-01 -1.960753463208675385e-03 -3.882434451952576637e-03 -1.007617078721523285e-02 1.973150297999382019e-03 9.999929666519165039e-01 3.191842697560787201e-03 -3.316688537597656250e-02 3.876148490235209465e-03 -3.199473023414611816e-03 9.999873638153076172e-01 2.079583406448364258e+00
9.999909996986389160e-01 -3.970199730247259140e-03 1.482545631006360054e-03 -1.462481264024972916e-02 3.959699533879756927e-03 9.999675154685974121e-01 7.019222714006900787e-03 -8.499908447265625000e-02 -1.510365866124629974e-03 -7.013289257884025574e-03 9.999742507934570312e-01 4.202458381652832031e+00
9.999638795852661133e-01 -7.625247351825237274e-03 3.754894016310572624e-03 -1.392795331776142120e-02 7.605317048728466034e-03 9.999570250511169434e-01 5.293657537549734116e-03 -8.550939708948135376e-02 -3.795098746195435524e-03 -5.264908540993928909e-03 9.999789595603942871e-01 6.266084671020507812e+00
9.998599886894226074e-01 -1.668262481689453125e-02 1.283430727198719978e-03 -4.644878208637237549e-03 1.667759753763675690e-02 9.998535513877868652e-01 3.832636401057243347e-03 -1.197716519236564636e-01 -1.347181852906942368e-03 -3.810694441199302673e-03 9.999918341636657715e-01 8.534037590026855469e+00
9.998304843902587891e-01 -1.836509257555007935e-02 1.277113799005746841e-03 9.268848225474357605e-03 1.835503615438938141e-02 9.998034834861755371e-01 7.483201101422309875e-03 -1.383761167526245117e-01 -1.414293190464377403e-03 -7.458490785211324692e-03 9.999711513519287109e-01 1.074836158752441406e+01
9.997016191482543945e-01 -2.439104579389095306e-02 -1.277613220736384392e-03 -3.685718402266502380e-04 2.439720742404460907e-02 9.996895194053649902e-01 5.054617300629615784e-03 -1.759302616119384766e-01 1.153928460553288460e-03 -5.084278993308544159e-03 9.999864101409912109e-01 1.299477005004882812e+01
9.996063709259033203e-01 -2.803179062902927399e-02 -1.074843574315309525e-03 -1.879284903407096863e-02 2.803773060441017151e-02 9.995889663696289062e-01 5.983226932585239410e-03 -2.016819864511489868e-01 9.066804777830839157e-04 -6.011007819324731827e-03 9.999815225601196289e-01 1.525567340850830078e+01
9.993931055068969727e-01 -3.439239785075187683e-02 -5.517393816262483597e-03 -4.130294173955917358e-02 3.442999720573425293e-02 9.993835091590881348e-01 6.871350109577178955e-03 -2.313917428255081177e-01 5.277669522911310196e-03 -7.057143375277519226e-03 9.999611973762512207e-01 1.759491729736328125e+01
9.992980957031250000e-01 -3.532685339450836182e-02 -1.245423033833503723e-02 -6.179931759834289551e-02 3.547249734401702881e-02 9.993025064468383789e-01 1.167434267699718475e-02 -2.468438148498535156e-01 1.203312538564205170e-02 -1.210793107748031616e-02 9.998543262481689453e-01 1.989992141723632812e+01
9.988923072814941406e-01 -4.425008967518806458e-02 -1.600044779479503632e-02 -1.010050997138023376e-01 4.440150037407875061e-02 9.989711046218872070e-01 9.235218167304992676e-03 -2.501341700553894043e-01 1.557532697916030884e-02 -9.935432113707065582e-03 9.998294115066528320e-01 2.221067428588867188e+01
9.984537959098815918e-01 -5.383589863777160645e-02 -1.384612731635570526e-02 -1.440107822418212891e-01 5.396228656172752380e-02 9.985031485557556152e-01 8.922838605940341949e-03 -2.556067109107971191e-01 1.334503293037414551e-02 -9.656210429966449738e-03 9.998643994331359863e-01 2.459401512145996094e+01
9.981414675712585449e-01 -5.884526669979095459e-02 -1.584161072969436646e-02 -1.501504629850387573e-01 5.906049162149429321e-02 9.981634616851806641e-01 1.347958762198686600e-02 -2.786207795143127441e-01 1.501930598169565201e-02 -1.439014822244644165e-02 9.997836947441101074e-01 2.698248481750488281e+01
9.975766539573669434e-01 -6.713072210550308228e-02 -1.828606799244880676e-02 -1.769334375858306885e-01 6.741344928741455078e-02 9.976077079772949219e-01 1.530992798507213593e-02 -2.904127836227416992e-01 1.721455529332160950e-02 -1.650555245578289032e-02 9.997156262397766113e-01 2.893914413452148438e+01
9.973642826080322266e-01 -6.907248497009277344e-02 -2.221507765352725983e-02 -2.257554233074188232e-01 6.940967589616775513e-02 9.974787831306457520e-01 1.478252839297056198e-02 -2.988283336162567139e-01 2.113800123333930969e-02 -1.628550700843334198e-02 9.996439814567565918e-01 3.108915710449218750e+01
9.969083666801452637e-01 -7.682412117719650269e-02 -1.648664847016334534e-02 -2.572151720523834229e-01 7.708647102117538452e-02 9.968973994255065918e-01 1.591541431844234467e-02 -3.027377128601074219e-01 1.521280780434608459e-02 -1.713710837066173553e-02 9.997375011444091797e-01 3.331272888183593750e+01
9.963696002960205078e-01 -8.478862047195434570e-02 -7.660337723791599274e-03 -3.076711893081665039e-01 8.490480482578277588e-02 9.962542653083801270e-01 1.638902351260185242e-02 -2.822141051292419434e-01 6.242039613425731659e-03 -1.697992533445358276e-02 9.998364448547363281e-01 3.540221786499023438e+01
9.951794743537902832e-01 -9.802889823913574219e-02 -2.883435226976871490e-03 -3.199652433395385742e-01 9.806265681982040405e-02 9.950516223907470703e-01 1.600243709981441498e-02 -2.634622752666473389e-01 1.300463452935218811e-03 -1.620805263519287109e-02 9.998678565025329590e-01 3.771058273315429688e+01
9.948519468307495117e-01 -1.009104773402214050e-01 -9.319947101175785065e-03 -3.158357441425323486e-01 1.010958403348922729e-01 9.946289658546447754e-01 2.220153063535690308e-02 -2.779595851898193359e-01 7.029519882053136826e-03 -2.302944287657737732e-02 9.997101426124572754e-01 3.974184799194335938e+01
9.947484731674194336e-01 -1.017420589923858643e-01 -1.114249601960182190e-02 -3.638662695884704590e-01 1.020095273852348328e-01 9.944202899932861328e-01 2.687555737793445587e-02 -2.873005568981170654e-01 8.345946669578552246e-03 -2.787105739116668701e-02 9.995767474174499512e-01 4.197167205810546875e+01
9.939224720001220703e-01 -1.097242832183837891e-01 -8.880207315087318420e-03 -3.906405568122863770e-01 1.099218949675559998e-01 9.935960769653320312e-01 2.615235373377799988e-02 -3.043885529041290283e-01 5.953788291662931442e-03 -2.696953527629375458e-02 9.996185898780822754e-01 4.433875274658203125e+01
9.939166307449340820e-01 -1.097661182284355164e-01 -9.010875597596168518e-03 -4.067292213439941406e-01 1.100042089819908142e-01 9.933961033821105957e-01 3.260482847690582275e-02 -3.105716407299041748e-01 5.372461397200822830e-03 -3.339771181344985962e-02 9.994277358055114746e-01 4.644629669189453125e+01
9.932610988616943359e-01 -1.156516671180725098e-01 -7.555269170552492142e-03 -4.258997142314910889e-01 1.158276274800300598e-01 9.928188920021057129e-01 2.990618720650672913e-02 -2.754667699337005615e-01 4.042312968522310257e-03 -3.057975880801677704e-02 9.995241761207580566e-01 4.868807220458984375e+01
9.926846027374267578e-01 -1.202681362628936768e-01 -1.062251254916191101e-02 -4.367574155330657959e-01 1.205301657319068909e-01 9.922856092453002930e-01 2.900729887187480927e-02 -2.697199583053588867e-01 7.051913067698478699e-03 -3.007543087005615234e-02 9.995227456092834473e-01 5.123233795166015625e+01
9.927577376365661621e-01 -1.196164563298225403e-01 -1.113629899919033051e-02 -4.619392156600952148e-01 1.199075058102607727e-01 9.923075437545776367e-01 3.078437224030494690e-02 -2.578593492507934570e-01 7.368316408246755600e-03 -3.189674764871597290e-02 9.994639754295349121e-01 5.321498107910156250e+01
9.934374690055847168e-01 -1.137670725584030151e-01 -1.179612148553133011e-02 -4.706301093101501465e-01 1.141051501035690308e-01 9.928974509239196777e-01 3.368188813328742981e-02 -2.211582958698272705e-01 7.880450226366519928e-03 -3.480684384703636169e-02 9.993629455566406250e-01 5.526056289672851562e+01
9.934672713279724121e-01 -1.132340356707572937e-01 -1.417370978742837906e-02 -5.060926675796508789e-01 1.137352138757705688e-01 9.926307201385498047e-01 4.181390255689620972e-02 -1.878197491168975830e-01 9.334502741694450378e-03 -4.315278679132461548e-02 9.990248084068298340e-01 5.760507965087890625e+01
9.935547113418579102e-01 -1.126970872282981873e-01 -1.217894535511732101e-02 -5.405233502388000488e-01 1.131304278969764709e-01 9.925947785377502441e-01 4.423748701810836792e-02 -1.277623623609542847e-01 7.103321142494678497e-03 -4.533017426729202271e-02 9.989467263221740723e-01 5.971762847900390625e+01
9.928383231163024902e-01 -1.188789680600166321e-01 -1.182359363883733749e-02 -5.764651298522949219e-01 1.193121075630187988e-01 9.917086958885192871e-01 4.773123934864997864e-02 -6.435707211494445801e-02 6.051320116966962814e-03 -4.880010709166526794e-02 9.987901449203491211e-01 6.192133331298828125e+01
9.930627346038818359e-01 -1.173708438873291016e-01 -7.102068979293107986e-03 -5.747883319854736328e-01 1.175834909081459045e-01 9.915844202041625977e-01 5.416994541883468628e-02 -1.523524522781372070e-02 6.843283772468566895e-04 -5.462924763560295105e-02 9.985064268112182617e-01 6.407476806640625000e+01
9.914101362228393555e-01 -1.306961029767990112e-01 4.937250167131423950e-03 -5.606493949890136719e-01 1.302067041397094727e-01 9.898496270179748535e-01 5.695410072803497314e-02 5.303472280502319336e-02 -1.233081519603729248e-02 -5.582201108336448669e-02 9.983645677566528320e-01 6.624417877197265625e+01
9.901601672172546387e-01 -1.397168189287185669e-01 7.872657850384712219e-03 -5.288144350051879883e-01 1.390057206153869629e-01 9.884875416755676270e-01 5.974667146801948547e-02 1.693642884492874146e-01 -1.612963899970054626e-02 -5.806443095207214355e-02 9.981824755668640137e-01 6.838846588134765625e+01
9.892515540122985840e-01 -1.457980573177337646e-01 1.114153023809194565e-02 -5.063152313232421875e-01 1.448536515235900879e-01 9.875415563583374023e-01 6.147321313619613647e-02 2.513155341148376465e-01 -1.996539905667304993e-02 -5.919858440756797791e-02 9.980464577674865723e-01 7.046717834472656250e+01
9.879533052444458008e-01 -1.534844934940338135e-01 1.976515911519527435e-02 -4.866802394390106201e-01 1.520283371210098267e-01 9.864736795425415039e-01 6.129385158419609070e-02 3.253892064094543457e-01 -2.890546433627605438e-02 -5.755060538649559021e-02 9.979239702224731445e-01 7.246549987792968750e+01
9.872661828994750977e-01 -1.571988612413406372e-01 2.436956390738487244e-02 -4.303733408451080322e-01 1.555132120847702026e-01 9.860018491744995117e-01 6.013247743248939514e-02 4.126247763633728027e-01 -3.348119184374809265e-02 -5.557697638869285583e-02 9.978927969932556152e-01 7.446636962890625000e+01
9.878914952278137207e-01 -1.532173901796340942e-01 2.438654750585556030e-02 -3.824231028556823730e-01 1.512398123741149902e-01 9.860972762107849121e-01 6.883735209703445435e-02 4.927225708961486816e-01 -3.459459170699119568e-02 -6.431561708450317383e-02 9.973297119140625000e-01 7.633103179931640625e+01
9.871044754981994629e-01 -1.582703888416290283e-01 2.398185431957244873e-02 -3.361832797527313232e-01 1.562175303697586060e-01 9.851326346397399902e-01 7.148213684558868408e-02 5.773464441299438477e-01 -3.493881970643997192e-02 -6.681395322084426880e-02 9.971534609794616699e-01 7.824006652832031250e+01
9.870976209640502930e-01 -1.586478203535079956e-01 2.165705338120460510e-02 -3.046206235885620117e-01 1.566648632287979126e-01 9.848707318305969238e-01 7.406589388847351074e-02 6.834708452224731445e-01 -3.307979553937911987e-02 -6.971737742424011230e-02 9.970180988311767578e-01 8.030946350097656250e+01
9.856486916542053223e-01 -1.661856472492218018e-01 2.964505553245544434e-02 -2.584302425384521484e-01 1.637008041143417358e-01 9.838429093360900879e-01 7.249283790588378906e-02 8.052392601966857910e-01 -4.121334850788116455e-02 -6.659956276416778564e-02 9.969282150268554688e-01 8.231224060058593750e+01
9.859773516654968262e-01 -1.647617667913436890e-01 2.649741619825363159e-02 -2.107097357511520386e-01 1.623264104127883911e-01 9.837474822998046875e-01 7.675330340862274170e-02 9.324425458908081055e-01 -3.871277719736099243e-02 -7.137580215930938721e-02 9.966979026794433594e-01 8.427807617187500000e+01
9.856716990470886230e-01 -1.663786917924880981e-01 2.773674391210079193e-02 -1.380887329578399658e-01 1.639335006475448608e-01 9.836391210556030273e-01 7.469964027404785156e-02 1.061684250831604004e+00 -3.971137478947639465e-02 -6.908234953880310059e-02 9.968202114105224609e-01 8.628619384765625000e+01
9.840480685234069824e-01 -1.753621548414230347e-01 2.995601482689380646e-02 -8.149099349975585938e-02 1.726019084453582764e-01 9.818936586380004883e-01 7.806031405925750732e-02 1.186129689216613770e+00 -4.310245066881179810e-02 -7.164464890956878662e-02 9.964984059333801270e-01 8.831166839599609375e+01
9.835608601570129395e-01 -1.780219674110412598e-01 3.026675246655941010e-02 -1.070547103881835938e-02 1.752728670835494995e-01 9.814913868904113770e-01 7.716245204210281372e-02 1.318063855171203613e+00 -4.344317317008972168e-02 -7.058904320001602173e-02 9.965589046478271484e-01 9.016467285156250000e+01
9.830361008644104004e-01 -1.812678277492523193e-01 2.796405367553234100e-02 4.355793818831443787e-02 1.784919798374176025e-01 9.805585145950317383e-01 8.151999861001968384e-02 1.454992532730102539e+00 -4.219735041260719299e-02 -7.514575123786926270e-02 9.962792396545410156e-01 9.219019317626953125e+01
9.817129969596862793e-01 -1.864115893840789795e-01 3.860376775264739990e-02 1.277693361043930054e-01 1.824184805154800415e-01 9.791632294654846191e-01 8.923387527465820312e-02 1.605723857879638672e+00 -5.443362891674041748e-02 -8.056002110242843628e-02 9.952622056007385254e-01 9.429557037353515625e+01
9.810238480567932129e-01 -1.891710907220840454e-01 4.250176250934600830e-02 2.243282943964004517e-01 1.846530586481094360e-01 9.784218668937683105e-01 9.270304441452026367e-02 1.753876566886901855e+00 -5.912140011787414551e-02 -8.309582620859146118e-02 9.947862029075622559e-01 9.632209777832031250e+01
9.804264307022094727e-01 -1.915712356567382812e-01 4.543507471680641174e-02 3.191009759902954102e-01 1.868052035570144653e-01 9.780155420303344727e-01 9.267875552177429199e-02 1.911675691604614258e+00 -6.219080463051795959e-02 -8.237719535827636719e-02 9.946588277816772461e-01 9.841197204589843750e+01
9.806662201881408691e-01 -1.899413317441940308e-01 4.707381874322891235e-02 4.288524985313415527e-01 1.844567805528640747e-01 9.775615930557250977e-01 1.017296463251113892e-01 2.081778526306152344e+00 -6.534023582935333252e-02 -9.107975661754608154e-02 9.936977028846740723e-01 1.004923400878906250e+02
9.801146388053894043e-01 -1.906433701515197754e-01 5.504804849624633789e-02 5.208502411842346191e-01 1.841440796852111816e-01 9.772053956985473633e-01 1.056426316499710083e-01 2.247359037399291992e+00 -7.393333315849304199e-02 -9.340513497591018677e-02 9.928793311119079590e-01 1.024371261596679688e+02
9.793369770050048828e-01 -1.921871304512023926e-01 6.295264512300491333e-02 6.473544239997863770e-01 1.843859553337097168e-01 9.764046072959899902e-01 1.124085560441017151e-01 2.459465980529785156e+00 -8.307074010372161865e-02 -9.847829490900039673e-02 9.916658997535705566e-01 1.044541702270507812e+02
9.789849519729614258e-01 -1.920383721590042114e-01 6.862694025039672852e-02 7.629694938659667969e-01 1.831233501434326172e-01 9.759123921394348145e-01 1.185778751969337463e-01 2.661283969879150391e+00 -8.974538743495941162e-02 -1.035187840461730957e-01 9.905703663825988770e-01 1.064637222290039062e+02
9.785218238830566406e-01 -1.929313689470291138e-01 7.261174917221069336e-02 8.917396664619445801e-01 1.830547749996185303e-01 9.752123355865478516e-01 1.243045553565025330e-01 2.868387460708618164e+00 -9.479412436485290527e-02 -1.083428114652633667e-01 9.895837306976318359e-01 1.084648971557617188e+02
9.784680604934692383e-01 -1.912831366062164307e-01 7.752960175275802612e-02 1.061079144477844238e+00 1.810226589441299438e-01 9.757757782936096191e-01 1.228506267070770264e-01 3.074070930480957031e+00 -9.915076196193695068e-02 -1.061708331108093262e-01 9.893921613693237305e-01 1.105466918945312500e+02
9.780238270759582520e-01 -1.940069496631622314e-01 7.635765522718429565e-02 1.193312168121337891e+00 1.836322993040084839e-01 9.749918580055236816e-01 1.251796483993530273e-01 3.279533624649047852e+00 -9.873381257057189941e-02 -1.084069907665252686e-01 9.891914129257202148e-01 1.124309616088867188e+02
9.781183004379272461e-01 -1.942263841629028320e-01 7.456858456134796143e-02 1.347328901290893555e+00 1.834855526685714722e-01 9.742720723152160645e-01 1.308695226907730103e-01 3.514683485031127930e+00 -9.806840121746063232e-02 -1.143236756324768066e-01 9.885913133621215820e-01 1.143032684326171875e+02
9.782112836837768555e-01 -1.943020969629287720e-01 7.313811033964157104e-02 1.482479453086853027e+00 1.835180073976516724e-01 9.739786386489868164e-01 1.329909712076187134e-01 3.733997344970703125e+00 -9.707538038492202759e-02 -1.166711747646331787e-01 9.884150624275207520e-01 1.162155838012695312e+02
9.768768548965454102e-01 -1.983631104230880737e-01 7.977206259965896606e-02 1.640387773513793945e+00 1.859030276536941528e-01 9.723506569862365723e-01 1.413297355175018311e-01 3.974853515625000000e+00 -1.056010276079177856e-01 -1.232319325208663940e-01 9.867433309555053711e-01 1.182116394042968750e+02
9.768416881561279297e-01 -1.983317881822586060e-01 8.027885854244232178e-02 1.804447054862976074e+00 1.860028803348541260e-01 9.725925326347351074e-01 1.395223885774612427e-01 4.241428852081298828e+00 -1.057503446936607361e-01 -1.213592365384101868e-01 9.869593977928161621e-01 1.201901321411132812e+02
9.760528206825256348e-01 -2.016435116529464722e-01 8.161211013793945312e-02 1.983265876770019531e+00 1.884981542825698853e-01 9.712559580802917480e-01 1.453624516725540161e-01 4.473057270050048828e+00 -1.085776388645172119e-01 -1.264977604150772095e-01 9.860066771507263184e-01 1.220930480957031250e+02
9.728564620018005371e-01 -2.076271027326583862e-01 1.021816730499267578e-01 2.162944078445434570e+00 1.914797723293304443e-01 9.702169299125671387e-01 1.483730971813201904e-01 4.717283248901367188e+00 -1.299446523189544678e-01 -1.247800588607788086e-01 9.836382865905761719e-01 1.239514083862304688e+02
9.675381779670715332e-01 -2.133704274892807007e-01 1.354352533817291260e-01 2.425294160842895508e+00 1.919458359479904175e-01 9.690245389938354492e-01 1.553971469402313232e-01 4.961405754089355469e+00 -1.643972098827362061e-01 -1.243565008044242859e-01 9.785239100456237793e-01 1.255340270996093750e+02
9.584678411483764648e-01 -2.198614478111267090e-01 1.816595494747161865e-01 2.751612663269042969e+00 1.903279125690460205e-01 9.674622416496276855e-01 1.667098850011825562e-01 5.234136581420898438e+00 -2.124018073081970215e-01 -1.252112388610839844e-01 9.691272974014282227e-01 1.272633972167968750e+02
9.521467089653015137e-01 -2.257738858461380005e-01 2.060163319110870361e-01 3.136677265167236328e+00 1.910387128591537476e-01 9.657719135284423828e-01 1.754675358533859253e-01 5.515489578247070312e+00 -2.385807782411575317e-01 -1.277137994766235352e-01 9.626881480216979980e-01 1.288855590820312500e+02
9.259490370750427246e-01 -2.321448922157287598e-01 2.978708744049072266e-01 3.531008243560791016e+00 1.759460568428039551e-01 9.631034731864929199e-01 2.036534547805786133e-01 5.758232116699218750e+00 -3.341575860977172852e-01 -1.361635774374008179e-01 9.326297640800476074e-01 1.301194915771484375e+02
9.048766493797302246e-01 -2.336901426315307617e-01 3.557908535003662109e-01 3.854715824127197266e+00 1.643528938293457031e-01 9.628188014030456543e-01 2.144016176462173462e-01 5.934955596923828125e+00 -3.926656842231750488e-01 -1.355318129062652588e-01 9.096400141716003418e-01 1.309139862060546875e+02
8.708567619323730469e-01 -2.329923361539840698e-01 4.328083097934722900e-01 4.415015220642089844e+00 1.445116400718688965e-01 9.629674553871154785e-01 2.276182472705841064e-01 6.198243618011474609e+00 -4.698136448860168457e-01 -1.356771141290664673e-01 8.722769618034362793e-01 1.318542175292968750e+02
8.214103579521179199e-01 -2.412000149488449097e-01 5.168244838714599609e-01 5.081577777862548828e+00 1.294806450605392456e-01 9.613757729530334473e-01 2.428814321756362915e-01 6.479693412780761719e+00 -5.554455518722534180e-01 -1.325866430997848511e-01 8.209148645401000977e-01 1.327542572021484375e+02
8.062138557434082031e-01 -2.436221837997436523e-01 5.391358137130737305e-01 5.813237667083740234e+00 1.252708882093429565e-01 9.609135389328002930e-01 2.468853145837783813e-01 6.770895481109619141e+00 -5.782096385955810547e-01 -1.315044313669204712e-01 8.052207231521606445e-01 1.338031311035156250e+02
8.092325925827026367e-01 -2.476538121700286865e-01 5.327384471893310547e-01 6.513431072235107422e+00 1.299463510513305664e-01 9.598001241683959961e-01 2.487924844026565552e-01 7.068658351898193359e+00 -5.729368329048156738e-01 -1.321036517620086670e-01 8.088833689689636230e-01 1.348645629882812500e+02
8.295958042144775391e-01 -2.512106597423553467e-01 4.986622929573059082e-01 7.165345191955566406e+00 1.425365507602691650e-01 9.587663412094116211e-01 2.458669841289520264e-01 7.373730659484863281e+00 -5.398650169372558594e-01 -1.328927278518676758e-01 8.311952948570251465e-01 1.360094451904296875e+02
8.617408871650695801e-01 -2.525774240493774414e-01 4.400083124637603760e-01 7.731142997741699219e+00 1.580553650856018066e-01 9.577605128288269043e-01 2.402361184358596802e-01 7.674249649047851562e+00 -4.821007847785949707e-01 -1.374757438898086548e-01 8.652627468109130859e-01 1.371804199218750000e+02
8.770525455474853516e-01 -2.583889365196228027e-01 4.049863517284393311e-01 8.287614822387695312e+00 1.728005409240722656e-01 9.562885761260986328e-01 2.359072417020797729e-01 7.989555835723876953e+00 -4.482396245002746582e-01 -1.369213461875915527e-01 8.833652734756469727e-01 1.384714355468750000e+02
8.759486675262451172e-01 -2.651842534542083740e-01 4.029778242111206055e-01 8.936240196228027344e+00 1.787188053131103516e-01 9.543029665946960449e-01 2.395109385251998901e-01 8.339012145996093750e+00 -4.480774700641632080e-01 -1.377797424793243408e-01 8.833140730857849121e-01 1.398756713867187500e+02
8.805250525474548340e-01 -2.665773332118988037e-01 3.919336795806884766e-01 9.561879158020019531e+00 1.825532019138336182e-01 9.538026452064514160e-01 2.386104166507720947e-01 8.682829856872558594e+00 -4.374355375766754150e-01 -1.385538727045059204e-01 8.885118961334228516e-01 1.412703247070312500e+02
8.863109350204467773e-01 -2.749840319156646729e-01 3.726077973842620850e-01 1.014627170562744141e+01 1.933374702930450439e-01 9.508581757545471191e-01 2.418459206819534302e-01 9.014635086059570312e+00 -4.208009541034698486e-01 -1.423117965459823608e-01 8.959209322929382324e-01 1.426637878417968750e+02
8.697449564933776855e-01 -2.810028195381164551e-01 4.056859910488128662e-01 1.066166210174560547e+01 1.884610056877136230e-01 9.488766193389892578e-01 2.532106041908264160e-01 9.301457405090332031e+00 -4.560988843441009521e-01 -1.437727957963943481e-01 8.782389163970947266e-01 1.436939239501953125e+02
8.467589616775512695e-01 -2.891549468040466309e-01 4.465296268463134766e-01 1.116226005554199219e+01 1.857921779155731201e-01 9.472656250000000000e-01 2.610920667648315430e-01 9.561005592346191406e+00 -4.984782636165618896e-01 -1.381204724311828613e-01 8.558285236358642578e-01 1.446056518554687500e+02
7.968969345092773438e-01 -2.965844273567199707e-01 5.263013243675231934e-01 1.174152660369873047e+01 1.667142808437347412e-01 9.453281760215759277e-01 2.802871465682983398e-01 9.860027313232421875e+00 -5.806563496589660645e-01 -1.356181353330612183e-01 8.027740716934204102e-01 1.454375152587890625e+02
7.670801877975463867e-01 -2.967730760574340820e-01 5.687827467918395996e-01 1.240532302856445312e+01 1.537346243858337402e-01 9.457735419273376465e-01 2.861432135105133057e-01 1.018609333038330078e+01 -6.228593587875366211e-01 -1.320533156394958496e-01 7.711085081100463867e-01 1.462727661132812500e+02
7.207384705543518066e-01 -3.024276494979858398e-01 6.237577199935913086e-01 1.320973396301269531e+01 1.383402496576309204e-01 9.444651603698730469e-01 2.980728447437286377e-01 1.055901145935058594e+01 -6.792629957199096680e-01 -1.285419166088104248e-01 7.225503325462341309e-01 1.470873565673828125e+02
6.489438414573669434e-01 -3.060921728610992432e-01 6.965483427047729492e-01 1.400926017761230469e+01 1.134395599365234375e-01 9.441962838172912598e-01 3.092322647571563721e-01 1.088938236236572266e+01 -7.523320913314819336e-01 -1.216583773493766785e-01 6.474534273147583008e-01 1.477071380615234375e+02
5.673461556434631348e-01 -3.030826747417449951e-01 7.656757831573486328e-01 1.486782550811767578e+01 7.638438045978546143e-02 9.451656937599182129e-01 3.175325989723205566e-01 1.122616481781005859e+01 -8.199292421340942383e-01 -1.216653808951377869e-01 5.593869686126708984e-01 1.482715911865234375e+02
4.664472043514251709e-01 -3.083377778530120850e-01 8.290687203407287598e-01 1.575623512268066406e+01 4.010259360074996948e-02 9.436859488487243652e-01 3.284026086330413818e-01 1.155280876159667969e+01 -8.836395740509033203e-01 -1.199348419904708862e-01 4.525448977947235107e-01 1.486399841308593750e+02
3.512633740901947021e-01 -3.010928630828857422e-01 8.865423202514648438e-01 1.669521713256835938e+01 -9.988799691200256348e-03 9.456214308738708496e-01 3.251154422760009766e-01 1.188178730010986328e+01 -9.362233877182006836e-01 -1.230568140745162964e-01 3.291546702384948730e-01 1.489619903564453125e+02
1.850804090499877930e-01 -3.065114021301269531e-01 9.337002635002136230e-01 1.775044441223144531e+01 -6.122702360153198242e-02 9.446724057197570801e-01 3.222498893737792969e-01 1.222706604003906250e+01 -9.808141589164733887e-01 -1.168100014328956604e-01 1.560736298561096191e-01 1.490912933349609375e+02
1.129449233412742615e-01 -3.034010827541351318e-01 9.461455941200256348e-01 1.885506820678710938e+01 -8.314802497625350952e-02 9.460122585296630859e-01 3.132840692996978760e-01 1.258046913146972656e+01 -9.901160597801208496e-01 -1.140541434288024902e-01 8.162014186382293701e-02 1.491786346435546875e+02
8.530811220407485962e-02 -3.036506474018096924e-01 9.489567875862121582e-01 2.013286399841308594e+01 -8.622288703918457031e-02 9.466056227684020996e-01 3.106494843959808350e-01 1.297115039825439453e+01 -9.926168322563171387e-01 -1.083228811621665955e-01 5.457156151533126831e-02 1.492502288818359375e+02
2.007257938385009766e-02 -3.030569553375244141e-01 9.527611136436462402e-01 2.141003036499023438e+01 -9.991475194692611694e-02 9.475743770599365234e-01 3.035121560096740723e-01 1.336134624481201172e+01 -9.947934746742248535e-01 -1.012873277068138123e-01 -1.125954836606979370e-02 1.491477355957031250e+02
-7.200624793767929077e-03 -3.064188063144683838e-01 9.518696069717407227e-01 2.280350494384765625e+01 -1.064621359109878540e-01 9.467189311981201172e-01 3.039553761482238770e-01 1.378365993499755859e+01 -9.942906498908996582e-01 -9.914956986904144287e-02 -3.943891823291778564e-02 1.490645294189453125e+02
-2.416096255183219910e-02 -3.088336884975433350e-01 9.508091807365417480e-01 2.429176902770996094e+01 -1.041216775774955750e-01 9.466914534568786621e-01 3.048503696918487549e-01 1.422842407226562500e+01 -9.942709803581237793e-01 -9.163453429937362671e-02 -5.502920970320701599e-02 1.489860076904296875e+02
-8.496038615703582764e-02 -3.107691705226898193e-01 9.466806650161743164e-01 2.553152275085449219e+01 -1.218726933002471924e-01 9.462229609489440918e-01 2.996813952922821045e-01 1.459884357452392578e+01 -9.889027476310729980e-01 -8.991365134716033936e-02 -1.182657033205032349e-01 1.488075714111328125e+02
-2.117526531219482422e-01 -3.015709519386291504e-01 9.296320676803588867e-01 2.693472862243652344e+01 -1.473187506198883057e-01 9.501827359199523926e-01 2.746811509132385254e-01 1.500200176239013672e+01 -9.661561846733093262e-01 -7.878796756267547607e-02 -2.456307411193847656e-01 1.484994506835937500e+02
-2.537061572074890137e-01 -2.994596362113952637e-01 9.197592735290527344e-01 2.838823318481445312e+01 -1.487865895032882690e-01 9.516357779502868652e-01 2.687968909740447998e-01 1.540612506866455078e+01 -9.557695984840393066e-01 -6.865260004997253418e-02 -2.859914004802703857e-01 1.480415191650390625e+02
-3.265924453735351562e-01 -2.981520891189575195e-01 8.969073295593261719e-01 2.983238220214843750e+01 -1.643640249967575073e-01 9.523993134498596191e-01 2.567486763000488281e-01 1.579987716674804688e+01 -9.307639598846435547e-01 -6.356729567050933838e-02 -3.600519001483917236e-01 1.474290466308593750e+02
-4.183286428451538086e-01 -3.024123609066009521e-01 8.564741611480712891e-01 3.097715187072753906e+01 -1.903276145458221436e-01 9.511975049972534180e-01 2.428962588310241699e-01 1.609259414672851562e+01 -8.881308436393737793e-01 -6.140039116144180298e-02 -4.554705321788787842e-01 1.467706909179687500e+02
-4.857796728610992432e-01 -3.011229634284973145e-01 8.205748200416564941e-01 3.205802917480468750e+01 -2.011823207139968872e-01 9.520992040634155273e-01 2.302881330251693726e-01 1.637443542480468750e+01 -8.506137132644653320e-01 -5.321602523326873779e-02 -5.230910181999206543e-01 1.460331420898437500e+02
-4.963155984878540039e-01 -2.970619499683380127e-01 8.157358765602111816e-01 3.303679656982421875e+01 -1.992520689964294434e-01 9.535289406776428223e-01 2.260109931230545044e-01 1.663153839111328125e+01 -8.449670672416687012e-01 -5.036445707082748413e-02 -5.324414372444152832e-01 1.453704681396484375e+02
-5.066824555397033691e-01 -2.904518842697143555e-01 8.117330670356750488e-01 3.426242065429687500e+01 -1.938710510730743408e-01 9.558119773864746094e-01 2.209917604923248291e-01 1.694493865966796875e+01 -8.400517106056213379e-01 -4.539906978607177734e-02 -5.406032800674438477e-01 1.445574035644531250e+02
-5.104870200157165527e-01 -2.865984439849853516e-01 8.107183575630187988e-01 3.556243896484375000e+01 -1.900016367435455322e-01 9.571126103401184082e-01 2.187117189168930054e-01 1.727087402343750000e+01 -8.386312127113342285e-01 -4.238849878311157227e-02 -5.430476665496826172e-01 1.436916656494140625e+02
-5.268430709838867188e-01 -2.767644226551055908e-01 8.036403059959411621e-01 3.698830795288085938e+01 -1.838485002517700195e-01 9.602242708206176758e-01 2.101644277572631836e-01 1.763621139526367188e+01 -8.298409581184387207e-01 -3.702455013990402222e-02 -5.567702054977416992e-01 1.427271118164062500e+02
-5.191383957862854004e-01 -2.750655114650726318e-01 8.092182874679565430e-01 3.842301177978515625e+01 -1.751161217689514160e-01 9.609429836273193359e-01 2.142966240644454956e-01 1.800225830078125000e+01 -8.365581035614013672e-01 -3.045769780874252319e-02 -5.470308065414428711e-01 1.417593383789062500e+02
-5.035865902900695801e-01 -2.744825780391693115e-01 8.191824555397033691e-01 3.986168670654296875e+01 -1.666483432054519653e-01 9.612430334091186523e-01 2.196367383003234863e-01 1.837427520751953125e+01 -8.477197885513305664e-01 -2.590941637754440308e-02 -5.298111438751220703e-01 1.408556976318359375e+02
-4.995875358581542969e-01 -2.771332859992980957e-01 8.207371830940246582e-01 4.106643295288085938e+01 -1.578598916530609131e-01 9.607065320014953613e-01 2.283055633306503296e-01 1.869248580932617188e+01 -8.517584800720214844e-01 -1.550299394875764847e-02 -5.237052440643310547e-01 1.400852661132812500e+02
-5.287657976150512695e-01 -2.710579931735992432e-01 8.043223023414611816e-01 4.231996154785156250e+01 -1.573676019906997681e-01 9.625136852264404297e-01 2.209143638610839844e-01 1.902028083801269531e+01 -8.340516686439514160e-01 -9.762447327375411987e-03 -5.516000390052795410e-01 1.392182464599609375e+02
-5.277867317199707031e-01 -2.674384117126464844e-01 8.061748743057250977e-01 4.355703353881835938e+01 -1.533628702163696289e-01 9.635425806045532227e-01 2.192394584417343140e-01 1.933806800842285156e+01 -8.354166746139526367e-01 -7.925747893750667572e-03 -5.495600700378417969e-01 1.383857879638671875e+02
-5.867844820022583008e-01 -2.689605951309204102e-01 7.637698054313659668e-01 4.459510040283203125e+01 -1.715532243251800537e-01 9.631059765815734863e-01 2.073566019535064697e-01 1.959251403808593750e+01 -7.913618087768554688e-01 -9.353675879538059235e-03 -6.112766265869140625e-01 1.375204162597656250e+02
-6.302180886268615723e-01 -2.649740576744079590e-01 7.298040986061096191e-01 4.554642868041992188e+01 -1.761627048254013062e-01 9.642482995986938477e-01 1.979706287384033203e-01 1.983366584777832031e+01 -7.561692595481872559e-01 -3.799730446189641953e-03 -6.543651819229125977e-01 1.366633605957031250e+02
-6.777381300926208496e-01 -2.640795409679412842e-01 6.862456798553466797e-01 4.648405075073242188e+01 -1.864022910594940186e-01 9.645004272460937500e-01 1.870654225349426270e-01 2.007935333251953125e+01 -7.112842798233032227e-01 -1.136526931077241898e-03 -7.029036879539489746e-01 1.356772003173828125e+02
-6.907191276550292969e-01 -2.611725926399230957e-01 6.743115782737731934e-01 4.742964553833007812e+01 -1.884044557809829712e-01 9.652900099754333496e-01 1.808847188949584961e-01 2.030182838439941406e+01 -6.981482505798339844e-01 -2.102918922901153564e-03 -7.159502506256103516e-01 1.346719055175781250e+02
-7.304854989051818848e-01 -2.602848112583160400e-01 6.313816905021667480e-01 4.826445388793945312e+01 -1.967166215181350708e-01 9.655320048332214355e-01 1.704430133104324341e-01 2.050260734558105469e+01 -6.539828777313232422e-01 3.027181373909115791e-04 -7.565094232559204102e-01 1.336555480957031250e+02
-7.494106292724609375e-01 -2.540235221385955811e-01 6.114375591278076172e-01 4.907005310058593750e+01 -1.928494274616241455e-01 9.671791195869445801e-01 1.654506921768188477e-01 2.070982742309570312e+01 -6.333978772163391113e-01 6.074971985071897507e-03 -7.738025784492492676e-01 1.326015777587890625e+02
-7.629070281982421875e-01 -2.529001533985137939e-01 5.949912071228027344e-01 5.013487243652343750e+01 -1.914791464805603027e-01 9.674122333526611328e-01 1.656794846057891846e-01 2.098475646972656250e+01 -6.175020337104797363e-01 1.246947888284921646e-02 -7.864705920219421387e-01 1.312314910888671875e+02
-7.656748294830322266e-01 -2.478943914175033569e-01 5.935407280921936035e-01 5.122146224975585938e+01 -1.876019686460494995e-01 9.686982631683349609e-01 1.625713109970092773e-01 2.125966072082519531e+01 -6.152623295783996582e-01 1.312719099223613739e-02 -7.882132530212402344e-01 1.298012695312500000e+02
-7.673005461692810059e-01 -2.503989934921264648e-01 5.903815627098083496e-01 5.238951110839843750e+01 -1.890993565320968628e-01 9.680295586585998535e-01 1.648044437170028687e-01 2.156347465515136719e+01 -6.127736568450927734e-01 1.481358893215656281e-02 -7.901197671890258789e-01 1.282844390869140625e+02
-7.743871212005615234e-01 -2.490319013595581055e-01 5.816424489021301270e-01 5.356144714355468750e+01 -1.858432441949844360e-01 9.682604670524597168e-01 1.671354472637176514e-01 2.186453437805175781e+01 -6.048034429550170898e-01 2.133302390575408936e-02 -7.960891723632812500e-01 1.267364883422851562e+02
-7.767422199249267578e-01 -2.439406812191009521e-01 5.806587934494018555e-01 5.463117980957031250e+01 -1.798554062843322754e-01 9.694669246673583984e-01 1.666918098926544189e-01 2.213833045959472656e+01 -6.035923957824707031e-01 2.504174783825874329e-02 -7.968998551368713379e-01 1.252608947753906250e+02
-7.742393612861633301e-01 -2.444187998771667480e-01 5.837919116020202637e-01 5.585361862182617188e+01 -1.797593981027603149e-01 9.693552851676940918e-01 1.674428731203079224e-01 2.245112800598144531e+01 -6.068279743194580078e-01 2.469857968389987946e-02 -7.944495677947998047e-01 1.236069335937500000e+02
-7.745003104209899902e-01 -2.423894256353378296e-01 5.842916965484619141e-01 5.718136978149414062e+01 -1.757656484842300415e-01 9.697623252868652344e-01 1.693153083324432373e-01 2.278265190124511719e+01 -6.076643466949462891e-01 2.843613922595977783e-02 -7.936848998069763184e-01 1.218107147216796875e+02
-7.760951519012451172e-01 -2.396015226840972900e-01 5.833245515823364258e-01 5.857326889038085938e+01 -1.717102974653244019e-01 9.703483581542968750e-01 1.701169013977050781e-01 2.314134979248046875e+01 -6.067882776260375977e-01 3.186387941241264343e-02 -7.942246794700622559e-01 1.199553527832031250e+02
-7.767785787582397461e-01 -2.334630638360977173e-01 5.849018096923828125e-01 5.991133117675781250e+01 -1.654891818761825562e-01 9.717786312103271484e-01 1.681066900491714478e-01 2.348295211791992188e+01 -6.076416969299316406e-01 3.378657251596450806e-02 -7.934924364089965820e-01 1.181265792846679688e+02
-7.792777419090270996e-01 -2.310815751552581787e-01 5.825183391571044922e-01 6.123240661621093750e+01 -1.609637588262557983e-01 9.721542596817016602e-01 1.703146100044250488e-01 2.382956123352050781e+01 -6.056541800498962402e-01 3.895785659551620483e-02 -7.947738766670227051e-01 1.163465652465820312e+02
-7.784956693649291992e-01 -2.290734946727752686e-01 5.843543410301208496e-01 6.250705337524414062e+01 -1.566661894321441650e-01 9.724703431129455566e-01 1.725035011768341064e-01 2.416694641113281250e+01 -6.077831387519836426e-01 4.274448007345199585e-02 -7.929520010948181152e-01 1.146026458740234375e+02
-7.768912911415100098e-01 -2.298364788293838501e-01 5.861871242523193359e-01 6.375768661499023438e+01 -1.545398086309432983e-01 9.721223711967468262e-01 1.763404011726379395e-01 2.450621795654296875e+01 -6.103748679161071777e-01 4.640787839889526367e-02 -7.907522320747375488e-01 1.129486694335937500e+02
-7.816216945648193359e-01 -2.250650227069854736e-01 5.817332267761230469e-01 6.525122070312500000e+01 -1.476778388023376465e-01 9.728903770446777344e-01 1.779773235321044922e-01 2.490906715393066406e+01 -6.060188412666320801e-01 5.320161581039428711e-02 -7.936692833900451660e-01 1.108935317993164062e+02
-7.883062362670898438e-01 -2.191197127103805542e-01 5.749435424804687500e-01 6.658597564697265625e+01 -1.399267464876174927e-01 9.737973809242248535e-01 1.792749911546707153e-01 2.529422378540039062e+01 -5.991610288619995117e-01 6.087338551878929138e-02 -7.983111739158630371e-01 1.090500411987304688e+02
-7.904596328735351562e-01 -2.158358693122863770e-01 5.732265710830688477e-01 6.785253143310546875e+01 -1.385359466075897217e-01 9.746059775352478027e-01 1.759300678968429565e-01 2.562416648864746094e+01 -5.966418385505676270e-01 5.965290591120719910e-02 -8.002876043319702148e-01 1.073214645385742188e+02
-7.899194359779357910e-01 -2.147838324308395386e-01 5.743652582168579102e-01 6.920239257812500000e+01 -1.359705179929733276e-01 9.746854901313781738e-01 1.774843931198120117e-01 2.600193405151367188e+01 -5.979459881782531738e-01 6.210140511393547058e-02 -7.991271615028381348e-01 1.055009002685546875e+02
-7.920274138450622559e-01 -2.128562033176422119e-01 5.721756219863891602e-01 7.049872589111328125e+01 -1.358964592218399048e-01 9.752032756805419922e-01 1.746741831302642822e-01 2.639943122863769531e+01 -5.951678156852722168e-01 6.058989465236663818e-02 -8.013141751289367676e-01 1.036972351074218750e+02
-7.977882027626037598e-01 -2.129802852869033813e-01 5.640686154365539551e-01 7.161655426025390625e+01 -1.344712227582931519e-01 9.748207926750183105e-01 1.778826266527175903e-01 2.669744873046875000e+01 -5.877510905265808105e-01 6.606148183345794678e-02 -8.063403367996215820e-01 1.021085281372070312e+02
-7.985243797302246094e-01 -2.099406719207763672e-01 5.641663670539855957e-01 7.296089172363281250e+01 -1.279561817646026611e-01 9.749919772148132324e-01 1.817092895507812500e-01 2.706514930725097656e+01 -5.882056355476379395e-01 7.291053980588912964e-02 -8.054181337356567383e-01 1.002306594848632812e+02
-8.042763471603393555e-01 -1.997540146112442017e-01 5.596765875816345215e-01 7.416748809814453125e+01 -1.163860410451889038e-01 9.765207767486572266e-01 1.812785118818283081e-01 2.742421913146972656e+01 -5.827467441558837891e-01 8.065928518772125244e-02 -8.086411356925964355e-01 9.849195098876953125e+01
-8.081647157669067383e-01 -2.000624984502792358e-01 5.539357066154479980e-01 7.537780761718750000e+01 -1.140514388680458069e-01 9.758958816528320312e-01 1.860644668340682983e-01 2.779024696350097656e+01 -5.778079032897949219e-01 8.719336241483688354e-02 -8.115020394325256348e-01 9.675187683105468750e+01
