9.999423027038574219e-01 -4.101928789168596268e-03 -9.925861842930316925e-03 -2.746958471834659576e-02 4.091608803719282150e-03 9.999910593032836914e-01 -1.059776404872536659e-03 -1.763915643095970154e-02 9.930119849741458893e-03 1.019102521240711212e-03 9.999501705169677734e-01 1.940079212188720703e+00
9.999453425407409668e-01 -1.032613590359687805e-02 1.630331389605998993e-03 -1.194692589342594147e-02 1.032344438135623932e-02 9.999453425407409668e-01 1.650852267630398273e-03 -4.676517844200134277e-02 -1.647290773689746857e-03 -1.633931417018175125e-03 9.999973177909851074e-01 3.715095520019531250e+00
9.999061822891235352e-01 -1.306651998311281204e-02 4.097062163054943085e-03 -1.702344976365566254e-03 1.304763741791248322e-02 9.999042749404907227e-01 4.602277651429176331e-03 -8.876827359199523926e-02 -4.156807437539100647e-03 -4.548388998955488205e-03 9.999810457229614258e-01 5.448334217071533203e+00
9.998396635055541992e-01 -1.731279864907264709e-02 -4.560472909361124039e-03 -7.883572950959205627e-03 1.734413765370845795e-02 9.998255968093872070e-01 6.924039684236049652e-03 -9.366807341575622559e-02 4.439802374690771103e-03 -7.002026773989200592e-03 9.999656677246093750e-01 7.283678054809570312e+00
9.994493126869201660e-01 -1.532812509685754776e-02 -2.942740172147750854e-02 -5.935374647378921509e-02 1.563205011188983917e-02 9.998265504837036133e-01 1.012575346976518631e-02 -1.073206737637519836e-01 2.926709130406379700e-02 -1.058018952608108521e-02 9.995156526565551758e-01 9.179728507995605469e+00
9.982751607894897461e-01 -1.700390875339508057e-02 -5.619079992175102234e-02 -1.803950965404510498e-01 1.775189675390720367e-02 9.997600317001342773e-01 1.283930055797100067e-02 -1.119424328207969666e-01 5.595900118350982666e-02 -1.381465047597885132e-02 9.983375072479248047e-01 1.119904899597167969e+01
9.985036253929138184e-01 -2.460419014096260071e-02 -4.883675649762153625e-02 -2.944332063198089600e-01 2.546328306198120117e-02 9.995304346084594727e-01 1.704753190279006958e-02 -1.066207811236381531e-01 4.839438199996948242e-02 -1.826556958258152008e-02 9.986612796783447266e-01 1.311795520782470703e+01
9.979043006896972656e-01 -2.843657322227954865e-02 -5.812122300267219543e-02 -4.252446293830871582e-01 2.963034249842166901e-02 9.993652105331420898e-01 1.978156901895999908e-02 -1.012572869658470154e-01 5.752180516719818115e-02 -2.146226912736892700e-02 9.981135129928588867e-01 1.521483230590820312e+01
9.963425993919372559e-01 -3.421014174818992615e-02 -7.829932868480682373e-02 -5.855381488800048828e-01 3.585609793663024902e-02 9.991626143455505371e-01 1.971245557069778442e-02 -9.472465515136718750e-02 7.755938917398452759e-02 -2.244787290692329407e-02 9.967349767684936523e-01 1.712817573547363281e+01
9.938719272613525391e-01 -3.830192610621452332e-02 -1.036881059408187866e-01 -7.786511182785034180e-01 4.074065014719963074e-02 9.989383816719055176e-01 2.150420099496841431e-02 -7.796418666839599609e-02 1.027543693780899048e-01 -2.559674531221389771e-02 9.943773746490478516e-01 1.883422851562500000e+01
9.921032190322875977e-01 -3.869963809847831726e-02 -1.193031668663024902e-01 -1.005281209945678711e+00 4.143505170941352844e-02 9.989302158355712891e-01 2.053269743919372559e-02 -8.372196555137634277e-02 1.183809190988540649e-01 -2.531388774514198303e-02 9.926456212997436523e-01 2.053854942321777344e+01
9.914510846138000488e-01 -4.072403162717819214e-02 -1.239599138498306274e-01 -1.215993165969848633e+00 4.390626400709152222e-02 9.987697601318359375e-01 2.304770052433013916e-02 -7.822360843420028687e-02 1.228688061237335205e-01 -2.829328365623950958e-02 9.920196533203125000e-01 2.200092887878417969e+01
9.980353116989135742e-01 -3.941608965396881104e-02 -4.869828373193740845e-02 -1.261773824691772461e+00 4.064607620239257812e-02 9.988723993301391602e-01 2.453020587563514709e-02 -7.962852716445922852e-02 4.767647385597229004e-02 -2.646140754222869873e-02 9.985123872756958008e-01 2.304915809631347656e+01
9.989023804664611816e-01 -3.624296560883522034e-02 2.966911345720291138e-02 -1.174604415893554688e+00 3.542966395616531372e-02 9.989938735961914062e-01 2.749414369463920593e-02 -6.193844228982925415e-02 -3.063577413558959961e-02 -2.641279809176921844e-02 9.991816878318786621e-01 2.426083564758300781e+01
9.918026924133300781e-01 -4.164351150393486023e-02 1.208014339208602905e-01 -9.953120946884155273e-01 3.830717876553535461e-02 9.988211989402770996e-01 2.981142140924930573e-02 -4.510884732007980347e-02 -1.219005435705184937e-01 -2.493948675692081451e-02 9.922290444374084473e-01 2.541585731506347656e+01
9.794825911521911621e-01 -5.019558593630790710e-02 1.951767206192016602e-01 -7.102364301681518555e-01 4.549598321318626404e-02 9.985581636428833008e-01 2.849050983786582947e-02 -2.746503241360187531e-02 -1.963254809379577637e-01 -1.902620308101177216e-02 9.803542494773864746e-01 2.654195785522460938e+01
9.683411717414855957e-01 -5.376528576016426086e-02 2.437715530395507812e-01 -3.896806240081787109e-01 4.761848598718643188e-02 9.983831048011779785e-01 3.104305081069469452e-02 -1.267088577151298523e-03 -2.450465261936187744e-01 -1.845223084092140198e-02 9.693357944488525391e-01 2.762242698669433594e+01
9.398735761642456055e-01 -5.836473405361175537e-02 3.364982604980468750e-01 4.795849323272705078e-02 4.910048842430114746e-02 9.981454610824584961e-01 3.598307073116302490e-02 3.413192182779312134e-02 -3.379744589328765869e-01 -1.729730144143104553e-02 9.409964084625244141e-01 2.873842239379882812e+01
9.002510905265808105e-01 -6.211127340793609619e-02 4.309176802635192871e-01 5.735193490982055664e-01 5.113046616315841675e-02 9.980052709579467773e-01 3.703054413199424744e-02 7.232823967933654785e-02 -4.323582053184509277e-01 -1.130376011133193970e-02 9.016311764717102051e-01 2.978905868530273438e+01
8.685394525527954102e-01 -6.418433785438537598e-02 4.914463162422180176e-01 1.144341230392456055e+00 5.103515461087226868e-02 9.978901743888854980e-01 4.013231396675109863e-02 1.028116047382354736e-01 -4.929854273796081543e-01 -9.775455109775066376e-03 8.699827790260314941e-01 3.074412345886230469e+01
8.344923257827758789e-01 -7.296900451183319092e-02 5.461665987968444824e-01 1.746151447296142578e+00 5.734320357441902161e-02 9.973113536834716797e-01 4.562775045633316040e-02 1.332528591156005859e-01 -5.480276942253112793e-01 -6.757063791155815125e-03 8.364329934120178223e-01 3.164483833312988281e+01
7.929053902626037598e-01 -8.105812966823577881e-02 6.039291620254516602e-01 2.675219058990478516e+00 6.658152490854263306e-02 9.967034459114074707e-01 4.635982960462570190e-02 1.764173507690429688e-01 -6.056963205337524414e-01 3.451572498306632042e-03 7.956885695457458496e-01 3.283942031860351562e+01
7.614224553108215332e-01 -8.193897455930709839e-02 6.430564522743225098e-01 3.755451679229736328e+00 6.422599405050277710e-02 9.966342449188232422e-01 5.094428360462188721e-02 2.406365424394607544e-01 -6.450665593147277832e-01 2.510822378098964691e-03 7.641224265098571777e-01 3.412676620483398438e+01
7.168304920196533203e-01 -8.350957930088043213e-02 6.922282576560974121e-01 4.946341991424560547e+00 6.135190278291702271e-02 9.965053200721740723e-01 5.668477714061737061e-02 3.099983632564544678e-01 -6.945430636405944824e-01 1.836147392168641090e-03 7.194489836692810059e-01 3.536882781982421875e+01
7.002893090248107910e-01 -9.105671197175979614e-02 7.080277800559997559e-01 6.094565391540527344e+00 6.839854270219802856e-02 9.958269596099853516e-01 6.041843816637992859e-02 3.999515175819396973e-01 -7.105748653411865234e-01 6.117687560617923737e-03 7.035952806472778320e-01 3.648570251464843750e+01
6.621710062026977539e-01 -9.593297541141510010e-02 7.431865334510803223e-01 7.407603263854980469e+00 7.252994924783706665e-02 9.953199625015258789e-01 6.385578215122222900e-02 4.844321012496948242e-01 -7.458345890045166016e-01 1.161984633654356003e-02 6.660302281379699707e-01 3.764511108398437500e+01
6.112825870513916016e-01 -1.014533415436744690e-01 7.848825454711914062e-01 8.882817268371582031e+00 7.500503212213516235e-02 9.947119355201721191e-01 7.016026228666305542e-02 5.744351148605346680e-01 -7.878503799438476562e-01 1.598240621387958527e-02 6.156597137451171875e-01 3.881218338012695312e+01
5.824523568153381348e-01 -1.052268669009208679e-01 8.060250282287597656e-01 1.045118808746337891e+01 7.270295172929763794e-02 9.943553805351257324e-01 7.727661728858947754e-02 6.862034797668457031e-01 -8.096072673797607422e-01 1.359045691788196564e-02 5.868150591850280762e-01 3.996337127685546875e+01
5.601031184196472168e-01 -1.039324104785919189e-01 8.218772411346435547e-01 1.209792900085449219e+01 7.022140920162200928e-02 9.944847226142883301e-01 7.790450751781463623e-02 8.176559209823608398e-01 -8.254415392875671387e-01 1.407882478088140488e-02 5.643123984336853027e-01 4.110741806030273438e+01
5.485182404518127441e-01 -1.099078953266143799e-01 8.288833498954772949e-01 1.379254245758056641e+01 6.955810636281967163e-02 9.938850402832031250e-01 8.575621247291564941e-02 9.493878483772277832e-01 -8.332403898239135742e-01 1.061670854687690735e-02 5.528091788291931152e-01 4.224960327148437500e+01
5.240702629089355469e-01 -1.172746494412422180e-01 8.435619473457336426e-01 1.551937484741210938e+01 7.500828802585601807e-02 9.929808378219604492e-01 9.144776314496994019e-02 1.094368815422058105e+00 -8.483656644821166992e-01 1.534908637404441833e-02 5.291884541511535645e-01 4.334369277954101562e+01
5.066901445388793945e-01 -1.268459558486938477e-01 8.527455329895019531e-01 1.729897689819335938e+01 8.426804840564727783e-02 9.916674494743347168e-01 9.743962436914443970e-02 1.232074022293090820e+00 -8.580000996589660645e-01 2.248750999569892883e-02 5.131572484970092773e-01 4.442800140380859375e+01
4.848825037479400635e-01 -1.269318461418151855e-01 8.653190135955810547e-01 1.918462944030761719e+01 8.542195707559585571e-02 9.915546178817749023e-01 9.758278727531433105e-02 1.423176884651184082e+00 -8.703977465629577637e-01 2.660106495022773743e-02 4.916302859783172607e-01 4.551245880126953125e+01
4.667532145977020264e-01 -1.297017335891723633e-01 8.748248815536499023e-01 2.108594322204589844e+01 8.666729182004928589e-02 9.911342263221740723e-01 1.007053852081298828e-01 1.602257609367370605e+00 -8.801308870315551758e-01 2.881415374577045441e-02 4.738560020923614502e-01 4.656054687500000000e+01
4.533642232418060303e-01 -1.369987875223159790e-01 8.807337284088134766e-01 2.293282318115234375e+01 8.776237815618515015e-02 9.901767373085021973e-01 1.088463738560676575e-01 1.792940258979797363e+00 -8.869942426681518555e-01 2.794824913144111633e-02 4.609341025352478027e-01 4.755641555786132812e+01
4.415358901023864746e-01 -1.430526524782180786e-01 8.857662081718444824e-01 2.473103523254394531e+01 9.165342897176742554e-02 9.892351031303405762e-01 1.140757054090499878e-01 1.970713853836059570e+00 -8.925501108169555664e-01 3.081500343978404999e-02 4.498941004276275635e-01 4.845774841308593750e+01
4.231453239917755127e-01 -1.494577676057815552e-01 8.936498761177062988e-01 2.655698585510253906e+01 8.920072764158248901e-02 9.883815646171569824e-01 1.230643168091773987e-01 2.162673950195312500e+00 -9.016602635383605957e-01 2.764014713466167450e-02 4.315608143806457520e-01 4.934616088867187500e+01
4.010027647018432617e-01 -1.550671458244323730e-01 9.028569459915161133e-01 2.836114120483398438e+01 9.186079353094100952e-02 9.874080419540405273e-01 1.287890672683715820e-01 2.394739151000976562e+00 -9.114595055580139160e-01 3.129239752888679504e-02 4.101980030536651611e-01 5.015518569946289062e+01
3.867570459842681885e-01 -1.631712317466735840e-01 9.076309204101562500e-01 3.022678947448730469e+01 9.300421178340911865e-02 9.861048460006713867e-01 1.376483440399169922e-01 2.633424997329711914e+00 -9.174798727035522461e-01 3.117703832685947418e-02 3.965586721897125244e-01 5.096623229980468750e+01
3.787082135677337646e-01 -1.678074300289154053e-01 9.101760387420654297e-01 3.213149642944335938e+01 9.596789628267288208e-02 9.852440953254699707e-01 1.417170166969299316e-01 2.916451930999755859e+00 -9.205271601676940918e-01 3.367828577756881714e-02 3.892242908477783203e-01 5.179699325561523438e+01
3.624149262905120850e-01 -1.721480488777160645e-01 9.159803986549377441e-01 3.420825195312500000e+01 1.020540595054626465e-01 9.842140078544616699e-01 1.445932537317276001e-01 3.211893558502197266e+00 -9.264127016067504883e-01 4.107677936553955078e-02 3.742623925209045410e-01 5.264913940429687500e+01
3.407794237136840820e-01 -1.762953698635101318e-01 9.234657287597656250e-01 3.587857055664062500e+01 1.039257794618606567e-01 9.833046197891235352e-01 1.493680179119110107e-01 3.420212507247924805e+00 -9.343815445899963379e-01 4.507036879658699036e-02 3.534117639064788818e-01 5.331178665161132812e+01
3.242530524730682373e-01 -1.866191625595092773e-01 9.273795485496520996e-01 3.774952697753906250e+01 1.050801500678062439e-01 9.813857674598693848e-01 1.607462763786315918e-01 3.682646512985229492e+00 -9.401160478591918945e-01 4.532673209905624390e-02 3.378274440765380859e-01 5.398552322387695312e+01
2.970572113990783691e-01 -1.941056698560714722e-01 9.349222183227539062e-01 3.949536132812500000e+01 1.090933308005332947e-01 9.796077609062194824e-01 1.687203794717788696e-01 3.934667110443115234e+00 -9.486072659492492676e-01 5.187420174479484558e-02 3.121752738952636719e-01 5.454959869384765625e+01
2.762807607650756836e-01 -1.958111971616744995e-01 9.409179687500000000e-01 4.114529800415039062e+01 1.071664690971374512e-01 9.791955947875976562e-01 1.723098307847976685e-01 4.209684848785400391e+00 -9.550834298133850098e-01 5.322898179292678833e-02 2.915173470973968506e-01 5.504146575927734375e+01
2.448365688323974609e-01 -1.965414732694625854e-01 9.494346380233764648e-01 4.283033370971679688e+01 1.077068522572517395e-01 9.786907434463500977e-01 1.748226881027221680e-01 4.484225273132324219e+00 -9.635633826255798340e-01 5.945765599608421326e-02 2.607881724834442139e-01 5.552142333984375000e+01
2.052305936813354492e-01 -1.969594657421112061e-01 9.586902260780334473e-01 4.454725265502929688e+01 1.049658134579658508e-01 9.783207178115844727e-01 1.785220056772232056e-01 4.789598464965820312e+00 -9.730686545372009277e-01 6.399155408143997192e-02 2.214553654193878174e-01 5.592773818969726562e+01
1.664529889822006226e-01 -2.017190009355545044e-01 9.651955366134643555e-01 4.645000457763671875e+01 9.704531729221343994e-02 9.774501919746398926e-01 1.875441223382949829e-01 5.118795394897460938e+00 -9.812622666358947754e-01 6.245045736432075500e-02 1.822753697633743286e-01 5.626866531372070312e+01
1.415238827466964722e-01 -2.026071101427078247e-01 9.689792990684509277e-01 4.843153381347656250e+01 9.777420014142990112e-02 9.769062399864196777e-01 1.899841576814651489e-01 5.477797985076904297e+00 -9.850945472717285156e-01 6.785391271114349365e-02 1.580652743577957153e-01 5.659867095947265625e+01
1.215103045105934143e-01 -2.091109007596969604e-01 9.703130722045898438e-01 5.045127487182617188e+01 9.928666800260543823e-02 9.752144217491149902e-01 1.977336853742599487e-01 5.836624145507812500e+00 -9.876120090484619141e-01 7.231249660253524780e-02 1.392604708671569824e-01 5.687079620361328125e+01
8.449852466583251953e-02 -2.113984078168869019e-01 9.737403392791748047e-01 5.260055923461914062e+01 9.512213617563247681e-02 9.744836091995239258e-01 2.033053040504455566e-01 6.246130943298339844e+00 -9.918729066848754883e-01 7.544528692960739136e-02 1.024510264396667480e-01 5.708871459960937500e+01
6.495128571987152100e-02 -2.163454741239547729e-01 9.741536974906921387e-01 5.466835784912109375e+01 9.778793156147003174e-02 9.728964567184448242e-01 2.095462381839752197e-01 6.631265163421630859e+00 -9.930855631828308105e-01 8.165021240711212158e-02 8.434677124023437500e-02 5.726880264282226562e+01
4.511465877294540405e-02 -2.155278325080871582e-01 9.754546880722045898e-01 5.691391754150390625e+01 9.587889909744262695e-02 9.728754758834838867e-01 2.105235010385513306e-01 7.064064502716064453e+00 -9.943701624870300293e-01 8.402786403894424438e-02 6.455542147159576416e-02 5.741067504882812500e+01
1.698964834213256836e-02 -2.196359634399414062e-01 9.754336476325988770e-01 5.896650695800781250e+01 1.068832278251647949e-01 9.703834652900695801e-01 2.166371196508407593e-01 7.503097057342529297e+00 -9.941264390945434570e-01 1.005769595503807068e-01 3.996176645159721375e-02 5.747624206542968750e+01
1.288310065865516663e-02 -2.233083546161651611e-01 9.746624231338500977e-01 6.132584762573242188e+01 1.094635054469108582e-01 9.692000150680541992e-01 2.206099182367324829e-01 7.962360858917236328e+00 -9.939073324203491211e-01 1.038478761911392212e-01 3.693030774593353271e-02 5.755108261108398438e+01
9.151446633040904999e-03 -2.267718762159347534e-01 9.739046096801757812e-01 6.344063568115234375e+01 1.116687357425689697e-01 9.680852293968200684e-01 2.243674844503402710e-01 8.393875122070312500e+00 -9.937033057212829590e-01 1.067014634609222412e-01 3.418260067701339722e-02 5.762071990966796875e+01
1.427700463682413101e-02 -2.313126176595687866e-01 9.727743864059448242e-01 6.550912475585937500e+01 1.150056049227714539e-01 9.667970538139343262e-01 2.282033562660217285e-01 8.831293106079101562e+00 -9.932622313499450684e-01 1.086164936423301697e-01 4.040510579943656921e-02 5.770190429687500000e+01
2.590514346957206726e-02 -2.366426140069961548e-01 9.712510108947753906e-01 6.788790130615234375e+01 1.218761205673217773e-01 9.650771617889404297e-01 2.318876534700393677e-01 9.351213455200195312e+00 -9.922071099281311035e-01 1.123652756214141846e-01 5.384144559502601624e-02 5.782971954345703125e+01
2.630822919309139252e-02 -2.358845770359039307e-01 9.714245796203613281e-01 7.007881164550781250e+01 1.199480667710304260e-01 9.654850959777832031e-01 2.311938405036926270e-01 9.817687034606933594e+00 -9.924314022064208984e-01 1.104382500052452087e-01 5.369400233030319214e-02 5.795360565185546875e+01
3.156334906816482544e-02 -2.377243638038635254e-01 9.708193540573120117e-01 7.205126190185546875e+01 1.302346289157867432e-01 9.640008807182312012e-01 2.318205088376998901e-01 1.025709056854248047e+01 -9.909805655479431152e-01 1.191173195838928223e-01 6.138694658875465393e-02 5.809117126464843750e+01
2.523138001561164856e-02 -2.438740879297256470e-01 9.694782495498657227e-01 7.391490173339843750e+01 1.334334313869476318e-01 9.619311094284057617e-01 2.385028600692749023e-01 1.067068576812744141e+01 -9.907364249229431152e-01 1.233431249856948853e-01 5.681171268224716187e-02 5.821691894531250000e+01
4.639926552772521973e-02 -2.457287013530731201e-01 9.682271480560302734e-01 7.576232147216796875e+01 1.390059739351272583e-01 9.614289999008178711e-01 2.373419255018234253e-01 1.108070945739746094e+01 -9.892038106918334961e-01 1.235769465565681458e-01 7.876727730035781860e-02 5.835141754150390625e+01
5.444994196295738220e-02 -2.505027353763580322e-01 9.665830731391906738e-01 7.758529663085937500e+01 1.424245983362197876e-01 9.600698351860046387e-01 2.407916188240051270e-01 1.149144458770751953e+01 -9.883067011833190918e-01 1.245541870594024658e-01 8.795342594385147095e-02 5.850614166259765625e+01
6.724379211664199829e-02 -2.513301670551300049e-01 9.655623435974121094e-01 7.969607543945312500e+01 1.479120552539825439e-01 9.595705866813659668e-01 2.394696474075317383e-01 1.198394680023193359e+01 -9.867116808891296387e-01 1.267155408859252930e-01 1.016998663544654846e-01 5.873068618774414062e+01
7.715623825788497925e-02 -2.530241906642913818e-01 9.643779993057250977e-01 8.174107360839843750e+01 1.505666822195053101e-01 9.591251015663146973e-01 2.395997345447540283e-01 1.242135715484619141e+01 -9.855841994285583496e-01 1.267166584730148315e-01 1.120994463562965393e-01 5.896895217895507812e+01
7.409529387950897217e-02 -2.556114196777343750e-01 9.639356732368469238e-01 8.357299041748046875e+01 1.515863835811614990e-01 9.582475423812866211e-01 2.424510419368743896e-01 1.285192012786865234e+01 -9.856627583503723145e-01 1.281551122665405273e-01 1.097487956285476685e-01 5.917127990722656250e+01
7.099175453186035156e-02 -2.592810392379760742e-01 9.631888866424560547e-01 8.563017272949218750e+01 1.559476405382156372e-01 9.566359519958496094e-01 2.460229843854904175e-01 1.335537910461425781e+01 -9.852106571197509766e-01 1.327415257692337036e-01 1.083474829792976379e-01 5.939545440673828125e+01
7.010534405708312988e-02 -2.610712945461273193e-01 9.627701640129089355e-01 8.776975250244140625e+01 1.633314490318298340e-01 9.551238417625427246e-01 2.471046745777130127e-01 1.386153793334960938e+01 -9.840770363807678223e-01 1.399273872375488281e-01 1.096003949642181396e-01 5.963665771484375000e+01
7.175377756357192993e-02 -2.657523155212402344e-01 9.613669514656066895e-01 8.989428710937500000e+01 1.628596782684326172e-01 9.540378451347351074e-01 2.515709102153778076e-01 1.435476779937744141e+01 -9.840363860130310059e-01 1.385168433189392090e-01 1.117361187934875488e-01 5.989566421508789062e+01
6.761307269334793091e-02 -2.642698585987091064e-01 9.620754718780517578e-01 9.197286987304687500e+01 1.669667512178421021e-01 9.536805748939514160e-01 2.502297461032867432e-01 1.484969997406005859e+01 -9.836412668228149414e-01 1.437159180641174316e-01 1.086055114865303040e-01 6.011941909790039062e+01
7.090557366609573364e-02 -2.651078104972839355e-01 9.616077542304992676e-01 9.397203826904296875e+01 1.715206354856491089e-01 9.529155492782592773e-01 2.500641047954559326e-01 1.533748149871826172e+01 -9.826253056526184082e-01 1.472047567367553711e-01 1.130384504795074463e-01 6.039461898803710938e+01
7.117556035518646240e-02 -2.672814130783081055e-01 9.609858989715576172e-01 9.600112915039062500e+01 1.715213060379028320e-01 9.523582458496093750e-01 2.521780133247375488e-01 1.584915542602539062e+01 -9.826056361198425293e-01 1.468807756900787354e-01 1.136290580034255981e-01 6.062205123901367188e+01
7.499142736196517944e-02 -2.709349691867828369e-01 9.596716761589050293e-01 9.816664123535156250e+01 1.712892204523086548e-01 9.515773653984069824e-01 2.552647590637207031e-01 1.640190505981445312e+01 -9.823622703552246094e-01 1.452388763427734375e-01 1.177683547139167786e-01 6.086164474487304688e+01
7.872857153415679932e-02 -2.770493924617767334e-01 9.576244950294494629e-01 1.002316131591796875e+02 1.775675117969512939e-01 9.491420984268188477e-01 2.599971294403076172e-01 1.692306900024414062e+01 -9.809541106224060059e-01 1.495739221572875977e-01 1.239195466041564941e-01 6.111955261230468750e+01
8.212153613567352295e-02 -2.811307311058044434e-01 9.561489224433898926e-01 1.023958511352539062e+02 1.810904592275619507e-01 9.476280212402343750e-01 2.630718946456909180e-01 1.745513534545898438e+01 -9.800314903259277344e-01 1.515457034111022949e-01 1.287307292222976685e-01 6.139471817016601562e+01
8.396469801664352417e-02 -2.854617536067962646e-01 9.547044634819030762e-01 1.046525421142578125e+02 1.866724193096160889e-01 9.456322193145751953e-01 2.663315832614898682e-01 1.803945350646972656e+01 -9.788272380828857422e-01 1.558546721935272217e-01 1.326875239610671997e-01 6.168381500244140625e+01
8.999700099229812622e-02 -2.862790226936340332e-01 9.539098143577575684e-01 1.068898544311523438e+02 1.903344690799713135e-01 9.450870752334594727e-01 2.656740248203277588e-01 1.864426803588867188e+01 -9.775851368904113770e-01 1.576521843671798706e-01 1.395437419414520264e-01 6.197555541992187500e+01
9.049408137798309326e-02 -2.875901162624359131e-01 9.534683227539062500e-01 1.088959655761718750e+02 1.965767294168472290e-01 9.437188506126403809e-01 2.659922242164611816e-01 1.918692779541015625e+01 -9.763031005859375000e-01 1.633590906858444214e-01 1.419344693422317505e-01 6.226313018798828125e+01
9.035903215408325195e-02 -2.876149415969848633e-01 9.534736275672912598e-01 1.111143493652343750e+02 2.027185261249542236e-01 9.426584243774414062e-01 2.651412189006805420e-01 1.976801300048828125e+01 -9.750588536262512207e-01 1.693290024995803833e-01 1.434825658798217773e-01 6.258597564697265625e+01
9.773781895637512207e-02 -2.909936904907226562e-01 9.517190456390380859e-01 1.132089080810546875e+02 2.038318365812301636e-01 9.418786168098449707e-01 2.670521438121795654e-01 2.031556320190429688e+01 -9.741145372390747070e-01 1.678896695375442505e-01 1.513709276914596558e-01 6.291642379760742188e+01
1.044085919857025146e-01 -2.903648018836975098e-01 9.512025713920593262e-01 1.153701095581054688e+02 2.065019607543945312e-01 9.419151544570922852e-01 2.648630142211914062e-01 2.087355041503906250e+01 -9.728592038154602051e-01 1.687713414430618286e-01 1.583049148321151733e-01 6.327127838134765625e+01
9.473016858100891113e-02 -2.924378514289855957e-01 9.515805244445800781e-01 1.176081848144531250e+02 2.140450030565261841e-01 9.395059943199157715e-01 2.674188315868377686e-01 2.145794105529785156e+01 -9.722191095352172852e-01 1.783485561609268188e-01 1.515944004058837891e-01 6.361548233032226562e+01
1.006227210164070129e-01 -2.958067059516906738e-01 9.499329924583435059e-01 1.199146041870117188e+02 2.189458459615707397e-01 9.379568099975585938e-01 2.688852250576019287e-01 2.204747772216796875e+01 -9.705342650413513184e-01 1.809280514717102051e-01 1.591453999280929565e-01 6.396643066406250000e+01
1.046459004282951355e-01 -2.936089038848876953e-01 9.501801729202270508e-01 1.222117691040039062e+02 2.215930968523025513e-01 9.382907748222351074e-01 2.655303776264190674e-01 2.262898445129394531e+01 -9.695074558258056641e-01 1.827668100595474243e-01 1.632499694824218750e-01 6.435048675537109375e+01
1.154705062508583069e-01 -2.947669327259063721e-01 9.485664963722229004e-01 1.245450439453125000e+02 2.277591377496719360e-01 9.373688697814941406e-01 2.635618150234222412e-01 2.323910331726074219e+01 -9.668461084365844727e-01 1.856111586093902588e-01 1.753742992877960205e-01 6.475590515136718750e+01
1.245882809162139893e-01 -2.979308962821960449e-01 9.464218616485595703e-01 1.268824234008789062e+02 2.266033291816711426e-01 9.371886253356933594e-01 2.651939690113067627e-01 2.384403038024902344e+01 -9.659854173660278320e-01 1.814223676919937134e-01 1.842748224735260010e-01 6.518840789794921875e+01
1.242196112871170044e-01 -3.020605146884918213e-01 9.451604485511779785e-01 1.290663909912109375e+02 2.253196537494659424e-01 9.362413883209228516e-01 2.695970535278320312e-01 2.441201782226562500e+01 -9.663330912590026855e-01 1.794740855693817139e-01 1.843596696853637695e-01 6.560752868652343750e+01
1.302297264337539673e-01 -3.068625330924987793e-01 9.428016543388366699e-01 1.312971954345703125e+02 2.221443951129913330e-01 9.357557296752929688e-01 2.738842964172363281e-01 2.504974174499511719e+01 -9.662769436836242676e-01 1.737703382968902588e-01 1.900309622287750244e-01 6.603000640869140625e+01
1.228924617171287537e-01 -3.068518042564392090e-01 9.437896013259887695e-01 1.333205413818359375e+02 2.244679182767868042e-01 9.349474906921386719e-01 2.747486531734466553e-01 2.562695121765136719e+01 -9.667009711265563965e-01 1.780860573053359985e-01 1.837763339281082153e-01 6.641933441162109375e+01
1.204425245523452759e-01 -3.066443800926208496e-01 9.441727399826049805e-01 1.354208526611328125e+02 2.284401804208755493e-01 9.341334700584411621e-01 2.742430865764617920e-01 2.621271133422851562e+01 -9.660786390304565430e-01 1.826565712690353394e-01 1.825592219829559326e-01 6.681788635253906250e+01
1.170837134122848511e-01 -3.039629757404327393e-01 9.454614520072937012e-01 1.377475128173828125e+02 2.318882495164871216e-01 9.340615272521972656e-01 2.715814411640167236e-01 2.684669494628906250e+01 -9.656699299812316895e-01 1.874437332153320312e-01 1.798487603664398193e-01 6.727092742919921875e+01
1.167379841208457947e-01 -3.054915666580200195e-01 9.450114369392395020e-01 1.400447998046875000e+02 2.381384670734405518e-01 9.323692917823791504e-01 2.719873189926147461e-01 2.745380401611328125e+01 -9.641895294189453125e-01 1.932924091815948486e-01 1.815921217203140259e-01 6.769102478027343750e+01
1.149014830589294434e-01 -3.047434985637664795e-01 9.454779624938964844e-01 1.422942047119140625e+02 2.483552098274230957e-01 9.303686618804931641e-01 2.696915268898010254e-01 2.805475616455078125e+01 -9.618297219276428223e-01 2.038265168666839600e-01 1.825852990150451660e-01 6.811971282958984375e+01
1.135030016303062439e-01 -3.093332946300506592e-01 9.441553950309753418e-01 1.444613800048828125e+02 2.565230429172515869e-01 9.271998405456542969e-01 2.729398012161254883e-01 2.863851928710937500e+01 -9.598500132560729980e-01 2.112182527780532837e-01 1.845909953117370605e-01 6.855168914794921875e+01
1.107040271162986755e-01 -3.075825870037078857e-01 9.450592398643493652e-01 1.467289428710937500e+02 2.599713802337646484e-01 9.267576932907104492e-01 2.711730003356933594e-01 2.923608779907226562e+01 -9.592490196228027344e-01 2.156685441732406616e-01 1.825583726167678833e-01 6.899248504638671875e+01
1.159475594758987427e-01 -3.077882528305053711e-01 9.443632364273071289e-01 1.491342010498046875e+02 2.628238797187805176e-01 9.263938069343566895e-01 2.696624100208282471e-01 2.987592506408691406e+01 -9.578512907028198242e-01 2.169346660375595093e-01 1.883071213960647583e-01 6.946353149414062500e+01
1.191284954547882080e-01 -3.090623319149017334e-01 9.435508847236633301e-01 1.513493041992187500e+02 2.642342746257781982e-01 9.259160161018371582e-01 2.699248790740966797e-01 3.047482681274414062e+01 -9.570726156234741211e-01 2.171628773212432861e-01 1.919677555561065674e-01 6.988468933105468750e+01
1.146900355815887451e-01 -3.115219771862030029e-01 9.432919025421142578e-01 1.535709533691406250e+02 2.713284790515899658e-01 9.232760667800903320e-01 2.719222605228424072e-01 3.108394432067871094e+01 -9.556288123130798340e-01 2.247553467750549316e-01 1.904153078794479370e-01 7.032226562500000000e+01
1.162727400660514832e-01 -3.211117088794708252e-01 9.398761391639709473e-01 1.557057647705078125e+02 2.800702452659606934e-01 9.184936881065368652e-01 2.791585624217987061e-01 3.166804695129394531e+01 -9.529116749763488770e-01 2.307729870080947876e-01 1.967295706272125244e-01 7.075186920166015625e+01
1.195881813764572144e-01 -3.196179270744323730e-01 9.399693012237548828e-01 1.578779907226562500e+02 2.804836630821228027e-01 9.190728068351745605e-01 2.768276929855346680e-01 3.226633453369140625e+01 -9.523796439170837402e-01 2.305409014225006104e-01 1.995578110218048096e-01 7.120547485351562500e+01
1.218090802431106567e-01 -3.202624917030334473e-01 9.394646286964416504e-01 1.600928039550781250e+02 2.877263426780700684e-01 9.172645211219787598e-01 2.753884494304656982e-01 3.286291885375976562e+01 -9.499344229698181152e-01 2.367640882730484009e-01 2.038790881633758545e-01 7.168480682373046875e+01
1.233088076114654541e-01 -3.212411701679229736e-01 9.389346837997436523e-01 1.622615356445312500e+02 2.888827919960021973e-01 9.167985916137695312e-01 2.757291197776794434e-01 3.346133041381835938e+01 -9.493898153305053711e-01 2.372424453496932983e-01 2.058503925800323486e-01 7.215039062500000000e+01
1.210212856531143188e-01 -3.235083222389221191e-01 9.384537935256958008e-01 1.642470550537109375e+02 2.920925915241241455e-01 9.151524901390075684e-01 2.778080701828002930e-01 3.402317047119140625e+01 -9.487018585205078125e-01 2.404949069023132324e-01 2.052473276853561401e-01 7.257947540283203125e+01
1.187422648072242737e-01 -3.269811570644378662e-01 9.375408887863159180e-01 1.661893157958984375e+02 2.941349744796752930e-01 9.134247303009033203e-01 2.813172340393066406e-01 3.455045318603515625e+01 -9.483587145805358887e-01 2.423595488071441650e-01 2.046387344598770142e-01 7.299805450439453125e+01
1.188318729400634766e-01 -3.282363414764404297e-01 9.370908141136169434e-01 1.680904693603515625e+02 2.944045662879943848e-01 9.129852056503295898e-01 2.824595868587493896e-01 3.507382583618164062e+01 -9.482637643814086914e-01 2.423188686370849609e-01 2.051260471343994141e-01 7.339624023437500000e+01
1.149017959833145142e-01 -3.303672373294830322e-01 9.368321299552917480e-01 1.698928527832031250e+02 2.943438291549682617e-01 9.120501279830932617e-01 2.855270206928253174e-01 3.560511016845703125e+01 -9.487668275833129883e-01 2.429434657096862793e-01 2.020378112792968750e-01 7.375364685058593750e+01
1.139930114150047302e-01 -3.355470299720764160e-01 9.351006150245666504e-01 1.715951690673828125e+02 2.947124540805816650e-01 9.102897047996520996e-01 2.907172739505767822e-01 3.609568405151367188e+01 -9.487619996070861816e-01 2.424463182687759399e-01 2.026566118001937866e-01 7.409010314941406250e+01
1.082751676440238953e-01 -3.419939875602722168e-01 9.334430694580078125e-01 1.734574127197265625e+02 2.973501682281494141e-01 9.071179032325744629e-01 2.978577911853790283e-01 3.663657379150390625e+01 -9.486086964607238770e-01 2.453090995550155640e-01 1.999103724956512451e-01 7.448503112792968750e+01
1.075395941734313965e-01 -3.462366461753845215e-01 9.319628477096557617e-01 1.753152770996093750e+02 2.993373572826385498e-01 9.051775336265563965e-01 3.017449378967285156e-01 3.719774246215820312e+01 -9.480672478675842285e-01 2.465220242738723755e-01 2.009840458631515503e-01 7.486927795410156250e+01
1.037717536091804504e-01 -3.493360579013824463e-01 9.312331080436706543e-01 1.771835174560546875e+02 3.033030331134796143e-01 9.028059244155883789e-01 3.048736155033111572e-01 3.776981353759765625e+01 -9.472263455390930176e-01 2.508088052272796631e-01 1.996404975652694702e-01 7.525399780273437500e+01
1.040645167231559753e-01 -3.522975444793701172e-01 9.300840497016906738e-01 1.788779602050781250e+02 3.115607798099517822e-01 8.996391892433166504e-01 3.059059679508209229e-01 3.831367874145507812e+01 -9.445102214813232422e-01 2.579440176486968994e-01 2.033826857805252075e-01 7.560616302490234375e+01
1.073679774999618530e-01 -3.522329628467559814e-01 9.297329783439636230e-01 1.807894134521484375e+02 3.152649104595184326e-01 8.989406228065490723e-01 3.041595816612243652e-01 3.890671920776367188e+01 -9.429100155830383301e-01 2.604554593563079834e-01 2.075642049312591553e-01 7.600377655029296875e+01
1.087773367762565613e-01 -3.519582450389862061e-01 9.296731948852539062e-01 1.826186981201171875e+02 3.165558576583862305e-01 8.988004922866821289e-01 3.032314479351043701e-01 3.948608016967773438e+01 -9.423157572746276855e-01 2.613090574741363525e-01 2.091836482286453247e-01 7.639350128173828125e+01
1.077932342886924744e-01 -3.539949655532836914e-01 9.290142655372619629e-01 1.845617218017578125e+02 3.188317716121673584e-01 8.974106311798095703e-01 3.049586415290832520e-01 4.010761642456054688e+01 -9.416612982749938965e-01 2.633270621299743652e-01 2.095997184514999390e-01 7.681578826904296875e+01
1.054687872529029846e-01 -3.535490334033966064e-01 9.294507503509521484e-01 1.865785369873046875e+02 3.239423930644989014e-01 8.958955407142639160e-01 3.040259778499603271e-01 4.073056030273437500e+01 -9.401791691780090332e-01 2.690235078334808350e-01 2.090186029672622681e-01 7.726027679443359375e+01
1.059621348977088928e-01 -3.557046949863433838e-01 9.285717010498046875e-01 1.885723114013671875e+02 3.276444077491760254e-01 8.941696286201477051e-01 3.051379323005676270e-01 4.134810638427734375e+01 -9.388399124145507812e-01 2.719085514545440674e-01 2.112928628921508789e-01 7.769047546386718750e+01
1.020801663398742676e-01 -3.532872796058654785e-01 9.299284815788269043e-01 1.903998413085937500e+02 3.283333182334899902e-01 8.943912982940673828e-01 3.037446141242980957e-01 4.192088317871093750e+01 -9.390293359756469727e-01 2.743205428123474121e-01 2.072956860065460205e-01 7.811251831054687500e+01
1.094544753432273865e-01 -3.567659258842468262e-01 9.277591705322265625e-01 1.924437713623046875e+02 3.347330093383789062e-01 8.920804262161254883e-01 3.035550117492675781e-01 4.252936172485351562e+01 -9.359341859817504883e-01 2.773264646530151367e-01 2.170636206865310669e-01 7.856341552734375000e+01
1.126548945903778076e-01 -3.582311868667602539e-01 9.268109798431396484e-01 1.944765167236328125e+02 3.371379971504211426e-01 8.911976218223571777e-01 3.034865260124206543e-01 4.314907836914062500e+01 -9.346904158592224121e-01 2.782742083072662354e-01 2.211712300777435303e-01 7.903485870361328125e+01
1.121466755867004395e-01 -3.557768166065216064e-01 9.278174638748168945e-01 1.965290222167968750e+02 3.393000662326812744e-01 8.913004994392395020e-01 3.007626235485076904e-01 4.377037811279296875e+01 -9.339689016342163086e-01 2.810792624950408936e-01 2.206715941429138184e-01 7.953336334228515625e+01
1.029748320579528809e-01 -3.560282588005065918e-01 9.287837743759155273e-01 1.984024200439453125e+02 3.439734578132629395e-01 8.888848423957824707e-01 3.025974929332733154e-01 4.434688186645507812e+01 -9.333155155181884766e-01 2.883172929286956787e-01 2.139971256256103516e-01 7.997794342041015625e+01
1.068947985768318176e-01 -3.563772737979888916e-01 9.282068610191345215e-01 2.003101348876953125e+02 3.455362319946289062e-01 8.886823058128356934e-01 3.014094233512878418e-01 4.494788360595703125e+01 -9.322969913482666016e-01 2.885102629661560059e-01 2.181368768215179443e-01 8.041226959228515625e+01
1.031156480312347412e-01 -3.605643212795257568e-01 9.270165562629699707e-01 2.023430938720703125e+02 3.428357541561126709e-01 8.877587318420410156e-01 3.071601092815399170e-01 4.557615661621093750e+01 -9.337184429168701172e-01 2.861416935920715332e-01 2.151562422513961792e-01 8.087678527832031250e+01
9.795974195003509521e-02 -3.613624870777130127e-01 9.272648692131042480e-01 2.042320251464843750e+02 3.465628623962402344e-01 8.858115673065185547e-01 3.085957169532775879e-01 4.617495346069335938e+01 -9.328973293304443359e-01 2.911258935928344727e-01 2.120087742805480957e-01 8.132411193847656250e+01
9.623501449823379517e-02 -3.628085255622863770e-01 9.268807172775268555e-01 2.061982421875000000e+02 3.492527306079864502e-01 8.843050003051757812e-01 3.098814785480499268e-01 4.679563522338867188e+01 -9.320733547210693359e-01 2.938944399356842041e-01 2.118130624294281006e-01 8.177692413330078125e+01
1.039456203579902649e-01 -3.599472641944885254e-01 9.271636009216308594e-01 2.081934509277343750e+02 3.481485247611999512e-01 8.864033818244934082e-01 3.050918877124786377e-01 4.743778610229492188e+01 -9.316583871841430664e-01 2.910779416561126709e-01 2.174529582262039185e-01 8.223794555664062500e+01
1.107452660799026489e-01 -3.625949621200561523e-01 9.253429174423217773e-01 2.101802978515625000e+02 3.459630012512207031e-01 8.869019746780395508e-01 3.061271607875823975e-01 4.805631637573242188e+01 -9.316890835762023926e-01 2.862325310707092285e-01 2.236647605895996094e-01 8.268974304199218750e+01
1.168878525495529175e-01 -3.690223097801208496e-01 9.220406413078308105e-01 2.122427673339843750e+02 3.534279763698577881e-01 8.830840587615966797e-01 3.086268603801727295e-01 4.868845748901367188e+01 -9.281300902366638184e-01 2.898004651069641113e-01 2.336447536945343018e-01 8.316979980468750000e+01
1.197725310921669006e-01 -3.650311827659606934e-01 9.232583642005920410e-01 2.142572479248046875e+02 3.517735898494720459e-01 8.852234482765197754e-01 3.043585717678070068e-01 4.931061935424804688e+01 -9.283908009529113770e-01 2.883243262767791748e-01 2.344339191913604736e-01 8.369799041748046875e+01
1.294645369052886963e-01 -3.679132461547851562e-01 9.208028912544250488e-01 2.163336944580078125e+02 3.506727814674377441e-01 8.855969905853271484e-01 3.045422732830047607e-01 4.994749832153320312e+01 -9.275058507919311523e-01 2.834732830524444580e-01 2.436707019805908203e-01 8.421030426025390625e+01
1.350068747997283936e-01 -3.738202154636383057e-01 9.176223278045654297e-01 2.182957763671875000e+02 3.528914451599121094e-01 8.835152983665466309e-01 3.080061674118041992e-01 5.055557250976562500e+01 -9.258728027343750000e-01 2.822383046150207520e-01 2.511987090110778809e-01 8.472582244873046875e+01
1.365690976381301880e-01 -3.754138648509979248e-01 9.167401194572448730e-01 2.201709442138671875e+02 3.614927828311920166e-01 8.804823160171508789e-01 3.067137300968170166e-01 5.115954589843750000e+01 -9.223185777664184570e-01 2.895075082778930664e-01 2.559562027454376221e-01 8.524078369140625000e+01
