9.999980330467224121e-01 -1.417742110788822174e-03 1.371407299302518368e-03 -1.906180009245872498e-02 1.416077604517340660e-03 9.999982714653015137e-01 1.213962328620254993e-03 -1.838435977697372437e-02 -1.373126055113971233e-03 -1.212017959915101528e-03 9.999983310699462891e-01 2.036273002624511719e+00
9.999865293502807617e-01 -1.309497631154954433e-03 5.009173415601253510e-03 -1.454357430338859558e-02 1.323965494520962238e-03 9.999949932098388672e-01 -2.886040136218070984e-03 -3.884366154670715332e-02 -5.005368962883949280e-03 2.892633201554417610e-03 9.999833106994628906e-01 4.057178020477294922e+00
9.999915957450866699e-01 -3.605695208534598351e-03 1.938477391377091408e-03 -2.478250488638877869e-02 3.611433552578091621e-03 9.999891519546508789e-01 -2.964570885524153709e-03 -9.072165191173553467e-02 -1.927766483277082443e-03 2.971546258777379990e-03 9.999937415122985840e-01 6.182287216186523438e+00
9.998396039009094238e-01 -1.440747268497943878e-02 1.064130105078220367e-02 1.552919670939445496e-02 1.443524379283189774e-02 9.998926520347595215e-01 -2.537451451644301414e-03 -1.449240297079086304e-01 -1.060360018163919449e-02 2.690653316676616669e-03 9.999401569366455078e-01 8.564476966857910156e+00
9.999142885208129883e-01 -1.308393012732267380e-02 4.174942150712013245e-04 5.316214635968208313e-03 1.308355294167995453e-02 9.999141097068786621e-01 8.934175129979848862e-04 -1.873697936534881592e-01 -4.291487857699394226e-04 -8.878791704773902893e-04 9.999994635581970215e-01 1.083448982238769531e+01
9.999231696128845215e-01 -1.103253755718469620e-02 -5.653014872223138809e-03 -3.815254196524620056e-03 1.107659563422203064e-02 9.999081492424011230e-01 7.822751067578792572e-03 -2.149498015642166138e-01 5.566189531236886978e-03 -7.884765975177288055e-03 9.999533891677856445e-01 1.306307411193847656e+01
9.998792409896850586e-01 -1.436211448162794113e-02 -5.940926261246204376e-03 -3.588002920150756836e-02 1.441391464322805405e-02 9.998577237129211426e-01 8.770382031798362732e-03 -2.623789310455322266e-01 5.814118310809135437e-03 -8.854953572154045105e-03 9.999438524246215820e-01 1.537733268737792969e+01
9.998244643211364746e-01 -1.784427836537361145e-02 -5.717963911592960358e-03 -6.688367575407028198e-02 1.789717562496662140e-02 9.997962713241577148e-01 9.337244555354118347e-03 -2.719370126724243164e-01 5.550181493163108826e-03 -9.437940083444118500e-03 9.999400377273559570e-01 1.789938735961914062e+01
9.998036623001098633e-01 -1.953456178307533264e-02 -3.341403091326355934e-03 -9.273386001586914062e-02 1.957818679511547089e-02 9.997163414955139160e-01 1.356268115341663361e-02 -3.127340972423553467e-01 3.075513755902647972e-03 -1.362543459981679916e-02 9.999024271965026855e-01 2.015308380126953125e+01
9.996802210807800293e-01 -2.525595389306545258e-02 -1.328736543655395508e-03 -1.048813462257385254e-01 2.526658214628696442e-02 9.996429085731506348e-01 8.702744729816913605e-03 -3.486148715019226074e-01 1.108465599827468395e-03 -8.733532391488552094e-03 9.999612569808959961e-01 2.234587097167968750e+01
9.995197653770446777e-01 -3.085164725780487061e-02 2.933631883934140205e-03 -1.139292716979980469e-01 3.082082234323024750e-02 9.994746446609497070e-01 1.002876181155443192e-02 -3.624029457569122314e-01 -3.241494297981262207e-03 -9.933526627719402313e-03 9.999454021453857422e-01 2.472787666320800781e+01
9.995365142822265625e-01 -3.020739369094371796e-02 3.814585041254758835e-03 -1.174304559826850891e-01 3.014196828007698059e-02 9.994146823883056641e-01 1.618004404008388519e-02 -3.907418549060821533e-01 -4.301108885556459427e-03 -1.605756208300590515e-02 9.998618364334106445e-01 2.704762840270996094e+01
9.994075298309326172e-01 -3.368047252297401428e-02 7.106780074536800385e-03 -1.226139813661575317e-01 3.355713188648223877e-02 9.992954134941101074e-01 1.681431010365486145e-02 -4.050464630126953125e-01 -7.668085396289825439e-03 -1.656586304306983948e-02 9.998334050178527832e-01 2.938159370422363281e+01
9.992469549179077148e-01 -3.875504434108734131e-02 1.973702106624841690e-03 -1.182289272546768188e-01 3.872390836477279663e-02 9.991529583930969238e-01 1.392285432666540146e-02 -4.111480414867401123e-01 -2.511611208319664001e-03 -1.383593957871198654e-02 9.999011754989624023e-01 3.175362205505371094e+01
9.992071986198425293e-01 -3.979155793786048889e-02 -1.389292068779468536e-03 -1.022918149828910828e-01 3.980612009763717651e-02 9.991253018379211426e-01 1.281217299401760101e-02 -4.232116639614105225e-01 8.782600052654743195e-04 -1.285731699317693710e-02 9.999170303344726562e-01 3.397489929199218750e+01
9.991337060928344727e-01 -4.110340029001235962e-02 6.530385464429855347e-03 -9.173506498336791992e-02 4.100332781672477722e-02 9.990496635437011719e-01 1.478376239538192749e-02 -3.991864025592803955e-01 -7.131841033697128296e-03 -1.450318656861782074e-02 9.998694658279418945e-01 3.611591339111328125e+01
9.990184307098388672e-01 -4.225062578916549683e-02 1.331466622650623322e-02 -1.015695631504058838e-01 4.201716557145118713e-02 9.989662170410156250e-01 1.735207624733448029e-02 -3.923851251602172852e-01 -1.403403654694557190e-02 -1.677560061216354370e-02 9.997608065605163574e-01 3.831801605224609375e+01
9.989379048347473145e-01 -4.182163253426551819e-02 1.934367418289184570e-02 -7.227789610624313354e-02 4.144061356782913208e-02 9.989468455314636230e-01 1.969625614583492279e-02 -3.887669146060943604e-01 -2.014702931046485901e-02 -1.887372694909572601e-02 9.996188879013061523e-01 4.035924911499023438e+01
9.986501932144165039e-01 -4.672607034444808960e-02 2.268380485475063324e-02 -1.221326738595962524e-02 4.624899104237556458e-02 9.987066388130187988e-01 2.111994102597236633e-02 -4.031086266040802002e-01 -2.364131808280944824e-02 -2.004233561456203461e-02 9.995195865631103516e-01 4.235124588012695312e+01
9.983180761337280273e-01 -5.201221629977226257e-02 2.560874260962009430e-02 6.149849295616149902e-02 5.133884400129318237e-02 9.983353018760681152e-01 2.628562040627002716e-02 -3.868740499019622803e-01 -2.693328447639942169e-02 -2.492669224739074707e-02 9.993264079093933105e-01 4.419243240356445312e+01
9.982774257659912109e-01 -5.081839486956596375e-02 2.932021394371986389e-02 1.239735558629035950e-01 5.008116737008094788e-02 9.984232783317565918e-01 2.535349130630493164e-02 -3.728010654449462891e-01 -3.056240640580654144e-02 -2.384143136441707611e-02 9.992484450340270996e-01 4.610726547241210938e+01
9.978780746459960938e-01 -5.775759369134902954e-02 3.005849197506904602e-02 1.715624928474426270e-01 5.693110451102256775e-02 9.979947805404663086e-01 2.766205370426177979e-02 -3.470035791397094727e-01 -3.159591183066368103e-02 -2.589209750294685364e-02 9.991652965545654297e-01 4.790689086914062500e+01
9.981402158737182617e-01 -5.610224232077598572e-02 2.384857460856437683e-02 2.087000608444213867e-01 5.537559464573860168e-02 9.980114102363586426e-01 3.010980412364006042e-02 -3.135024905204772949e-01 -2.549037523567676544e-02 -2.873318269848823547e-02 9.992620348930358887e-01 4.964525604248046875e+01
9.983755946159362793e-01 -5.350052192807197571e-02 1.959352567791938782e-02 2.528312206268310547e-01 5.291175842285156250e-02 9.981654286384582520e-01 2.942621894180774689e-02 -2.680617868900299072e-01 -2.113189548254013062e-02 -2.834169752895832062e-02 9.993748664855957031e-01 5.151511764526367188e+01
9.981140494346618652e-01 -5.989009141921997070e-02 1.346932910382747650e-02 2.759476304054260254e-01 5.941433459520339966e-02 9.976772665977478027e-01 3.331252187490463257e-02 -2.489180415868759155e-01 -1.543313078582286835e-02 -3.244943171739578247e-02 9.993541836738586426e-01 5.324644851684570312e+01
9.980357885360717773e-01 -6.241354346275329590e-02 5.380148999392986298e-03 2.937705516815185547e-01 6.219815835356712341e-02 9.974951148033142090e-01 3.368259966373443604e-02 -2.452459335327148438e-01 -7.468919269740581512e-03 -3.328181430697441101e-02 9.994180202484130859e-01 5.496493911743164062e+01
9.977492690086364746e-01 -6.689713895320892334e-02 4.587915726006031036e-03 2.936434149742126465e-01 6.668305397033691406e-02 9.970899224281311035e-01 3.694313764572143555e-02 -2.070746719837188721e-01 -7.045951671898365021e-03 -3.655406460165977478e-02 9.993067383766174316e-01 5.648984527587890625e+01
9.974794387817382812e-01 -7.092632353305816650e-02 -2.018965780735015869e-03 2.740050256252288818e-01 7.095388323068618774e-02 9.968971014022827148e-01 3.408220037817955017e-02 -1.471442580223083496e-01 -4.046200774610042572e-04 -3.413956239819526672e-02 9.994168877601623535e-01 5.818243789672851562e+01
9.972620010375976562e-01 -7.334813475608825684e-02 -9.395495057106018066e-03 2.506845891475677490e-01 7.364007830619812012e-02 9.966405034065246582e-01 3.584327548742294312e-02 -1.205463111400604248e-01 6.734898313879966736e-03 -3.643703833222389221e-02 9.993131160736083984e-01 5.977105712890625000e+01
9.969608187675476074e-01 -7.673253118991851807e-02 -1.345725823193788528e-02 2.303539812564849854e-01 7.715921103954315186e-02 9.964135289192199707e-01 3.473313152790069580e-02 -1.043817549943923950e-01 1.074383873492479324e-02 -3.566593676805496216e-02 9.993058443069458008e-01 6.128445816040039062e+01
9.968428015708923340e-01 -7.598703354597091675e-02 -2.302703261375427246e-02 1.815200448036193848e-01 7.685469835996627808e-02 9.962601065635681152e-01 3.948535397648811340e-02 -7.579119503498077393e-02 1.994054578244686127e-02 -4.113043844699859619e-02 9.989545941352844238e-01 6.276943206787109375e+01
9.962349534034729004e-01 -8.042806386947631836e-02 -3.235977143049240112e-02 1.295233517885208130e-01 8.168061822652816772e-02 9.958775043487548828e-01 3.945045173168182373e-02 -4.471066594123840332e-02 2.905344963073730469e-02 -4.194509610533714294e-02 9.986972212791442871e-01 6.426166534423828125e+01
9.960201978683471680e-01 -8.163646608591079712e-02 -3.576539456844329834e-02 7.542039453983306885e-02 8.311787247657775879e-02 9.956500530242919922e-01 4.210061952471733093e-02 3.524892032146453857e-03 3.217287734150886536e-02 -4.490582272410392761e-02 9.984728097915649414e-01 6.572389984130859375e+01
9.956982135772705078e-01 -8.056771010160446167e-02 -4.575851559638977051e-02 1.802861690521240234e-02 8.251787722110748291e-02 9.956846833229064941e-01 4.245942831039428711e-02 4.573337733745574951e-02 4.214020073413848877e-02 -4.605267941951751709e-02 9.980495572090148926e-01 6.704538726806640625e+01
9.951975941658020020e-01 -9.059916436672210693e-02 -3.705943003296852112e-02 -1.879308372735977173e-02 9.215857088565826416e-02 9.948245882987976074e-01 4.278919100761413574e-02 8.204346895217895508e-02 3.299096971750259399e-02 -4.599905759096145630e-02 9.983962774276733398e-01 6.833144378662109375e+01
9.950389266014099121e-01 -9.157229959964752197e-02 -3.888220712542533875e-02 -6.537192314863204956e-02 9.342967718839645386e-02 9.944198131561279297e-01 4.899148643016815186e-02 1.245640963315963745e-01 3.417897596955299377e-02 -5.238120257854461670e-02 9.980418086051940918e-01 6.959378051757812500e+01
9.950051903724670410e-01 -9.395640343427658081e-02 -3.371347486972808838e-02 -1.032337248325347900e-01 9.554046392440795898e-02 9.942219853401184082e-01 4.893505573272705078e-02 1.673896610736846924e-01 2.892091870307922363e-02 -5.191165208816528320e-02 9.982325434684753418e-01 7.082986450195312500e+01
9.945130348205566406e-01 -9.696221351623535156e-02 -3.926665708422660828e-02 -1.697757989168167114e-01 9.880738705396652222e-02 9.939411282539367676e-01 4.814618080854415894e-02 2.004286795854568481e-01 3.436038270592689514e-02 -5.176185443997383118e-02 9.980678558349609375e-01 7.221412658691406250e+01
9.941622018814086914e-01 -1.043293774127960205e-01 -2.750656381249427795e-02 -2.077946960926055908e-01 1.055859252810478210e-01 9.931986927986145020e-01 4.907107725739479065e-02 2.380080670118331909e-01 2.219992689788341522e-02 -5.168892815709114075e-02 9.984161257743835449e-01 7.356373596191406250e+01
9.942662715911865234e-01 -1.058827787637710571e-01 -1.493689231574535370e-02 -2.275554388761520386e-01 1.065298691391944885e-01 9.929138422012329102e-01 5.266369879245758057e-02 2.858884930610656738e-01 9.254870004951953888e-03 -5.395298078656196594e-02 9.985002279281616211e-01 7.505996704101562500e+01
9.941551089286804199e-01 -1.075940579175949097e-01 -8.876361884176731110e-03 -2.343803793191909790e-01 1.079275384545326233e-01 9.924975633621215820e-01 5.744811892509460449e-02 3.374593853950500488e-01 2.628693357110023499e-03 -5.807036161422729492e-02 9.983087182044982910e-01 7.676763916015625000e+01
9.941033720970153809e-01 -1.083706617355346680e-01 -3.738845698535442352e-03 -2.246805131435394287e-01 1.083966195583343506e-01 9.922413229942321777e-01 6.088864803314208984e-02 3.947914838790893555e-01 -2.888702787458896637e-03 -6.093490496277809143e-02 9.981372952461242676e-01 7.847978210449218750e+01
9.937959909439086914e-01 -1.091410964727401733e-01 -2.139062620699405670e-02 -2.552642226219177246e-01 1.103012934327125549e-01 9.918444752693176270e-01 6.386192888021469116e-02 4.726387858390808105e-01 1.424621045589447021e-02 -6.582515686750411987e-02 9.977292418479919434e-01 8.030050659179687500e+01
9.936603307723999023e-01 -1.085703447461128235e-01 -2.917920798063278198e-02 -2.933294475078582764e-01 1.103533208370208740e-01 9.915152788162231445e-01 6.870029121637344360e-02 5.430853366851806641e-01 2.147281542420387268e-02 -7.148479670286178589e-02 9.972103238105773926e-01 8.176080322265625000e+01
9.899341464042663574e-01 -1.092883199453353882e-01 -8.992381393909454346e-02 -4.525917768478393555e-01 1.155066862702369690e-01 9.910367131233215332e-01 6.711603701114654541e-02 5.953881740570068359e-01 8.178278803825378418e-02 -7.682727277278900146e-02 9.936844110488891602e-01 8.307276153564453125e+01
9.839883446693420410e-01 -1.101993545889854431e-01 -1.400817632675170898e-01 -6.487535238265991211e-01 1.203434690833091736e-01 9.905285835266113281e-01 6.611143797636032104e-02 6.478884220123291016e-01 1.314695179462432861e-01 -8.191081881523132324e-02 9.879301786422729492e-01 8.428664398193359375e+01
9.725786447525024414e-01 -1.101977676153182983e-01 -2.048097103834152222e-01 -9.082580208778381348e-01 1.251764595508575439e-01 9.902179837226867676e-01 6.163864582777023315e-02 7.022870779037475586e-01 1.960137635469436646e-01 -8.558578789234161377e-02 9.768589138984680176e-01 8.544950103759765625e+01
9.371892809867858887e-01 -1.083546951413154602e-01 -3.315648436546325684e-01 -1.342206358909606934e+00 1.316561251878738403e-01 9.901047945022583008e-01 4.857042431831359863e-02 7.360677123069763184e-01 3.230210542678833008e-01 -8.917222172021865845e-02 9.421811699867248535e-01 8.657044219970703125e+01
9.231686592102050781e-01 -9.845745563507080078e-02 -3.715715110301971436e-01 -1.778057813644409180e+00 1.261900514364242554e-01 9.906937479972839355e-01 5.100923404097557068e-02 7.668610811233520508e-01 3.630912601947784424e-01 -9.397876262664794922e-02 9.270018339157104492e-01 8.764503479003906250e+01
8.878544569015502930e-01 -1.000934541225433350e-01 -4.491049945354461670e-01 -2.362555503845214844e+00 1.343090981245040894e-01 9.899219274520874023e-01 4.489438235759735107e-02 8.027717471122741699e-01 4.400851726531982422e-01 -1.001785770058631897e-01 8.923501968383789062e-01 8.874373626708984375e+01
8.565884828567504883e-01 -1.019104123115539551e-01 -5.058358907699584961e-01 -2.986808776855468750e+00 1.409312188625335693e-01 9.892368316650390625e-01 3.935383260250091553e-02 8.230864405632019043e-01 4.963808953762054443e-01 -1.049981266260147095e-01 8.617314100265502930e-01 8.975163269042968750e+01
7.888195514678955078e-01 -9.505480527877807617e-02 -6.072295904159545898e-01 -3.584449768066406250e+00 1.431089341640472412e-01 9.892195463180541992e-01 3.105433285236358643e-02 8.204762935638427734e-01 5.977314710617065430e-01 -1.113962456583976746e-01 7.939191460609436035e-01 9.045587158203125000e+01
7.557017207145690918e-01 -9.444550424814224243e-02 -6.480697989463806152e-01 -4.363441467285156250e+00 1.453153491020202637e-01 9.890615344047546387e-01 2.531007304787635803e-02 8.444746732711791992e-01 6.385904550552368164e-01 -1.133013591170310974e-01 7.611600756645202637e-01 9.132743835449218750e+01
7.127910256385803223e-01 -9.014338254928588867e-02 -6.955592632293701172e-01 -5.280634880065917969e+00 1.462810337543487549e-01 9.890042543411254883e-01 2.173166163265705109e-02 8.442732691764831543e-01 6.859520673751831055e-01 -1.172372549772262573e-01 7.181398272514343262e-01 9.221182250976562500e+01
6.871610879898071289e-01 -8.615396916866302490e-02 -7.213783264160156250e-01 -6.274292469024658203e+00 1.461047083139419556e-01 9.890450239181518555e-01 2.105324156582355499e-02 8.515216112136840820e-01 7.116617560386657715e-01 -1.198637261986732483e-01 6.922209858894348145e-01 9.312385559082031250e+01
6.769028306007385254e-01 -8.777506649494171143e-02 -7.308198213577270508e-01 -7.299846649169921875e+00 1.506343036890029907e-01 9.883703589439392090e-01 2.081299573183059692e-02 8.617963790893554688e-01 7.204937338829040527e-01 -1.241749003529548645e-01 6.822528839111328125e-01 9.407956695556640625e+01
6.286683678627014160e-01 -8.441396057605743408e-02 -7.730782032012939453e-01 -8.304610252380371094e+00 1.553591936826705933e-01 9.876849651336669922e-01 1.849106699228286743e-02 8.604838252067565918e-01 7.619967460632324219e-01 -1.317295432090759277e-01 6.340409517288208008e-01 9.488005065917968750e+01
6.257643699645996094e-01 -8.166225999593734741e-02 -7.757253050804138184e-01 -9.340000152587890625e+00 1.557833403348922729e-01 9.875527620315551758e-01 2.170603908598423004e-02 8.694875836372375488e-01 7.642970085144042969e-01 -1.344279497861862183e-01 6.306971311569213867e-01 9.569637298583984375e+01
6.071487665176391602e-01 -8.223190903663635254e-02 -7.903213500976562500e-01 -1.046272182464599609e+01 1.560951918363571167e-01 9.875929951667785645e-01 1.715935021638870239e-02 8.758978247642517090e-01 7.791046500205993652e-01 -1.337836384773254395e-01 6.124520301818847656e-01 9.656064605712890625e+01
6.811184287071228027e-01 -8.813655376434326172e-02 -7.268488407135009766e-01 -1.136526870727539062e+01 1.602413207292556763e-01 9.866058230400085449e-01 3.052537329494953156e-02 9.107170104980468750e-01 7.144227027893066406e-01 -1.372625976800918579e-01 6.861186623573303223e-01 9.749308013916015625e+01
7.274283170700073242e-01 -8.857998251914978027e-02 -6.804418563842773438e-01 -1.234839248657226562e+01 1.601058244705200195e-01 9.861723780632019043e-01 4.278168827295303345e-02 9.446873068809509277e-01 6.672431826591491699e-01 -1.400633305311203003e-01 7.315520048141479492e-01 9.853195190429687500e+01
7.703425288200378418e-01 -9.062778204679489136e-02 -6.311564445495605469e-01 -1.319651985168457031e+01 1.624098420143127441e-01 9.850886464118957520e-01 5.677656084299087524e-02 9.849045276641845703e-01 6.165993213653564453e-01 -1.462434381246566772e-01 7.735746502876281738e-01 9.957230377197265625e+01
8.070991635322570801e-01 -9.223425388336181641e-02 -5.831666588783264160e-01 -1.392792606353759766e+01 1.606193780899047852e-01 9.847707152366638184e-01 6.654401123523712158e-02 1.062906146049499512e+00 5.681475996971130371e-01 -1.473754942417144775e-01 8.096223473548889160e-01 1.006574630737304688e+02
8.553719520568847656e-01 -8.916544914245605469e-02 -5.102822780609130859e-01 -1.458956909179687500e+01 1.553033292293548584e-01 9.839031100273132324e-01 8.840601146221160889e-02 1.170408248901367188e+00 4.941852390766143799e-01 -1.548685729503631592e-01 8.554508686065673828e-01 1.018699798583984375e+02
8.855755925178527832e-01 -9.176095575094223022e-02 -4.553411602973937988e-01 -1.513899803161621094e+01 1.550656408071517944e-01 9.824575185775756836e-01 1.035952344536781311e-01 1.294576048851013184e+00 4.378469884395599365e-01 -1.623491793870925903e-01 8.842693567276000977e-01 1.030127868652343750e+02
9.113027453422546387e-01 -9.210460633039474487e-02 -4.013026356697082520e-01 -1.560775184631347656e+01 1.513744592666625977e-01 9.813457131385803223e-01 1.185179576277732849e-01 1.413539648056030273e+00 3.829002082347869873e-01 -1.687527149915695190e-01 9.082452654838562012e-01 1.041371002197265625e+02
8.997843861579895020e-01 -9.475274384021759033e-02 -4.259221851825714111e-01 -1.617590141296386719e+01 1.574902087450027466e-01 9.808601737022399902e-01 1.145000681281089783e-01 1.556564569473266602e+00 4.069205224514007568e-01 -1.701039522886276245e-01 8.974852561950683594e-01 1.053205947875976562e+02
8.938905000686645508e-01 -9.760703891515731812e-02 -4.375299215316772461e-01 -1.676813125610351562e+01 1.611010134220123291e-01 9.807500839233398438e-01 1.103435829281806946e-01 1.687684178352355957e+00 4.183368384838104248e-01 -1.691215932369232178e-01 8.924078345298767090e-01 1.065304260253906250e+02
9.170207977294921875e-01 -9.626646339893341064e-02 -3.870469927787780762e-01 -1.722688484191894531e+01 1.539222002029418945e-01 9.806745052337646484e-01 1.207704842090606689e-01 1.826382279396057129e+00 3.679405748844146729e-01 -1.703241914510726929e-01 9.141165018081665039e-01 1.076884994506835938e+02
9.192601442337036133e-01 -9.427718073129653931e-02 -3.821941018104553223e-01 -1.777287864685058594e+01 1.540829092264175415e-01 9.796059131622314453e-01 1.289602667093276978e-01 1.975396871566772461e+00 3.622411787509918213e-01 -1.774376332759857178e-01 9.150392413139343262e-01 1.089636535644531250e+02
8.999670147895812988e-01 -9.278637170791625977e-02 -4.259692430496215820e-01 -1.840825843811035156e+01 1.582730561494827271e-01 9.799617528915405273e-01 1.209324523806571960e-01 2.133413076400756836e+00 4.062123000621795654e-01 -1.762546896934509277e-01 8.966189026832580566e-01 1.103270950317382812e+02
9.257906079292297363e-01 -9.491129964590072632e-02 -3.659280538558959961e-01 -1.889490127563476562e+01 1.527161598205566406e-01 9.793679714202880859e-01 1.323488652706146240e-01 2.297413349151611328e+00 3.458163738250732422e-01 -1.784104853868484497e-01 9.211841821670532227e-01 1.115856552124023438e+02
9.190785884857177734e-01 -9.722465276718139648e-02 -3.818922042846679688e-01 -1.942631340026855469e+01 1.573259383440017700e-01 9.790351986885070801e-01 1.293783783912658691e-01 2.449709892272949219e+00 3.613066971302032471e-01 -1.789904683828353882e-01 9.151062369346618652e-01 1.128057708740234375e+02
9.147548675537109375e-01 -9.595738351345062256e-02 -3.924480080604553223e-01 -2.001512908935546875e+01 1.595519781112670898e-01 9.782283306121826172e-01 1.327124834060668945e-01 2.614844560623168945e+00 3.711686134338378906e-01 -1.840152740478515625e-01 9.101493358612060547e-01 1.141305084228515625e+02
9.124134778976440430e-01 -9.700541943311691284e-02 -3.976069390773773193e-01 -2.077151298522949219e+01 1.622260212898254395e-01 9.776469469070434570e-01 1.337506771087646484e-01 2.831524133682250977e+00 3.757442533969879150e-01 -1.865381449460983276e-01 9.077551364898681641e-01 1.158433532714843750e+02
9.048140645027160645e-01 -1.014282107353210449e-01 -4.135499596595764160e-01 -2.164584922790527344e+01 1.708613336086273193e-01 9.760807156562805176e-01 1.344351470470428467e-01 3.075046777725219727e+00 3.900222182273864746e-01 -1.922985464334487915e-01 9.005019068717956543e-01 1.177683715820312500e+02
8.953016996383666992e-01 -1.031324639916419983e-01 -4.333569705486297607e-01 -2.258073234558105469e+01 1.770475506782531738e-01 9.750757813453674316e-01 1.337212473154067993e-01 3.335890769958496094e+00 4.087644815444946289e-01 -1.964456886053085327e-01 8.912465572357177734e-01 1.197605209350585938e+02
8.932840228080749512e-01 -1.067978292703628540e-01 -4.366207122802734375e-01 -2.362028121948242188e+01 1.810207217931747437e-01 9.745851755142211914e-01 1.319665610790252686e-01 3.613794803619384766e+00 4.114299416542053223e-01 -1.969210356473922729e-01 8.899141550064086914e-01 1.218973999023437500e+02
8.929994702339172363e-01 -1.067997440695762634e-01 -4.372020661830902100e-01 -2.449876785278320312e+01 1.807154268026351929e-01 9.747722148895263672e-01 1.309996396303176880e-01 3.845016241073608398e+00 4.121813476085662842e-01 -1.959917694330215454e-01 8.897715806961059570e-01 1.236987686157226562e+02
8.919450640678405762e-01 -1.108350679278373718e-01 -4.383486509323120117e-01 -2.538125228881835938e+01 1.863838285207748413e-01 9.734158515930175781e-01 1.331257075071334839e-01 4.097016811370849609e+00 4.119401872158050537e-01 -2.004419118165969849e-01 8.888914585113525391e-01 1.254874038696289062e+02
8.885504007339477539e-01 -1.143442615866661072e-01 -4.443011879920959473e-01 -2.631447601318359375e+01 1.927474290132522583e-01 9.718679785728454590e-01 1.353546679019927979e-01 4.365873336791992188e+00 4.163246750831604004e-01 -2.059073448181152344e-01 8.855933547019958496e-01 1.273637771606445312e+02
8.875921964645385742e-01 -1.157344132661819458e-01 -4.458537995815277100e-01 -2.742331123352050781e+01 1.970031261444091797e-01 9.703098535537719727e-01 1.403153985738754272e-01 4.650907993316650391e+00 4.163766205310821533e-01 -2.123774290084838867e-01 8.840395808219909668e-01 1.295502624511718750e+02
8.836615681648254395e-01 -1.248336657881736755e-01 -4.511747956275939941e-01 -2.843936347961425781e+01 2.092679738998413086e-01 9.674659967422485352e-01 1.421837210655212402e-01 4.903393268585205078e+00 4.187465608119964600e-01 -2.200587093830108643e-01 8.810364007949829102e-01 1.315633697509765625e+02
8.812448382377624512e-01 -1.248093172907829285e-01 -4.558839201927185059e-01 -2.940444374084472656e+01 2.116136252880096436e-01 9.666238427162170410e-01 1.444221138954162598e-01 5.171995639801025391e+00 4.226426184177398682e-01 -2.237424552440643311e-01 8.782438635826110840e-01 1.334500274658203125e+02
8.809226751327514648e-01 -1.296268701553344727e-01 -4.551616311073303223e-01 -3.034890556335449219e+01 2.175803780555725098e-01 9.650191068649291992e-01 1.462756246328353882e-01 5.458312034606933594e+00 4.202780425548553467e-01 -2.278916984796524048e-01 8.783117532730102539e-01 1.352992248535156250e+02
8.821856379508972168e-01 -1.354950517416000366e-01 -4.509873390197753906e-01 -3.133334350585937500e+01 2.238477617502212524e-01 9.632483124732971191e-01 1.484739631414413452e-01 5.750610351562500000e+00 4.142949581146240234e-01 -2.319340556859970093e-01 8.800944089889526367e-01 1.372467956542968750e+02
8.845898509025573730e-01 -1.400870382785797119e-01 -4.448330998420715332e-01 -3.224378204345703125e+01 2.294573634862899780e-01 9.611190557479858398e-01 1.536200195550918579e-01 6.018548011779785156e+00 4.060170650482177734e-01 -2.379608750343322754e-01 8.823404908180236816e-01 1.390393371582031250e+02
8.879938125610351562e-01 -1.422528922557830811e-01 -4.372999370098114014e-01 -3.312285232543945312e+01 2.319419384002685547e-01 9.596786499023437500e-01 1.588060557842254639e-01 6.299944877624511719e+00 3.970764279365539551e-01 -2.424469292163848877e-01 8.851834535598754883e-01 1.408233489990234375e+02
8.906186819076538086e-01 -1.445104032754898071e-01 -4.311789274215698242e-01 -3.405486679077148438e+01 2.342209666967391968e-01 9.584973454475402832e-01 1.625512093305587769e-01 6.599649429321289062e+00 3.897931575775146484e-01 -2.457622289657592773e-01 8.875033855438232422e-01 1.427476196289062500e+02
8.902303576469421387e-01 -1.535134464502334595e-01 -4.288633763790130615e-01 -3.495117568969726562e+01 2.436499595642089844e-01 9.559698104858398438e-01 1.635725349187850952e-01 6.900261878967285156e+00 3.848694860935211182e-01 -2.501097023487091064e-01 8.884372115135192871e-01 1.445878143310546875e+02
8.944385051727294922e-01 -1.564235836267471313e-01 -4.189410507678985596e-01 -3.582804870605468750e+01 2.474458962678909302e-01 9.534591436386108398e-01 1.722952127456665039e-01 7.194973468780517578e+00 3.724917769432067871e-01 -2.577726244926452637e-01 8.915173411369323730e-01 1.464717102050781250e+02
8.936198353767395020e-01 -1.584580093622207642e-01 -4.199223816394805908e-01 -3.670447921752929688e+01 2.520591020584106445e-01 9.513085484504699707e-01 1.774196177721023560e-01 7.532263755798339844e+00 3.713618516921997070e-01 -2.643908560276031494e-01 8.900493979454040527e-01 1.483613281250000000e+02
8.929973244667053223e-01 -1.617936044931411743e-01 -4.199748635292053223e-01 -3.759878921508789062e+01 2.567571997642517090e-01 9.495393633842468262e-01 1.801392883062362671e-01 7.884673118591308594e+00 3.696369826793670654e-01 -2.686953544616699219e-01 8.894781470298767090e-01 1.502715911865234375e+02
8.962223529815673828e-01 -1.639571338891983032e-01 -4.121939837932586670e-01 -3.848060607910156250e+01 2.580028176307678223e-01 9.485234618186950684e-01 1.836770027875900269e-01 8.243991851806640625e+00 3.608602583408355713e-01 -2.709625065326690674e-01 8.923896551132202148e-01 1.521747894287109375e+02
8.957846760749816895e-01 -1.625583320856094360e-01 -4.136967360973358154e-01 -3.934583282470703125e+01 2.581365108489990234e-01 9.479436874389648438e-01 1.864612251520156860e-01 8.618808746337890625e+00 3.618501424789428711e-01 -2.738191783428192139e-01 8.911159634590148926e-01 1.540460510253906250e+02
8.965919613838195801e-01 -1.687664538621902466e-01 -4.094401895999908447e-01 -4.029527282714843750e+01 2.635387778282165527e-01 9.463449120521545410e-01 1.870243400335311890e-01 9.020488739013671875e+00 3.559079766273498535e-01 -2.755876779556274414e-01 8.929619789123535156e-01 1.561284332275390625e+02
8.987820744514465332e-01 -1.792856752872467041e-01 -4.000600278377532959e-01 -4.122945404052734375e+01 2.728188335895538330e-01 9.430582523345947266e-01 1.902905404567718506e-01 9.416990280151367188e+00 3.431633114814758301e-01 -2.801734209060668945e-01 8.965165615081787109e-01 1.581923675537109375e+02
8.942292928695678711e-01 -1.826020181179046631e-01 -4.086699485778808594e-01 -4.215205001831054688e+01 2.806971967220306396e-01 9.399396181106567383e-01 1.942216604948043823e-01 9.821078300476074219e+00 3.486595749855041504e-01 -2.883909642696380615e-01 8.917775750160217285e-01 1.602667083740234375e+02
8.947506546974182129e-01 -1.860900670289993286e-01 -4.059462845325469971e-01 -4.290180969238281250e+01 2.851693034172058105e-01 9.376515150070190430e-01 1.987148374319076538e-01 1.016604328155517578e+01 3.436570465564727783e-01 -2.935634255409240723e-01 8.920316100120544434e-01 1.619380035400390625e+02
8.962407708168029785e-01 -1.841593682765960693e-01 -4.035324156284332275e-01 -4.379020690917968750e+01 2.837513089179992676e-01 9.372797608375549316e-01 2.024630308151245117e-01 1.055198478698730469e+01 3.409370481967926025e-01 -2.959582209587097168e-01 8.922839760780334473e-01 1.639239959716796875e+02
8.951015472412109375e-01 -1.864401847124099731e-01 -4.050108492374420166e-01 -4.465791320800781250e+01 2.869555056095123291e-01 9.361315369606018066e-01 2.032575905323028564e-01 1.095657730102539062e+01 3.412477970123291016e-01 -2.981560230255126953e-01 8.914330601692199707e-01 1.658417510986328125e+02
8.967039585113525391e-01 -1.921547651290893555e-01 -3.987468481063842773e-01 -4.542591476440429688e+01 2.918534278869628906e-01 9.339606761932373047e-01 2.062483876943588257e-01 1.133251953125000000e+01 3.327820301055908203e-01 -3.013191223144531250e-01 8.935675024986267090e-01 1.675682373046875000e+02
8.973626494407653809e-01 -1.976624131202697754e-01 -3.945508599281311035e-01 -4.616300201416015625e+01 2.968565821647644043e-01 9.319288134574890137e-01 2.082886397838592529e-01 1.169623279571533203e+01 3.265222609043121338e-01 -3.040351867675781250e-01 8.949556946754455566e-01 1.692958221435546875e+02
8.991851210594177246e-01 -2.039470523595809937e-01 -3.871333599090576172e-01 -4.699768447875976562e+01 3.020884096622467041e-01 9.293998479843139648e-01 2.120323479175567627e-01 1.212558746337890625e+01 3.165581226348876953e-01 -3.076045513153076172e-01 8.973128199577331543e-01 1.712278594970703125e+02
9.018121361732482910e-01 -2.067045718431472778e-01 -3.794847428798675537e-01 -4.788991546630859375e+01 3.023543655872344971e-01 9.292376041412353516e-01 2.123640924692153931e-01 1.259841537475585938e+01 3.087347149848937988e-01 -3.062511086463928223e-01 9.004959464073181152e-01 1.733399963378906250e+02
9.038146138191223145e-01 -2.068334072828292847e-01 -3.746192753314971924e-01 -4.882891082763671875e+01 3.024325072765350342e-01 9.280832409858703613e-01 2.172447592020034790e-01 1.309912109375000000e+01 3.027442395687103271e-01 -3.096458017826080322e-01 9.013684988021850586e-01 1.755632019042968750e+02
9.052516222000122070e-01 -2.073247432708740234e-01 -3.708590269088745117e-01 -4.975137329101562500e+01 3.024841248989105225e-01 9.274477362632751465e-01 2.198710143566131592e-01 1.362070178985595703e+01 2.983675003051757812e-01 -3.112173676490783691e-01 9.022861719131469727e-01 1.778844909667968750e+02
9.056047201156616211e-01 -2.127631157636642456e-01 -3.668957054615020752e-01 -5.064197158813476562e+01 3.080101311206817627e-01 9.246197938919067383e-01 2.240696400403976440e-01 1.410880374908447266e+01 2.915651202201843262e-01 -3.159259259700775146e-01 9.028733968734741211e-01 1.801022033691406250e+02
9.078155755996704102e-01 -2.149350494146347046e-01 -3.601030707359313965e-01 -5.145708465576171875e+01 3.108780384063720703e-01 9.212280511856079102e-01 2.338649481534957886e-01 1.458123588562011719e+01 2.814711332321166992e-01 -3.242541551589965820e-01 9.031240344047546387e-01 1.820815887451171875e+02
9.104076027870178223e-01 -2.221115827560424805e-01 -3.490342795848846436e-01 -5.230849075317382812e+01 3.149528205394744873e-01 9.191420674324035645e-01 2.366045266389846802e-01 1.513509845733642578e+01 2.682593464851379395e-01 -3.253356516361236572e-01 9.067487716674804688e-01 1.843618316650390625e+02
9.061253070831298828e-01 -2.284076809883117676e-01 -3.560439944267272949e-01 -5.306840515136718750e+01 3.255650103092193604e-01 9.139633178710937500e-01 2.422346621751785278e-01 1.560011100769042969e+01 2.700827419757843018e-01 -3.354101777076721191e-01 9.025269746780395508e-01 1.863938903808593750e+02
9.063420295715332031e-01 -2.348650991916656494e-01 -3.512590527534484863e-01 -5.386308288574218750e+01 3.308075070381164551e-01 9.115967750549316406e-01 2.440427690744400024e-01 1.611396598815917969e+01 2.628893852233886719e-01 -3.373851478099822998e-01 9.039137363433837891e-01 1.884810943603515625e+02
9.086626768112182617e-01 -2.387360632419586182e-01 -3.425458669662475586e-01 -5.457017135620117188e+01 3.328978419303894043e-01 9.094247221946716309e-01 2.492487132549285889e-01 1.661580467224121094e+01 2.520148754119873047e-01 -3.405155837535858154e-01 9.058350920677185059e-01 1.904403686523437500e+02
9.112318158149719238e-01 -2.461841851472854614e-01 -3.302277922630310059e-01 -5.526800537109375000e+01 3.389260172843933105e-01 9.037414193153381348e-01 2.614953815937042236e-01 1.710851097106933594e+01 2.340643852949142456e-01 -3.502054810523986816e-01 9.069561362266540527e-01 1.923177337646484375e+02
9.086277484893798828e-01 -2.550650835037231445e-01 -3.306628763675689697e-01 -5.599032592773437500e+01 3.480386137962341309e-01 9.001096487045288086e-01 2.620516121387481689e-01 1.766806411743164062e+01 2.307925075292587280e-01 -3.531906008720397949e-01 9.066370129585266113e-01 1.944359588623046875e+02
9.064049124717712402e-01 -2.577438950538635254e-01 -3.346621096134185791e-01 -5.673724365234375000e+01 3.533499836921691895e-01 8.967688679695129395e-01 2.663618326187133789e-01 1.823278617858886719e+01 2.314613312482833862e-01 -3.596842885017395020e-01 9.039095044136047363e-01 1.965685272216796875e+02
9.023932814598083496e-01 -2.693122327327728271e-01 -3.363893628120422363e-01 -5.755950546264648438e+01 3.650363087654113770e-01 8.925890326499938965e-01 2.646366059780120850e-01 1.883386611938476562e+01 2.289874851703643799e-01 -3.616003990173339844e-01 9.037750959396362305e-01 1.988509063720703125e+02
8.998646736145019531e-01 -2.721837460994720459e-01 -3.408227264881134033e-01 -5.832264328002929688e+01 3.700611889362335205e-01 8.900280594825744629e-01 2.662779390811920166e-01 1.938205528259277344e+01 2.308651804924011230e-01 -3.657391369342803955e-01 9.016295075416564941e-01 2.008990173339843750e+02
8.987600803375244141e-01 -2.790017426013946533e-01 -3.382143378257751465e-01 -5.910964965820312500e+01 3.757592737674713135e-01 8.876307010650634766e-01 2.663005292415618896e-01 1.998373603820800781e+01 2.259109914302825928e-01 -3.664272427558898926e-01 9.026045203208923340e-01 2.030700988769531250e+02
8.955921530723571777e-01 -2.823826074600219727e-01 -3.437664210796356201e-01 -5.992867660522460938e+01 3.821210563182830811e-01 8.839773535728454590e-01 2.693820595741271973e-01 2.060119819641113281e+01 2.278128415346145630e-01 -3.726166486740112305e-01 8.995875120162963867e-01 2.052705383300781250e+02
8.948547840118408203e-01 -2.835221588611602783e-01 -3.447471559047698975e-01 -6.079738616943359375e+01 3.838123381137847900e-01 8.830456137657165527e-01 2.700327634811401367e-01 2.124864387512207031e+01 2.278671115636825562e-01 -3.739581406116485596e-01 8.990169167518615723e-01 2.076032714843750000e+02
8.916609883308410645e-01 -2.863841950893402100e-01 -3.506070375442504883e-01 -6.156381225585937500e+01 3.904426991939544678e-01 8.784630894660949707e-01 2.754202485084533691e-01 2.185845565795898438e+01 2.291192561388015747e-01 -3.824732601642608643e-01 8.951078653335571289e-01 2.097221221923828125e+02
8.930254578590393066e-01 -2.859408855438232422e-01 -3.474822640419006348e-01 -6.245037078857421875e+01 3.899764120578765869e-01 8.770593404769897461e-01 2.805076837539672852e-01 2.251354026794433594e+01 2.245538681745529175e-01 -3.860101997852325439e-01 8.947464227676391602e-01 2.120517272949218750e+02
8.944966793060302734e-01 -2.969333827495574951e-01 -3.342257440090179443e-01 -6.324038696289062500e+01 3.962948322296142578e-01 8.726640939712524414e-01 2.853192090988159180e-01 2.311768722534179688e+01 2.069459110498428345e-01 -3.876687884330749512e-01 8.982682824134826660e-01 2.141467132568359375e+02
8.933854103088378906e-01 -2.966190874576568604e-01 -3.374615311622619629e-01 -6.400289916992187500e+01 3.985174894332885742e-01 8.699992895126342773e-01 2.903176248073577881e-01 2.378062629699707031e+01 2.074774205684661865e-01 -3.938496410846710205e-01 8.954524993896484375e-01 2.162951049804687500e+02
8.940933346748352051e-01 -2.990393340587615967e-01 -3.334265053272247314e-01 -6.464581298828125000e+01 3.997533023357391357e-01 8.685357570648193359e-01 2.929885387420654297e-01 2.433753967285156250e+01 2.019775956869125366e-01 -3.952472507953643799e-01 8.960939049720764160e-01 2.180738220214843750e+02
8.955001235008239746e-01 -3.015486896038055420e-01 -3.273357450962066650e-01 -6.533866882324218750e+01 4.005863070487976074e-01 8.665925264358520508e-01 2.975690364837646484e-01 2.493574905395507812e+01 1.939350366592407227e-01 -3.975990712642669678e-01 8.968298435211181641e-01 2.199485015869140625e+02
8.930534720420837402e-01 -3.116897940635681152e-01 -3.245085775852203369e-01 -6.599688720703125000e+01 4.092341959476470947e-01 8.624495267868041992e-01 2.978380918502807617e-01 2.551116752624511719e+01 1.870390474796295166e-01 -3.987850844860076904e-01 8.977674841880798340e-01 2.218022766113281250e+02
8.905832171440124512e-01 -3.166386485099792480e-01 -3.265000581741333008e-01 -6.671173095703125000e+01 4.140389561653137207e-01 8.615205287933349609e-01 2.938595712184906006e-01 2.614092254638671875e+01 1.882390826940536499e-01 -3.968898952007293701e-01 8.983563184738159180e-01 2.238409576416015625e+02
8.888051509857177734e-01 -3.161008656024932861e-01 -3.318229615688323975e-01 -6.750994110107421875e+01 4.163910448551177979e-01 8.594452142715454102e-01 2.966002821922302246e-01 2.684081459045410156e+01 1.914279311895370483e-01 -4.017876982688903809e-01 8.955007791519165039e-01 2.260876159667968750e+02
8.861461281776428223e-01 -3.177196383476257324e-01 -3.373427391052246094e-01 -6.831970214843750000e+01 4.206309914588928223e-01 8.569532036781311035e-01 2.978256344795227051e-01 2.755194664001464844e+01 1.944617778062820435e-01 -4.058135449886322021e-01 8.930283784866333008e-01 2.283200531005859375e+02
