9.999307394027709961e-01 -4.796958528459072113e-03 -1.074825786054134369e-02 -3.023364022374153137e-02 4.833589307963848114e-03 9.999825954437255859e-01 3.384714014828205109e-03 -3.114459291100502014e-02 1.073183491826057434e-02 -3.436432220041751862e-03 9.999365210533142090e-01 1.946167230606079102e+00
9.997498393058776855e-01 -1.911304518580436707e-02 1.161741092801094055e-02 -4.348139837384223938e-02 1.903921365737915039e-02 9.997980594635009766e-01 6.432794500142335892e-03 -4.515442997217178345e-02 -1.173801533877849579e-02 -6.209999322891235352e-03 9.999118447303771973e-01 3.808542251586914062e+00
9.990458488464355469e-01 -2.946587279438972473e-02 3.223589435219764709e-02 3.275617584586143494e-02 2.907085046172142029e-02 9.994972944259643555e-01 1.265493780374526978e-02 -3.132817149162292480e-02 -3.259257599711418152e-02 -1.170573756098747253e-02 9.994001984596252441e-01 5.452210903167724609e+00
9.985280632972717285e-01 -3.337417915463447571e-02 4.275263473391532898e-02 9.740191698074340820e-02 3.258854150772094727e-02 9.992893934249877930e-01 1.894338615238666534e-02 -2.623010613024234772e-02 -4.335447400808334351e-02 -1.752225682139396667e-02 9.989060759544372559e-01 7.386212825775146484e+00
9.975960254669189453e-01 -3.935714811086654663e-02 5.703643336892127991e-02 1.969491243362426758e-01 3.819891437888145447e-02 9.990440607070922852e-01 2.125723287463188171e-02 -2.142871543765068054e-02 -5.781853944063186646e-02 -1.902740076184272766e-02 9.981457591056823730e-01 9.095991134643554688e+00
9.969924688339233398e-01 -4.881496727466583252e-02 6.019165366888046265e-02 2.721718251705169678e-01 4.765470325946807861e-02 9.986522197723388672e-01 2.056417800486087799e-02 -2.362507581710815430e-02 -6.111437454819679260e-02 -1.763391494750976562e-02 9.979749321937561035e-01 1.069844436645507812e+01
9.973422288894653320e-01 -5.396439880132675171e-02 4.895256459712982178e-02 3.374451994895935059e-01 5.276043713092803955e-02 9.982800483703613281e-01 2.556287124752998352e-02 -1.646297238767147064e-02 -5.024785920977592468e-02 -2.291216887533664703e-02 9.984739422798156738e-01 1.221577358245849609e+01
9.983469843864440918e-01 -5.242801085114479065e-02 2.354924753308296204e-02 3.636681735515594482e-01 5.172345414757728577e-02 9.982228875160217285e-01 2.959278039634227753e-02 -9.694205597043037415e-03 -2.505889907479286194e-02 -2.832580916583538055e-02 9.992845654487609863e-01 1.383841705322265625e+01
9.975982904434204102e-01 -5.517953634262084961e-02 4.186707735061645508e-02 4.517079889774322510e-01 5.393965169787406921e-02 9.980877637863159180e-01 3.018880449235439301e-02 3.190749883651733398e-02 -4.345282539725303650e-02 -2.785799838602542877e-02 9.986669421195983887e-01 1.533504772186279297e+01
9.933986067771911621e-01 -6.119294464588165283e-02 9.702815115451812744e-02 5.734541416168212891e-01 5.843850970268249512e-02 9.978101849555969238e-01 3.098279051482677460e-02 4.351420700550079346e-02 -9.871159493923187256e-02 -2.510807849466800690e-02 9.947991967201232910e-01 1.675062561035156250e+01
9.961309432983398438e-01 -6.425881385803222656e-02 5.994706228375434875e-02 6.581684350967407227e-01 6.236147880554199219e-02 9.975078701972961426e-01 3.300340846180915833e-02 5.888263881206512451e-02 -6.191842257976531982e-02 -2.913732826709747314e-02 9.976557493209838867e-01 1.831516456604003906e+01
9.959656000137329102e-01 -6.522884219884872437e-02 6.162299960851669312e-02 7.429499030113220215e-01 6.306263804435729980e-02 9.973431229591369629e-01 3.646861761808395386e-02 9.375573694705963135e-02 -6.383807957172393799e-02 -3.243538364768028259e-02 9.974329471588134766e-01 1.980372047424316406e+01
9.931363463401794434e-01 -6.939734518527984619e-02 9.414852410554885864e-02 8.697271347045898438e-01 6.599052995443344116e-02 9.970644116401672363e-01 3.883235156536102295e-02 1.253984421491622925e-01 -9.656700491905212402e-02 -3.235290944576263428e-02 9.948004484176635742e-01 2.114179611206054688e+01
9.886611700057983398e-01 -6.994759291410446167e-02 1.328766494989395142e-01 1.066944122314453125e+00 6.442362815141677856e-02 9.968879818916320801e-01 4.543129354715347290e-02 1.684283316135406494e-01 -1.356409490108489990e-01 -3.635575994849205017e-02 9.900907278060913086e-01 2.261081886291503906e+01
9.894114136695861816e-01 -7.299766689538955688e-02 1.254441142082214355e-01 1.244796991348266602e+00 6.866351515054702759e-02 9.968952536582946777e-01 3.853943571448326111e-02 2.021245658397674561e-01 -1.278679370880126953e-01 -2.951792627573013306e-02 9.913517832756042480e-01 2.406857681274414062e+01
9.929135441780090332e-01 -7.873496413230895996e-02 8.901286870241165161e-02 1.346375584602355957e+00 7.607439160346984863e-02 9.965592026710510254e-01 3.290247172117233276e-02 2.464242875576019287e-01 -9.129717946052551270e-02 -2.589770965278148651e-02 9.954867959022521973e-01 2.574708175659179688e+01
9.950567483901977539e-01 -8.417032659053802490e-02 5.269790440797805786e-02 1.432791352272033691e+00 8.270087838172912598e-02 9.961385130882263184e-01 2.947397530078887939e-02 2.706766426563262939e-01 -5.497526377439498901e-02 -2.497011795639991760e-02 9.981753826141357422e-01 2.747884178161621094e+01
9.926146268844604492e-01 -8.401415497064590454e-02 8.750656992197036743e-02 1.584943771362304688e+00 8.128926157951354980e-02 9.961017370223999023e-01 3.425707668066024780e-02 2.971054017543792725e-01 -9.004354476928710938e-02 -2.689073607325553894e-02 9.955746531486511230e-01 2.909198379516601562e+01
9.819830656051635742e-01 -8.899482339620590210e-02 1.666993498802185059e-01 1.904883384704589844e+00 8.310798555612564087e-02 9.956561326980590820e-01 4.197722673416137695e-02 3.350878655910491943e-01 -1.697110235691070557e-01 -2.736688591539859772e-02 9.851137399673461914e-01 3.060457038879394531e+01
9.862138032913208008e-01 -9.061866998672485352e-02 1.384559124708175659e-01 2.080972909927368164e+00 8.534137159585952759e-02 9.953974485397338867e-01 4.360028356313705444e-02 3.644858896732330322e-01 -1.417697072029113770e-01 -3.118319064378738403e-02 9.894083142280578613e-01 3.187277603149414062e+01
9.774282574653625488e-01 -9.338991343975067139e-02 1.895040869712829590e-01 2.354310989379882812e+00 8.476598560810089111e-02 9.949833750724792480e-01 5.313185974955558777e-02 4.186368286609649658e-01 -1.935154497623443604e-01 -3.586908802390098572e-02 9.804412126541137695e-01 3.315114974975585938e+01
9.565409421920776367e-01 -9.952221810817718506e-02 2.740879952907562256e-01 2.776680707931518555e+00 8.595921844244003296e-02 9.944242238998413086e-01 6.108897924423217773e-02 4.919961690902709961e-01 -2.786394953727722168e-01 -3.487372770905494690e-02 9.597622752189636230e-01 3.443192291259765625e+01
9.662787318229675293e-01 -1.017558351159095764e-01 2.365388125181198120e-01 3.073674440383911133e+00 9.019190818071365356e-02 9.941615462303161621e-01 5.923417210578918457e-02 5.626924633979797363e-01 -2.411852478981018066e-01 -3.590284287929534912e-02 9.698145985603332520e-01 3.575571441650390625e+01
9.783349633216857910e-01 -1.004773899912834167e-01 1.810096502304077148e-01 3.230136394500732422e+00 9.191124886274337769e-02 9.942402839660644531e-01 5.512766912579536438e-02 6.114900708198547363e-01 -1.855062246322631836e-01 -3.729651123285293579e-02 9.819348454475402832e-01 3.687361907958984375e+01
9.784991741180419922e-01 -1.019395068287849426e-01 1.792963892221450806e-01 3.481375455856323242e+00 9.276763349771499634e-02 9.939480423927307129e-01 5.883819237351417542e-02 6.657342910766601562e-01 -1.842092871665954590e-01 -4.094022512435913086e-02 9.820339083671569824e-01 3.831242752075195312e+01
9.874032139778137207e-01 -1.027179583907127380e-01 1.203477010130882263e-01 3.617268800735473633e+00 9.659932553768157959e-02 9.937676191329956055e-01 5.563257262110710144e-02 7.226339578628540039e-01 -1.253121793270111084e-01 -4.330627620220184326e-02 9.911715984344482422e-01 3.976050567626953125e+01
9.906559586524963379e-01 -1.076371446251869202e-01 8.375276625156402588e-02 3.746073722839355469e+00 1.038363203406333923e-01 9.934115409851074219e-01 4.849814996123313904e-02 7.807900905609130859e-01 -8.842124044895172119e-02 -3.934840857982635498e-02 9.953055381774902344e-01 4.134188079833984375e+01
9.892776608467102051e-01 -1.136395484209060669e-01 9.173462539911270142e-02 3.880603075027465820e+00 1.091076135635375977e-01 9.926159381866455078e-01 5.300757661461830139e-02 8.445318341255187988e-01 -9.708108007907867432e-02 -4.243026673793792725e-02 9.943714737892150879e-01 4.309465026855468750e+01
9.835569262504577637e-01 -1.287508904933929443e-01 1.266430169343948364e-01 4.096730232238769531e+00 1.220281794667243958e-01 9.907410144805908203e-01 5.951426178216934204e-02 9.144903421401977539e-01 -1.331330239772796631e-01 -4.308164492249488831e-02 9.901612401008605957e-01 4.491246795654296875e+01
9.812086224555969238e-01 -1.293867826461791992e-01 1.431370079517364502e-01 4.326663017272949219e+00 1.211878061294555664e-01 9.905240535736083984e-01 6.462435424327850342e-02 9.942827224731445312e-01 -1.501422524452209473e-01 -4.606351628899574280e-02 9.875905513763427734e-01 4.645854187011718750e+01
9.734387993812561035e-01 -1.360624134540557861e-01 1.841285377740859985e-01 4.608574390411376953e+00 1.234728619456291199e-01 9.892585277557373047e-01 7.824724167585372925e-02 1.074967503547668457e+00 -1.927972882986068726e-01 -5.343403294682502747e-02 9.797824621200561523e-01 4.798645019531250000e+01
9.660402536392211914e-01 -1.389779001474380493e-01 2.178321331739425659e-01 4.973881721496582031e+00 1.246861368417739868e-01 9.891176819801330566e-01 7.810411602258682251e-02 1.188027143478393555e+00 -2.263164073228836060e-01 -4.829108342528343201e-02 9.728558659553527832e-01 4.964486312866210938e+01
9.574348926544189453e-01 -1.510030031204223633e-01 2.459997981786727905e-01 5.422917366027832031e+00 1.343740671873092651e-01 9.874374866485595703e-01 8.313626796007156372e-02 1.295470237731933594e+00 -2.554632723331451416e-01 -4.654157906770706177e-02 9.656977057456970215e-01 5.126721954345703125e+01
9.527914524078369141e-01 -1.520508974790573120e-01 2.628083229064941406e-01 5.876286029815673828e+00 1.323481053113937378e-01 9.869972467422485352e-01 9.122070670127868652e-02 1.413252711296081543e+00 -2.732612788677215576e-01 -5.213213339447975159e-02 9.605259895324707031e-01 5.298235702514648438e+01
9.500480294227600098e-01 -1.600643843412399292e-01 2.679318189620971680e-01 6.290867328643798828e+00 1.401509940624237061e-01 9.858474731445312500e-01 9.199644625186920166e-02 1.542713522911071777e+00 -2.788652777671813965e-01 -4.985013604164123535e-02 9.590353965759277344e-01 5.449925994873046875e+01
9.479086399078369141e-01 -1.604976058006286621e-01 2.751528024673461914e-01 6.760872364044189453e+00 1.391356885433197021e-01 9.856479167938232422e-01 9.560540318489074707e-02 1.666631817817687988e+00 -2.865482270717620850e-01 -5.234161391854286194e-02 9.566348195075988770e-01 5.619873809814453125e+01
9.448958635330200195e-01 -1.654633730649948120e-01 2.824766933917999268e-01 7.275873184204101562e+00 1.433490663766860962e-01 9.848693609237670898e-01 9.738768637180328369e-02 1.818197727203369141e+00 -2.943167388439178467e-01 -5.152845382690429688e-02 9.543176293373107910e-01 5.794086456298828125e+01
9.430404305458068848e-01 -1.704122424125671387e-01 2.857162952423095703e-01 7.754787445068359375e+00 1.469516456127166748e-01 9.838917851448059082e-01 1.017993614077568054e-01 1.959133982658386230e+00 -2.984617650508880615e-01 -5.401443690061569214e-02 9.528917670249938965e-01 5.958347320556640625e+01
9.306241273880004883e-01 -1.755266636610031128e-01 3.211362361907958984e-01 8.331621170043945312e+00 1.488029807806015015e-01 9.831531643867492676e-01 1.061536744236946106e-01 2.118040800094604492e+00 -3.343588113784790039e-01 -5.100315064191818237e-02 9.410645961761474609e-01 6.126946640014648438e+01
9.053562283515930176e-01 -1.810979098081588745e-01 3.841001987457275391e-01 8.988881111145019531e+00 1.478034257888793945e-01 9.823353290557861328e-01 1.147720068693161011e-01 2.288906574249267578e+00 -3.981000185012817383e-01 -4.713824018836021423e-02 9.161299467086791992e-01 6.281371307373046875e+01
8.923063278198242188e-01 -1.831469982862472534e-01 4.126087129116058350e-01 9.741769790649414062e+00 1.470417231321334839e-01 9.820758700370788574e-01 1.179273426532745361e-01 2.475465297698974609e+00 -4.268109202384948730e-01 -4.455664381384849548e-02 9.032424688339233398e-01 6.439480590820312500e+01
8.702372312545776367e-01 -1.853695958852767944e-01 4.564259648323059082e-01 1.056045055389404297e+01 1.434579044580459595e-01 9.817078709602355957e-01 1.251818686723709106e-01 2.673229217529296875e+00 -4.712817072868347168e-01 -4.346003010869026184e-02 8.809112906455993652e-01 6.598770141601562500e+01
8.616168498992919922e-01 -1.864929199218750000e-01 4.720552861690521240e-01 1.144817638397216797e+01 1.408020555973052979e-01 9.813721179962158203e-01 1.307079344987869263e-01 2.898032426834106445e+00 -4.876378178596496582e-01 -4.615381360054016113e-02 8.718251585960388184e-01 6.765032196044921875e+01
8.470981717109680176e-01 -1.937391310930252075e-01 4.948629140853881836e-01 1.240321922302246094e+01 1.420949697494506836e-01 9.798493981361389160e-01 1.403754949569702148e-01 3.128361701965332031e+00 -5.120871067047119141e-01 -4.859429597854614258e-02 8.575577735900878906e-01 6.930095672607421875e+01
8.367218971252441406e-01 -2.040801942348480225e-01 5.081802606582641602e-01 1.343993282318115234e+01 1.515962779521942139e-01 9.780210256576538086e-01 1.431591063737869263e-01 3.381047248840332031e+00 -5.262266993522644043e-01 -4.274612292647361755e-02 8.492692112922668457e-01 7.103566741943359375e+01
8.323271274566650391e-01 -2.076558470726013184e-01 5.139163136482238770e-01 1.447571182250976562e+01 1.527471095323562622e-01 9.772015213966369629e-01 1.474673449993133545e-01 3.649368524551391602e+00 -5.328221321105957031e-01 -4.424183443188667297e-02 8.450699448585510254e-01 7.274807739257812500e+01
8.310534358024597168e-01 -2.189725339412689209e-01 5.112735033035278320e-01 1.565818119049072266e+01 1.629607379436492920e-01 9.747616052627563477e-01 1.525930166244506836e-01 3.944011211395263672e+00 -5.317833423614501953e-01 -4.349543899297714233e-02 8.457627296447753906e-01 7.468907928466796875e+01
8.300184607505798340e-01 -2.251120656728744507e-01 5.102874636650085449e-01 1.692613983154296875e+01 1.656980812549591064e-01 9.731470346450805664e-01 1.597814708948135376e-01 4.253725528717041016e+00 -5.325533151626586914e-01 -4.806790873408317566e-02 8.450304269790649414e-01 7.677256011962890625e+01
8.278013467788696289e-01 -2.280588150024414062e-01 5.125752687454223633e-01 1.816639518737792969e+01 1.691467314958572388e-01 9.725895524024963379e-01 1.595620065927505493e-01 4.582622051239013672e+00 -5.349146723747253418e-01 -4.538520798087120056e-02 8.436862230300903320e-01 7.877581024169921875e+01
8.274809718132019043e-01 -2.358736842870712280e-01 5.095470547676086426e-01 1.943692970275878906e+01 1.756255030632019043e-01 9.706796407699584961e-01 1.641277670860290527e-01 4.937377452850341797e+00 -5.333201289176940918e-01 -4.632312804460525513e-02 8.446441888809204102e-01 8.085646057128906250e+01
8.271413445472717285e-01 -2.389857918024063110e-01 5.086475610733032227e-01 2.062562370300292969e+01 1.794330179691314697e-01 9.700100421905517578e-01 1.639680266380310059e-01 5.292181015014648438e+00 -5.325790643692016602e-01 -4.435655102133750916e-02 8.452171683311462402e-01 8.283400726318359375e+01
8.215501904487609863e-01 -2.453724443912506104e-01 5.146329998970031738e-01 2.187391281127929688e+01 1.858404576778411865e-01 9.686022996902465820e-01 1.651484966278076172e-01 5.658925056457519531e+00 -5.389974117279052734e-01 -4.003814235329627991e-02 8.413553833961486816e-01 8.490195465087890625e+01
8.194549083709716797e-01 -2.411724627017974854e-01 5.199316740036010742e-01 2.305879020690917969e+01 1.796011179685592651e-01 9.695216417312622070e-01 1.666502207517623901e-01 6.002374172210693359e+00 -5.442762970924377441e-01 -4.318201169371604919e-02 8.377939462661743164e-01 8.683898162841796875e+01
8.175229430198669434e-01 -2.476843893527984619e-01 5.199116468429565430e-01 2.438192367553710938e+01 1.838045120239257812e-01 9.677920341491699219e-01 1.720338016748428345e-01 6.401409149169921875e+00 -5.457763075828552246e-01 -4.507944732904434204e-02 8.367174863815307617e-01 8.893865203857421875e+01
8.193718791007995605e-01 -2.491488009691238403e-01 5.162886977195739746e-01 2.557878303527832031e+01 1.854164898395538330e-01 9.673882126808166504e-01 1.725746542215347290e-01 6.753158092498779297e+00 -5.424482822418212891e-01 -4.567435011267662048e-02 8.388467431068420410e-01 9.083996582031250000e+01
8.151331543922424316e-01 -2.562462985515594482e-01 5.195143222808837891e-01 2.684032821655273438e+01 1.919955164194107056e-01 9.656575322151184082e-01 1.750558614730834961e-01 7.151578426361083984e+00 -5.465302467346191406e-01 -4.294939339160919189e-02 8.363373279571533203e-01 9.285821533203125000e+01
8.138265609741210938e-01 -2.615300118923187256e-01 5.189293622970581055e-01 2.813410377502441406e+01 1.972815096378326416e-01 9.643099904060363770e-01 1.765998303890228271e-01 7.545565605163574219e+00 -5.465947985649108887e-01 -4.134646058082580566e-02 8.363758921623229980e-01 9.489623260498046875e+01
8.094120025634765625e-01 -2.714628875255584717e-01 5.207297801971435547e-01 2.936593818664550781e+01 2.061820328235626221e-01 9.616587758064270020e-01 1.808388978242874146e-01 7.940667629241943359e+00 -5.498552322387695312e-01 -3.900804743170738220e-02 8.343486785888671875e-01 9.686500549316406250e+01
8.039855957031250000e-01 -2.756554186344146729e-01 5.268971920013427734e-01 3.057221603393554688e+01 2.074774652719497681e-01 9.604196548461914062e-01 1.858725994825363159e-01 8.319678306579589844e+00 -5.572790503501892090e-01 -4.011958837509155273e-02 8.293555378913879395e-01 9.879167175292968750e+01
8.030920624732971191e-01 -2.730021774768829346e-01 5.296341776847839355e-01 3.184078216552734375e+01 2.070668190717697144e-01 9.613354802131652832e-01 1.815455555915832520e-01 8.721966743469238281e+00 -5.587183237075805664e-01 -3.612810745835304260e-02 8.285702466964721680e-01 1.007570114135742188e+02
7.991458773612976074e-01 -2.791317105293273926e-01 5.324009060859680176e-01 3.303205108642578125e+01 2.138423323631286621e-01 9.597285389900207520e-01 1.821920871734619141e-01 9.088822364807128906e+00 -5.618158578872680664e-01 -3.174818307161331177e-02 8.266529440879821777e-01 1.026106719970703125e+02
7.965261936187744141e-01 -2.841307520866394043e-01 5.336806178092956543e-01 3.435895538330078125e+01 2.189322561025619507e-01 9.583387374877929688e-01 1.834580600261688232e-01 9.541580200195312500e+00 -5.635728240013122559e-01 -2.928923815488815308e-02 8.255470395088195801e-01 1.046914825439453125e+02
7.944258451461791992e-01 -2.931375503540039062e-01 5.319371819496154785e-01 3.560734939575195312e+01 2.296348512172698975e-01 9.557739496231079102e-01 1.837532520294189453e-01 9.912875175476074219e+00 -5.622766613960266113e-01 -2.382701076567173004e-02 8.266059160232543945e-01 1.065755081176757812e+02
7.929374575614929199e-01 -2.993464171886444092e-01 5.306986570358276367e-01 3.697423171997070312e+01 2.344742864370346069e-01 9.538334012031555176e-01 1.876828372478485107e-01 1.034807586669921875e+01 -5.623803138732910156e-01 -2.438554726541042328e-02 8.265191316604614258e-01 1.086863632202148438e+02
7.914109230041503906e-01 -3.014694154262542725e-01 5.317745804786682129e-01 3.837037277221679688e+01 2.387234568595886230e-01 9.532754421234130859e-01 1.851440370082855225e-01 1.080923080444335938e+01 -5.627428889274597168e-01 -1.957792788743972778e-02 8.264001607894897461e-01 1.108116226196289062e+02
7.943930029869079590e-01 -3.067310154438018799e-01 5.242662429809570312e-01 3.956871032714843750e+01 2.475873380899429321e-01 9.516864418983459473e-01 1.816442459821701050e-01 1.116682815551757812e+01 -5.546529889106750488e-01 -1.449522189795970917e-02 8.319555521011352539e-01 1.126516113281250000e+02
7.926045060157775879e-01 -3.148733377456665039e-01 5.221418738365173340e-01 4.074116134643554688e+01 2.540676295757293701e-01 9.490116238594055176e-01 1.866220533847808838e-01 1.153560543060302734e+01 -5.542809963226318359e-01 -1.525812782347202301e-02 8.321897983551025391e-01 1.145096130371093750e+02
7.939397692680358887e-01 -3.152659535408020020e-01 5.198713541030883789e-01 4.204008483886718750e+01 2.555387318134307861e-01 9.488980770111083984e-01 1.851856857538223267e-01 1.196616363525390625e+01 -5.516876578330993652e-01 -1.417898572981357574e-02 8.339303135871887207e-01 1.165577239990234375e+02
7.932949662208557129e-01 -3.163393139839172363e-01 5.202035903930664062e-01 4.317438125610351562e+01 2.567188143730163574e-01 9.485510587692260742e-01 1.853314787149429321e-01 1.234103012084960938e+01 -5.520672798156738281e-01 -1.347644347697496414e-02 8.336906433105468750e-01 1.184384231567382812e+02
7.888193130493164062e-01 -3.169277906417846680e-01 5.266118645668029785e-01 4.431880569458007812e+01 2.528058588504791260e-01 9.482731819152832031e-01 1.920120120048522949e-01 1.271394062042236328e+01 -5.602259039878845215e-01 -1.833218336105346680e-02 8.281369805335998535e-01 1.202665405273437500e+02
7.893395423889160156e-01 -3.181424736976623535e-01 5.250977873802185059e-01 4.546288681030273438e+01 2.536232173442840576e-01 9.478495121002197266e-01 1.930233985185623169e-01 1.310621356964111328e+01 -5.591226816177368164e-01 -1.918395794928073883e-02 8.288629055023193359e-01 1.220351715087890625e+02
7.935577034950256348e-01 -3.227223455905914307e-01 5.158641338348388672e-01 4.670333099365234375e+01 2.558676004409790039e-01 9.461541175842285156e-01 1.983065009117126465e-01 1.350921154022216797e+01 -5.520849823951721191e-01 -2.537464722990989685e-02 8.334015607833862305e-01 1.240120925903320312e+02
7.936933636665344238e-01 -3.288106620311737061e-01 5.117945671081542969e-01 4.791609954833984375e+01 2.623385190963745117e-01 9.440852403640747070e-01 1.997066587209701538e-01 1.393367958068847656e+01 -5.488435029983520508e-01 -2.424233593046665192e-02 8.355733752250671387e-01 1.259759826660156250e+02
7.929987311363220215e-01 -3.317610323429107666e-01 5.109666585922241211e-01 4.899554443359375000e+01 2.650510370731353760e-01 9.430603981018066406e-01 2.009630799293518066e-01 1.431795024871826172e+01 -5.485442280769348145e-01 -2.393112145364284515e-02 8.357788324356079102e-01 1.277447586059570312e+02
7.898061275482177734e-01 -3.362344205379486084e-01 5.129833817481994629e-01 5.023500442504882812e+01 2.711141705513000488e-01 9.415934085845947266e-01 1.997498720884323120e-01 1.475525760650634766e+01 -5.501847267150878906e-01 -1.868649572134017944e-02 8.348337411880493164e-01 1.297743072509765625e+02
7.930031418800354004e-01 -3.379585444927215576e-01 5.068819522857666016e-01 5.137432098388671875e+01 2.731265127658843994e-01 9.409444928169250488e-01 2.000661045312881470e-01 1.516720199584960938e+01 -5.445620417594909668e-01 -2.021001093089580536e-02 8.384769558906555176e-01 1.315982971191406250e+02
7.902835607528686523e-01 -3.448562622070312500e-01 5.064833164215087891e-01 5.241617584228515625e+01 2.780742347240447998e-01 9.384161829948425293e-01 2.050631344318389893e-01 1.555056858062744141e+01 -5.460096597671508789e-01 -2.121791616082191467e-02 8.375100493431091309e-01 1.332989349365234375e+02
7.894995808601379395e-01 -3.480343520641326904e-01 5.055312514305114746e-01 5.348445510864257812e+01 2.827725708484649658e-01 9.373122453689575195e-01 2.036826014518737793e-01 1.597150802612304688e+01 -5.447294116020202637e-01 -1.785679906606674194e-02 8.384216427803039551e-01 1.350512847900390625e+02
7.909774184226989746e-01 -3.526392877101898193e-01 4.999996423721313477e-01 5.457141876220703125e+01 2.853761911392211914e-01 9.354987740516662598e-01 2.083349823951721191e-01 1.640205383300781250e+01 -5.412164330482482910e-01 -2.210009098052978516e-02 8.405927419662475586e-01 1.368703460693359375e+02
7.938195466995239258e-01 -3.543468117713928223e-01 4.942553043365478516e-01 5.574039077758789062e+01 2.883328795433044434e-01 9.348575472831726074e-01 2.071387767791748047e-01 1.684866142272949219e+01 -5.354575514793395996e-01 -2.192055433988571167e-02 8.442774415016174316e-01 1.387891998291015625e+02
7.931980490684509277e-01 -3.602210283279418945e-01 4.909960329532623291e-01 5.680606460571289062e+01 2.950129210948944092e-01 9.326559305191040039e-01 2.076564729213714600e-01 1.726201057434082031e+01 -5.327329039573669434e-01 -1.986232213675975800e-02 8.460500836372375488e-01 1.405774993896484375e+02
7.942693233489990234e-01 -3.596651554107666016e-01 4.896699488162994385e-01 5.780181121826171875e+01 2.953764796257019043e-01 9.328872561454772949e-01 2.060948908329010010e-01 1.764097404479980469e+01 -5.309322476387023926e-01 -1.905765756964683533e-02 8.471996784210205078e-01 1.423261566162109375e+02
7.929691672325134277e-01 -3.636331558227539062e-01 4.888458549976348877e-01 5.883583831787109375e+01 2.980976402759552002e-01 9.313240051269531250e-01 2.092233002185821533e-01 1.803756141662597656e+01 -5.313546657562255859e-01 -2.018362656235694885e-02 8.469087481498718262e-01 1.441188964843750000e+02
7.887032032012939453e-01 -3.694652616977691650e-01 4.913675785064697266e-01 5.988875961303710938e+01 3.014695048332214355e-01 9.290042519569396973e-01 2.146350890398025513e-01 1.845703697204589844e+01 -5.357830524444580078e-01 -2.115083485841751099e-02 8.440904617309570312e-01 1.459503021240234375e+02
7.770696878433227539e-01 -3.772652745246887207e-01 5.038185119628906250e-01 6.089328002929687500e+01 3.055271506309509277e-01 9.259176850318908691e-01 2.221049070358276367e-01 1.884381675720214844e+01 -5.502871870994567871e-01 -1.866054721176624298e-02 8.347666263580322266e-01 1.476630249023437500e+02
7.751787900924682617e-01 -3.781478404998779297e-01 5.060647130012512207e-01 6.191525268554687500e+01 3.052157461643218994e-01 9.255458116531372070e-01 2.240744978189468384e-01 1.925860023498535156e+01 -5.531196594238281250e-01 -1.923866197466850281e-02 8.328793644905090332e-01 1.493862304687500000e+02
7.720016241073608398e-01 -3.771749436855316162e-01 5.116170644760131836e-01 6.305157470703125000e+01 3.035417199134826660e-01 9.259655475616455078e-01 2.246135473251342773e-01 1.972600173950195312e+01 -5.584586858749389648e-01 -1.810467056930065155e-02 8.293344974517822266e-01 1.512265319824218750e+02
7.691668868064880371e-01 -3.808827400207519531e-01 5.131374001502990723e-01 6.419297790527343750e+01 3.054107427597045898e-01 9.244298338890075684e-01 2.283741533756256104e-01 2.018199539184570312e+01 -5.613436102867126465e-01 -1.893995888531208038e-02 8.273658156394958496e-01 1.530244293212890625e+02
7.639448642730712891e-01 -3.856425583362579346e-01 5.173658728599548340e-01 6.532444000244140625e+01 3.095367848873138428e-01 9.225100278854370117e-01 2.305715233087539673e-01 2.065703773498535156e+01 -5.661936998367309570e-01 -1.599996164441108704e-02 8.241166472434997559e-01 1.548413696289062500e+02
7.599040865898132324e-01 -3.837261497974395752e-01 5.246897935867309570e-01 6.648140716552734375e+01 3.076793551445007324e-01 9.233545064926147461e-01 2.296752780675888062e-01 2.112690734863281250e+01 -5.726074576377868652e-01 -1.309478096663951874e-02 8.197249174118041992e-01 1.566484527587890625e+02
7.545087933540344238e-01 -3.858916163444519043e-01 5.308517217636108398e-01 6.772596740722656250e+01 3.089622855186462402e-01 9.224834442138671875e-01 2.314463555812835693e-01 2.159755134582519531e+01 -5.790155529975891113e-01 -1.061495393514633179e-02 8.152472376823425293e-01 1.585562744140625000e+02
7.465010285377502441e-01 -3.932680189609527588e-01 5.367270708084106445e-01 6.887368011474609375e+01 3.176894187927246094e-01 9.194207787513732910e-01 2.318182736635208130e-01 2.206196022033691406e+01 -5.846450924873352051e-01 -2.539868699386715889e-03 8.112850785255432129e-01 1.602623901367187500e+02
7.363306283950805664e-01 -3.988059461116790771e-01 5.465989708900451660e-01 7.008758544921875000e+01 3.205291628837585449e-01 9.170356392860412598e-01 2.372922003269195557e-01 2.254483795166015625e+01 -5.958846211433410645e-01 4.755919217132031918e-04 8.030698299407958984e-01 1.620422210693359375e+02
7.304760813713073730e-01 -3.990250229835510254e-01 5.542410612106323242e-01 7.140196990966796875e+01 3.206263780593872070e-01 9.169310331344604492e-01 2.375651895999908447e-01 2.305471420288085938e+01 -6.029955744743347168e-01 4.168777260929346085e-03 7.977336049079895020e-01 1.638726501464843750e+02
7.266097068786621094e-01 -4.035654366016387939e-01 5.560330152511596680e-01 7.266448211669921875e+01 3.243918418884277344e-01 9.149323105812072754e-01 2.401451915502548218e-01 2.356989479064941406e+01 -6.056472063064575195e-01 5.880922079086303711e-03 7.957115173339843750e-01 1.656498565673828125e+02
7.215353250503540039e-01 -4.093859493732452393e-01 5.583810210227966309e-01 7.383288574218750000e+01 3.261862993240356445e-01 9.123545289039611816e-01 2.474118173122406006e-01 2.403227615356445312e+01 -6.107286810874938965e-01 3.620055504143238068e-03 7.918316721916198730e-01 1.672711944580078125e+02
7.257176637649536133e-01 -4.103613793849945068e-01 5.522109270095825195e-01 7.489862823486328125e+01 3.283377289772033691e-01 9.119194746017456055e-01 2.461666613817214966e-01 2.446439933776855469e+01 -6.045894622802734375e-01 2.664368133991956711e-03 7.965327501296997070e-01 1.688121185302734375e+02
7.268546819686889648e-01 -4.134292304515838623e-01 5.484141111373901367e-01 7.607862091064453125e+01 3.305476307868957520e-01 9.105362296104431152e-01 2.483199089765548706e-01 2.495165443420410156e+01 -6.020138859748840332e-01 7.846700027585029602e-04 7.984851598739624023e-01 1.705404052734375000e+02
7.251092791557312012e-01 -4.122285246849060059e-01 5.516192317008972168e-01 7.728154754638671875e+01 3.289707601070404053e-01 9.110798835754394531e-01 2.484201043844223022e-01 2.545244598388671875e+01 -6.049752235412597656e-01 1.335060223937034607e-03 7.962431311607360840e-01 1.722888641357421875e+02
7.191444635391235352e-01 -4.151016771793365479e-01 5.572444200515747070e-01 7.836398315429687500e+01 3.299930095672607422e-01 9.097712039947509766e-01 2.518370449542999268e-01 2.590272521972656250e+01 -6.115031242370605469e-01 2.779737347736954689e-03 7.912371158599853516e-01 1.738430328369140625e+02
7.187352180480957031e-01 -4.217731058597564697e-01 5.527446269989013672e-01 7.943901062011718750e+01 3.353922069072723389e-01 9.067004323005676270e-01 2.557484507560729980e-01 2.634493827819824219e+01 -6.090418100357055664e-01 1.571038737893104553e-03 7.931365370750427246e-01 1.753506622314453125e+02
7.159262895584106445e-01 -4.255061447620391846e-01 5.535283088684082031e-01 8.055421447753906250e+01 3.382356166839599609e-01 9.049528241157531738e-01 2.581820785999298096e-01 2.683295631408691406e+01 -6.107752919197082520e-01 2.383885439485311508e-03 7.918003201484680176e-01 1.768898773193359375e+02
7.109002470970153809e-01 -4.302525520324707031e-01 5.563300251960754395e-01 8.163099670410156250e+01 3.406675159931182861e-01 9.027050137519836426e-01 2.628121972084045410e-01 2.729568099975585938e+01 -6.152777671813964844e-01 2.690569497644901276e-03 7.883056998252868652e-01 1.783450012207031250e+02
7.066724300384521484e-01 -4.371407926082611084e-01 5.563464760780334473e-01 8.285947418212890625e+01 3.501183986663818359e-01 8.993412852287292480e-01 2.619222700595855713e-01 2.784679222106933594e+01 -6.148425936698913574e-01 9.694112464785575867e-03 7.885901927947998047e-01 1.800865325927734375e+02
7.064047455787658691e-01 -4.391514956951141357e-01 5.551013946533203125e-01 8.392379760742187500e+01 3.557973802089691162e-01 8.982824683189392090e-01 2.578715980052947998e-01 2.831828498840332031e+01 -6.118829250335693359e-01 1.534209772944450378e-02 7.907994985580444336e-01 1.815740356445312500e+02
7.036230564117431641e-01 -4.408458173274993896e-01 5.572870969772338867e-01 8.507007598876953125e+01 3.563156425952911377e-01 8.974478840827941895e-01 2.600526511669158936e-01 2.879301643371582031e+01 -6.147795915603637695e-01 1.559125259518623352e-02 7.885447740554809570e-01 1.831648101806640625e+02
6.954043507575988770e-01 -4.473669528961181641e-01 5.623832345008850098e-01 8.633870697021484375e+01 3.579958379268646240e-01 8.942334651947021484e-01 2.686751782894134521e-01 2.935635757446289062e+01 -6.230986714363098145e-01 1.449313946068286896e-02 7.820088863372802734e-01 1.849192047119140625e+02
6.936716437339782715e-01 -4.571225941181182861e-01 5.566488504409790039e-01 8.771789550781250000e+01 3.671901822090148926e-01 8.892737030982971191e-01 2.726987600326538086e-01 2.996140289306640625e+01 -6.196702718734741211e-01 1.523277349770069122e-02 7.847143411636352539e-01 1.868117828369140625e+02
6.916302442550659180e-01 -4.583505988121032715e-01 5.581771135330200195e-01 8.887619018554687500e+01 3.684906959533691406e-01 8.886131048202514648e-01 2.730975151062011719e-01 3.048755073547363281e+01 -6.211783289909362793e-01 1.680075004696846008e-02 7.834890484809875488e-01 1.884226074218750000e+02
6.853538155555725098e-01 -4.646804034709930420e-01 5.606795549392700195e-01 9.015646362304687500e+01 3.698281049728393555e-01 8.853635787963867188e-01 2.817077338695526123e-01 3.107888984680175781e+01 -6.273097991943359375e-01 1.428577303886413574e-02 7.786386609077453613e-01 1.902046508789062500e+02
6.789261698722839355e-01 -4.697359800338745117e-01 5.642753243446350098e-01 9.151117706298828125e+01 3.742475807666778564e-01 8.826227188110351562e-01 2.844585180282592773e-01 3.170609283447265625e+01 -6.316630840301513672e-01 1.805252954363822937e-02 7.750326991081237793e-01 1.920495452880859375e+02
6.797031164169311523e-01 -4.750500023365020752e-01 5.588653087615966797e-01 9.289083862304687500e+01 3.780817091464996338e-01 8.798223733901977539e-01 2.880409061908721924e-01 3.232042312622070312e+01 -6.285365223884582520e-01 1.551460288465023041e-02 7.776252031326293945e-01 1.938981170654296875e+02
6.731976866722106934e-01 -4.891234636306762695e-01 5.545830726623535156e-01 9.415930175781250000e+01 3.912087082862854004e-01 8.720100522041320801e-01 2.942022383213043213e-01 3.291411209106445312e+01 -6.275037527084350586e-01 1.890163496136665344e-02 7.783839702606201172e-01 1.956100769042968750e+02
6.649732589721679688e-01 -4.979758560657501221e-01 5.566236972808837891e-01 9.555458068847656250e+01 3.990504741668701172e-01 8.668748736381530762e-01 2.988098859786987305e-01 3.360013198852539062e+01 -6.313236951828002930e-01 2.342054806649684906e-02 7.751655578613281250e-01 1.975342559814453125e+02
6.598505973815917969e-01 -4.993548393249511719e-01 5.614635944366455078e-01 9.696913146972656250e+01 3.998870849609375000e-01 8.659952878952026367e-01 3.002385795116424561e-01 3.432866287231445312e+01 -6.361508369445800781e-01 2.640960738062858582e-02 7.711125016212463379e-01 1.994647521972656250e+02
6.538367271423339844e-01 -5.026122927665710449e-01 5.655775070190429688e-01 9.821036529541015625e+01 4.034502506256103516e-01 8.639511466026306152e-01 3.013586699962615967e-01 3.495243072509765625e+01 -6.400982737541198730e-01 3.114321082830429077e-02 7.676615118980407715e-01 2.011217956542968750e+02
6.527004241943359375e-01 -5.086625218391418457e-01 5.614659786224365234e-01 9.947142028808593750e+01 4.112601578235626221e-01 8.602845668792724609e-01 3.012909889221191406e-01 3.556437301635742188e+01 -6.362763047218322754e-01 3.425600379705429077e-02 7.707002758979797363e-01 2.027817840576171875e+02
6.502342820167541504e-01 -5.126978754997253418e-01 5.606565475463867188e-01 1.007534408569335938e+02 4.146189391613006592e-01 8.578541278839111328e-01 3.036087453365325928e-01 3.620488739013671875e+01 -6.366213560104370117e-01 3.504219651222229004e-02 7.703799009323120117e-01 2.045190734863281250e+02
6.459307670593261719e-01 -5.154359340667724609e-01 5.631151795387268066e-01 1.020211715698242188e+02 4.168671667575836182e-01 8.561099767684936523e-01 3.054476082324981689e-01 3.685357666015625000e+01 -6.395275592803955078e-01 3.744644299149513245e-02 7.678555846214294434e-01 2.062120056152343750e+02
6.409250497817993164e-01 -5.224702954292297363e-01 5.623516440391540527e-01 1.033602676391601562e+02 4.207235276699066162e-01 8.518694639205932617e-01 3.119469285011291504e-01 3.749610900878906250e+01 -6.420335173606872559e-01 3.666017204523086548e-02 7.657995223999023438e-01 2.079929351806640625e+02
6.379758119583129883e-01 -5.279887318611145020e-01 5.605481863021850586e-01 1.045837478637695312e+02 4.289804697036743164e-01 8.482003808021545410e-01 3.106970787048339844e-01 3.812938308715820312e+01 -6.395019888877868652e-01 4.224720597267150879e-02 7.676277160644531250e-01 2.096170043945312500e+02
6.347866654396057129e-01 -5.264499783515930176e-01 5.655933618545532227e-01 1.058739547729492188e+02 4.271389544010162354e-01 8.490551710128784180e-01 3.108993470668792725e-01 3.879977798461914062e+01 -6.438931226730346680e-01 4.423240944743156433e-02 7.638357877731323242e-01 2.113263244628906250e+02
6.322814822196960449e-01 -5.334533452987670898e-01 5.618247389793395996e-01 1.071869125366210938e+02 4.323207736015319824e-01 8.447163105010986328e-01 3.155217468738555908e-01 3.948260879516601562e+01 -6.428989171981811523e-01 4.339013248682022095e-02 7.647210359573364258e-01 2.130732421875000000e+02
6.272317767143249512e-01 -5.380811095237731934e-01 5.630705952644348145e-01 1.085125274658203125e+02 4.343294501304626465e-01 8.417717814445495605e-01 3.205918073654174805e-01 4.014583587646484375e+01 -6.464815735816955566e-01 4.347294941544532776e-02 7.616900205612182617e-01 2.148426971435546875e+02
6.223104000091552734e-01 -5.409134626388549805e-01 5.658107995986938477e-01 1.098239517211914062e+02 4.389450550079345703e-01 8.396340012550354004e-01 3.199106752872467041e-01 4.082897567749023438e+01 -6.481182575225830078e-01 4.927628859877586365e-02 7.599438428878784180e-01 2.165669860839843750e+02
6.184477806091308594e-01 -5.460848212242126465e-01 5.650780797004699707e-01 1.111745529174804688e+02 4.435685276985168457e-01 8.361679911613464355e-01 3.226002156734466553e-01 4.154950332641601562e+01 -6.486675143241882324e-01 5.113964527845382690e-02 7.593518495559692383e-01 2.183399505615234375e+02
6.195289492607116699e-01 -5.510495305061340332e-01 5.590419173240661621e-01 1.123215255737304688e+02 4.486717283725738525e-01 8.329616189002990723e-01 3.238354623317718506e-01 4.216276168823242188e+01 -6.441100239753723145e-01 5.020103976130485535e-02 7.632837891578674316e-01 2.198655548095703125e+02
6.205909252166748047e-01 -5.529181361198425293e-01 5.560107827186584473e-01 1.135458831787109375e+02 4.541215598583221436e-01 8.314902186393737793e-01 3.199973702430725098e-01 4.280414962768554688e+01 -6.392500996589660645e-01 5.390920490026473999e-02 7.671069502830505371e-01 2.214907226562500000e+02
6.111323833465576172e-01 -5.604929327964782715e-01 5.588957071304321289e-01 1.148545684814453125e+02 4.584480822086334229e-01 8.262510299682617188e-01 3.273152112960815430e-01 4.352251052856445312e+01 -6.452462673187255859e-01 5.619195848703384399e-02 7.619053125381469727e-01 2.232631225585937500e+02
6.100422739982604980e-01 -5.618258118629455566e-01 5.587483644485473633e-01 1.160652770996093750e+02 4.618057012557983398e-01 8.251140713691711426e-01 3.254579007625579834e-01 4.418617630004882812e+01 -6.438820362091064453e-01 5.949030071496963501e-02 7.628085017204284668e-01 2.249088287353515625e+02
5.980715751647949219e-01 -5.652645826339721680e-01 5.681424140930175781e-01 1.173064880371093750e+02 4.610102474689483643e-01 8.225216269493103027e-01 3.330589830875396729e-01 4.485528945922851562e+01 -6.555761694908142090e-01 6.272657960653305054e-02 7.525192499160766602e-01 2.265547637939453125e+02
5.911867618560791016e-01 -5.613626241683959961e-01 5.791110396385192871e-01 1.185090637207031250e+02 4.534364938735961914e-01 8.251392841339111328e-01 3.369585275650024414e-01 4.552211761474609375e+01 -6.670035719871520996e-01 6.338489055633544922e-02 7.423533797264099121e-01 2.280883178710937500e+02
