9.999692440032958984e-01 -2.197282155975699425e-03 -7.529705297201871872e-03 -2.597307227551937103e-02 2.210563747212290764e-03 9.999960064888000488e-01 1.757344463840126991e-03 -5.311564356088638306e-02 7.525817025452852249e-03 -1.773923169821500778e-03 9.999701380729675293e-01 2.552729845046997070e+00
9.998500347137451172e-01 -3.721128683537244797e-03 -1.691574603319168091e-02 -6.278054416179656982e-02 3.764634253457188606e-03 9.999896883964538574e-01 2.541475696489214897e-03 -9.530919790267944336e-02 1.690611802041530609e-02 -2.604760462418198586e-03 9.998537302017211914e-01 5.018586635589599609e+00
9.997957944869995117e-01 -3.677767701447010040e-03 -1.987058669328689575e-02 -1.111552119255065918e-01 3.721308894455432892e-03 9.999907612800598145e-01 2.155613852664828300e-03 -1.318248063325881958e-01 1.986248046159744263e-02 -2.229102188721299171e-03 9.998002648353576660e-01 7.566295623779296875e+00
9.996585845947265625e-01 -4.975071642547845840e-03 -2.565159276127815247e-02 -1.716323643922805786e-01 5.021089687943458557e-03 9.999858736991882324e-01 1.730580464936792850e-03 -1.662383973598480225e-01 2.564262226223945618e-02 -1.858771778643131256e-03 9.996694922447204590e-01 9.989912986755371094e+00
9.995459914207458496e-01 -4.275489132851362228e-03 -2.982570976018905640e-02 -2.425640821456909180e-01 4.346386995166540146e-03 9.999879002571105957e-01 2.313335658982396126e-03 -2.022739350795745850e-01 2.981545589864253998e-02 -2.441904507577419281e-03 9.995524883270263672e-01 1.251990127563476562e+01
9.994747638702392578e-01 -5.383934359997510910e-03 -3.195869550108909607e-02 -3.196516036987304688e-01 5.515322554856538773e-03 9.999766945838928223e-01 4.025381524115800858e-03 -2.423230409622192383e-01 3.193628042936325073e-02 -4.199509043246507645e-03 9.994811415672302246e-01 1.512431144714355469e+01
9.992553591728210449e-01 -8.368983864784240723e-03 -3.766668587923049927e-02 -4.199227690696716309e-01 8.517456240952014923e-03 9.999565482139587402e-01 3.783763386309146881e-03 -2.864455282688140869e-01 3.763338178396224976e-02 -4.101763013750314713e-03 9.992832541465759277e-01 1.778473091125488281e+01
9.992857575416564941e-01 -8.781030774116516113e-03 -3.676912561058998108e-02 -5.171769857406616211e-01 8.929274044930934906e-03 9.999527335166931152e-01 3.867895109578967094e-03 -3.290752470493316650e-01 3.673345595598220825e-02 -4.193813540041446686e-03 9.993167519569396973e-01 2.034035491943359375e+01
9.992201328277587891e-01 -1.007495168596506119e-02 -3.819233551621437073e-02 -6.279687285423278809e-01 1.024883054196834564e-02 9.999380111694335938e-01 4.357879050076007843e-03 -3.634409010410308838e-01 3.814608603715896606e-02 -4.746292252093553543e-03 9.992613792419433594e-01 2.306875991821289062e+01
9.990139007568359375e-01 -8.567545562982559204e-03 -4.357511177659034729e-02 -7.383897304534912109e-01 8.738066069781780243e-03 9.999548792839050293e-01 3.722802270203828812e-03 -4.070636332035064697e-01 4.354127869009971619e-02 -4.100267775356769562e-03 9.990436434745788574e-01 2.558731842041015625e+01
9.992211461067199707e-01 -8.501045405864715576e-03 -3.854527696967124939e-02 -8.338412046432495117e-01 8.515684865415096283e-03 9.999637007713317871e-01 2.144484315067529678e-04 -4.414452910423278809e-01 3.854208439588546753e-02 -5.428949370980262756e-04 9.992572069168090820e-01 2.796136093139648438e+01
9.991151094436645508e-01 -9.236794896423816681e-03 -4.104280471801757812e-02 -9.446432590484619141e-01 9.120526723563671112e-03 9.999538064002990723e-01 -3.020850243046879768e-03 -4.901303350925445557e-01 4.106883704662322998e-02 2.643476007506251335e-03 9.991531968116760254e-01 3.062452316284179688e+01
9.991374015808105469e-01 -8.498697541654109955e-03 -4.065727442502975464e-02 -1.036584734916687012e+00 8.359227329492568970e-03 9.999585151672363281e-01 -3.600869327783584595e-03 -5.376781225204467773e-01 4.068621993064880371e-02 3.257529810070991516e-03 9.991670250892639160e-01 3.294853210449218750e+01
9.989982843399047852e-01 -6.034709047526121140e-03 -4.434934258460998535e-02 -1.144886493682861328e+00 5.840167403221130371e-03 9.999727010726928711e-01 -4.516567103564739227e-03 -5.941362380981445312e-01 4.437541961669921875e-02 4.252651240676641464e-03 9.990062713623046875e-01 3.552074050903320312e+01
9.988157749176025391e-01 -6.910968106240034103e-03 -4.816839843988418579e-02 -1.261934041976928711e+00 6.702899467200040817e-03 9.999674558639526367e-01 -4.481380339711904526e-03 -6.507407426834106445e-01 4.819783195853233337e-02 4.152825567871332169e-03 9.988295435905456543e-01 3.799594497680664062e+01
9.987310767173767090e-01 -9.004776366055011749e-03 -4.955863580107688904e-02 -1.390618205070495605e+00 8.614494465291500092e-03 9.999302029609680176e-01 -8.084778673946857452e-03 -7.156710028648376465e-01 4.962799325585365295e-02 7.647220976650714874e-03 9.987388849258422852e-01 4.065588378906250000e+01
9.983676671981811523e-01 -7.878025062382221222e-03 -5.657560378313064575e-02 -1.540540456771850586e+00 7.283437997102737427e-03 9.999161362648010254e-01 -1.070936955511569977e-02 -7.953514456748962402e-01 5.665524303913116455e-02 1.027945242822170258e-02 9.983412623405456543e-01 4.343939590454101562e+01
9.981484413146972656e-01 -9.027796797454357147e-03 -6.015903875231742859e-02 -1.698741912841796875e+00 8.335336111485958099e-03 9.998961687088012695e-01 -1.175287365913391113e-02 -8.722397089004516602e-01 6.025891005992889404e-02 1.122930645942687988e-02 9.981200098991394043e-01 4.611657333374023438e+01
9.980894923210144043e-01 -7.947577163577079773e-03 -6.127966940402984619e-02 -1.857769489288330078e+00 7.102838251739740372e-03 9.998768568038940430e-01 -1.399194449186325073e-02 -9.547490477561950684e-01 6.138335168361663818e-02 1.352958939969539642e-02 9.980229139328002930e-01 4.866307449340820312e+01
9.978539943695068359e-01 -8.912972174584865570e-03 -6.487677991390228271e-02 -2.028253316879272461e+00 8.105518296360969543e-03 9.998864531517028809e-01 -1.269975677132606506e-02 -1.045412302017211914e+00 6.498263776302337646e-02 1.214628666639328003e-02 9.978128075599670410e-01 5.127090835571289062e+01
9.972024559974670410e-01 -9.967669844627380371e-03 -7.408701628446578979e-02 -2.218294143676757812e+00 8.800951763987541199e-03 9.998322725296020508e-01 -1.605890318751335144e-02 -1.131243348121643066e+00 7.423468679189682007e-02 1.536158565431833267e-02 9.971228241920471191e-01 5.386024093627929688e+01
9.969252347946166992e-01 -1.022642478346824646e-02 -7.769460976123809814e-02 -2.408605575561523438e+00 9.085530415177345276e-03 9.998457431793212891e-01 -1.502486225217580795e-02 -1.223603487014770508e+00 7.783631235361099243e-02 1.427240855991840363e-02 9.968643188476562500e-01 5.638276672363281250e+01
9.965535998344421387e-01 -1.014619320631027222e-02 -8.233486115932464600e-02 -2.624042987823486328e+00 8.801382966339588165e-03 9.998220205307006836e-01 -1.668129116296768188e-02 -1.321976184844970703e+00 8.248949795961380005e-02 1.589878089725971222e-02 9.964654445648193359e-01 5.910380935668945312e+01
9.960249066352844238e-01 -1.183881890028715134e-02 -8.829059451818466187e-02 -2.855169773101806641e+00 1.022417563945055008e-02 9.997723698616027832e-01 -1.871878653764724731e-02 -1.427795767784118652e+00 8.849215507507324219e-02 1.774130761623382568e-02 9.959191679954528809e-01 6.173431015014648438e+01
9.957698583602905273e-01 -1.158909033983945847e-02 -9.115375578403472900e-02 -3.084450483322143555e+00 1.009065471589565277e-02 9.998064637184143066e-01 -1.688358560204505920e-02 -1.525222778320312500e+00 9.133181720972061157e-02 1.589200086891651154e-02 9.956939220428466797e-01 6.431671905517578125e+01
9.956694245338439941e-01 -1.240650285035371780e-02 -9.213781356811523438e-02 -3.330132961273193359e+00 1.090654078871011734e-02 9.997998476028442383e-01 -1.676655001938343048e-02 -1.614942669868469238e+00 9.232742339372634888e-02 1.568868011236190796e-02 9.956053495407104492e-01 6.697380065917968750e+01
9.952726960182189941e-01 -1.337410882115364075e-02 -9.619959443807601929e-02 -3.559984683990478516e+00 1.175548974424600601e-02 9.997798800468444824e-01 -1.737397350370883942e-02 -1.702642440795898438e+00 9.641081094741821289e-02 1.616061106324195862e-02 9.952107071876525879e-01 6.938140106201171875e+01
9.949744343757629395e-01 -1.197701133787631989e-02 -9.941437840461730957e-02 -3.809357643127441406e+00 1.028245780616998672e-02 9.997931718826293945e-01 -1.754142902791500092e-02 -1.789903640747070312e+00 9.960394352674484253e-02 1.643070764839649200e-02 9.948917627334594727e-01 7.188634490966796875e+01
9.945560693740844727e-01 -1.095419377088546753e-02 -1.036290451884269714e-01 -4.058702468872070312e+00 9.081087075173854828e-03 9.997869729995727539e-01 -1.853068545460700989e-02 -1.880843043327331543e+00 1.038099825382232666e-01 1.748841255903244019e-02 9.944436550140380859e-01 7.428865051269531250e+01
9.943310022354125977e-01 -1.198066119104623795e-02 -1.056555137038230896e-01 -4.321434497833251953e+00 1.038921531289815903e-02 9.998242259025573730e-01 -1.560119166970252991e-02 -1.972388267517089844e+00 1.058238744735717773e-01 1.441473979502916336e-02 9.942806959152221680e-01 7.672837066650390625e+01
9.941208958625793457e-01 -1.275396905839443207e-02 -1.075255498290061951e-01 -4.579121112823486328e+00 1.128694694489240646e-02 9.998347759246826172e-01 -1.424191985279321671e-02 -2.060033798217773438e+00 1.076894551515579224e-01 1.294423267245292664e-02 9.941005706787109375e-01 7.915013122558593750e+01
9.945613741874694824e-01 -1.297312509268522263e-02 -1.033454313874244690e-01 -4.854681491851806641e+00 1.147300656884908676e-02 9.998201131820678711e-01 -1.509761624038219452e-02 -2.143377065658569336e+00 1.035227254033088684e-01 1.382949668914079666e-02 9.945312142372131348e-01 8.174924468994140625e+01
9.936628341674804688e-01 -1.490919198840856552e-02 -1.114129722118377686e-01 -5.106002807617187500e+00 1.332705561071634293e-02 9.997996091842651367e-01 -1.493262778967618942e-02 -2.223305940628051758e+00 1.116132885217666626e-01 1.335287559777498245e-02 9.936622977256774902e-01 8.408626556396484375e+01
9.952085018157958984e-01 -1.677870564162731171e-02 -9.632959961891174316e-02 -5.355879306793212891e+00 1.512503065168857574e-02 9.997258186340332031e-01 -1.787229999899864197e-02 -2.304460525512695312e+00 9.660306572914123535e-02 1.632936298847198486e-02 9.951893091201782227e-01 8.655483245849609375e+01
9.963812828063964844e-01 -1.623858697712421417e-02 -8.343610912561416626e-02 -5.585928916931152344e+00 1.473052985966205597e-02 9.997172951698303223e-01 -1.865925453603267670e-02 -2.391518831253051758e+00 8.371552079916000366e-02 1.736236177384853363e-02 9.963387250900268555e-01 8.916473388671875000e+01
9.974536895751953125e-01 -1.598251424729824066e-02 -6.950950622558593750e-02 -5.791616439819335938e+00 1.492639165371656418e-02 9.997653961181640625e-01 -1.568790897727012634e-02 -2.490214824676513672e+00 6.974393129348754883e-02 1.461012475192546844e-02 9.974581599235534668e-01 9.181530761718750000e+01
9.981445670127868652e-01 -1.720314659178256989e-02 -5.841546878218650818e-02 -5.946930885314941406e+00 1.632290333509445190e-02 9.997462630271911621e-01 -1.551376003772020340e-02 -2.577124118804931641e+00 5.866753309965133667e-02 1.453115697950124741e-02 9.981720447540283203e-01 9.428353881835937500e+01
9.985020160675048828e-01 -1.629908010363578796e-02 -5.223970860242843628e-02 -6.086360454559326172e+00 1.562314946204423904e-02 9.997889995574951172e-01 -1.332254521548748016e-02 -2.661936998367309570e+00 5.244583636522293091e-02 1.248612720519304276e-02 9.985459446907043457e-01 9.689733886718750000e+01
9.995321631431579590e-01 -1.966819353401660919e-02 -2.344318106770515442e-02 -6.164962768554687500e+00 1.941818185150623322e-02 9.997523427009582520e-01 -1.084754057228565216e-02 -2.730752229690551758e+00 2.365073561668395996e-02 1.038692612200975418e-02 9.996665716171264648e-01 9.916483306884765625e+01
9.995549917221069336e-01 -2.351918257772922516e-02 1.837504841387271881e-02 -6.151623725891113281e+00 2.374794334173202515e-02 9.996417164802551270e-01 -1.232903636991977692e-02 -2.785995244979858398e+00 -1.807849295437335968e-02 1.275960542261600494e-02 9.997553825378417969e-01 1.013078231811523438e+02
9.979600906372070312e-01 -2.599104121327400208e-02 5.831857770681381226e-02 -6.058810234069824219e+00 2.677267789840698242e-02 9.995610713958740234e-01 -1.266076043248176575e-02 -2.850251674652099609e+00 -5.796391516923904419e-02 1.419596560299396515e-02 9.982179403305053711e-01 1.034035415649414062e+02
9.943931102752685547e-01 -2.528787218034267426e-02 1.026821136474609375e-01 -5.858190536499023438e+00 2.658106014132499695e-02 9.995830655097961426e-01 -1.124464347958564758e-02 -2.925774097442626953e+00 -1.023549586534500122e-01 1.391068287193775177e-02 9.946507811546325684e-01 1.056619033813476562e+02
9.875640273094177246e-01 -2.825259231030941010e-02 1.546600013971328735e-01 -5.556417465209960938e+00 3.008783981204032898e-02 9.995013475418090820e-01 -9.537641890347003937e-03 -2.980454206466674805e+00 -1.543134301900863647e-01 1.407210342586040497e-02 9.879217743873596191e-01 1.077891082763671875e+02
9.745476841926574707e-01 -3.173623234033584595e-02 2.219234406948089600e-01 -5.097239017486572266e+00 3.355671092867851257e-02 9.994265437126159668e-01 -4.436281509697437286e-03 -3.037546634674072266e+00 -2.216554284095764160e-01 1.177007984369993210e-02 9.750539660453796387e-01 1.100768432617187500e+02
9.621779918670654297e-01 -3.579332306981086731e-02 2.700606584548950195e-01 -4.539651870727539062e+00 3.838989138603210449e-02 9.992529153823852539e-01 -4.337014164775609970e-03 -3.090834856033325195e+00 -2.697037160396575928e-01 1.454026438295841217e-02 9.628335237503051758e-01 1.121641769409179688e+02
9.455673694610595703e-01 -3.731133416295051575e-02 3.232808411121368408e-01 -3.843086481094360352e+00 3.974582627415657043e-02 9.992088079452514648e-01 -9.294450283050537109e-04 -3.138697862625122070e+00 -3.229904770851135254e-01 1.372760348021984100e-02 9.463025331497192383e-01 1.143462142944335938e+02
9.296194911003112793e-01 -3.782355785369873047e-02 3.665750324726104736e-01 -3.327993869781494141e+00 4.157716035842895508e-02 9.991318583488464355e-01 -2.346428809687495232e-03 -3.169305086135864258e+00 -3.661681711673736572e-01 1.742212101817131042e-02 9.303854107856750488e-01 1.156387863159179688e+02
9.077625870704650879e-01 -3.980583697557449341e-02 4.175916612148284912e-01 -2.495357036590576172e+00 4.378572851419448853e-02 9.990401864051818848e-01 4.947418347001075745e-05 -3.202512025833129883e+00 -4.171929955482482910e-01 1.823932863771915436e-02 9.086347222328186035e-01 1.175304260253906250e+02
8.875952959060668945e-01 -4.251389577984809875e-02 4.586581885814666748e-01 -1.715702533721923828e+00 4.553114250302314758e-02 9.989520907402038574e-01 4.483061842620372772e-03 -3.231753110885620117e+00 -4.583683609962463379e-01 1.690377108752727509e-02 8.886013627052307129e-01 1.190758819580078125e+02
8.590679764747619629e-01 -4.143564403057098389e-02 5.101816654205322266e-01 -7.413772344589233398e-01 4.592503234744071960e-02 9.989368319511413574e-01 3.800505073741078377e-03 -3.249840021133422852e+00 -5.097970366477966309e-01 2.016490325331687927e-02 8.600580692291259766e-01 1.207929611206054688e+02
8.236388564109802246e-01 -4.155583679676055908e-02 5.655900239944458008e-01 2.911541461944580078e-01 4.794838279485702515e-02 9.988425374031066895e-01 3.563844133168458939e-03 -3.261730909347534180e+00 -5.650838613510131836e-01 2.418349683284759521e-02 8.246785998344421387e-01 1.223534698486328125e+02
7.887258529663085938e-01 -3.972387686371803284e-02 6.134600639343261719e-01 1.392239689826965332e+00 4.491871222853660583e-02 9.989656209945678711e-01 6.934959441423416138e-03 -3.284067392349243164e+00 -6.131014227867126465e-01 2.208574675023555756e-02 7.896949052810668945e-01 1.238158645629882812e+02
7.466674447059631348e-01 -4.100549221038818359e-02 6.639322042465209961e-01 2.615818500518798828e+00 4.417315497994422913e-02 9.989505410194396973e-01 1.201912946999073029e-02 -3.299134016036987305e+00 -6.637288331985473633e-01 2.035337872803211212e-02 7.476957440376281738e-01 1.252291412353515625e+02
7.065855860710144043e-01 -4.363538324832916260e-02 7.062806487083435059e-01 3.959825992584228516e+00 4.520267248153686523e-02 9.988406896591186523e-01 1.648824289441108704e-02 -3.310581684112548828e+00 -7.061819434165954590e-01 2.027511037886142731e-02 7.077394127845764160e-01 1.266256866455078125e+02
6.638188958168029785e-01 -4.372640326619148254e-02 7.466136813163757324e-01 5.364342689514160156e+00 4.743352532386779785e-02 9.987399578094482422e-01 1.631917804479598999e-02 -3.311304569244384766e+00 -7.463872432708740234e-01 2.458123303949832916e-02 6.650571227073669434e-01 1.279091339111328125e+02
6.231287121772766113e-01 -4.110759869217872620e-02 7.810379266738891602e-01 6.831915855407714844e+00 4.558824002742767334e-02 9.988277554512023926e-01 1.619916222989559174e-02 -3.307534456253051758e+00 -7.807891368865966797e-01 2.551167458295822144e-02 6.242728233337402344e-01 1.291192626953125000e+02
5.809236764907836914e-01 -4.292223230004310608e-02 8.128251433372497559e-01 8.304624557495117188e+00 4.564246535301208496e-02 9.987539052963256836e-01 2.012000605463981628e-02 -3.308419942855834961e+00 -8.126767873764038086e-01 2.541084587574005127e-02 5.821594595909118652e-01 1.302138366699218750e+02
5.397880077362060547e-01 -4.571289569139480591e-02 8.405584692955017090e-01 9.823019981384277344e+00 4.569365456700325012e-02 9.986420869827270508e-01 2.496676519513130188e-02 -3.307311296463012695e+00 -8.405594229698181152e-01 2.493111789226531982e-02 5.411444306373596191e-01 1.312155761718750000e+02
5.046511888504028320e-01 -4.912630096077919006e-02 8.619239926338195801e-01 1.118622207641601562e+01 4.699182137846946716e-02 9.984613060951232910e-01 2.939506992697715759e-02 -3.291592836380004883e+00 -8.620428442955017090e-01 2.566882036626338959e-02 5.061838030815124512e-01 1.320226287841796875e+02
4.504190683364868164e-01 -5.068511515855789185e-02 8.913769721984863281e-01 1.284291172027587891e+01 4.578559845685958862e-02 9.983835220336914062e-01 3.363399580121040344e-02 -3.262199640274047852e+00 -8.916418552398681641e-01 2.566253021359443665e-02 4.520121216773986816e-01 1.328953704833984375e+02
3.966091871261596680e-01 -5.038410052657127380e-02 9.166032671928405762e-01 1.454945087432861328e+01 4.213475435972213745e-02 9.984380006790161133e-01 3.665103763341903687e-02 -3.222927093505859375e+00 -9.170193672180175781e-01 2.408441342413425446e-02 3.981130719184875488e-01 1.336710205078125000e+02
3.470035195350646973e-01 -5.076077207922935486e-02 9.364885091781616211e-01 1.622789573669433594e+01 3.965327143669128418e-02 9.984338879585266113e-01 3.942551463842391968e-02 -3.184725761413574219e+00 -9.370244145393371582e-01 2.345374599099159241e-02 3.484732806682586670e-01 1.343183288574218750e+02
2.935871481895446777e-01 -4.586831480264663696e-02 9.548304677009582520e-01 1.804299354553222656e+01 3.815503045916557312e-02 9.986128807067871094e-01 3.623989224433898926e-02 -3.131911039352416992e+00 -9.551697373390197754e-01 2.579172700643539429e-02 2.949303686618804932e-01 1.348973846435546875e+02
2.469423413276672363e-01 -4.655629023909568787e-02 9.679103493690490723e-01 1.985333442687988281e+01 3.769271448254585266e-02 9.985491037368774414e-01 3.841358050704002380e-02 -3.092640876770019531e+00 -9.682959318161010742e-01 2.699694037437438965e-02 2.483392059803009033e-01 1.353895263671875000e+02
1.974940598011016846e-01 -4.799573868513107300e-02 9.791276454925537109e-01 2.121908378601074219e+01 3.301207721233367920e-02 9.985581040382385254e-01 4.228962212800979614e-02 -3.058884620666503906e+00 -9.797471165657043457e-01 2.397079393267631531e-02 1.987940073013305664e-01 1.356713104248046875e+02
1.478710472583770752e-01 -4.871186986565589905e-02 9.878054857254028320e-01 2.280969238281250000e+01 2.980202622711658478e-02 9.985504150390625000e-01 4.478056728839874268e-02 -3.011749744415283203e+00 -9.885565042495727539e-01 2.281656302511692047e-02 1.491086184978485107e-01 1.359204101562500000e+02
6.622125953435897827e-02 -4.809238761663436890e-02 9.966444373130798340e-01 2.395758438110351562e+01 3.024745732545852661e-02 9.984735846519470215e-01 4.617097601294517517e-02 -2.976977586746215820e+00 -9.973452687263488770e-01 2.708817832171916962e-02 6.757491827011108398e-02 1.359862670898437500e+02
9.410481899976730347e-03 -4.941742122173309326e-02 9.987329244613647461e-01 2.549519538879394531e+01 2.865395508706569672e-02 9.983793497085571289e-01 4.913002252578735352e-02 -2.929801940917968750e+00 -9.995438456535339355e-01 2.815503440797328949e-02 1.081120222806930542e-02 1.360116424560546875e+02
-3.919103741645812988e-02 -4.843096062541007996e-02 9.980563521385192871e-01 2.715784072875976562e+01 2.584887295961380005e-02 9.984393715858459473e-01 4.946464300155639648e-02 -2.878538846969604492e+00 -9.988960623741149902e-01 2.773692645132541656e-02 -3.787809982895851135e-02 1.359568481445312500e+02
-1.072795987129211426e-01 -4.772693291306495667e-02 9.930816292762756348e-01 2.871531295776367188e+01 2.556666545569896698e-02 9.983823299407958984e-01 5.074365437030792236e-02 -2.822026729583740234e+00 -9.938987493515014648e-01 3.083327412605285645e-02 -1.058860719203948975e-01 1.358129272460937500e+02
-1.576123535633087158e-01 -4.763084650039672852e-02 9.863505363464355469e-01 3.039684486389160156e+01 2.359087951481342316e-02 9.983673095703125000e-01 5.198088288307189941e-02 -2.761796236038208008e+00 -9.872177839279174805e-01 3.146144002676010132e-02 -1.562316864728927612e-01 1.355656127929687500e+02
-2.074587345123291016e-01 -5.045236274600028992e-02 9.769406914710998535e-01 3.220130157470703125e+01 2.384622395038604736e-02 9.981094002723693848e-01 5.660953745245933533e-02 -2.695357084274291992e+00 -9.779515862464904785e-01 3.504022583365440369e-02 -2.058638334274291992e-01 1.352095947265625000e+02
-2.570932507514953613e-01 -4.552771896123886108e-02 9.653123617172241211e-01 3.394761657714843750e+01 2.386016398668289185e-02 9.982838034629821777e-01 5.343757569789886475e-02 -2.623428106307983398e+00 -9.660904407501220703e-01 3.677069395780563354e-02 -2.555662691593170166e-01 1.347717285156250000e+02
-3.226014971733093262e-01 -4.273229837417602539e-02 9.455684423446655273e-01 3.546929168701171875e+01 1.678607612848281860e-02 9.985626339912414551e-01 5.085424333810806274e-02 -2.563027381896972656e+00 -9.463843703269958496e-01 3.227777406573295593e-02 -3.214211463928222656e-01 1.342673797607421875e+02
-3.696899712085723877e-01 -4.339735209941864014e-02 9.281396865844726562e-01 3.687473678588867188e+01 1.623050309717655182e-02 9.984522461891174316e-01 5.314987897872924805e-02 -2.517963409423828125e+00 -9.290116429328918457e-01 3.471289575099945068e-02 -3.684141635894775391e-01 1.337132568359375000e+02
-4.221630692481994629e-01 -4.166219383478164673e-02 9.055604934692382812e-01 3.859395599365234375e+01 1.395649369806051254e-02 9.985238313674926758e-01 5.244562029838562012e-02 -2.453070640563964844e+00 -9.064106345176696777e-01 3.477879986166954041e-02 -4.209592938423156738e-01 1.329347991943359375e+02
-4.672442376613616943e-01 -4.140529409050941467e-02 8.831565380096435547e-01 4.026887130737304688e+01 1.342336274683475494e-02 9.984529018402099609e-01 5.391264334321022034e-02 -2.392157077789306641e+00 -8.840243816375732422e-01 3.704505786299705505e-02 -4.659666121006011963e-01 1.320812072753906250e+02
-5.208271145820617676e-01 -4.009159654378890991e-02 8.527184128761291504e-01 4.196775817871093750e+01 1.132958475500345230e-02 9.984813332557678223e-01 5.386484414339065552e-02 -2.312083482742309570e+00 -8.535848855972290039e-01 3.771497681736946106e-02 -5.195831656455993652e-01 1.310878753662109375e+02
-5.646967887878417969e-01 -3.671828284859657288e-02 8.244794011116027832e-01 4.345092010498046875e+01 1.249976083636283875e-02 9.985120296478271484e-01 5.303019285202026367e-02 -2.253571033477783203e+00 -8.252016305923461914e-01 4.025154188275337219e-02 -5.633988976478576660e-01 1.301016540527343750e+02
-6.147754788398742676e-01 -3.468278795480728149e-02 7.879372239112854004e-01 4.502493667602539062e+01 1.223080139607191086e-02 9.984905719757080078e-01 5.349374562501907349e-02 -2.182624101638793945e+00 -7.886050343513488770e-01 4.252352192997932434e-02 -6.134247779846191406e-01 1.289140167236328125e+02
-6.458968520164489746e-01 -3.162329643964767456e-02 7.627673149108886719e-01 4.640883255004882812e+01 1.375132519751787186e-02 9.984948635101318359e-01 5.304070934653282166e-02 -2.125036478042602539e+00 -7.632983922958374023e-01 4.474766924977302551e-02 -6.444913744926452637e-01 1.277619018554687500e+02
-6.875411868095397949e-01 -3.089177235960960388e-02 7.254856228828430176e-01 4.774077606201171875e+01 9.658105671405792236e-03 9.986143708229064941e-01 5.167489871382713318e-02 -2.063875436782836914e+00 -7.260785102844238281e-01 4.253521561622619629e-02 -6.862918734550476074e-01 1.265391006469726562e+02
-7.254959344863891602e-01 -3.303571790456771851e-02 6.874306201934814453e-01 4.904836273193359375e+01 5.813206546008586884e-03 9.985145330429077148e-01 5.412064120173454285e-02 -1.998925209045410156e+00 -6.881991028785705566e-01 4.326025396585464478e-02 -7.242279648780822754e-01 1.251975479125976562e+02
-7.622733712196350098e-01 -3.219380974769592285e-02 6.464512348175048828e-01 5.021712493896484375e+01 3.355938941240310669e-03 9.985492229461669922e-01 5.368591845035552979e-02 -1.938621997833251953e+00 -6.472433805465698242e-01 4.309257492423057556e-02 -7.610613703727722168e-01 1.238640289306640625e+02
-7.909585833549499512e-01 -2.746769972145557404e-02 6.112498044967651367e-01 5.132559204101562500e+01 5.852033384144306183e-03 9.986034631729125977e-01 5.244686454534530640e-02 -1.877152919769287109e+00 -6.118384599685668945e-01 4.506013914942741394e-02 -7.896952629089355469e-01 1.224581069946289062e+02
-8.212889432907104492e-01 -2.704426832497119904e-02 5.698676705360412598e-01 5.234696578979492188e+01 4.373274743556976318e-03 9.985448718070983887e-01 5.369090661406517029e-02 -1.813890933990478516e+00 -5.704920887947082520e-01 4.658772796392440796e-02 -8.199777603149414062e-01 1.210275650024414062e+02
-8.527100086212158203e-01 -2.731254510581493378e-02 5.216661691665649414e-01 5.309239578247070312e+01 7.261848077178001404e-04 9.985660314559936523e-01 5.346845462918281555e-02 -1.761033892631530762e+00 -5.223799943923950195e-01 4.597170278429985046e-02 -8.514698147773742676e-01 1.198077850341796875e+02
-8.724042177200317383e-01 -2.620817162096500397e-02 4.880777299404144287e-01 5.401663589477539062e+01 -8.629821240901947021e-05 9.985664486885070801e-01 5.346564948558807373e-02 -1.693227767944335938e+00 -4.887807369232177734e-01 4.660132899880409241e-02 -8.711583018302917480e-01 1.181831359863281250e+02
-8.864653706550598145e-01 -2.471431344747543335e-02 4.621299207210540771e-01 5.499681472778320312e+01 -9.703460382297635078e-04 9.986668229103088379e-01 5.154669284820556641e-02 -1.625887870788574219e+00 -4.627891778945922852e-01 4.524572193622589111e-02 -8.853101134300231934e-01 1.163573150634765625e+02
-9.001899957656860352e-01 -2.339149825274944305e-02 4.348636567592620850e-01 5.598940277099609375e+01 -5.274912109598517418e-04 9.986109137535095215e-01 5.262395367026329041e-02 -1.551000356674194336e+00 -4.354918897151947021e-01 4.714196920394897461e-02 -8.989545702934265137e-01 1.143674621582031250e+02
-9.030929803848266602e-01 -2.232681214809417725e-02 4.288591742515563965e-01 5.692394256591796875e+01 8.405225817114114761e-04 9.985503554344177246e-01 5.375566706061363220e-02 -1.484766721725463867e+00 -4.294390082359313965e-01 4.890662804245948792e-02 -9.017677307128906250e-01 1.124251174926757812e+02
-9.039458036422729492e-01 -2.361204475164413452e-02 4.269894957542419434e-01 5.783295059204101562e+01 -1.942065428011119366e-04 9.984936714172363281e-01 5.480464920401573181e-02 -1.408765316009521484e+00 -4.276416897773742676e-01 4.945728182792663574e-02 -9.025914669036865234e-01 1.105198211669921875e+02
-9.060331583023071289e-01 -2.331880666315555573e-02 4.225584566593170166e-01 5.871084594726562500e+01 -1.683580194367095828e-04 9.984971284866333008e-01 5.474108457565307617e-02 -1.339376211166381836e+00 -4.232012331485748291e-01 4.952587187290191650e-02 -9.046782851219177246e-01 1.086514739990234375e+02
-9.081085920333862305e-01 -2.264468744397163391e-02 4.181165993213653564e-01 5.968007278442382812e+01 3.476625424809753895e-04 9.984920620918273926e-01 5.483241006731987000e-02 -1.256639003753662109e+00 -4.187290966510772705e-01 4.993892833590507507e-02 -9.067342281341552734e-01 1.065654067993164062e+02
-9.102841615676879883e-01 -2.319759689271450043e-02 4.133280217647552490e-01 6.054952239990234375e+01 -7.298982236534357071e-04 9.985136985778808594e-01 5.443326011300086975e-02 -1.180628776550292969e+00 -4.139777421951293945e-01 4.924782365560531616e-02 -9.089510440826416016e-01 1.046618347167968750e+02
-9.114862084388732910e-01 -2.314221672713756561e-02 4.106736481189727783e-01 6.140049743652343750e+01 -9.936396963894367218e-05 9.984249472618103027e-01 5.604271590709686279e-02 -1.109681725502014160e+00 -4.113250970840454102e-01 5.104113370180130005e-02 -9.100556969642639160e-01 1.028031082153320312e+02
-9.119547605514526367e-01 -2.355547621846199036e-02 4.096085429191589355e-01 6.214283752441406250e+01 4.027687537018209696e-04 9.982952475547790527e-01 5.830612778663635254e-02 -1.047981262207031250e+00 -4.102849960327148438e-01 5.333730950951576233e-02 -9.103934764862060547e-01 1.011537780761718750e+02
-9.148920774459838867e-01 -2.308622747659683228e-02 4.030320942401885986e-01 6.303391647338867188e+01 1.011134358122944832e-03 9.982258677482604980e-01 5.947520211338996887e-02 -9.616882205009460449e-01 -4.036914110183715820e-01 5.482070147991180420e-02 -9.132485389709472656e-01 9.914701843261718750e+01
-9.176759719848632812e-01 -2.272765338420867920e-02 3.966732323169708252e-01 6.391656875610351562e+01 1.197059056721627712e-03 9.981965422630310059e-01 5.996181815862655640e-02 -8.696866631507873535e-01 -3.973218798637390137e-01 5.550015345215797424e-02 -9.159966707229614258e-01 9.713703918457031250e+01
-9.197582602500915527e-01 -2.427210099995136261e-02 3.917281925678253174e-01 6.470236206054687500e+01 -3.024126053787767887e-04 9.981260299682617188e-01 6.113561242818832397e-02 -7.861819267272949219e-01 -3.924792408943176270e-01 5.611132830381393433e-02 -9.180448651313781738e-01 9.530916595458984375e+01
-9.222187995910644531e-01 -2.316047996282577515e-02 3.859681189060211182e-01 6.552620697021484375e+01 3.835122042801231146e-04 9.981457591056823730e-01 6.081147864460945129e-02 -6.988124251365661621e-01 -3.866621255874633789e-01 5.622931197285652161e-02 -9.205028414726257324e-01 9.336621856689453125e+01
-9.207074642181396484e-01 -2.212763018906116486e-02 3.896197676658630371e-01 6.619959259033203125e+01 1.550116692669689655e-03 9.981725215911865234e-01 6.035235896706581116e-02 -6.225099563598632812e-01 -3.902444541454315186e-01 5.617061629891395569e-02 -9.189934730529785156e-01 9.177948760986328125e+01
-9.178317785263061523e-01 -2.229702658951282501e-02 3.963372409343719482e-01 6.685010528564453125e+01 1.737476093694567680e-03 9.981826543807983398e-01 6.017928943037986755e-02 -5.575459003448486328e-01 -3.969600200653076172e-01 5.592287331819534302e-02 -9.161278605461120605e-01 9.027476501464843750e+01
-9.153909087181091309e-01 -2.216472662985324860e-02 4.019498527050018311e-01 6.759537506103515625e+01 1.461252337321639061e-03 9.982900619506835938e-01 5.837676674127578735e-02 -4.778003394603729248e-01 -4.025577604770660400e-01 5.402468889951705933e-02 -9.137961268424987793e-01 8.857036590576171875e+01
-9.133414030075073242e-01 -2.052558399736881256e-02 4.066714942455291748e-01 6.844934844970703125e+01 2.963122446089982986e-03 9.983637332916259766e-01 5.704464018344879150e-02 -3.983122110366821289e-01 -4.071782827377319336e-01 5.330602079629898071e-02 -9.117889404296875000e-01 8.666198730468750000e+01
-9.117630720138549805e-01 -2.016548067331314087e-02 4.102157950401306152e-01 6.938492584228515625e+01 3.528312081471085548e-03 9.983689785003662109e-01 5.692043900489807129e-02 -3.098350465297698975e-01 -4.106958806514739990e-01 5.334509909152984619e-02 -9.102075695991516113e-01 8.457137298583984375e+01
-9.099108576774597168e-01 -2.001356892287731171e-02 4.143152832984924316e-01 7.031685638427734375e+01 5.353633314371109009e-03 9.981819987297058105e-01 5.997513234615325928e-02 -2.226942181587219238e-01 -4.147637486457824707e-01 5.678990483283996582e-02 -9.081522822380065918e-01 8.251640319824218750e+01
-9.080269932746887207e-01 -1.979068107903003693e-02 4.184385538101196289e-01 7.126032257080078125e+01 5.991738289594650269e-03 9.981640577316284180e-01 6.021220237016677856e-02 -1.294394284486770630e-01 -4.188633859157562256e-01 5.718126893043518066e-02 -9.062440991401672363e-01 8.046160125732421875e+01
-9.046217203140258789e-01 -1.834648847579956055e-02 4.258149564266204834e-01 7.211425781250000000e+01 7.958037778735160828e-03 9.981682896614074707e-01 5.991334095597267151e-02 -4.193721711635589600e-02 -4.261355996131896973e-01 5.758735910058021545e-02 -9.028214812278747559e-01 7.863811492919921875e+01
-9.021468162536621094e-01 -1.792611181735992432e-02 4.310513138771057129e-01 7.308216857910156250e+01 7.838640362024307251e-03 9.982867836952209473e-01 5.792143940925598145e-02 4.506011307239532471e-02 -4.313525557518005371e-01 5.563228949904441833e-02 -9.004634618759155273e-01 7.661994934082031250e+01
-9.006801247596740723e-01 -1.780364289879798889e-02 4.341127276420593262e-01 7.389602661132812500e+01 8.303849026560783386e-03 9.982686638832092285e-01 5.816932022571563721e-02 1.125464364886283875e-01 -4.343981742858886719e-01 5.599654465913772583e-02 -8.989756107330322266e-01 7.493698120117187500e+01
-8.998410701751708984e-01 -1.859092339873313904e-02 4.358164072036743164e-01 7.485839843750000000e+01 8.022787980735301971e-03 9.982135295867919922e-01 5.914662405848503113e-02 2.049142122268676758e-01 -4.361388385295867920e-01 5.671882256865501404e-02 -8.980870842933654785e-01 7.294795227050781250e+01
-8.962600827217102051e-01 -1.728832162916660309e-02 4.431867897510528564e-01 7.596518707275390625e+01 9.834583848714828491e-03 9.982161521911621094e-01 5.882835015654563904e-02 3.057262301445007324e-01 -4.434146881103515625e-01 5.708386003971099854e-02 -8.944939374923706055e-01 7.068945312500000000e+01
-8.918451666831970215e-01 -1.821715384721755981e-02 4.519689679145812988e-01 7.708869934082031250e+01 9.923764504492282867e-03 9.981567263603210449e-01 5.981418862938880920e-02 4.051042795181274414e-01 -4.522269070148468018e-01 5.783003196120262146e-02 -8.900230526924133301e-01 6.845210266113281250e+01
-8.875296711921691895e-01 -2.097979746758937836e-02 4.602678418159484863e-01 7.823606872558593750e+01 7.949408143758773804e-03 9.981133341789245605e-01 6.082473695278167725e-02 5.113102793693542480e-01 -4.606769979000091553e-01 5.764242634177207947e-02 -8.856909871101379395e-01 6.623987579345703125e+01
-8.833512663841247559e-01 -1.870971545577049255e-02 4.683332443237304688e-01 7.955449676513671875e+01 1.002465933561325073e-02 9.982167482376098633e-01 5.878669396042823792e-02 6.336065530776977539e-01 -4.685994386672973633e-01 5.662397667765617371e-02 -8.815910816192626953e-01 6.373305511474609375e+01
-8.799549937248229980e-01 -1.587780937552452087e-02 4.747870266437530518e-01 8.076490020751953125e+01 1.322885602712631226e-02 9.982311725616455078e-01 5.790099129080772400e-02 7.291394472122192383e-01 -4.748679995536804199e-01 5.723094940185546875e-02 -8.781910538673400879e-01 6.147603225708007812e+01
-8.763486742973327637e-01 -1.674364507198333740e-02 4.813816249370574951e-01 8.200852203369140625e+01 1.365989353507757187e-02 9.981262087821960449e-01 5.958520621061325073e-02 8.350164890289306641e-01 -4.814787805080413818e-01 5.879283696413040161e-02 -8.744804859161376953e-01 5.919698333740234375e+01
-8.741510510444641113e-01 -1.634776033461093903e-02 4.853744804859161377e-01 8.327574157714843750e+01 1.489426009356975555e-02 9.980571269989013672e-01 6.043983623385429382e-02 9.444760680198669434e-01 -4.854210019111633301e-01 6.006263941526412964e-02 -8.722118139266967773e-01 5.691253662109375000e+01
-8.717364668846130371e-01 -1.532418653368949890e-02 4.897308945655822754e-01 8.454430389404296875e+01 1.525992807000875473e-02 9.981731772422790527e-01 5.839729309082031250e-02 1.049620389938354492e+00 -4.897326529026031494e-01 5.838011205196380615e-02 -8.699127435684204102e-01 5.464779663085937500e+01
-8.766906857490539551e-01 -1.343199424445629120e-02 4.808623790740966797e-01 8.578736877441406250e+01 1.520311739295721054e-02 9.983334541320800781e-01 5.560462921857833862e-02 1.149758219718933105e+00 -4.808094203472137451e-01 5.605847015976905823e-02 -8.750281333923339844e-01 5.240454101562500000e+01
-8.801100254058837891e-01 -1.306587364524602890e-02 4.745852351188659668e-01 8.695603942871093750e+01 1.559501513838768005e-02 9.982825517654418945e-01 5.640483647584915161e-02 1.240819334983825684e+00 -4.745086431503295898e-01 5.704343691468238831e-02 -8.783974051475524902e-01 5.026217651367187500e+01
-8.798176050186157227e-01 -1.244772784411907196e-02 4.751437902450561523e-01 8.797804260253906250e+01 1.576462015509605408e-02 9.983391761779785156e-01 5.534576997160911560e-02 1.314564466476440430e+00 -4.750451147556304932e-01 5.618445947766304016e-02 -8.781628012657165527e-01 4.837898635864257812e+01
-8.794177174568176270e-01 -1.231731195002794266e-02 4.758876264095306396e-01 8.900278472900390625e+01 1.610246486961841583e-02 9.983199238777160645e-01 5.559691414237022400e-02 1.386557698249816895e+00 -4.757744967937469482e-01 5.655554309487342834e-02 -8.777444958686828613e-01 4.649045562744140625e+01
-8.799418210983276367e-01 -1.250488869845867157e-02 4.749128818511962891e-01 9.009629058837890625e+01 1.699120737612247467e-02 9.981820583343505859e-01 5.776614695787429810e-02 1.466538786888122559e+00 -4.747734665870666504e-01 5.889986455440521240e-02 -8.781323432922363281e-01 4.448323440551757812e+01
-8.797571063041687012e-01 -1.245877332985401154e-02 4.752562940120697021e-01 9.118318176269531250e+01 1.693359203636646271e-02 9.981976151466369629e-01 5.751449614763259888e-02 1.552459001541137695e+00 -4.751178324222564697e-01 5.864622816443443298e-02 -8.779631853103637695e-01 4.248002243041992188e+01
-8.811867833137512207e-01 -1.353007741272449493e-02 4.725708067417144775e-01 9.233132171630859375e+01 1.504113990813493729e-02 9.982785582542419434e-01 5.662896856665611267e-02 1.651229381561279297e+00 -4.725250601768493652e-01 5.700834095478057861e-02 -8.794690370559692383e-01 4.035356903076171875e+01
-8.810572624206542969e-01 -1.222525723278522491e-02 4.728477597236633301e-01 9.347219848632812500e+01 1.591595634818077087e-02 9.983301758766174316e-01 5.546831339597702026e-02 1.737824320793151855e+00 -4.727378189563751221e-01 5.639621987938880920e-02 -8.793941140174865723e-01 3.824000549316406250e+01
-8.824956417083740234e-01 -1.374478172510862350e-02 4.701159000396728516e-01 9.444388580322265625e+01 1.399477198719978333e-02 9.983593821525573730e-01 5.546063184738159180e-02 1.812066793441772461e+00 -4.701084196567535400e-01 5.552254244685173035e-02 -8.808581233024597168e-01 3.642513656616210938e+01
-8.831487894058227539e-01 -1.240659039467573166e-02 4.689251184463500977e-01 9.553918457031250000e+01 1.543380320072174072e-02 9.983369708061218262e-01 5.548153445124626160e-02 1.896542429924011230e+00 -4.688351154327392578e-01 5.623533576726913452e-02 -8.814913034439086914e-01 3.436608886718750000e+01
-8.823776841163635254e-01 -1.118986215442419052e-02 4.704051613807678223e-01 9.658526611328125000e+01 1.649793237447738647e-02 9.983633160591125488e-01 5.469611659646034241e-02 1.976944446563720703e+00 -4.702487587928771973e-01 5.602292343974113464e-02 -8.807514905929565430e-01 3.241019821166992188e+01
