9.998705983161926270e-01 -1.429003314115107059e-03 1.602208055555820465e-02 1.684418506920337677e-02 1.417119870893657207e-03 9.999986886978149414e-01 7.530208677053451538e-04 -7.957277819514274597e-03 -1.602313481271266937e-02 -7.302182493731379509e-04 9.998713731765747070e-01 5.206398963928222656e-01
9.994829297065734863e-01 -2.034851815551519394e-03 3.208741545677185059e-02 4.359139874577522278e-02 1.981699606403708458e-03 9.999966025352478027e-01 1.688198768533766270e-03 -1.361195929348468781e-02 -3.209073841571807861e-02 -1.623738440684974194e-03 9.994836449623107910e-01 9.896311163902282715e-01
9.987486600875854492e-01 -2.679741708561778069e-03 4.993716999888420105e-02 7.716394960880279541e-02 2.566395793110132217e-03 9.999939799308776855e-01 2.333755604922771454e-03 -1.756161451339721680e-02 -4.994311928749084473e-02 -2.202677307650446892e-03 9.987496137619018555e-01 1.460514068603515625e+00
9.977954030036926270e-01 -3.475151257589459419e-03 6.627226620912551880e-02 1.175326630473136902e-01 3.319964045658707619e-03 9.999915361404418945e-01 2.451653825119137764e-03 -2.269727364182472229e-02 -6.628022342920303345e-02 -2.226228127256035805e-03 9.977985620498657227e-01 1.883505105972290039e+00
9.967291951179504395e-01 -4.153145477175712585e-03 8.070640265941619873e-02 1.716796457767486572e-01 3.907041624188423157e-03 9.999873042106628418e-01 3.207055153325200081e-03 -2.784474752843379974e-02 -8.071868866682052612e-02 -2.881243126466870308e-03 9.967327713966369629e-01 2.468200922012329102e+00
9.946318268775939941e-01 -5.038250703364610672e-03 1.033535003662109375e-01 2.393586486577987671e-01 4.706680774688720703e-03 9.999830722808837891e-01 3.451752476394176483e-03 -3.240560740232467651e-02 -1.033691316843032837e-01 -2.946771914139389992e-03 9.946386814117431641e-01 2.962518453598022461e+00
9.927142262458801270e-01 -5.979948211461305618e-03 1.203432083129882812e-01 3.017015457153320312e-01 5.468916613608598709e-03 9.999746680259704590e-01 4.576288629323244095e-03 -4.060091450810432434e-02 -1.203675121068954468e-01 -3.884800709784030914e-03 9.927217364311218262e-01 3.341291666030883789e+00
9.904472231864929199e-01 -7.659599184989929199e-03 1.376785784959793091e-01 3.793683648109436035e-01 7.143109105527400970e-03 9.999656081199645996e-01 4.245123825967311859e-03 -4.518589004874229431e-02 -1.377063244581222534e-01 -3.221119288355112076e-03 9.904678463935852051e-01 3.795277357101440430e+00
9.903854727745056152e-01 -9.184313938021659851e-03 1.380288004875183105e-01 4.588126540184020996e-01 8.822747506201267242e-03 9.999560117721557617e-01 3.231116337701678276e-03 -5.359108373522758484e-02 -1.380523741245269775e-01 -1.982258632779121399e-03 9.904229044914245605e-01 4.357876777648925781e+00
9.918913841247558594e-01 -9.929137304425239563e-03 1.266988664865493774e-01 5.213134884834289551e-01 9.711937047541141510e-03 9.999502897262573242e-01 2.331945113837718964e-03 -6.285629421472549438e-02 -1.267156749963760376e-01 -1.082546077668666840e-03 9.919384717941284180e-01 4.902347087860107422e+00
9.919927716255187988e-01 -1.105860993266105652e-02 1.258081346750259399e-01 6.011534333229064941e-01 1.091228611767292023e-02 9.999389052391052246e-01 1.852208282798528671e-03 -7.091361284255981445e-02 -1.258208900690078735e-01 -4.645240260288119316e-04 9.920528531074523926e-01 5.504717826843261719e+00
9.910785555839538574e-01 -1.208383031189441681e-02 1.327287107706069946e-01 6.693537831306457520e-01 1.173030585050582886e-02 9.999254345893859863e-01 3.445168957114219666e-03 -7.978550344705581665e-02 -1.327603906393051147e-01 -1.857486087828874588e-03 9.911463856697082520e-01 5.951128005981445312e+00
9.887190461158752441e-01 -1.348397321999073029e-02 1.491730213165283203e-01 7.481250166893005371e-01 1.314641162753105164e-02 9.999084472656250000e-01 3.248784458264708519e-03 -8.617468178272247314e-02 -1.492031216621398926e-01 -1.251046545803546906e-03 9.888057112693786621e-01 6.409670829772949219e+00
9.847517013549804688e-01 -1.505917496979236603e-02 1.733116954565048218e-01 8.560640811920166016e-01 1.467888429760932922e-02 9.998863339424133301e-01 3.475857432931661606e-03 -9.301798045635223389e-02 -1.733442991971969604e-01 -8.788357372395694256e-04 9.848607778549194336e-01 6.943894863128662109e+00
9.809756278991699219e-01 -1.595265418291091919e-02 1.934733390808105469e-01 9.978672266006469727e-01 1.549088302999734879e-02 9.998725056648254395e-01 3.899460425600409508e-03 -1.005771979689598083e-01 -1.935108304023742676e-01 -8.282045018859207630e-04 9.810976386070251465e-01 7.619199752807617188e+00
9.756608009338378906e-01 -1.815776154398918152e-02 2.185311466455459595e-01 1.163381457328796387e+00 1.753886789083480835e-02 9.998348355293273926e-01 4.771766252815723419e-03 -1.122669130563735962e-01 -2.185816615819931030e-01 -8.228380465880036354e-04 9.758181571960449219e-01 8.315808296203613281e+00
9.709169268608093262e-01 -1.962778903543949127e-02 2.386096566915512085e-01 1.351758241653442383e+00 1.886984333395957947e-02 9.998070597648620605e-01 5.460607819259166718e-03 -1.219716966152191162e-01 -2.386707663536071777e-01 -7.992718601599335670e-04 9.711000323295593262e-01 9.039711952209472656e+00
9.665275216102600098e-01 -2.128884941339492798e-02 2.556770741939544678e-01 1.502578735351562500e+00 2.055282704532146454e-02 9.997733831405639648e-01 5.550570785999298096e-03 -1.265750676393508911e-01 -2.557372450828552246e-01 -1.098957727663218975e-04 9.667460918426513672e-01 9.570997238159179688e+00
9.602024555206298828e-01 -2.284262515604496002e-02 2.783684134483337402e-01 1.687821745872497559e+00 2.179980650544166565e-02 9.997389316558837891e-01 6.841425318270921707e-03 -1.350137740373611450e-01 -2.784519791603088379e-01 -5.007784347981214523e-04 9.604497551918029785e-01 1.016234874725341797e+01
9.529919028282165527e-01 -2.416961081326007843e-02 3.020296096801757812e-01 1.888519167900085449e+00 2.269415929913520813e-02 9.997072219848632812e-01 8.393843658268451691e-03 -1.403002440929412842e-01 -3.021440207958221436e-01 -1.144959009252488613e-03 9.532613754272460938e-01 1.075357532501220703e+01
9.430498480796813965e-01 -2.597050368785858154e-02 3.316354453563690186e-01 2.131858110427856445e+00 2.409158833324909210e-02 9.996619820594787598e-01 9.776273742318153381e-03 -1.458124816417694092e-01 -3.317771852016448975e-01 -1.229891087859869003e-03 9.433567523956298828e-01 1.142035675048828125e+01
9.308871030807495117e-01 -2.791196852922439575e-02 3.642385303974151611e-01 2.452743291854858398e+00 2.527299150824546814e-02 9.996084570884704590e-01 1.201064512133598328e-02 -1.527382433414459229e-01 -3.644311130046844482e-01 -1.975158695131540298e-03 9.312279820442199707e-01 1.219774341583251953e+01
9.218056797981262207e-01 -2.896679937839508057e-02 3.865678906440734863e-01 2.734949588775634766e+00 2.568736858665943146e-02 9.995769262313842773e-01 1.364774629473686218e-02 -1.532099843025207520e-01 -3.867996037006378174e-01 -2.650659298524260521e-03 9.221597313880920410e-01 1.286212062835693359e+01
9.152265191078186035e-01 -2.993276156485080719e-02 4.018259346485137939e-01 3.029672145843505859e+00 2.639506570994853973e-02 9.995488524436950684e-01 1.433902420103549957e-02 -1.535386890172958374e-01 -4.020737707614898682e-01 -2.517234534025192261e-03 9.156035184860229492e-01 1.351753807067871094e+01
9.035486578941345215e-01 -3.149206191301345825e-02 4.273262917995452881e-01 3.373858690261840820e+00 2.759498544037342072e-02 9.995020627975463867e-01 1.531140413135290146e-02 -1.542451232671737671e-01 -4.275955855846405029e-01 -2.042536856606602669e-03 9.039674997329711914e-01 1.421067810058593750e+01
8.973501920700073242e-01 -3.295044600963592529e-02 4.400869309902191162e-01 3.699800491333007812e+00 2.870235778391361237e-02 9.994550943374633789e-01 1.630682311952114105e-02 -1.542141586542129517e-01 -4.403843283653259277e-01 -2.001399639993906021e-03 8.978067636489868164e-01 1.486793613433837891e+01
8.886749148368835449e-01 -3.460308164358139038e-02 4.572298824787139893e-01 4.035339355468750000e+00 3.023421391844749451e-02 9.994005560874938965e-01 1.687104627490043640e-02 -1.536823809146881104e-01 -4.575394690036773682e-01 -1.168890739791095257e-03 8.891881704330444336e-01 1.550408267974853516e+01
8.782857060432434082e-01 -3.624952584505081177e-02 4.767596721649169922e-01 4.429879665374755859e+00 3.141654282808303833e-02 9.993424415588378906e-01 1.810762286186218262e-02 -1.535830348730087280e-01 -4.771024584770202637e-01 -9.255259064957499504e-04 8.788468241691589355e-01 1.622164154052734375e+01
8.697093129158020020e-01 -3.662021458148956299e-02 4.922034144401550293e-01 4.894788265228271484e+00 3.189203515648841858e-02 9.993293285369873047e-01 1.799834892153739929e-02 -1.518516689538955688e-01 -4.925323128700256348e-01 4.403514321893453598e-05 8.702937960624694824e-01 1.704141807556152344e+01
8.643040657043457031e-01 -3.760009258985519409e-02 5.015618801116943359e-01 5.302576065063476562e+00 3.250544145703315735e-02 9.992929100990295410e-01 1.889880374073982239e-02 -1.503062546253204346e-01 -5.019177198410034180e-01 -3.082319744862616062e-05 8.649150133132934570e-01 1.774562454223632812e+01
8.560636043548583984e-01 -3.870414197444915771e-02 5.154191255569458008e-01 5.774939537048339844e+00 3.281405940651893616e-02 9.992505311965942383e-01 2.053515613079071045e-02 -1.479551345109939575e-01 -5.158274173736572266e-01 -6.664047250524163246e-04 8.566918969154357910e-01 1.853191947937011719e+01
8.500329256057739258e-01 -3.942565619945526123e-02 5.252518057823181152e-01 6.257410526275634766e+00 3.316706791520118713e-02 9.992223381996154785e-01 2.132670581340789795e-02 -1.433411538600921631e-01 -5.256839394569396973e-01 -7.073390297591686249e-04 8.506793379783630371e-01 1.930670166015625000e+01
8.441607952117919922e-01 -3.950394690036773682e-02 5.346324443817138672e-01 6.734947204589843750e+00 3.342749178409576416e-02 9.992194771766662598e-01 2.105171419680118561e-02 -1.386099308729171753e-01 -5.350465178489685059e-01 1.003910729195922613e-04 8.448222279548645020e-01 2.006669235229492188e+01
8.352389335632324219e-01 -4.069364443421363831e-02 5.483792424201965332e-01 7.231015682220458984e+00 3.347773849964141846e-02 9.991712570190429688e-01 2.315551042556762695e-02 -1.331098079681396484e-01 -5.488667488098144531e-01 -9.818861726671457291e-04 8.359088301658630371e-01 2.081683158874511719e+01
8.301392793655395508e-01 -4.168755933642387390e-02 5.559952259063720703e-01 7.713143348693847656e+00 3.438339382410049438e-02 9.991306066513061523e-01 2.357629127800464630e-02 -1.269744038581848145e-01 -5.564944148063659668e-01 -4.546035779640078545e-04 8.308507204055786133e-01 2.153616523742675781e+01
8.223521709442138672e-01 -4.234267026185989380e-02 5.674009323120117188e-01 8.233041763305664062e+00 3.447803854942321777e-02 9.991029500961303711e-01 2.458859607577323914e-02 -1.204694882035255432e-01 -5.679327845573425293e-01 -6.576148443855345249e-04 8.230741620063781738e-01 2.229411697387695312e+01
8.155864477157592773e-01 -4.292543604969978333e-02 5.770406126976013184e-01 8.769082069396972656e+00 3.538509085774421692e-02 9.990780949592590332e-01 2.430722862482070923e-02 -1.129954606294631958e-01 -5.775517225265502930e-01 5.939868860878050327e-04 8.163533210754394531e-01 2.305124092102050781e+01
8.087677359580993652e-01 -4.422709718346595764e-02 5.864626765251159668e-01 9.311661720275878906e+00 3.648223727941513062e-02 9.990208148956298828e-01 2.502824738621711731e-02 -1.056425869464874268e-01 -5.869950652122497559e-01 1.153432996943593025e-03 8.095890879631042480e-01 2.379919242858886719e+01
8.037155866622924805e-01 -4.545680060982704163e-02 5.932745933532714844e-01 9.844302177429199219e+00 3.725957125425338745e-02 9.989656209945678711e-01 2.606496773660182953e-02 -9.799438714981079102e-02 -5.938454270362854004e-01 1.156336977146565914e-03 8.045777082443237305e-01 2.452458572387695312e+01
7.993654608726501465e-01 -4.638395085930824280e-02 5.990519523620605469e-01 1.033524990081787109e+01 3.810071572661399841e-02 9.989223480224609375e-01 2.650449983775615692e-02 -9.063646197319030762e-02 -5.996353626251220703e-01 1.637526089325547218e-03 8.002710342407226562e-01 2.517769432067871094e+01
7.941735386848449707e-01 -4.633264988660812378e-02 6.059219837188720703e-01 1.075458049774169922e+01 3.823054209351539612e-02 9.989233613014221191e-01 2.627579867839813232e-02 -8.465963602066040039e-02 -6.064866781234741211e-01 2.297180704772472382e-03 7.950896024703979492e-01 2.572453689575195312e+01
7.899551987648010254e-01 -4.730901867151260376e-02 6.113365292549133301e-01 1.118400859832763672e+01 3.907780721783638000e-02 9.988765716552734375e-01 2.680381387472152710e-02 -8.031497895717620850e-02 -6.119174361228942871e-01 2.715880516916513443e-03 7.909162640571594238e-01 2.627436447143554688e+01
7.846706509590148926e-01 -4.797516390681266785e-02 6.180534958839416504e-01 1.160743713378906250e+01 3.973247110843658447e-02 9.988430142402648926e-01 2.708948217332363129e-02 -7.447300851345062256e-02 -6.186376810073852539e-01 3.300475189462304115e-03 7.856687903404235840e-01 2.680802536010742188e+01
7.780805826187133789e-01 -4.829013720154762268e-02 6.263054609298706055e-01 1.202507686614990234e+01 3.996912389993667603e-02 9.988262653350830078e-01 2.735766582190990448e-02 -6.770589202642440796e-02 -6.268910765647888184e-01 3.746414557099342346e-03 7.790971994400024414e-01 2.732077217102050781e+01
7.699204683303833008e-01 -4.823891818523406982e-02 6.363138556480407715e-01 1.241949081420898438e+01 3.972697630524635315e-02 9.988277554512023926e-01 2.765264175832271576e-02 -6.158306077122688293e-02 -6.369014978408813477e-01 3.988492768257856369e-03 7.709341049194335938e-01 2.778877449035644531e+01
7.615082859992980957e-01 -4.920469596982002258e-02 6.462846398353576660e-01 1.284288501739501953e+01 4.033070802688598633e-02 9.987791180610656738e-01 2.852065116167068481e-02 -5.397813022136688232e-02 -6.468986272811889648e-01 4.346407484263181686e-03 7.625628709793090820e-01 2.828289031982421875e+01
7.505614757537841797e-01 -5.033522099256515503e-02 6.588805913925170898e-01 1.326145744323730469e+01 4.058243706822395325e-02 9.987235665321350098e-01 3.006820939481258392e-02 -4.703198373317718506e-02 -6.595526337623596191e-01 4.170941654592752457e-03 7.516459822654724121e-01 2.874990081787109375e+01
7.364948391914367676e-01 -5.082027614116668701e-02 6.745313405990600586e-01 1.378273391723632812e+01 4.039326682686805725e-02 9.986984133720397949e-01 3.113970160484313965e-02 -3.813594207167625427e-02 -6.752354502677917480e-01 4.312295001000165939e-03 7.375887632369995117e-01 2.931822395324707031e+01
7.243913412094116211e-01 -5.027607455849647522e-02 6.875532269477844238e-01 1.430774402618408203e+01 3.941014409065246582e-02 9.987261295318603516e-01 3.150835633277893066e-02 -2.847131155431270599e-02 -6.882610321044921875e-01 4.272191785275936127e-03 7.254496216773986816e-01 2.986729812622070312e+01
7.101573944091796875e-01 -5.115101858973503113e-02 7.021822929382324219e-01 1.490297031402587891e+01 3.962650522589683533e-02 9.986801743507385254e-01 3.267308324575424194e-02 -1.556314714252948761e-02 -7.029263377189636230e-01 4.622000269591808319e-03 7.112466692924499512e-01 3.046109390258789062e+01
6.983464360237121582e-01 -5.180458724498748779e-02 7.138827443122863770e-01 1.554425048828125000e+01 3.901585564017295837e-02 9.986495375633239746e-01 3.430263698101043701e-02 -2.956949174404144287e-06 -7.146952748298645020e-01 3.897622693330049515e-03 6.994242072105407715e-01 3.109118080139160156e+01
6.884566545486450195e-01 -5.283666774630546570e-02 7.233504056930541992e-01 1.621862030029296875e+01 3.905428573489189148e-02 9.985964298248291016e-01 3.577152639627456665e-02 1.617502421140670776e-02 -7.242247462272644043e-01 3.622787538915872574e-03 6.895535588264465332e-01 3.173623657226562500e+01
6.792511343955993652e-01 -5.510611832141876221e-02 7.318342328071594238e-01 1.686251640319824219e+01 3.911338001489639282e-02 9.984778165817260742e-01 3.888101130723953247e-02 3.577682375907897949e-02 -7.328624129295349121e-01 2.214537002146244049e-03 6.803722977638244629e-01 3.233700561523437500e+01
6.709579229354858398e-01 -5.629405006766319275e-02 7.393555641174316406e-01 1.755657577514648438e+01 3.969281911849975586e-02 9.984108209609985352e-01 3.999754786491394043e-02 6.060848757624626160e-02 -7.404317855834960938e-01 2.510431688278913498e-03 6.721258163452148438e-01 3.297307586669921875e+01
6.633309721946716309e-01 -5.838942900300025940e-02 7.460448741912841797e-01 1.821714401245117188e+01 4.004212841391563416e-02 9.982922673225402832e-01 4.252902790904045105e-02 8.401320874691009521e-02 -7.472535967826843262e-01 1.662395894527435303e-03 6.645359396934509277e-01 3.356015396118164062e+01
6.567040085792541504e-01 -5.931204929947853088e-02 7.518125772476196289e-01 1.893576812744140625e+01 4.027662798762321472e-02 9.982378482818603516e-01 4.357168450951576233e-02 1.087606698274612427e-01 -7.530716657638549805e-01 1.666770665906369686e-03 6.579353809356689453e-01 3.419101715087890625e+01
6.508977413177490234e-01 -6.130728125572204590e-02 7.566860318183898926e-01 1.968782234191894531e+01 4.088513925671577454e-02 9.981179833412170410e-01 4.569911584258079529e-02 1.361228227615356445e-01 -7.580631971359252930e-01 1.191755058243870735e-03 6.521790027618408203e-01 3.483923721313476562e+01
6.411122083663940430e-01 -6.267342716455459595e-02 7.648838758468627930e-01 2.041000366210937500e+01 4.072070121765136719e-02 9.980336427688598633e-01 4.764603450894355774e-02 1.658592820167541504e-01 -7.663654685020446777e-01 6.001432193443179131e-04 6.424034833908081055e-01 3.544968032836914062e+01
6.266838908195495605e-01 -6.459569931030273438e-02 7.765918374061584473e-01 2.103818702697753906e+01 4.115669801831245422e-02 9.979109764099121094e-01 4.979263246059417725e-02 1.940887570381164551e-01 -7.781853675842285156e-01 7.577008218504488468e-04 6.280331611633300781e-01 3.595340347290039062e+01
6.140877008438110352e-01 -6.580262631177902222e-02 7.864900231361389160e-01 2.172862625122070312e+01 4.148098826408386230e-02 9.978316426277160645e-01 5.109665915369987488e-02 2.283015400171279907e-01 -7.881463766098022461e-01 1.246541738510131836e-03 6.154854893684387207e-01 3.649374771118164062e+01
6.010911464691162109e-01 -6.843750178813934326e-02 7.962449193000793457e-01 2.249421119689941406e+01 4.128505662083625793e-02 9.976551532745361328e-01 5.458242818713188171e-02 2.663983404636383057e-01 -7.981128096580505371e-01 6.398500408977270126e-05 6.025069355964660645e-01 3.707501220703125000e+01
5.889304280281066895e-01 -6.905053555965423584e-02 8.052286505699157715e-01 2.323532295227050781e+01 4.191325604915618896e-02 9.976118803024291992e-01 5.489332228899002075e-02 3.013854026794433594e-01 -8.070955276489257812e-01 1.421385211870074272e-03 5.904179811477661133e-01 3.761353302001953125e+01
5.720570683479309082e-01 -7.090403884649276733e-02 8.171434998512268066e-01 2.392450714111328125e+01 4.325456172227859497e-02 9.974778294563293457e-01 5.627060681581497192e-02 3.352309763431549072e-01 -8.190718293190002441e-01 3.155162325128912926e-03 5.736810564994812012e-01 3.809051513671875000e+01
5.573847293853759766e-01 -7.188265770673751831e-02 8.271368145942687988e-01 2.460730552673339844e+01 4.366749152541160583e-02 9.974039196968078613e-01 5.725350603461265564e-02 3.673043847084045410e-01 -8.291045427322387695e-01 4.206735640764236450e-03 5.590765476226806641e-01 3.854256820678710938e+01
5.497587919235229492e-01 -7.274791598320007324e-02 8.321498036384582520e-01 2.526534461975097656e+01 4.428010433912277222e-02 9.973374605178833008e-01 5.793534964323043823e-02 4.006844162940979004e-01 -8.341484069824218750e-01 4.997190553694963455e-03 5.515161752700805664e-01 3.897652435302734375e+01
5.494603514671325684e-01 -7.424770295619964600e-02 8.322144150733947754e-01 2.602189445495605469e+01 4.567614942789077759e-02 9.972231984138488770e-01 5.881217494606971741e-02 4.412741661071777344e-01 -8.342697620391845703e-01 5.697374232113361359e-03 5.513257980346679688e-01 3.947744750976562500e+01
5.484067201614379883e-01 -7.520082592964172363e-02 8.328235745429992676e-01 2.674964904785156250e+01 4.697608947753906250e-02 9.971454739570617676e-01 5.910520628094673157e-02 4.777062535285949707e-01 -8.348905444145202637e-01 6.709082052111625671e-03 5.503738522529602051e-01 3.995782852172851562e+01
5.478357672691345215e-01 -7.552047818899154663e-02 8.331702947616577148e-01 2.739010238647460938e+01 4.798647388815879822e-02 9.971137642860412598e-01 5.882812663912773132e-02 5.122216939926147461e-01 -8.352078199386596680e-01 7.752727717161178589e-03 5.498785376548767090e-01 4.038002777099609375e+01
5.469815731048583984e-01 -7.534147053956985474e-02 8.337475061416625977e-01 2.806797409057617188e+01 4.926955327391624451e-02 9.971124529838562012e-01 5.778058990836143494e-02 5.469703078269958496e-01 -8.356928229331970215e-01 9.473423473536968231e-03 5.491142272949218750e-01 4.082433700561523438e+01
5.399421453475952148e-01 -7.583358883857727051e-02 8.382790684700012207e-01 2.871018218994140625e+01 5.003543570637702942e-02 9.970632791519165039e-01 5.796959623694419861e-02 5.796918272972106934e-01 -8.402128815650939941e-01 1.064340397715568542e-02 5.421509742736816406e-01 4.123721313476562500e+01
5.358449816703796387e-01 -7.596004754304885864e-02 8.408924937248229980e-01 2.937765121459960938e+01 5.099524557590484619e-02 9.970378279685974121e-01 5.756923928856849670e-02 6.141587495803833008e-01 -8.427742123603820801e-01 1.203330419957637787e-02 5.381314754486083984e-01 4.166305923461914062e+01
5.332775712013244629e-01 -7.623063027858734131e-02 8.424986600875854492e-01 3.006978607177734375e+01 5.189837142825126648e-02 9.970032572746276855e-01 5.736033990979194641e-02 6.484027504920959473e-01 -8.443461060523986816e-01 1.313530001789331436e-02 5.356358289718627930e-01 4.210150909423828125e+01
5.333416461944580078e-01 -7.702688872814178467e-02 8.423856496810913086e-01 3.074214744567871094e+01 5.312160402536392212e-02 9.969292879104614258e-01 5.752526968717575073e-02 6.833500862121582031e-01 -8.442295789718627930e-01 1.406823378056287766e-02 5.357957482337951660e-01 4.252915573120117188e+01
5.379676222801208496e-01 -7.884325087070465088e-02 8.392702937126159668e-01 3.141354179382324219e+01 5.475497618317604065e-02 9.967817068099975586e-01 5.854271352291107178e-02 7.179329991340637207e-01 -8.411846756935119629e-01 1.446012221276760101e-02 5.405533313751220703e-01 4.296368789672851562e+01
5.450848937034606934e-01 -7.953026145696640015e-02 8.346001505851745605e-01 3.210485076904296875e+01 5.682158097624778748e-02 9.967055320739746094e-01 5.786689370870590210e-02 7.533122301101684570e-01 -8.364524245262145996e-01 1.588091254234313965e-02 5.478081703186035156e-01 4.341946792602539062e+01
5.549317002296447754e-01 -7.984635233879089355e-02 8.280551433563232422e-01 3.277898788452148438e+01 5.867506563663482666e-02 9.966605305671691895e-01 5.678256973624229431e-02 7.895037531852722168e-01 -8.298233747482299805e-01 1.707572117447853088e-02 5.577635169029235840e-01 4.387527465820312500e+01
5.653387904167175293e-01 -7.994890213012695312e-02 8.209751248359680176e-01 3.342912673950195312e+01 6.072173267602920532e-02 9.966246485710144043e-01 5.524007976055145264e-02 8.237063288688659668e-01 -8.226200342178344727e-01 1.862165704369544983e-02 5.682851076126098633e-01 4.433017349243164062e+01
5.736078023910522461e-01 -8.061065524816513062e-02 8.151539564132690430e-01 3.407007980346679688e+01 6.224155426025390625e-02 9.965578317642211914e-01 5.475159361958503723e-02 8.560221791267395020e-01 -8.167611956596374512e-01 1.933049410581588745e-02 5.766505599021911621e-01 4.478396606445312500e+01
5.821031332015991211e-01 -8.074717968702316284e-02 8.090956211090087891e-01 3.471043777465820312e+01 6.349694728851318359e-02 9.965320229530334473e-01 5.377041921019554138e-02 8.874067664146423340e-01 -8.106310963630676270e-01 2.007515542209148407e-02 5.852115154266357422e-01 4.524700927734375000e+01
5.901117324829101562e-01 -8.278438448905944824e-02 8.030657768249511719e-01 3.536141204833984375e+01 6.536551564931869507e-02 9.963618516921997070e-01 5.467829853296279907e-02 9.208836555480957031e-01 -8.046702146530151367e-01 2.022647857666015625e-02 5.933759808540344238e-01 4.572908020019531250e+01
5.922620892524719238e-01 -8.404902368783950806e-02 8.013495802879333496e-01 3.604702758789062500e+01 6.669125705957412720e-02 9.962451457977294922e-01 5.520032346248626709e-02 9.557180404663085938e-01 -8.029797673225402832e-01 2.074993029236793518e-02 5.956435203552246094e-01 4.623797607421875000e+01
5.955606102943420410e-01 -8.558441698551177979e-02 7.987381815910339355e-01 3.673032379150390625e+01 6.810484081506729126e-02 9.961075782775878906e-01 5.595169961452484131e-02 9.928829669952392578e-01 -8.004173636436462402e-01 2.107528224587440491e-02 5.990711450576782227e-01 4.675050735473632812e+01
5.983850359916687012e-01 -8.746292442083358765e-02 7.964203357696533203e-01 3.752485656738281250e+01 6.948836147785186768e-02 9.959431290626525879e-01 5.716496706008911133e-02 1.034850358963012695e+00 -7.981888055801391602e-01 2.113526128232479095e-02 6.020351648330688477e-01 4.734793090820312500e+01
6.016172170639038086e-01 -8.907718956470489502e-02 7.938019633293151855e-01 3.829986953735351562e+01 7.092049717903137207e-02 9.957942366600036621e-01 5.799380317330360413e-02 1.078009009361267090e+00 -7.956290245056152344e-01 2.140673436224460602e-02 6.054044365882873535e-01 4.793548583984375000e+01
6.041808128356933594e-01 -9.031024575233459473e-02 7.917128205299377441e-01 3.905696105957031250e+01 7.181581854820251465e-02 9.956843852996826172e-01 5.877231806516647339e-02 1.120356440544128418e+00 -7.936035394668579102e-01 2.134836651384830475e-02 6.080592274665832520e-01 4.851432800292968750e+01
6.068401932716369629e-01 -9.144488722085952759e-02 7.895457148551940918e-01 3.976824569702148438e+01 7.323557138442993164e-02 9.955664277076721191e-01 5.901775509119033813e-02 1.158957839012145996e+00 -7.914417982101440430e-01 2.200845815241336823e-02 6.108468174934387207e-01 4.906257629394531250e+01
6.085793972015380859e-01 -9.203920513391494751e-02 7.881367802619934082e-01 4.049881362915039062e+01 7.440586388111114502e-02 9.954925775527954102e-01 5.880009382963180542e-02 1.200118899345397949e+00 -7.899959087371826172e-01 2.285744994878768921e-02 6.126846075057983398e-01 4.962841033935546875e+01
6.098034381866455078e-01 -9.295728057622909546e-02 7.870821952819824219e-01 4.127282333374023438e+01 7.557331770658493042e-02 9.953922629356384277e-01 5.900799110531806946e-02 1.246292948722839355e+00 -7.889404892921447754e-01 2.349911816418170929e-02 6.140187978744506836e-01 5.023190689086914062e+01
6.109958291053771973e-01 -9.390770643949508667e-02 7.860439419746398926e-01 4.203230285644531250e+01 7.643718272447586060e-02 9.952974915504455566e-01 5.949203670024871826e-02 1.288182616233825684e+00 -7.879341244697570801e-01 2.373358421027660370e-02 6.153007149696350098e-01 5.082552719116210938e+01
6.118956804275512695e-01 -9.496548771858215332e-02 7.852163910865783691e-01 4.288948822021484375e+01 7.758542150259017944e-02 9.951841831207275391e-01 5.989944189786911011e-02 1.338719487190246582e+00 -7.871232032775878906e-01 2.426911704242229462e-02 6.163169145584106445e-01 5.149417495727539062e+01
6.140562295913696289e-01 -9.607288986444473267e-02 7.833929657936096191e-01 4.366357040405273438e+01 7.910871505737304688e-02 9.950568675994873047e-01 6.002204865217208862e-02 1.383225083351135254e+00 -7.852869629859924316e-01 2.511628344655036926e-02 6.186210513114929199e-01 5.210535049438476562e+01
6.174133419990539551e-01 -9.778387844562530518e-02 7.805374264717102051e-01 4.441169357299804688e+01 8.071523904800415039e-02 9.948812127113342285e-01 6.078983098268508911e-02 1.426437735557556152e+00 -7.824862003326416016e-01 2.546878904104232788e-02 6.221455931663513184e-01 5.270036315917968750e+01
6.205369830131530762e-01 -9.861280024051666260e-02 7.779517769813537598e-01 4.509054183959960938e+01 8.188459277153015137e-02 9.947860240936279297e-01 6.078305095434188843e-02 1.468024373054504395e+00 -7.798894643783569336e-01 2.598411031067371368e-02 6.253764033317565918e-01 5.324615478515625000e+01
6.231071949005126953e-01 -9.972933679819107056e-02 7.757519483566284180e-01 4.581459808349609375e+01 8.345966041088104248e-02 9.946520328521728516e-01 6.083353608846664429e-02 1.509497642517089844e+00 -7.776700258255004883e-01 2.683815918862819672e-02 6.280982494354248047e-01 5.383015060424804688e+01
6.254003643989562988e-01 -1.007401272654533386e-01 7.737734913825988770e-01 4.649664688110351562e+01 8.523352444171905518e-02 9.945164918899536133e-01 6.058970838785171509e-02 1.550113320350646973e+00 -7.756341695785522461e-01 2.805859409272670746e-02 6.305574178695678711e-01 5.438654708862304688e+01
6.257783770561218262e-01 -1.015144512057304382e-01 7.733665704727172852e-01 4.720130538940429688e+01 8.653396368026733398e-02 9.944090843200683594e-01 6.050929427146911621e-02 1.590623259544372559e+00 -7.751851677894592285e-01 2.905704453587532043e-02 6.310641169548034668e-01 5.495921707153320312e+01
6.254379749298095703e-01 -1.027670651674270630e-01 7.734764814376831055e-01 4.788396835327148438e+01 8.767521381378173828e-02 9.942663908004760742e-01 6.120738759636878967e-02 1.629379749298095703e+00 -7.753316760063171387e-01 2.953326888382434845e-02 6.308620572090148926e-01 5.551633834838867188e+01
6.237118840217590332e-01 -1.034703478217124939e-01 7.747753858566284180e-01 4.862239837646484375e+01 8.884908258914947510e-02 9.941599369049072266e-01 6.124341115355491638e-02 1.673071622848510742e+00 -7.765874266624450684e-01 3.063982166349887848e-02 6.292625665664672852e-01 5.611451339721679688e+01
6.220093369483947754e-01 -1.046993732452392578e-01 7.759780883789062500e-01 4.936757278442382812e+01 9.048118442296981812e-02 9.939914941787719727e-01 6.158703938126564026e-02 1.716139316558837891e+00 -7.777636647224426270e-01 3.190368786454200745e-02 6.277452707290649414e-01 5.671706390380859375e+01
6.199453473091125488e-01 -1.055880486965179443e-01 7.775079011917114258e-01 5.013925933837890625e+01 9.165613353252410889e-02 9.938651323318481445e-01 6.188817322254180908e-02 1.761411070823669434e+00 -7.792726159095764160e-01 3.289607539772987366e-02 6.258198022842407227e-01 5.733780670166015625e+01
6.174616217613220215e-01 -1.066617444157600403e-01 7.793356180191040039e-01 5.089385986328125000e+01 9.299011528491973877e-02 9.937137961387634277e-01 6.232677400112152100e-02 1.805234789848327637e+00 -7.810844182968139648e-01 3.398611024022102356e-02 6.234985589981079102e-01 5.794363403320312500e+01
6.162594556808471680e-01 -1.077020689845085144e-01 7.801436781883239746e-01 5.163639068603515625e+01 9.424389898777008057e-02 9.935708642005920410e-01 6.272049993276596069e-02 1.849929928779602051e+00 -7.818831205368041992e-01 3.487167507410049438e-02 6.224476695060729980e-01 5.853630828857421875e+01
6.146674156188964844e-01 -1.090214103460311890e-01 7.812156677246093750e-01 5.240297698974609375e+01 9.580665826797485352e-02 9.933878183364868164e-01 6.324934214353561401e-02 1.897982001304626465e+00 -7.829456925392150879e-01 3.596834465861320496e-02 6.210480928421020508e-01 5.914498519897460938e+01
6.134230494499206543e-01 -1.099548414349555969e-01 7.820624113082885742e-01 5.306525421142578125e+01 9.740526229143142700e-02 9.932327866554260254e-01 6.324325501918792725e-02 1.938568711280822754e+00 -7.837239503860473633e-01 3.738211467862129211e-02 6.199820637702941895e-01 5.967021179199218750e+01
6.116165518760681152e-01 -1.103765219449996948e-01 7.834167480468750000e-01 5.367785644531250000e+01 9.877015650272369385e-02 9.931253194808959961e-01 6.281244009733200073e-02 1.974081873893737793e+00 -7.849639654159545898e-01 3.896104916930198669e-02 6.183137893676757812e-01 6.015395355224609375e+01
6.111897230148315430e-01 -1.112039983272552490e-01 7.836327552795410156e-01 5.427669906616210938e+01 9.983268380165100098e-02 9.930039048194885254e-01 6.305166333913803101e-02 2.009830951690673828e+00 -7.851619720458984375e-01 3.969562426209449768e-02 6.180155873298645020e-01 6.062519073486328125e+01
6.112625002861022949e-01 -1.118684709072113037e-01 7.834813594818115234e-01 5.484050750732421875e+01 1.010047495365142822e-01 9.928907752037048340e-01 6.296615302562713623e-02 2.043980121612548828e+00 -7.849554419517517090e-01 4.064648225903511047e-02 6.182161569595336914e-01 6.106832122802734375e+01
6.112142801284790039e-01 -1.124312877655029297e-01 7.834383249282836914e-01 5.544589233398437500e+01 1.022315993905067444e-01 9.927810430526733398e-01 6.271620094776153564e-02 2.080448627471923828e+00 -7.848340868949890137e-01 4.175911098718643188e-02 6.182959675788879395e-01 6.154603958129882812e+01
6.118055582046508789e-01 -1.133032441139221191e-01 7.828509211540222168e-01 5.606272125244140625e+01 1.033017039299011230e-01 9.926562309265136719e-01 6.293746829032897949e-02 2.117220640182495117e+00 -7.842329740524291992e-01 4.236433655023574829e-02 6.190170645713806152e-01 6.203382110595703125e+01
6.114870905876159668e-01 -1.142990887165069580e-01 7.829549312591552734e-01 5.669551086425781250e+01 1.042900010943412781e-01 9.925207495689392090e-01 6.344205141067504883e-02 2.156284332275390625e+00 -7.843505740165710449e-01 4.286036267876625061e-02 6.188339591026306152e-01 6.253379821777343750e+01
6.119161844253540039e-01 -1.151644587516784668e-01 7.824926972389221191e-01 5.730862426757812500e+01 1.054158508777618408e-01 9.923904538154602051e-01 6.362035125494003296e-02 2.194135665893554688e+00 -7.838652729988098145e-01 4.355679079890251160e-02 6.194000244140625000e-01 6.301894378662109375e+01
6.112072467803955078e-01 -1.158126518130302429e-01 7.829508781433105469e-01 5.791315460205078125e+01 1.063939258456230164e-01 9.922796487808227539e-01 6.372021883726119995e-02 2.230866909027099609e+00 -7.842860221862792969e-01 4.435493797063827515e-02 6.188104152679443359e-01 6.349613952636718750e+01
6.120616197586059570e-01 -1.164801493287086487e-01 7.821840643882751465e-01 5.852453613281250000e+01 1.076981425285339355e-01 9.921546578407287598e-01 6.347411870956420898e-02 2.268288850784301758e+00 -7.834413647651672363e-01 4.538968205451965332e-02 6.198046207427978516e-01 6.398029708862304688e+01
6.124715805053710938e-01 -1.177387163043022156e-01 7.816745042800903320e-01 5.915198516845703125e+01 1.088197752833366394e-01 9.919885396957397461e-01 6.415260583162307739e-02 2.307474374771118164e+00 -7.829657793045043945e-01 4.576997086405754089e-02 6.203773021697998047e-01 6.447761535644531250e+01
6.133801937103271484e-01 -1.183162480592727661e-01 7.808744311332702637e-01 5.980329513549804688e+01 1.097457855939865112e-01 9.918910264968872070e-01 6.408322602510452271e-02 2.348136186599731445e+00 -7.821248173713684082e-01 4.639027640223503113e-02 6.213911771774291992e-01 6.499555206298828125e+01
6.147233843803405762e-01 -1.189509555697441101e-01 7.797209024429321289e-01 6.051507186889648438e+01 1.108006909489631653e-01 9.917824268341064453e-01 6.394816190004348755e-02 2.391198158264160156e+00 -7.809205651283264160e-01 4.708315804600715637e-02 6.228519082069396973e-01 6.556226348876953125e+01
6.159920692443847656e-01 -1.204191222786903381e-01 7.784933447837829590e-01 6.122867965698242188e+01 1.120856031775474548e-01 9.915897846221923828e-01 6.469233334064483643e-02 2.435312986373901367e+00 -7.797366380691528320e-01 4.740790650248527527e-02 6.243088841438293457e-01 6.613198089599609375e+01
6.176102161407470703e-01 -1.212125048041343689e-01 7.770869731903076172e-01 6.195620727539062500e+01 1.133890300989151001e-01 9.914520382881164551e-01 6.453101336956024170e-02 2.482130289077758789e+00 -7.782668471336364746e-01 4.825809597969055176e-02 6.260752677917480469e-01 6.671739196777343750e+01
6.188229322433471680e-01 -1.216091215610504150e-01 7.760595083236694336e-01 6.274908828735351562e+01 1.148099601268768311e-01 9.913361072540283203e-01 6.379475444555282593e-02 2.528176307678222656e+00 -7.770943045616149902e-01 4.962167516350746155e-02 6.274237036705017090e-01 6.735347747802734375e+01
6.204279065132141113e-01 -1.226179972290992737e-01 7.746179699897766113e-01 6.346117782592773438e+01 1.162445619702339172e-01 9.911690950393676758e-01 6.379125267267227173e-02 2.572015047073364258e+00 -7.755998373031616211e-01 5.046722292900085449e-02 6.292029023170471191e-01 6.793117523193359375e+01
6.225556731224060059e-01 -1.232080534100532532e-01 7.728150486946105957e-01 6.427077484130859375e+01 1.176066398620605469e-01 9.910424947738647461e-01 6.325936317443847656e-02 2.620394468307495117e+00 -7.736871838569641113e-01 5.150568112730979919e-02 6.314694285392761230e-01 6.858647918701171875e+01
6.249161958694458008e-01 -1.240575909614562988e-01 7.707712650299072266e-01 6.505359649658203125e+01 1.190195158123970032e-01 9.908909797668457031e-01 6.298935413360595703e-02 2.666257381439208984e+00 -7.715651988983154297e-01 5.237372964620590210e-02 6.339893341064453125e-01 6.922623443603515625e+01
6.273453235626220703e-01 -1.248568370938301086e-01 7.686660885810852051e-01 6.578540802001953125e+01 1.203495264053344727e-01 9.907482266426086426e-01 6.270739436149597168e-02 2.710669755935668945e+00 -7.693845629692077637e-01 5.316937714815139771e-02 6.365678906440734863e-01 6.983066558837890625e+01
6.318997740745544434e-01 -1.251236349344253540e-01 7.648828029632568359e-01 6.651799774169921875e+01 1.219208389520645142e-01 9.906421899795532227e-01 6.133106350898742676e-02 2.755277395248413086e+00 -7.653997540473937988e-01 5.450002849102020264e-02 6.412419676780700684e-01 7.044567871093750000e+01
6.355247497558593750e-01 -1.264608949422836304e-01 7.616527676582336426e-01 6.727691650390625000e+01 1.240058466792106628e-01 9.904055595397949219e-01 6.097118183970451355e-02 2.800220012664794922e+00 -7.620562314987182617e-01 5.570066347718238831e-02 6.451093554496765137e-01 7.108769989013671875e+01
6.396667957305908203e-01 -1.273658573627471924e-01 7.580260038375854492e-01 6.792266082763671875e+01 1.256256401538848877e-01 9.902380704879760742e-01 6.037268787622451782e-02 2.838855743408203125e+00 -7.583162188529968262e-01 5.660905689001083374e-02 6.494230031967163086e-01 7.164064025878906250e+01
6.489297747611999512e-01 -1.286987364292144775e-01 7.498839497566223145e-01 6.856748962402343750e+01 1.275543272495269775e-01 9.900422096252441406e-01 5.953387171030044556e-02 2.878140926361083984e+00 -7.500793933868408203e-01 5.701760575175285339e-02 6.588841080665588379e-01 7.220600891113281250e+01
6.528990268707275391e-01 -1.299173831939697266e-01 7.462194561958312988e-01 6.917875671386718750e+01 1.289458572864532471e-01 9.898630380630493164e-01 5.951584503054618835e-02 2.914590597152709961e+00 -7.463878393173217773e-01 5.736403912305831909e-02 6.630331277847290039e-01 7.274725341796875000e+01
6.574187874794006348e-01 -1.307005882263183594e-01 7.421030998229980469e-01 6.976662445068359375e+01 1.300660222768783569e-01 9.897419214248657227e-01 5.909163877367973328e-02 2.949247837066650391e+00 -7.422145009040832520e-01 5.767441913485527039e-02 6.676748394966125488e-01 7.327382659912109375e+01
6.645832657814025879e-01 -1.312732994556427002e-01 7.355919480323791504e-01 7.032484436035156250e+01 1.314151436090469360e-01 9.896352887153625488e-01 5.788053572177886963e-02 2.985167741775512695e+00 -7.355665564537048340e-01 5.820147320628166199e-02 6.749464869499206543e-01 7.378724670410156250e+01
6.699554920196533203e-01 -1.323158442974090576e-01 7.305144071578979492e-01 7.092639160156250000e+01 1.331918984651565552e-01 9.894450902938842773e-01 5.706485733389854431e-02 3.020726203918457031e+00 -7.303552031517028809e-01 5.906767025589942932e-02 6.805076599121093750e-01 7.434803771972656250e+01
6.800056695938110352e-01 -1.325286328792572021e-01 7.211294174194335938e-01 7.151825714111328125e+01 1.347718089818954468e-01 9.893625974655151367e-01 5.473824590444564819e-02 3.053708314895629883e+00 -7.207135558128356934e-01 5.996558070182800293e-02 6.906333565711975098e-01 7.491301727294921875e+01
