9.995697736740112305e-01 4.984287661500275135e-04 2.932605333626270294e-02 4.070337489247322083e-02 -4.580349195748567581e-04 9.999989271163940430e-01 -1.384180388413369656e-03 -1.972390711307525635e-02 -2.932671271264553070e-02 1.370153273455798626e-03 9.995689392089843750e-01 1.096832156181335449e+00
9.978464841842651367e-01 1.838962780311703682e-03 6.556633114814758301e-02 1.069331467151641846e-01 -1.796079566702246666e-03 9.999980926513671875e-01 -7.130035082809627056e-04 -4.015068709850311279e-02 -6.556752324104309082e-02 5.937078967690467834e-04 9.978479743003845215e-01 2.041417360305786133e+00
9.935334324836730957e-01 1.676550833508372307e-03 1.135266572237014771e-01 2.386916130781173706e-01 -1.904001808725297451e-03 9.999963045120239258e-01 1.895064837299287319e-03 -6.155548244714736938e-02 -1.135230734944343567e-01 -2.098962897434830666e-03 9.935330748558044434e-01 3.104663610458374023e+00
9.845801591873168945e-01 1.503432285971939564e-03 1.749265193939208984e-01 4.439658522605895996e-01 -1.893581589683890343e-03 9.999959468841552734e-01 2.063449239358305931e-03 -8.323057740926742554e-02 -1.749227344989776611e-01 -2.362866653129458427e-03 9.845791459083557129e-01 4.248902320861816406e+00
9.730728864669799805e-01 3.153258236125111580e-03 2.304750978946685791e-01 7.234388589859008789e-01 -3.246522974222898483e-03 9.999945163726806641e-01 2.542044967412948608e-05 -1.037208586931228638e-01 -2.304738163948059082e-01 -7.729773642495274544e-04 9.730779528617858887e-01 5.426525592803955078e+00
9.526068568229675293e-01 2.892013406381011009e-03 3.041896224021911621e-01 1.079696655273437500e+00 -2.870218362659215927e-03 9.999954700469970703e-01 -5.188041250221431255e-04 -1.222770735621452332e-01 -3.041898608207702637e-01 -3.788729663938283920e-04 9.526110291481018066e-01 6.521636009216308594e+00
9.362456798553466797e-01 8.539268746972084045e-04 3.513440489768981934e-01 1.437584877014160156e+00 -1.022620825096964836e-03 9.999991655349731445e-01 2.945659798569977283e-04 -1.468211114406585693e-01 -3.513436317443847656e-01 -6.350759067572653294e-04 9.362459778785705566e-01 7.440185546875000000e+00
9.263998866081237793e-01 -2.279050531797111034e-04 3.765400946140289307e-01 1.809682369232177734e+00 4.504242097027599812e-04 9.999994635581970215e-01 -5.029211752116680145e-04 -1.685277521610260010e-01 -3.765399158000946045e-01 6.355131627060472965e-04 9.263997673988342285e-01 8.325361251831054688e+00
9.074610471725463867e-01 -3.369388869032263756e-03 4.201217293739318848e-01 2.237766504287719727e+00 3.761778119951486588e-03 9.999925494194030762e-01 -1.054584863595664501e-04 -1.921042650938034058e-01 -4.201184511184692383e-01 1.676108571700751781e-03 9.074672460556030273e-01 9.194799423217773438e+00
8.863207697868347168e-01 -4.810882732272148132e-03 4.630457758903503418e-01 2.780185937881469727e+00 5.461613647639751434e-03 9.999846816062927246e-01 -6.464892067015171051e-05 -2.163386493921279907e-01 -4.630385637283325195e-01 2.586280694231390953e-03 8.863338232040405273e-01 1.019472599029541016e+01
8.622327446937561035e-01 -6.401695311069488525e-03 5.064707994461059570e-01 3.359157562255859375e+00 6.665798369795084000e-03 9.999765157699584961e-01 1.291432417929172516e-03 -2.340898662805557251e-01 -5.064673423767089844e-01 2.262519905343651772e-03 8.622555732727050781e-01 1.116909122467041016e+01
8.450530767440795898e-01 -8.773976936936378479e-03 5.346094369888305664e-01 3.893419742584228516e+00 8.764819242060184479e-03 9.999578595161437988e-01 2.556761261075735092e-03 -2.519204020500183105e-01 -5.346095561981201172e-01 2.525162650272250175e-03 8.450946807861328125e-01 1.198541736602783203e+01
8.217342495918273926e-01 -1.050503645092248917e-02 5.697730183601379395e-01 4.383984088897705078e+00 1.146576832979917526e-02 9.999319911003112793e-01 1.899894792586565018e-03 -2.614175081253051758e-01 -5.697544813156127930e-01 4.971687216311693192e-03 8.217991590499877930e-01 1.265303993225097656e+01
7.979794144630432129e-01 -1.136020850390195847e-02 6.025765538215637207e-01 4.860438346862792969e+00 1.199783757328987122e-02 9.999231100082397461e-01 2.962791826575994492e-03 -2.661921679973602295e-01 -6.025641560554504395e-01 4.865380004048347473e-03 7.980546951293945312e-01 1.323862648010253906e+01
7.643568515777587891e-01 -1.378770265728235245e-02 6.446449160575866699e-01 5.253273963928222656e+00 1.394417323172092438e-02 9.998904466629028320e-01 4.852080717682838440e-03 -2.738610208034515381e-01 -6.446415185928344727e-01 5.280332174152135849e-03 7.644657492637634277e-01 1.364227867126464844e+01
7.270759344100952148e-01 -1.502544060349464417e-02 6.863914728164672852e-01 5.627163887023925781e+00 1.419613324105739594e-02 9.998751878738403320e-01 6.850171368569135666e-03 -2.852738201618194580e-01 -6.864091157913208008e-01 4.763522185385227203e-03 7.271988391876220703e-01 1.396517086029052734e+01
6.861953139305114746e-01 -1.693935692310333252e-02 7.272189259529113770e-01 6.315079689025878906e+00 1.618620194494724274e-02 9.998362064361572266e-01 8.016414940357208252e-03 -2.900825738906860352e-01 -7.272360920906066895e-01 6.270101759582757950e-03 6.863573789596557617e-01 1.457187557220458984e+01
6.426807641983032227e-01 -1.736312545835971832e-02 7.659361362457275391e-01 7.053754329681396484e+00 1.659075170755386353e-02 9.998234510421752930e-01 8.744208142161369324e-03 -2.943767309188842773e-01 -7.659531831741333008e-01 7.087739650160074234e-03 6.428555846214294434e-01 1.514361381530761719e+01
5.924403071403503418e-01 -1.675477065145969391e-02 8.054388761520385742e-01 7.989113807678222656e+00 1.557472441345453262e-02 9.998343586921691895e-01 9.342610836029052734e-03 -3.044971227645874023e-01 -8.054624795913696289e-01 7.009566761553287506e-03 5.926033258438110352e-01 1.581138324737548828e+01
5.609915256500244141e-01 -1.601431518793106079e-02 8.276653885841369629e-01 9.180562019348144531e+00 1.557561196386814117e-02 9.998393058776855469e-01 8.788524195551872253e-03 -3.164526820182800293e-01 -8.276736140251159668e-01 7.961124181747436523e-03 5.611510276794433594e-01 1.661497879028320312e+01
5.232834219932556152e-01 -1.468996983021497726e-02 8.520307540893554688e-01 1.017820644378662109e+01 1.600316725671291351e-02 9.998436570167541504e-01 7.409925572574138641e-03 -3.299592137336730957e-01 -8.520070314407348633e-01 9.757718071341514587e-03 5.234369039535522461e-01 1.721468353271484375e+01
4.724960923194885254e-01 -1.730085164308547974e-02 8.811616301536560059e-01 1.127894306182861328e+01 1.547077763825654984e-02 9.998151659965515137e-01 1.133478526026010513e-02 -3.394389748573303223e-01 -8.811956048011779785e-01 8.276631124317646027e-03 4.726765751838684082e-01 1.779278755187988281e+01
4.076979458332061768e-01 -1.864219270646572113e-02 9.129252433776855469e-01 1.270879268646240234e+01 1.654903218150138855e-02 9.997771978378295898e-01 1.302520744502544403e-02 -3.555976450443267822e-01 -9.129654765129089355e-01 9.797696955502033234e-03 4.079157710075378418e-01 1.844562721252441406e+01
3.523035943508148193e-01 -1.678961701691150665e-02 9.357338547706604004e-01 1.380408096313476562e+01 1.426061708480119705e-02 9.998182058334350586e-01 1.257035508751869202e-02 -3.622894883155822754e-01 -9.357756972312927246e-01 8.915579877793788910e-03 3.524790704250335693e-01 1.884997749328613281e+01
3.106925785541534424e-01 -1.654230430722236633e-02 9.503651857376098633e-01 1.491055774688720703e+01 1.405368279665708542e-02 9.998180866241455078e-01 1.280868612229824066e-02 -3.697517216205596924e-01 -9.504050612449645996e-01 9.376586414873600006e-03 3.108686208724975586e-01 1.920723724365234375e+01
2.809777855873107910e-01 -1.840892247855663300e-02 9.595363140106201172e-01 1.605386543273925781e+01 1.025283895432949066e-02 9.998154044151306152e-01 1.617938838899135590e-02 -3.771668076515197754e-01 -9.596579670906066895e-01 5.291940644383430481e-03 2.811146974563598633e-01 1.954719924926757812e+01
2.468695938587188721e-01 -1.900910772383213043e-02 9.688608050346374512e-01 1.718765068054199219e+01 8.174100890755653381e-03 9.998117089271545410e-01 1.753357797861099243e-02 -3.842333853244781494e-01 -9.690126776695251465e-01 3.591076936572790146e-03 2.469784766435623169e-01 1.983132171630859375e+01
2.271870374679565430e-01 -1.916673779487609863e-02 9.736610054969787598e-01 1.865147781372070312e+01 7.876767776906490326e-03 9.998085498809814453e-01 1.784355752170085907e-02 -3.892182409763336182e-01 -9.738176465034484863e-01 3.615495515987277031e-03 2.272945046424865723e-01 2.017337226867675781e+01
1.919004470109939575e-01 -1.809615828096866608e-02 9.812460541725158691e-01 2.046801185607910156e+01 7.934888824820518494e-03 9.998246431350708008e-01 1.688698120415210724e-02 -3.922210633754730225e-01 -9.813806414604187012e-01 4.545479547232389450e-03 1.920103579759597778e-01 2.054145431518554688e+01
1.464040875434875488e-01 -1.772793941199779510e-02 9.890644550323486328e-01 2.193756675720214844e+01 4.768887534737586975e-03 9.998391270637512207e-01 1.721516624093055725e-02 -3.937820494174957275e-01 -9.892116189002990723e-01 2.196384361013770103e-03 1.464650034904479980e-01 2.076646041870117188e+01
9.085740149021148682e-02 -1.545686647295951843e-02 9.957423806190490723e-01 2.338134574890136719e+01 4.327175207436084747e-03 9.998748302459716797e-01 1.512618549168109894e-02 -3.904661238193511963e-01 -9.958527088165283203e-01 2.934444928541779518e-03 9.091277420520782471e-02 2.091356277465820312e+01
1.315979659557342529e-02 -1.229101512581110001e-02 9.998362660408020020e-01 2.453188323974609375e+01 -1.633345382288098335e-04 9.999229311943054199e-01 1.229424029588699341e-02 -3.911159336566925049e-01 -9.999115467071533203e-01 -3.250817535445094109e-04 1.315654814243316650e-02 2.091155624389648438e+01
-7.175754755735397339e-02 -1.363701466470956802e-02 9.973271489143371582e-01 2.568752670288085938e+01 -2.988247200846672058e-03 9.999033808708190918e-01 1.345724705606698990e-02 -3.975166976451873779e-01 -9.974156022071838379e-01 -2.014586934819817543e-03 -7.179169356822967529e-02 2.082096481323242188e+01
-1.522581279277801514e-01 -1.323146931827068329e-02 9.882503747940063477e-01 2.683271980285644531e+01 -4.333921242505311966e-03 9.999080300331115723e-01 1.271984074264764786e-02 -4.042986631393432617e-01 -9.883291125297546387e-01 -2.346286550164222717e-03 -1.523019373416900635e-01 2.063410186767578125e+01
-2.317257821559906006e-01 -1.261205691844224930e-02 9.726974964141845703e-01 2.800685882568359375e+01 -4.267996642738580704e-03 9.999177455902099609e-01 1.194824185222387314e-02 -4.092915654182434082e-01 -9.727694988250732422e-01 -1.382739283144474030e-03 -2.317611426115036011e-01 2.033391952514648438e+01
-3.316272199153900146e-01 -9.773765690624713898e-03 9.433578848838806152e-01 2.907040596008300781e+01 -5.583015736192464828e-03 9.999473690986633301e-01 8.397431112825870514e-03 -4.127153754234313965e-01 -9.433915019035339355e-01 -2.481951611116528511e-03 -3.316650688648223877e-01 1.995095825195312500e+01
-4.267505407333374023e-01 -4.224552772939205170e-03 9.043573141098022461e-01 3.015241432189941406e+01 -6.298513617366552353e-03 9.999768137931823730e-01 1.699076034128665924e-03 -4.229001998901367188e-01 -9.043447375297546387e-01 -4.971017129719257355e-03 -4.267681837081909180e-01 1.941319084167480469e+01
-5.026410222053527832e-01 -7.423121482133865356e-03 8.644610047340393066e-01 3.140374946594238281e+01 -1.031236909329891205e-02 9.999414682388305664e-01 2.590377582237124443e-03 -4.504958987236022949e-01 -8.644308447837829590e-01 -7.612607907503843307e-03 -5.026892423629760742e-01 1.868918609619140625e+01
-5.763741731643676758e-01 -1.323010958731174469e-02 8.170762062072753906e-01 3.221701431274414062e+01 -1.282105315476655960e-02 9.998901486396789551e-01 7.146147079765796661e-03 -4.576171636581420898e-01 -8.170822262763977051e-01 -6.356917321681976318e-03 -5.764816999435424805e-01 1.808286666870117188e+01
-6.334334015846252441e-01 -1.635276712477207184e-02 7.736214995384216309e-01 3.321447753906250000e+01 -1.364928204566240311e-02 9.998551011085510254e-01 9.959005750715732574e-03 -4.713957309722900391e-01 -7.736734747886657715e-01 -4.251001402735710144e-03 -6.335661411285400391e-01 1.726192283630371094e+01
-6.912677884101867676e-01 -1.489618234336376190e-02 7.224418520927429199e-01 3.429872512817382812e+01 -1.246578246355056763e-02 9.998823404312133789e-01 8.688933216035366058e-03 -4.882993400096893311e-01 -7.224874496459960938e-01 -2.999411663040518761e-03 -6.913735866546630859e-01 1.622951698303222656e+01
-7.348746061325073242e-01 -1.337906159460544586e-02 6.780673861503601074e-01 3.534363174438476562e+01 -1.173217128962278366e-02 9.999042749404907227e-01 7.014228031039237976e-03 -5.071684718132019043e-01 -6.780974864959716797e-01 -2.800613874569535255e-03 -7.349628210067749023e-01 1.511784172058105469e+01
-7.804703712463378906e-01 -1.420537754893302917e-02 6.250274181365966797e-01 3.639599990844726562e+01 -1.407540868967771530e-02 9.998852610588073730e-01 5.149086471647024155e-03 -5.283264517784118652e-01 -6.250299811363220215e-01 -4.778799600899219513e-03 -7.805824875831604004e-01 1.382184410095214844e+01
-7.996008396148681641e-01 -1.468833070248365402e-02 6.003480553627014160e-01 3.731189346313476562e+01 -1.437245123088359833e-02 9.998801350593566895e-01 5.320844240486621857e-03 -5.500746965408325195e-01 -6.003553271293640137e-01 -4.373913165181875229e-03 -7.997177839279174805e-01 1.260332393646240234e+01
-8.172017335891723633e-01 -1.324547082185745239e-02 5.761951208114624023e-01 3.824899673461914062e+01 -1.242652162909507751e-02 9.999059438705444336e-01 5.361489020287990570e-03 -5.682538747787475586e-01 -5.762130022048950195e-01 -2.778671681880950928e-03 -8.172912001609802246e-01 1.128597831726074219e+01
-8.310048580169677734e-01 -1.232961099594831467e-02 5.561239123344421387e-01 3.926560211181640625e+01 -1.209750678390264511e-02 9.999159574508666992e-01 4.091719631105661392e-03 -5.878892540931701660e-01 -5.561286807060241699e-01 -3.327462123706936836e-03 -8.310859799385070801e-01 9.778416633605957031e+00
-8.443487882614135742e-01 -1.207586564123630524e-02 5.356530547142028809e-01 4.034210205078125000e+01 -1.192193478345870972e-02 9.999194145202636719e-01 3.749884199351072311e-03 -6.083700060844421387e-01 -5.356562137603759766e-01 -3.219798905774950981e-03 -8.444265127182006836e-01 8.115810394287109375e+00
-8.583938479423522949e-01 -1.323082949966192245e-02 5.128156542778015137e-01 4.128501510620117188e+01 -1.354259438812732697e-02 9.999008774757385254e-01 3.129110438749194145e-03 -6.338063478469848633e-01 -5.128072500228881836e-01 -4.258838482201099396e-03 -8.584897518157958984e-01 6.564622879028320312e+00
-8.625952005386352539e-01 -1.431040558964014053e-02 5.056872367858886719e-01 4.218098449707031250e+01 -1.448081526905298233e-02 9.998861551284790039e-01 3.594538662582635880e-03 -6.599988341331481934e-01 -5.056821703910827637e-01 -4.222129471600055695e-03 -8.627061247825622559e-01 5.041501522064208984e+00
-8.618037104606628418e-01 -1.511699799448251724e-02 5.070114731788635254e-01 4.313770294189453125e+01 -1.516950409859418869e-02 9.998742938041687012e-01 4.027484450489282608e-03 -6.868629455566406250e-01 -5.070096850395202637e-01 -4.220186732709407806e-03 -8.619266748428344727e-01 3.415191173553466797e+00
-8.604505062103271484e-01 -1.616208814084529877e-02 5.092724561691284180e-01 4.414165115356445312e+01 -1.500068139284849167e-02 9.998645782470703125e-01 6.386713124811649323e-03 -7.103363275527954102e-01 -5.093077421188354492e-01 -2.143951598554849625e-03 -8.605784177780151367e-01 1.728406786918640137e+00
-8.601610064506530762e-01 -1.636800542473793030e-02 5.097550153732299805e-01 4.518927001953125000e+01 -1.489594485610723495e-02 9.998623728752136230e-01 6.970359478145837784e-03 -7.303277850151062012e-01 -5.097998976707458496e-01 -1.597499824129045010e-03 -8.602885007858276367e-01 -3.714525699615478516e-02
-8.596032857894897461e-01 -1.556493062525987625e-02 5.107201337814331055e-01 4.628164672851562500e+01 -1.465912163257598877e-02 9.998733997344970703e-01 5.800132639706134796e-03 -7.516354322433471680e-01 -5.107466578483581543e-01 -2.500763162970542908e-03 -8.597245812416076660e-01 -1.886845707893371582e+00
-8.587465882301330566e-01 -1.760206557810306549e-02 5.120931863784790039e-01 4.730215835571289062e+01 -1.655860431492328644e-02 9.998387694358825684e-01 6.600161548703908920e-03 -7.763283848762512207e-01 -5.121276974678039551e-01 -2.811578102409839630e-03 -8.589016795158386230e-01 -3.592046737670898438e+00
-8.578388094902038574e-01 -1.776704937219619751e-02 5.136066675186157227e-01 4.824090576171875000e+01 -1.676890067756175995e-02 9.998354315757751465e-01 6.579804699867963791e-03 -7.991554737091064453e-01 -5.136399865150451660e-01 -2.968108747154474258e-03 -8.579975962638854980e-01 -5.157949447631835938e+00
-8.578683137893676758e-01 -1.789009943604469299e-02 5.135531425476074219e-01 4.927367782592773438e+01 -1.681696623563766479e-02 9.998335838317871094e-01 6.738726049661636353e-03 -8.210421204566955566e-01 -5.135892033576965332e-01 -2.855374477803707123e-03 -8.580284118652343750e-01 -6.874337196350097656e+00
-8.569806218147277832e-01 -1.849394105374813080e-02 5.150117874145507812e-01 5.042705917358398438e+01 -1.639456860721111298e-02 9.998261332511901855e-01 8.623485453426837921e-03 -8.450679779052734375e-01 -5.150827169418334961e-01 -1.053145853802561760e-03 -8.571367859840393066e-01 -8.780324935913085938e+00
-8.570250272750854492e-01 -1.946767419576644897e-02 5.149020552635192871e-01 5.153855895996093750e+01 -1.633459329605102539e-02 9.998080134391784668e-01 1.061382330954074860e-02 -8.661874532699584961e-01 -5.150107741355895996e-01 6.856893887743353844e-04 -8.571804165840148926e-01 -1.062423992156982422e+01
-8.574197292327880859e-01 -1.904781907796859741e-02 5.142602920532226562e-01 5.265389251708984375e+01 -1.549882628023624420e-02 9.998149871826171875e-01 1.119194366037845612e-02 -8.777956366539001465e-01 -5.143793225288391113e-01 1.625867560505867004e-03 -8.575582504272460938e-01 -1.247301101684570312e+01
-8.574928045272827148e-01 -2.040003985166549683e-02 5.140866041183471680e-01 5.379502487182617188e+01 -1.674986258149147034e-02 9.997885227203369141e-01 1.173560507595539093e-02 -8.912950158119201660e-01 -5.142183303833007812e-01 1.452422467991709709e-03 -8.576551079750061035e-01 -1.437231349945068359e+01
-8.575764298439025879e-01 -2.126826718449592590e-02 5.139119029045104980e-01 5.487296295166015625e+01 -1.720036566257476807e-02 9.997694492340087891e-01 1.267339941114187241e-02 -8.997634053230285645e-01 -5.140639543533325195e-01 2.029035007581114769e-03 -8.577464818954467773e-01 -1.615906906127929688e+01
-8.583489060401916504e-01 -2.176918275654315948e-02 5.125995874404907227e-01 5.594499969482421875e+01 -1.782437600195407867e-02 9.997592568397521973e-01 1.261155400425195694e-02 -9.128221869468688965e-01 -5.127517580986022949e-01 1.688451506197452545e-03 -8.585323095321655273e-01 -1.795687675476074219e+01
-8.588642477989196777e-01 -2.182533033192157745e-02 5.117331743240356445e-01 5.706978607177734375e+01 -1.765563897788524628e-02 9.997571110725402832e-01 1.300774887204170227e-02 -9.232372641563415527e-01 -5.118938088417053223e-01 2.137019764631986618e-03 -8.590430617332458496e-01 -1.984236145019531250e+01
-8.599702715873718262e-01 -2.393040433526039124e-02 5.097777843475341797e-01 5.817053604125976562e+01 -2.044709213078022003e-02 9.997111558914184570e-01 1.243655383586883545e-02 -9.312060475349426270e-01 -5.099292397499084473e-01 2.716766321100294590e-04 -8.602133393287658691e-01 -2.169431495666503906e+01
-8.613411188125610352e-01 -2.562605589628219604e-02 5.073752999305725098e-01 5.927611541748046875e+01 -2.243842929601669312e-02 9.996689558029174805e-01 1.239850744605064392e-02 -9.409493803977966309e-01 -5.075260996818542480e-01 -7.052558939903974533e-04 -8.616330623626708984e-01 -2.357141113281250000e+01
-8.617652654647827148e-01 -2.388855442404747009e-02 5.067393779754638672e-01 6.037703323364257812e+01 -2.033075504004955292e-02 9.997121095657348633e-01 1.255397778004407883e-02 -9.536558985710144043e-01 -5.068944692611694336e-01 5.163074238225817680e-04 -8.620049357414245605e-01 -2.544213104248046875e+01
-8.617331981658935547e-01 -2.404611743986606598e-02 5.067864656448364258e-01 6.150204467773437500e+01 -2.093107998371124268e-02 9.997088313102722168e-01 1.184387318789958954e-02 -9.633136987686157227e-01 -5.069248676300048828e-01 -4.012062854599207640e-04 -8.619875907897949219e-01 -2.734862327575683594e+01
-8.623927235603332520e-01 -2.600905671715736389e-02 5.055661201477050781e-01 6.256635665893554688e+01 -2.117346040904521942e-02 9.996566176414489746e-01 1.531051564961671829e-02 -9.752108454704284668e-01 -5.057918429374694824e-01 2.499213675037026405e-03 -8.626493215560913086e-01 -2.914743995666503906e+01
-8.620108366012573242e-01 -2.835186757147312164e-02 5.060911774635314941e-01 6.367348861694335938e+01 -2.355330809950828552e-02 9.995944499969482422e-01 1.588123850524425507e-02 -9.800232648849487305e-01 -5.063372850418090820e-01 1.769793336279690266e-03 -8.623310923576354980e-01 -3.102314376831054688e+01
-8.619403243064880371e-01 -2.957876212894916534e-02 5.061411261558532715e-01 6.475984191894531250e+01 -2.476127818226814270e-02 9.995594024658203125e-01 1.624680683016777039e-02 -9.841731190681457520e-01 -5.063998103141784668e-01 1.471192343160510063e-03 -8.622949123382568359e-01 -3.286829376220703125e+01
-8.619283437728881836e-01 -3.037318587303161621e-02 5.061145424842834473e-01 6.585544586181640625e+01 -2.478153631091117859e-02 9.995327591896057129e-01 1.778111420571804047e-02 -9.886198043823242188e-01 -5.064193010330200195e-01 2.783867996186017990e-03 -8.622802495956420898e-01 -3.472953033447265625e+01
-8.624851703643798828e-01 -3.057628870010375977e-02 5.051527619361877441e-01 6.697563171386718750e+01 -2.430925518274307251e-02 9.995220303535461426e-01 1.899527758359909058e-02 -9.901764392852783203e-01 -5.054932832717895508e-01 4.103379324078559875e-03 -8.628181219100952148e-01 -3.663193511962890625e+01
-8.613255620002746582e-01 -2.909098751842975616e-02 5.072147846221923828e-01 6.798065948486328125e+01 -2.330699190497398376e-02 9.995687603950500488e-01 1.775134913623332977e-02 -9.875162243843078613e-01 -5.075135827064514160e-01 3.468151204288005829e-03 -8.616341352462768555e-01 -3.833464050292968750e+01
-8.608678579330444336e-01 -3.002365678548812866e-02 5.079370141029357910e-01 6.889713287353515625e+01 -2.374891005456447601e-02 9.995386004447937012e-01 1.883172430098056793e-02 -9.884482622146606445e-01 -5.082692503929138184e-01 4.148771055042743683e-03 -8.611856102943420410e-01 -3.988328170776367188e+01
-8.594852089881896973e-01 -3.034242428839206696e-02 5.102543234825134277e-01 6.984097290039062500e+01 -2.401075698435306549e-02 9.995292425155639648e-01 1.899337582290172577e-02 -9.807172417640686035e-01 -5.105916261672973633e-01 4.073027987033128738e-03 -8.598110675811767578e-01 -4.147241592407226562e+01
-8.587294220924377441e-01 -3.166143596172332764e-02 5.114452242851257324e-01 7.076707458496093750e+01 -2.561167441308498383e-02 9.994918107986450195e-01 1.887207105755805969e-02 -9.776546359062194824e-01 -5.117840766906738281e-01 3.107149619609117508e-03 -8.591058850288391113e-01 -4.302779388427734375e+01
-8.578322529792785645e-01 -3.212943673133850098e-02 5.129194259643554688e-01 7.168767547607421875e+01 -2.618121355772018433e-02 9.994779825210571289e-01 1.882120780646800995e-02 -9.747238755226135254e-01 -5.132576823234558105e-01 2.716693794354796410e-03 -8.582276701927185059e-01 -4.456597900390625000e+01
-8.580970764160156250e-01 -3.191836550831794739e-02 5.124894380569458008e-01 7.272026062011718750e+01 -2.521624788641929626e-02 9.994793534278869629e-01 2.002760954201221466e-02 -9.693688154220581055e-01 -5.128631591796875000e-01 4.262684844434261322e-03 -8.584572672843933105e-01 -4.628970718383789062e+01
-8.578720688819885254e-01 -3.249088302254676819e-02 5.128305554389953613e-01 7.373225402832031250e+01 -2.546060457825660706e-02 9.994590878486633301e-01 2.073149755597114563e-02 -9.627102017402648926e-01 -5.132276415824890137e-01 4.728351254016160965e-03 -8.582372069358825684e-01 -4.798015975952148438e+01
-8.613446950912475586e-01 -3.241810947656631470e-02 5.069808959960937500e-01 7.470163726806640625e+01 -2.570983767509460449e-02 9.994630217552185059e-01 2.022965438663959503e-02 -9.538036584854125977e-01 -5.073654055595397949e-01 4.390662070363759995e-03 -8.617175221443176270e-01 -4.961150741577148438e+01
-8.603477478027343750e-01 -3.437100350856781006e-02 5.085426568984985352e-01 7.578776550292968750e+01 -2.827610448002815247e-02 9.994040727615356445e-01 1.971051283180713654e-02 -9.484165310859680176e-01 -5.089179873466491699e-01 2.578621031716465950e-03 -8.608087897300720215e-01 -5.144403457641601562e+01
-8.623648881912231445e-01 -3.554797545075416565e-02 5.050330758094787598e-01 7.680915832519531250e+01 -2.924549765884876251e-02 9.993622303009033203e-01 2.040542103350162506e-02 -9.437987208366394043e-01 -5.054372549057006836e-01 2.827301155775785446e-03 -8.628564476966857910e-01 -5.317066955566406250e+01
-8.618897795677185059e-01 -3.811286017298698425e-02 5.056566596031188965e-01 7.792124938964843750e+01 -3.256129100918769836e-02 9.992715120315551758e-01 1.981828175485134125e-02 -9.373503923416137695e-01 -5.060445666313171387e-01 6.166706443764269352e-04 -8.625048398971557617e-01 -5.506388854980468750e+01
-8.619821667671203613e-01 -3.785688057541847229e-02 5.055184960365295410e-01 7.901423645019531250e+01 -3.266660496592521667e-02 9.992816448211669922e-01 1.913314312696456909e-02 -9.307332634925842285e-01 -5.058804154396057129e-01 -2.076674718409776688e-05 -8.626015782356262207e-01 -5.692148590087890625e+01
-8.667917251586914062e-01 -4.093900322914123535e-02 4.969823360443115234e-01 8.009714508056640625e+01 -3.519940003752708435e-02 9.991598725318908691e-01 2.091537415981292725e-02 -9.242359399795532227e-01 -4.974218308925628662e-01 6.361821433529257774e-04 -8.675065040588378906e-01 -5.879520797729492188e+01
-8.678952455520629883e-01 -4.219079390168190002e-02 4.949474632740020752e-01 8.115676879882812500e+01 -3.666624426841735840e-02 9.991080164909362793e-01 2.087334170937538147e-02 -9.175314903259277344e-01 -4.953873753547668457e-01 -3.160392589052207768e-05 -8.686701059341430664e-01 -6.064398574829101562e+01
-8.685970306396484375e-01 -4.381252452731132507e-02 4.935735762119293213e-01 8.217726898193359375e+01 -3.747819736599922180e-02 9.990374445915222168e-01 2.272689901292324066e-02 -9.108336567878723145e-01 -4.940949380397796631e-01 1.242643455043435097e-03 -8.694049715995788574e-01 -6.243196105957031250e+01
-8.693094849586486816e-01 -4.523367807269096375e-02 4.921890795230865479e-01 8.325714111328125000e+01 -3.826903551816940308e-02 9.989724159240722656e-01 2.421843633055686951e-02 -8.994939327239990234e-01 -4.927794933319091797e-01 2.218082081526517868e-03 -8.701493144035339355e-01 -6.433887481689453125e+01
-8.697625994682312012e-01 -4.485462233424186707e-02 4.914236664772033691e-01 8.428347015380859375e+01 -3.803972154855728149e-02 9.989899396896362305e-01 2.385815232992172241e-02 -8.897138833999633789e-01 -4.919979870319366455e-01 2.058014739304780960e-03 -8.705922961235046387e-01 -6.614383697509765625e+01
-8.759863972663879395e-01 -4.752424359321594238e-02 4.799847006797790527e-01 8.533666229248046875e+01 -4.113203287124633789e-02 9.988679885864257812e-01 2.383412048220634460e-02 -8.750337958335876465e-01 -4.805745482444763184e-01 1.136323437094688416e-03 -8.769515156745910645e-01 -6.804035949707031250e+01
-8.812348246574401855e-01 -4.925974830985069275e-02 4.701007604598999023e-01 8.635177612304687500e+01 -4.290771856904029846e-02 9.987838268280029297e-01 2.422616817057132721e-02 -8.585386872291564941e-01 -4.707229137420654297e-01 1.178694888949394226e-03 -8.822786808013916016e-01 -6.992184448242187500e+01
-8.850047588348388672e-01 -4.925349354743957520e-02 4.629650413990020752e-01 8.744503021240234375e+01 -4.314246773719787598e-02 9.987842440605163574e-01 2.378796413540840149e-02 -8.422096371650695801e-01 -4.635743200778961182e-01 1.079710898920893669e-03 -8.860557675361633301e-01 -7.201136779785156250e+01
-8.857862353324890137e-01 -4.715466499328613281e-02 4.616873264312744141e-01 8.858174133300781250e+01 -4.115409031510353088e-02 9.988850951194763184e-01 2.306546829640865326e-02 -8.282701969146728516e-01 -4.622607231140136719e-01 1.431483542546629906e-03 -8.867413401603698730e-01 -7.418640136718750000e+01
-8.871584534645080566e-01 -4.720792546868324280e-02 4.590396285057067871e-01 8.957070159912109375e+01 -4.132048785686492920e-02 9.988827109336853027e-01 2.286956273019313812e-02 -8.151242733001708984e-01 -4.596068859100341797e-01 1.321915420703589916e-03 -8.881199359893798828e-01 -7.609373474121093750e+01
-8.879938721656799316e-01 -4.685743898153305054e-02 4.574575126171112061e-01 9.056576538085937500e+01 -4.146132990717887878e-02 9.988999962806701660e-01 2.183627337217330933e-02 -8.036854267120361328e-01 -4.579780101776123047e-01 4.244078882038593292e-04 -8.889618515968322754e-01 -7.801773071289062500e+01
-8.886523246765136719e-01 -4.545706510543823242e-02 4.563188254833221436e-01 9.156800079345703125e+01 -4.084711149334907532e-02 9.989644289016723633e-01 1.996803283691406250e-02 -7.941557765007019043e-01 -4.567544758319854736e-01 -8.939435938373208046e-04 -8.895907998085021973e-01 -7.995510101318359375e+01
-8.909028172492980957e-01 -4.484491422772407532e-02 4.519703686237335205e-01 9.238630676269531250e+01 -4.018677398562431335e-02 9.989923834800720215e-01 1.990815624594688416e-02 -7.858409285545349121e-01 -4.524082839488983154e-01 -4.262774018570780754e-04 -8.918092846870422363e-01 -8.154944610595703125e+01
-8.962908983230590820e-01 -4.553812742233276367e-02 4.411178231239318848e-01 9.305883026123046875e+01 -4.112619161605834961e-02 9.989608526229858398e-01 1.956497691571712494e-02 -7.839236855506896973e-01 -4.415509402751922607e-01 -6.048659561201930046e-04 -8.972344398498535156e-01 -8.289933776855468750e+01
-9.018732309341430664e-01 -4.538018256425857544e-02 4.296059906482696533e-01 9.371365356445312500e+01 -4.181927815079689026e-02 9.989662766456604004e-01 1.773316971957683563e-02 -7.816872000694274902e-01 -4.299671649932861328e-01 -1.972024794667959213e-03 -9.028408527374267578e-01 -8.425183868408203125e+01
-9.033517837524414062e-01 -4.669747129082679749e-02 4.263459146022796631e-01 9.450000762939453125e+01 -4.286776483058929443e-02 9.989063739776611328e-01 1.858214661478996277e-02 -7.811239361763000488e-01 -4.267479479312896729e-01 -1.489560003392398357e-03 -9.043678641319274902e-01 -8.590310668945312500e+01
-9.047946929931640625e-01 -4.728503525257110596e-02 4.232098162174224854e-01 9.515917205810546875e+01 -4.368834942579269409e-02 9.988778233528137207e-01 1.820297166705131531e-02 -7.761313319206237793e-01 -4.235961437225341797e-01 -2.018661936745047569e-03 -9.058473706245422363e-01 -8.729522705078125000e+01
-9.062757492065429688e-01 -4.794505611062049866e-02 4.199540615081787109e-01 9.597019958496093750e+01 -4.440510645508766174e-02 9.988460540771484375e-01 1.820950210094451904e-02 -7.707421779632568359e-01 -4.203430116176605225e-01 -2.144543454051017761e-03 -9.073612093925476074e-01 -8.902783966064453125e+01
-9.064323306083679199e-01 -4.685994610190391541e-02 4.197386205196380615e-01 9.660826110839843750e+01 -4.351292178034782410e-02 9.988970756530761719e-01 1.755246147513389587e-02 -7.677897214889526367e-01 -4.200987219810485840e-01 -2.353208838030695915e-03 -9.074738025665283203e-01 -9.040271759033203125e+01
-9.071106910705566406e-01 -4.611442238092422485e-02 4.183533787727355957e-01 9.734835815429687500e+01 -4.349185153841972351e-02 9.989271163940429688e-01 1.580898649990558624e-02 -7.661966681480407715e-01 -4.186340868473052979e-01 -3.853730158880352974e-03 -9.081453084945678711e-01 -9.200435638427734375e+01
-9.064881205558776855e-01 -4.589178040623664856e-02 4.197251498699188232e-01 9.799851989746093750e+01 -4.309960082173347473e-02 9.989387989044189453e-01 1.614040695130825043e-02 -7.659186720848083496e-01 -4.200210273265838623e-01 -3.458173014223575592e-03 -9.075062870979309082e-01 -9.339870452880859375e+01
-9.098160266876220703e-01 -4.641054570674896240e-02 4.124036133289337158e-01 9.876029968261718750e+01 -4.342350363731384277e-02 9.989169239997863770e-01 1.661869883537292480e-02 -7.679982185363769531e-01 -4.127287864685058594e-01 -2.787319011986255646e-03 -9.108482003211975098e-01 -9.506593322753906250e+01
-9.094666242599487305e-01 -4.747370257973670959e-02 4.130525588989257812e-01 9.956690216064453125e+01 -4.448888823390007019e-02 9.988662004470825195e-01 1.684881560504436493e-02 -7.736395597457885742e-01 -4.133846759796142578e-01 -3.052106359973549843e-03 -9.105498194694519043e-01 -9.683968353271484375e+01
-9.098718762397766113e-01 -4.795745387673377991e-02 4.121032655239105225e-01 1.003970565795898438e+02 -4.460890963673591614e-02 9.988452792167663574e-01 1.774900034070014954e-02 -7.758680582046508789e-01 -4.124791324138641357e-01 -2.233449369668960571e-03 -9.109627008438110352e-01 -9.866911315917968750e+01
-9.095979928970336914e-01 -4.677410423755645752e-02 4.128431677818298340e-01 1.013087615966796875e+02 -4.358451813459396362e-02 9.989010691642761230e-01 1.714705117046833038e-02 -7.704274058341979980e-01 -4.131920337677001953e-01 -2.395943971350789070e-03 -9.106391668319702148e-01 -1.006749725341796875e+02
-9.108964800834655762e-01 -4.671191424131393433e-02 4.099772870540618896e-01 1.022155075073242188e+02 -4.440953582525253296e-02 9.988970756530761719e-01 1.514390762895345688e-02 -7.691086530685424805e-01 -4.102330505847930908e-01 -4.411669448018074036e-03 -9.119684696197509766e-01 -1.026714172363281250e+02
-9.126261472702026367e-01 -4.592355713248252869e-02 4.062021970748901367e-01 1.031772918701171875e+02 -4.368899017572402954e-02 9.989342689514160156e-01 1.477995608001947403e-02 -7.741555571556091309e-01 -4.064485728740692139e-01 -4.257290624082088470e-03 -9.136621356010437012e-01 -1.048107223510742188e+02
-9.193896055221557617e-01 -4.766772314906120300e-02 3.904436230659484863e-01 1.040470428466796875e+02 -4.608571529388427734e-02 9.988456368446350098e-01 1.342760585248470306e-02 -7.816029191017150879e-01 -3.906334638595581055e-01 -5.647977814078330994e-03 -9.205273389816284180e-01 -1.068295364379882812e+02
-9.235103130340576172e-01 -4.910690709948539734e-02 3.804114460945129395e-01 1.048832092285156250e+02 -4.762137681245803833e-02 9.987749457359313965e-01 1.332417968660593033e-02 -7.886051535606384277e-01 -3.806002140045166016e-01 -5.810010246932506561e-03 -9.247198104858398438e-01 -1.088339691162109375e+02
-9.275389313697814941e-01 -4.938467592000961304e-02 3.704433143138885498e-01 1.056899948120117188e+02 -4.740746691823005676e-02 9.987694621086120605e-01 1.444860920310020447e-02 -7.993233799934387207e-01 -3.707014918327331543e-01 -4.159438889473676682e-03 -9.287411570549011230e-01 -1.108368682861328125e+02
-9.282083511352539062e-01 -5.052831023931503296e-02 3.686077594757080078e-01 1.064353103637695312e+02 -4.857848212122917175e-02 9.987113475799560547e-01 1.457645837217569351e-02 -8.036603331565856934e-01 -3.688696920871734619e-01 -4.375713877379894257e-03 -9.294691681861877441e-01 -1.127002563476562500e+02
-9.287437200546264648e-01 -5.051642656326293945e-02 3.672583103179931641e-01 1.071811676025390625e+02 -4.835615679621696472e-02 9.987145662307739258e-01 1.508949883282184601e-02 -8.019049763679504395e-01 -3.675489127635955811e-01 -3.744219196960330009e-03 -9.299950003623962402e-01 -1.145669937133789062e+02
-9.294682741165161133e-01 -5.144514143466949463e-02 3.652910292148590088e-01 1.079248962402343750e+02 -4.904082044959068298e-02 9.986692070960998535e-01 1.586548052728176117e-02 -8.073249459266662598e-01 -3.656215071678161621e-01 -3.167005954310297966e-03 -9.307566285133361816e-01 -1.164368438720703125e+02
-9.306062459945678711e-01 -5.133830755949020386e-02 3.623972237110137939e-01 1.086439971923828125e+02 -4.913114383816719055e-02 9.986733794212341309e-01 1.531239040195941925e-02 -8.127121925354003906e-01 -3.627029657363891602e-01 -3.554481780156493187e-03 -9.318963885307312012e-01 -1.182770156860351562e+02
-9.315174221992492676e-01 -5.166978761553764343e-02 3.600011765956878662e-01 1.093805847167968750e+02 -5.001509934663772583e-02 9.986498951911926270e-01 1.391886733472347260e-02 -8.103753924369812012e-01 -3.602346777915954590e-01 -5.039128474891185760e-03 -9.328464865684509277e-01 -1.201669616699218750e+02
-9.319424629211425781e-01 -5.216063559055328369e-02 3.588284552097320557e-01 1.100737152099609375e+02 -5.056291073560714722e-02 9.986233115196228027e-01 1.384454779326915741e-02 -8.126699924468994141e-01 -3.590569496154785156e-01 -5.240379367023706436e-03 -9.332993030548095703e-01 -1.219607086181640625e+02
-9.318018555641174316e-01 -5.258155986666679382e-02 3.591320812702178955e-01 1.106878433227539062e+02 -5.054019019007682800e-02 9.986065030097961426e-01 1.507956720888614655e-02 -8.135673403739929199e-01 -3.594249188899993896e-01 -4.098725970834493637e-03 -9.331633448600769043e-01 -1.235495452880859375e+02
-9.329554438591003418e-01 -5.262394994497299194e-02 3.561183810234069824e-01 1.113594207763671875e+02 -5.020161718130111694e-02 9.986084699630737305e-01 1.604958623647689819e-02 -8.142089843750000000e-01 -3.564678132534027100e-01 -2.903459593653678894e-03 -9.343014359474182129e-01 -1.252869873046875000e+02
-9.342837333679199219e-01 -5.217209458351135254e-02 3.526858687400817871e-01 1.120370254516601562e+02 -4.910565167665481567e-02 9.986360669136047363e-01 1.764465123414993286e-02 -8.157328963279724121e-01 -3.531257212162017822e-01 -8.330413838848471642e-04 -9.355738162994384766e-01 -1.270649719238281250e+02
-9.351044893264770508e-01 -5.337770655751228333e-02 3.503222167491912842e-01 1.126756591796875000e+02 -4.967022687196731567e-02 9.985722899436950684e-01 1.956863142549991608e-02 -8.133967518806457520e-01 -3.508668839931488037e-01 8.988438639789819717e-04 -9.364231824874877930e-01 -1.287555847167968750e+02
-9.343282580375671387e-01 -5.404641479253768921e-02 3.522855341434478760e-01 1.132657318115234375e+02 -5.067983642220497131e-02 9.985366463661193848e-01 1.878135465085506439e-02 -8.082999587059020996e-01 -3.527854084968566895e-01 -3.051098319701850414e-04 -9.357025027275085449e-01 -1.303255615234375000e+02
-9.333496689796447754e-01 -5.310955643653869629e-02 3.550115823745727539e-01 1.138645706176757812e+02 -4.946976155042648315e-02 9.985868334770202637e-01 1.933065429329872131e-02 -8.040031790733337402e-01 -3.555368781089782715e-01 4.806283977814018726e-04 -9.346604347229003906e-01 -1.318911895751953125e+02
-9.335941076278686523e-01 -5.369021743535995483e-02 3.542808592319488525e-01 1.144264221191406250e+02 -5.021391063928604126e-02 9.985558986663818359e-01 1.900736056268215179e-02 -7.983746528625488281e-01 -3.547900617122650146e-01 -4.393971175886690617e-05 -9.349442720413208008e-01 -1.333655395507812500e+02
-9.333014488220214844e-01 -5.449178814888000488e-02 3.549290001392364502e-01 1.150627517700195312e+02 -5.107074603438377380e-02 9.985124468803405762e-01 1.900940574705600739e-02 -7.944490909576416016e-01 -3.554372191429138184e-01 -3.842354926746338606e-04 -9.346983432769775391e-01 -1.350324707031250000e+02
-9.332336187362670898e-01 -5.487811192870140076e-02 3.550477623939514160e-01 1.158776473999023438e+02 -5.063523724675178528e-02 9.984896779060363770e-01 2.124045044183731079e-02 -7.897159457206726074e-01 -3.556775152683258057e-01 1.845127320848405361e-03 -9.346051812171936035e-01 -1.371753540039062500e+02
-9.331739544868469238e-01 -5.438065901398658752e-02 3.552815616130828857e-01 1.166080017089843750e+02 -4.998125508427619934e-02 9.985160827636718750e-01 2.155905216932296753e-02 -7.765903472900390625e-01 -3.559272587299346924e-01 2.361545339226722717e-03 -9.345090985298156738e-01 -1.390826721191406250e+02
