9.999722838401794434e-01 -7.374546024948358536e-03 1.030441024340689182e-03 -1.872300915420055389e-02 7.374540437012910843e-03 9.999728202819824219e-01 8.866681127983611077e-06 -2.457062155008316040e-02 -1.030478277243673801e-03 -1.267407242266926914e-06 9.999994635581970215e-01 2.076981782913208008e+00
9.999372959136962891e-01 -1.118535269051790237e-02 -5.103764124214649200e-04 -3.024231083691120148e-02 1.118706818670034409e-02 9.999312758445739746e-01 3.494886448606848717e-03 -6.019737198948860168e-02 4.712499212473630905e-04 -3.500376828014850616e-03 9.999937415122985840e-01 4.162834167480468750e+00
9.998130202293395996e-01 -1.546525210142135620e-02 -1.160537637770175934e-02 -1.978055573999881744e-02 1.554055977612733841e-02 9.998584985733032227e-01 6.427207961678504944e-03 -8.542161434888839722e-02 1.150433905422687531e-02 -6.606360897421836853e-03 9.999119639396667480e-01 6.227920055389404297e+00
9.996261000633239746e-01 -2.321285754442214966e-02 -1.444689277559518814e-02 -5.311021953821182251e-02 2.329032495617866516e-02 9.997150301933288574e-01 5.217300727963447571e-03 -1.360192149877548218e-01 1.432167086750268936e-02 -5.551823414862155914e-03 9.998819828033447266e-01 8.429309844970703125e+00
9.994740486145019531e-01 -2.476662956178188324e-02 -2.093107998371124268e-02 -9.568522870540618896e-02 2.491914480924606323e-02 9.996644258499145508e-01 7.057353854179382324e-03 -1.721749603748321533e-01 2.074927464127540588e-02 -7.575227413326501846e-03 9.997559785842895508e-01 1.050143337249755859e+01
9.992535114288330078e-01 -2.859498187899589539e-02 -2.597467601299285889e-02 -1.561685204505920410e-01 2.896430343389511108e-02 9.994828701019287109e-01 1.395525876432657242e-02 -2.027914971113204956e-01 2.556220255792140961e-02 -1.469718106091022491e-02 9.995651245117187500e-01 1.252709293365478516e+01
9.988870620727539062e-01 -3.398290649056434631e-02 -3.270598873496055603e-02 -2.492757439613342285e-01 3.440371155738830566e-02 9.993309974670410156e-01 1.239052694290876389e-02 -2.272143065929412842e-01 3.226305544376373291e-02 -1.350194588303565979e-02 9.993880987167358398e-01 1.457480049133300781e+01
9.983489513397216797e-01 -3.328708559274673462e-02 -4.681075736880302429e-02 -3.196793794631958008e-01 3.398697078227996826e-02 9.993206858634948730e-01 1.423567999154329300e-02 -2.295248061418533325e-01 4.630510881543159485e-02 -1.580313406884670258e-02 9.988022446632385254e-01 1.657187461853027344e+01
9.976379871368408203e-01 -3.587745130062103271e-02 -5.857607722282409668e-02 -4.302833676338195801e-01 3.704718127846717834e-02 9.991325139999389648e-01 1.900682412087917328e-02 -2.320133447647094727e-01 5.784336477518081665e-02 -2.113201096653938293e-02 9.981019496917724609e-01 1.848072433471679688e+01
9.970312714576721191e-01 -3.854723274707794189e-02 -6.665286421775817871e-02 -5.372915267944335938e-01 4.026041924953460693e-02 9.988872408866882324e-01 2.455340512096881866e-02 -2.225623130798339844e-01 6.563225388526916504e-02 -2.716398984193801880e-02 9.974740147590637207e-01 2.041740989685058594e+01
9.961615800857543945e-01 -4.485574364662170410e-02 -7.516596466302871704e-02 -6.726491451263427734e-01 4.672855511307716370e-02 9.986345171928405762e-01 2.334424108266830444e-02 -2.182952314615249634e-01 7.401622831821441650e-02 -2.676703780889511108e-02 9.968976974487304688e-01 2.229440498352050781e+01
9.955933690071105957e-01 -4.342935979366302490e-02 -8.311226218938827515e-02 -8.294552564620971680e-01 4.575444757938385010e-02 9.986066818237304688e-01 2.627724036574363708e-02 -1.912694722414016724e-01 8.185528963804244995e-02 -2.996420674026012421e-02 9.961936473846435547e-01 2.408149719238281250e+01
9.946703314781188965e-01 -4.762149229645729065e-02 -9.144955873489379883e-02 -9.885891675949096680e-01 5.025329440832138062e-02 9.983792901039123535e-01 2.669377066195011139e-02 -1.914105266332626343e-01 9.003018587827682495e-02 -3.114714846014976501e-02 9.954518079757690430e-01 2.583383369445800781e+01
9.949601888656616211e-01 -4.841514304280281067e-02 -8.780778199434280396e-02 -1.153713107109069824e+00 5.102407932281494141e-02 9.983124136924743652e-01 2.771357633173465729e-02 -1.695844531059265137e-01 8.631788194179534912e-02 -3.205421939492225647e-02 9.957517981529235840e-01 2.762564086914062500e+01
9.943671226501464844e-01 -5.187605321407318115e-02 -9.242827445268630981e-02 -1.322894811630249023e+00 5.474425479769706726e-02 9.980853796005249023e-01 2.876964583992958069e-02 -1.426786929368972778e-01 9.075890481472015381e-02 -3.366750851273536682e-02 9.953035712242126465e-01 2.950883293151855469e+01
9.939463734626770020e-01 -5.208803340792655945e-02 -9.673406183719635010e-02 -1.517406225204467773e+00 5.556367337703704834e-02 9.978895187377929688e-01 3.358877822756767273e-02 -1.117476746439933777e-01 9.478038549423217773e-02 -3.876035287976264954e-02 9.947432875633239746e-01 3.180109596252441406e+01
9.923763275146484375e-01 -5.628688633441925049e-02 -1.096407473087310791e-01 -1.739405870437622070e+00 6.098784506320953369e-02 9.973360896110534668e-01 4.000264033675193787e-02 -9.398240596055984497e-02 1.070970967411994934e-01 -4.638443514704704285e-02 9.931659698486328125e-01 3.371632766723632812e+01
9.921792149543762207e-01 -6.245011836290359497e-02 -1.080761998891830444e-01 -1.993930697441101074e+00 6.742800772190093994e-02 9.967952370643615723e-01 4.303127899765968323e-02 -5.855433642864227295e-02 1.050425693392753601e-01 -4.998211190104484558e-02 9.932109117507934570e-01 3.601765441894531250e+01
9.910721778869628906e-01 -6.655920296907424927e-02 -1.155240535736083984e-01 -2.237178087234497070e+00 7.229030877351760864e-02 9.963150620460510254e-01 4.614581540226936340e-02 3.925312310457229614e-03 1.120269671082496643e-01 -5.408511683344841003e-02 9.922322630882263184e-01 3.825355529785156250e+01
9.911832809448242188e-01 -7.141273468732833862e-02 -1.116062700748443604e-01 -2.497532367706298828e+00 7.696548849344253540e-02 9.959596395492553711e-01 4.625802859663963318e-02 5.735292285680770874e-02 1.078519672155380249e-01 -5.444003269076347351e-02 9.926753044128417969e-01 4.061993789672851562e+01
9.918568134307861328e-01 -7.329373806715011597e-02 -1.041542962193489075e-01 -2.728904962539672852e+00 7.882947474718093872e-02 9.956299066543579102e-01 5.006127059459686279e-02 1.385982632637023926e-01 1.000299826264381409e-01 -5.786405876278877258e-02 9.933004379272460938e-01 4.291540527343750000e+01
9.919224977493286133e-01 -7.577130198478698730e-02 -1.017280519008636475e-01 -2.976113557815551758e+00 8.101229369640350342e-02 9.955362677574157715e-01 4.841153323650360107e-02 2.440672814846038818e-01 9.760578721761703491e-02 -5.626172199845314026e-02 9.936335682868957520e-01 4.544205474853515625e+01
9.919419884681701660e-01 -7.373874634504318237e-02 -1.030232161283493042e-01 -3.207072973251342773e+00 7.890659570693969727e-02 9.957722425460815430e-01 4.701602458953857422e-02 3.040593862533569336e-01 9.912078082561492920e-02 -5.476638302206993103e-02 9.935671687126159668e-01 4.761656951904296875e+01
9.916992187500000000e-01 -7.126197218894958496e-02 -1.070253476500511169e-01 -3.465306282043457031e+00 7.677929103374481201e-02 9.958749413490295410e-01 4.834301024675369263e-02 3.621098697185516357e-01 1.031388714909553528e-01 -5.615906044840812683e-02 9.930803179740905762e-01 4.993768310546875000e+01
9.916179180145263672e-01 -7.549901306629180908e-02 -1.048518344759941101e-01 -3.728875398635864258e+00 8.100488036870956421e-02 9.954942464828491211e-01 4.927935451269149780e-02 4.419875144958496094e-01 1.006588786840438843e-01 -5.735980346798896790e-02 9.932661652565002441e-01 5.223123931884765625e+01
9.913625717163085938e-01 -7.671761512756347656e-02 -1.063710153102874756e-01 -3.952857017517089844e+00 8.200632780790328979e-02 9.955568909645080566e-01 4.626460000872612000e-02 4.890548586845397949e-01 1.023491173982620239e-01 -5.458808690309524536e-02 9.932496547698974609e-01 5.421875762939453125e+01
9.911699891090393066e-01 -7.962734252214431763e-02 -1.060267984867095947e-01 -4.176455497741699219e+00 8.508340269327163696e-02 9.952180981636047363e-01 4.796423763036727905e-02 5.398586392402648926e-01 1.017005667090415955e-01 -5.656183138489723206e-02 9.932058453559875488e-01 5.649032974243164062e+01
9.909286499023437500e-01 -8.253451436758041382e-02 -1.060594245791435242e-01 -4.437406539916992188e+00 8.838813751935958862e-02 9.947416186332702637e-01 5.172352120280265808e-02 6.199317574501037598e-01 1.012328043580055237e-01 -6.062871217727661133e-02 9.930136799812316895e-01 5.888384628295898438e+01
9.904974699020385742e-01 -8.634184300899505615e-02 -1.070513576269149780e-01 -4.690338134765625000e+00 9.261079132556915283e-02 9.941796660423278809e-01 5.503334477543830872e-02 7.183365821838378906e-01 1.016766652464866638e-01 -6.442449986934661865e-02 9.927293062210083008e-01 6.128216552734375000e+01
9.906292557716369629e-01 -8.520435541868209839e-02 -1.067425012588500977e-01 -4.948129177093505859e+00 9.187176823616027832e-02 9.940100908279418945e-01 5.917800590395927429e-02 8.277472257614135742e-01 1.010609641671180725e-01 -6.843009591102600098e-02 9.925241470336914062e-01 6.348963928222656250e+01
9.897880554199218750e-01 -8.941522985696792603e-02 -1.110162362456321716e-01 -5.208233833312988281e+00 9.706065803766250610e-02 9.931215047836303711e-01 6.547889858484268188e-02 9.053674936294555664e-01 1.043978706002235413e-01 -7.558555901050567627e-02 9.916592240333557129e-01 6.564070892333984375e+01
9.893825054168701172e-01 -9.092057496309280396e-02 -1.133839786052703857e-01 -5.442872047424316406e+00 9.860975295305252075e-02 9.930557012557983398e-01 6.414917856454849243e-02 1.009202122688293457e+00 1.067641898989677429e-01 -7.464884966611862183e-02 9.914782643318176270e-01 6.770654296875000000e+01
9.886986613273620605e-01 -9.500657767057418823e-02 -1.159693077206611633e-01 -5.705433368682861328e+00 1.033362150192260742e-01 9.923151731491088867e-01 6.805118918418884277e-02 1.123119950294494629e+00 1.086128503084182739e-01 -7.926595956087112427e-02 9.909189939498901367e-01 7.013587188720703125e+01
9.884691834449768066e-01 -9.722629934549331665e-02 -1.160854622721672058e-01 -5.999811172485351562e+00 1.060903370380401611e-01 9.916887283325195312e-01 7.278034090995788574e-02 1.260962367057800293e+00 1.080445349216461182e-01 -8.425668627023696899e-02 9.905692934989929199e-01 7.264443969726562500e+01
9.877893924713134766e-01 -9.977960586547851562e-02 -1.196508184075355530e-01 -6.255030155181884766e+00 1.091798245906829834e-01 9.912064671516418457e-01 7.475437968969345093e-02 1.372313380241394043e+00 1.111397594213485718e-01 -8.690505474805831909e-02 9.899978637695312500e-01 7.493652343750000000e+01
9.879916310310363770e-01 -1.007707715034484863e-01 -1.171238869428634644e-01 -6.544119834899902344e+00 1.098452359437942505e-01 9.912058115005493164e-01 7.378120720386505127e-02 1.518522024154663086e+00 1.086589395999908447e-01 -8.576073497533798218e-02 9.903729557991027832e-01 7.734781646728515625e+01
9.869412779808044434e-01 -1.081907525658607483e-01 -1.193395406007766724e-01 -6.806354045867919922e+00 1.171446219086647034e-01 9.905915856361389160e-01 7.073900103569030762e-02 1.666510343551635742e+00 1.105635017156600952e-01 -8.379523456096649170e-02 9.903303980827331543e-01 7.956015777587890625e+01
9.864031672477722168e-01 -1.128951087594032288e-01 -1.194310262799263000e-01 -7.099573612213134766e+00 1.217210739850997925e-01 9.901368618011474609e-01 6.936553120613098145e-02 1.795828342437744141e+00 1.104220971465110779e-01 -8.295966684818267822e-02 9.904165267944335938e-01 8.196270751953125000e+01
9.864345788955688477e-01 -1.146009042859077454e-01 -1.175318807363510132e-01 -7.332672595977783203e+00 1.231108680367469788e-01 9.900679588317871094e-01 6.788022071123123169e-02 1.907501339912414551e+00 1.085854768753051758e-01 -8.142886310815811157e-02 9.907464981079101562e-01 8.405010986328125000e+01
9.861420392990112305e-01 -1.148041933774948120e-01 -1.197672635316848755e-01 -7.594689369201660156e+00 1.233528628945350647e-01 9.901269078254699707e-01 6.656812131404876709e-02 2.005709409713745117e+00 1.109425649046897888e-01 -8.041927218437194824e-02 9.905678033828735352e-01 8.630272674560546875e+01
9.854738712310791016e-01 -1.178001165390014648e-01 -1.223303005099296570e-01 -7.887425422668457031e+00 1.266462057828903198e-01 9.896666407585144043e-01 6.722490489482879639e-02 2.120244979858398438e+00 1.131471842527389526e-01 -8.174107223749160767e-02 9.902101755142211914e-01 8.863703155517578125e+01
9.854493141174316406e-01 -1.209913864731788635e-01 -1.193775311112403870e-01 -8.177778244018554688e+00 1.298868656158447266e-01 9.890709519386291504e-01 6.976026296615600586e-02 2.208502769470214844e+00 1.096325218677520752e-01 -8.425079286098480225e-02 9.903951883316040039e-01 9.092402648925781250e+01
9.829686284065246582e-01 -1.308107972145080566e-01 -1.290793716907501221e-01 -8.437838554382324219e+00 1.408524960279464722e-01 9.874105453491210938e-01 7.196777313947677612e-02 2.333601951599121094e+00 1.180402413010597229e-01 -8.892323821783065796e-02 9.890193343162536621e-01 9.315066528320312500e+01
9.819950461387634277e-01 -1.314684599637985229e-01 -1.356544941663742065e-01 -8.719236373901367188e+00 1.423752009868621826e-01 9.870368838310241699e-01 7.406626641750335693e-02 2.465631484985351562e+00 1.241586953401565552e-01 -9.204655885696411133e-02 9.879838228225708008e-01 9.544136810302734375e+01
9.819612503051757812e-01 -1.328850984573364258e-01 -1.345137655735015869e-01 -8.979233741760253906e+00 1.438335776329040527e-01 9.867393374443054199e-01 7.520379871129989624e-02 2.577416181564331055e+00 1.227366402745246887e-01 -9.319483488798141479e-02 9.880538582801818848e-01 9.746762847900390625e+01
9.813899397850036621e-01 -1.353784650564193726e-01 -1.361864805221557617e-01 -9.276660919189453125e+00 1.473580151796340942e-01 9.856714606285095215e-01 8.207035809755325317e-02 2.708209037780761719e+00 1.231246441602706909e-01 -1.006112173199653625e-01 9.872779250144958496e-01 9.956494140625000000e+01
9.800456762313842773e-01 -1.385552436113357544e-01 -1.425243765115737915e-01 -9.582289695739746094e+00 1.519801914691925049e-01 9.844548702239990234e-01 8.802730590105056763e-02 2.854093313217163086e+00 1.281122565269470215e-01 -1.079316958785057068e-01 9.858691692352294922e-01 1.018813705444335938e+02
9.793439507484436035e-01 -1.429152786731719971e-01 -1.430415958166122437e-01 -9.872678756713867188e+00 1.571890413761138916e-01 9.830849170684814453e-01 9.398768097162246704e-02 3.029002666473388672e+00 1.271898597478866577e-01 -1.145308762788772583e-01 9.852437973022460938e-01 1.040725860595703125e+02
9.794017672538757324e-01 -1.407477855682373047e-01 -1.447845250368118286e-01 -1.020400810241699219e+01 1.556438058614730835e-01 9.830131530761718750e-01 9.725318849086761475e-02 3.206845283508300781e+00 1.286370307207107544e-01 -1.177848055958747864e-01 9.846721291542053223e-01 1.064719085693359375e+02
9.765059947967529297e-01 -1.508380472660064697e-01 -1.538970470428466797e-01 -1.053948688507080078e+01 1.680850982666015625e-01 9.800612330436706543e-01 1.059503182768821716e-01 3.404516458511352539e+00 1.348473131656646729e-01 -1.293289661407470703e-01 9.823899865150451660e-01 1.086903762817382812e+02
9.758729934692382812e-01 -1.495528370141983032e-01 -1.590792238712310791e-01 -1.091432952880859375e+01 1.685599386692047119e-01 9.791297316551208496e-01 1.135365888476371765e-01 3.631547927856445312e+00 1.387796103954315186e-01 -1.376117169857025146e-01 9.807155728340148926e-01 1.110285415649414062e+02
9.735556244850158691e-01 -1.576554179191589355e-01 -1.653318554162979126e-01 -1.128356361389160156e+01 1.779313385486602783e-01 9.771893620491027832e-01 1.159287318587303162e-01 3.836977958679199219e+00 1.432838737964630127e-01 -1.422808170318603516e-01 9.794007539749145508e-01 1.133137283325195312e+02
9.720112085342407227e-01 -1.638628542423248291e-01 -1.683552861213684082e-01 -1.163710498809814453e+01 1.845716387033462524e-01 9.759845733642578125e-01 1.156953722238540649e-01 4.070501327514648438e+00 1.453541219234466553e-01 -1.435308158397674561e-01 9.789131879806518555e-01 1.155607376098632812e+02
9.707345962524414062e-01 -1.654617786407470703e-01 -1.740609556436538696e-01 -1.200893878936767578e+01 1.875467300415039062e-01 9.750067591667175293e-01 1.191053315997123718e-01 4.286342144012451172e+00 1.500033736228942871e-01 -1.482642292976379395e-01 9.775053262710571289e-01 1.176959915161132812e+02
9.702266454696655273e-01 -1.738183796405792236e-01 -1.686651706695556641e-01 -1.239993667602539062e+01 1.959490180015563965e-01 9.726366996765136719e-01 1.248191297054290771e-01 4.541983604431152344e+00 1.423542201519012451e-01 -1.541526317596435547e-01 9.777383208274841309e-01 1.199496459960937500e+02
9.699962139129638672e-01 -1.762947589159011841e-01 -1.674156635999679565e-01 -1.279266834259033203e+01 1.977139860391616821e-01 9.727351665496826172e-01 1.212163418531417847e-01 4.794027805328369141e+00 1.414814442396163940e-01 -1.506798267364501953e-01 9.784061312675476074e-01 1.222572631835937500e+02
9.696730971336364746e-01 -1.774881184101104736e-01 -1.680258214473724365e-01 -1.315123653411865234e+01 1.991353183984756470e-01 9.723327755928039551e-01 1.221147999167442322e-01 5.028238773345947266e+00 1.417032331228256226e-01 -1.518713086843490601e-01 9.781897664070129395e-01 1.245002212524414062e+02
9.710881710052490234e-01 -1.730184704065322876e-01 -1.644781976938247681e-01 -1.352902603149414062e+01 1.945168226957321167e-01 9.728980064392089844e-01 1.250222176313400269e-01 5.253378391265869141e+00 1.383895128965377808e-01 -1.534013748168945312e-01 9.784254431724548340e-01 1.266298217773437500e+02
9.681965112686157227e-01 -1.783412843942642212e-01 -1.754724532365798950e-01 -1.392820835113525391e+01 2.020571678876876831e-01 9.709669351577758789e-01 1.280391067266464233e-01 5.484836101531982422e+00 1.475434601306915283e-01 -1.594225019216537476e-01 9.761225581169128418e-01 1.289234313964843750e+02
9.672523736953735352e-01 -1.835536658763885498e-01 -1.753041148185729980e-01 -1.428384971618652344e+01 2.075638175010681152e-01 9.695317149162292480e-01 1.300897896289825439e-01 5.738356113433837891e+00 1.460846066474914551e-01 -1.622164696455001831e-01 9.758816361427307129e-01 1.310602874755859375e+02
9.646603465080261230e-01 -1.963399648666381836e-01 -1.757319718599319458e-01 -1.467042350769042969e+01 2.202984988689422607e-01 9.668551087379455566e-01 1.290640980005264282e-01 5.997527122497558594e+00 1.445670872926712036e-01 -1.632165312767028809e-01 9.759408831596374512e-01 1.333865051269531250e+02
9.632718563079833984e-01 -1.980604976415634155e-01 -1.813290417194366455e-01 -1.507098484039306641e+01 2.231041938066482544e-01 9.660917520523071289e-01 1.299578249454498291e-01 6.220537662506103516e+00 1.494411528110504150e-01 -1.656399965286254883e-01 9.747977852821350098e-01 1.355779571533203125e+02
9.639373421669006348e-01 -2.015304416418075562e-01 -1.738136559724807739e-01 -1.545498943328857422e+01 2.255573719739913940e-01 9.652885198593139648e-01 1.316808909177780151e-01 6.489069938659667969e+00 1.412427872419357300e-01 -1.661370992660522461e-01 9.759348630905151367e-01 1.377428283691406250e+02
9.616652131080627441e-01 -2.092813551425933838e-01 -1.772065907716751099e-01 -1.589018058776855469e+01 2.342889904975891113e-01 9.628418684005737305e-01 1.343206614255905151e-01 6.770135402679443359e+00 1.425112932920455933e-01 -1.706890910863876343e-01 9.749644398689270020e-01 1.401838378906250000e+02
9.595000147819519043e-01 -2.149783968925476074e-01 -1.820572167634963989e-01 -1.630403709411621094e+01 2.409433722496032715e-01 9.611115455627441406e-01 1.349397152662277222e-01 7.042771816253662109e+00 1.459683626890182495e-01 -1.733401864767074585e-01 9.739847183227539062e-01 1.425558166503906250e+02
9.581939578056335449e-01 -2.213930338621139526e-01 -1.812465637922286987e-01 -1.677255249023437500e+01 2.472163140773773193e-01 9.595234990119934082e-01 1.348943412303924561e-01 7.334089279174804688e+00 1.440458744764328003e-01 -1.740621030330657959e-01 9.741421341896057129e-01 1.450622100830078125e+02
9.581320285797119141e-01 -2.227898985147476196e-01 -1.798571199178695679e-01 -1.721314048767089844e+01 2.490129768848419189e-01 9.584241509437561035e-01 1.393320411443710327e-01 7.623178482055664062e+00 1.413378566503524780e-01 -1.782853007316589355e-01 9.737749695777893066e-01 1.474723358154296875e+02
9.580810666084289551e-01 -2.315983623266220093e-01 -1.686526536941528320e-01 -1.758582496643066406e+01 2.563880681991577148e-01 9.557905793190002441e-01 1.439693570137023926e-01 7.910417556762695312e+00 1.278537660837173462e-01 -1.811749041080474854e-01 9.751045107841491699e-01 1.496689453125000000e+02
9.590232968330383301e-01 -2.358372211456298828e-01 -1.570221185684204102e-01 -1.794635581970214844e+01 2.589529454708099365e-01 9.544827342033386230e-01 1.479991376399993896e-01 8.204655647277832031e+00 1.149714067578315735e-01 -1.825960278511047363e-01 9.764425158500671387e-01 1.518145141601562500e+02
9.581118822097778320e-01 -2.405758649110794067e-01 -1.553888022899627686e-01 -1.832827186584472656e+01 2.633699476718902588e-01 9.532659053802490234e-01 1.480472087860107422e-01 8.509504318237304688e+00 1.125104874372482300e-01 -1.827705949544906616e-01 9.766964912414550781e-01 1.540716247558593750e+02
9.554938673973083496e-01 -2.498061954975128174e-01 -1.569368839263916016e-01 -1.867720794677734375e+01 2.729783654212951660e-01 9.503741264343261719e-01 1.492292433977127075e-01 8.790259361267089844e+00 1.118706092238426208e-01 -1.854280680418014526e-01 9.762690067291259766e-01 1.561705169677734375e+02
9.558259248733520508e-01 -2.549978792667388916e-01 -1.461977660655975342e-01 -1.902884292602539062e+01 2.767121195793151855e-01 9.483752250671386719e-01 1.549595147371292114e-01 9.126252174377441406e+00 9.913621097803115845e-02 -1.885690689086914062e-01 9.770432710647583008e-01 1.584516906738281250e+02
9.550361037254333496e-01 -2.600294053554534912e-01 -1.424486041069030762e-01 -1.940975189208984375e+01 2.813156247138977051e-01 9.464547634124755859e-01 1.583747565746307373e-01 9.465849876403808594e+00 9.363926947116851807e-02 -1.913266777992248535e-01 9.770494103431701660e-01 1.609312591552734375e+02
9.538357257843017578e-01 -2.642937302589416504e-01 -1.426433622837066650e-01 -1.970417594909667969e+01 2.858566641807556152e-01 9.445978403091430664e-01 1.613027602434158325e-01 9.800759315490722656e+00 9.210950136184692383e-02 -1.946319341659545898e-01 9.765418767929077148e-01 1.633198242187500000e+02
9.521044492721557617e-01 -2.714329659938812256e-01 -1.407908052206039429e-01 -2.000496673583984375e+01 2.929705083370208740e-01 9.416265487670898438e-01 1.658475697040557861e-01 1.016285133361816406e+01 8.755604922771453857e-02 -1.991518288850784302e-01 9.760493636131286621e-01 1.656846313476562500e+02
9.503711462020874023e-01 -2.793219685554504395e-01 -1.370207071304321289e-01 -2.032769584655761719e+01 3.003720343112945557e-01 9.385201334953308105e-01 1.701596826314926147e-01 1.051303005218505859e+01 8.106753230094909668e-02 -2.028721123933792114e-01 9.758436679840087891e-01 1.680232391357421875e+02
9.502063989639282227e-01 -2.810731530189514160e-01 -1.345600485801696777e-01 -2.062350082397460938e+01 3.016045987606048584e-01 9.381074309349060059e-01 1.702553629875183105e-01 1.088342094421386719e+01 7.837775349617004395e-02 -2.023617327213287354e-01 9.761692881584167480e-01 1.702854461669921875e+02
9.492617845535278320e-01 -2.834195494651794434e-01 -1.362943053245544434e-01 -2.091248321533203125e+01 3.043269515037536621e-01 9.371157288551330566e-01 1.708710342645645142e-01 1.118849945068359375e+01 7.929553836584091187e-02 -2.036794424057006836e-01 9.758210778236389160e-01 1.723318481445312500e+02
9.474339485168457031e-01 -2.897651493549346924e-01 -1.356680542230606079e-01 -2.125891685485839844e+01 3.106540441513061523e-01 9.345880746841430664e-01 1.733114868402481079e-01 1.161290359497070312e+01 7.657429575920104980e-02 -2.063470780849456787e-01 9.754778742790222168e-01 1.750592041015625000e+02
9.469565153121948242e-01 -2.893210351467132568e-01 -1.398832052946090698e-01 -2.158473396301269531e+01 3.112079501152038574e-01 9.341567754745483398e-01 1.746379584074020386e-01 1.200158023834228516e+01 8.014657348394393921e-02 -2.089074105024337769e-01 9.746455550193786621e-01 1.776199951171875000e+02
9.453630447387695312e-01 -2.946049869060516357e-01 -1.396322250366210938e-01 -2.192024612426757812e+01 3.165603578090667725e-01 9.319027662277221680e-01 1.770438700914382935e-01 1.239047908782958984e+01 7.796581089496612549e-02 -2.115728557109832764e-01 9.742473959922790527e-01 1.801336822509765625e+02
9.462168216705322266e-01 -2.950116991996765137e-01 -1.328244358301162720e-01 -2.225250434875488281e+01 3.155189156532287598e-01 9.322386980056762695e-01 1.771342158317565918e-01 1.280221271514892578e+01 7.156757265329360962e-02 -2.095160782337188721e-01 9.751824736595153809e-01 1.826933898925781250e+02
9.439862370491027832e-01 -3.001262545585632324e-01 -1.371667534112930298e-01 -2.253632354736328125e+01 3.214979469776153564e-01 9.301533699035644531e-01 1.773458272218704224e-01 1.318039512634277344e+01 7.436012476682662964e-02 -2.115109413862228394e-01 9.745426774024963379e-01 1.849689788818359375e+02
9.432818889617919922e-01 -2.994704544544219971e-01 -1.433080136775970459e-01 -2.286428642272949219e+01 3.223387300968170166e-01 9.294719696044921875e-01 1.793807297945022583e-01 1.356685829162597656e+01 7.948170602321624756e-02 -2.154004275798797607e-01 9.732857346534729004e-01 1.874587554931640625e+02
9.406372308731079102e-01 -3.017608821392059326e-01 -1.553779542446136475e-01 -2.316982460021972656e+01 3.273305296897888184e-01 9.275739789009094238e-01 1.801643073558807373e-01 1.393235683441162109e+01 8.975815773010253906e-02 -2.203293293714523315e-01 9.712868928909301758e-01 1.897701263427734375e+02
9.373460412025451660e-01 -3.095797598361968994e-01 -1.598222702741622925e-01 -2.353405761718750000e+01 3.359875082969665527e-01 9.245830774307250977e-01 1.796004474163055420e-01 1.432488536834716797e+01 9.216847270727157593e-02 -2.220461815595626831e-01 9.706699848175048828e-01 1.921361083984375000e+02
9.380875229835510254e-01 -3.073719739913940430e-01 -1.597331315279006958e-01 -2.389366912841796875e+01 3.342683613300323486e-01 9.242085814476013184e-01 1.846640259027481079e-01 1.473199272155761719e+01 9.086636453866958618e-02 -2.266248613595962524e-01 9.697341322898864746e-01 1.946137390136718750e+02
9.351924061775207520e-01 -3.142801225185394287e-01 -1.632286608219146729e-01 -2.428779220581054688e+01 3.428605794906616211e-01 9.188972711563110352e-01 1.951207071542739868e-01 1.514369773864746094e+01 8.866799622774124146e-02 -2.384402006864547729e-01 9.671008586883544922e-01 1.969529266357421875e+02
9.339932203292846680e-01 -3.186158239841461182e-01 -1.616819351911544800e-01 -2.467461585998535156e+01 3.472111523151397705e-01 9.161227345466613770e-01 2.004027664661407471e-01 1.561007213592529297e+01 8.426918834447860718e-02 -2.433127313852310181e-01 9.662802219390869141e-01 1.993658294677734375e+02
9.311537146568298340e-01 -3.266019821166992188e-01 -1.621246486902236938e-01 -2.508786201477050781e+01 3.553737998008728027e-01 9.124128818511962891e-01 2.030022293329238892e-01 1.612404060363769531e+01 8.162388950586318970e-02 -2.466412931680679321e-01 9.656631946563720703e-01 2.020804443359375000e+02
9.299879074096679688e-01 -3.283635377883911133e-01 -1.652279943227767944e-01 -2.544088745117187500e+01 3.579336404800415039e-01 9.112714529037475586e-01 2.036312073469161987e-01 1.654476356506347656e+01 8.370268344879150391e-02 -2.485153973102569580e-01 9.650045037269592285e-01 2.043184814453125000e+02
9.275613427162170410e-01 -3.305297493934631348e-01 -1.743001788854598999e-01 -2.585914421081542969e+01 3.626791536808013916e-01 9.086393117904663086e-01 2.069692760705947876e-01 1.703928375244140625e+01 8.996669203042984009e-02 -2.551919221878051758e-01 9.626955986022949219e-01 2.068250579833984375e+02
9.239059686660766602e-01 -3.327175080776214600e-01 -1.889371722936630249e-01 -2.625431251525878906e+01 3.684929013252258301e-01 9.066833257675170898e-01 2.052709013223648071e-01 1.749782943725585938e+01 1.030091717839241028e-01 -2.592732310295104980e-01 9.602949023246765137e-01 2.090920715332031250e+02
9.215803742408752441e-01 -3.343067467212677002e-01 -1.973045468330383301e-01 -2.668510055541992188e+01 3.719509840011596680e-01 9.059270024299621582e-01 2.023527473211288452e-01 1.796487617492675781e+01 1.110958382487297058e-01 -2.598721385002136230e-01 9.592309594154357910e-01 2.113830566406250000e+02
9.175745844841003418e-01 -3.410704731941223145e-01 -2.042750865221023560e-01 -2.712215232849121094e+01 3.804188370704650879e-01 9.025026559829711914e-01 2.019117474555969238e-01 1.837626266479492188e+01 1.154928952455520630e-01 -2.629793584346771240e-01 9.578638076782226562e-01 2.135541687011718750e+02
9.164292216300964355e-01 -3.420669734477996826e-01 -2.077214121818542480e-01 -2.755244636535644531e+01 3.829447031021118164e-01 9.003011584281921387e-01 2.069036811590194702e-01 1.878677749633789062e+01 1.162371411919593811e-01 -2.691586017608642578e-01 9.560556411743164062e-01 2.156493835449218750e+02
9.158020019531250000e-01 -3.368541598320007324e-01 -2.187156379222869873e-01 -2.801346588134765625e+01 3.809053897857666016e-01 9.011345505714416504e-01 2.070399820804595947e-01 1.922607803344726562e+01 1.273501813411712646e-01 -2.729178071022033691e-01 9.535709619522094727e-01 2.177604980468750000e+02
9.169821739196777344e-01 -3.378565013408660889e-01 -2.121255695819854736e-01 -2.849732780456542969e+01 3.802368640899658203e-01 9.010693430900573730e-01 2.085473537445068359e-01 1.967740440368652344e+01 1.206810101866722107e-01 -2.718923985958099365e-01 9.547305107116699219e-01 2.199166107177734375e+02
9.143968820571899414e-01 -3.406987786293029785e-01 -2.186395525932312012e-01 -2.893337059020996094e+01 3.849779963493347168e-01 8.988547921180725098e-01 2.094037234783172607e-01 2.009140396118164062e+01 1.251818686723709106e-01 -2.756497859954833984e-01 9.530720710754394531e-01 2.219696502685546875e+02
9.142365455627441406e-01 -3.402009904384613037e-01 -2.200805693864822388e-01 -2.939807510375976562e+01 3.846082985401153564e-01 8.995179533958435059e-01 2.072240710258483887e-01 2.048616981506347656e+01 1.274688243865966797e-01 -2.740968763828277588e-01 9.532168507575988770e-01 2.240653533935546875e+02
9.125640392303466797e-01 -3.402174115180969238e-01 -2.268911898136138916e-01 -2.987254524230957031e+01 3.872153460979461670e-01 8.973059058189392090e-01 2.119063436985015869e-01 2.087298774719238281e+01 1.314968168735504150e-01 -2.812340855598449707e-01 9.505870938301086426e-01 2.261424407958984375e+02
9.105353355407714844e-01 -3.443817496299743652e-01 -2.287517488002777100e-01 -3.031540107727050781e+01 3.921007215976715088e-01 8.947556614875793457e-01 2.136988639831542969e-01 2.125561904907226562e+01 1.310831755399703979e-01 -2.842743098735809326e-01 9.497395157814025879e-01 2.280203094482421875e+02
9.095892906188964844e-01 -3.469251692295074463e-01 -2.286724597215652466e-01 -3.084766960144042969e+01 3.945548534393310547e-01 8.937138915061950684e-01 2.135410755872726440e-01 2.172247886657714844e+01 1.302852332592010498e-01 -2.844587266445159912e-01 9.497941136360168457e-01 2.302021636962890625e+02
9.080542922019958496e-01 -3.511545956134796143e-01 -2.283171266317367554e-01 -3.133329582214355469e+01 3.983075022697448730e-01 8.925692439079284668e-01 2.113504707813262939e-01 2.214252853393554688e+01 1.295724064111709595e-01 -2.828583419322967529e-01 9.503694176673889160e-01 2.322700653076171875e+02
9.056174755096435547e-01 -3.542758822441101074e-01 -2.331232130527496338e-01 -3.184733200073242188e+01 4.032363891601562500e-01 8.895849585533142090e-01 2.145618498325347900e-01 2.259730529785156250e+01 1.313690543174743652e-01 -2.883149385452270508e-01 9.484811425209045410e-01 2.344341125488281250e+02
9.043804407119750977e-01 -3.529203236103057861e-01 -2.398833483457565308e-01 -3.232060241699218750e+01 4.039339423179626465e-01 8.892696499824523926e-01 2.145567983388900757e-01 2.301923179626464844e+01 1.375997811555862427e-01 -2.909381985664367676e-01 9.467951655387878418e-01 2.364425964355468750e+02
9.014191627502441406e-01 -3.565848767757415771e-01 -2.455431222915649414e-01 -3.279990005493164062e+01 4.090770781040191650e-01 8.872082233428955078e-01 2.133428752422332764e-01 2.341446685791015625e+01 1.417732983827590942e-01 -2.927576303482055664e-01 9.456178545951843262e-01 2.383503723144531250e+02
8.992047905921936035e-01 -3.635687530040740967e-01 -2.434115856885910034e-01 -3.328413009643554688e+01 4.166296124458312988e-01 8.813965916633605957e-01 2.226149886846542358e-01 2.383027267456054688e+01 1.336065381765365601e-01 -3.015891611576080322e-01 9.440302252769470215e-01 2.403186798095703125e+02
8.977247476577758789e-01 -3.693709373474121094e-01 -2.401167452335357666e-01 -3.378117370605468750e+01 4.216858148574829102e-01 8.782348036766052246e-01 2.255709767341613770e-01 2.428623008728027344e+01 1.275597661733627319e-01 -3.037546873092651367e-01 9.441722631454467773e-01 2.423266448974609375e+02
8.946170210838317871e-01 -3.789757192134857178e-01 -2.367245107889175415e-01 -3.424064636230468750e+01 4.304791986942291260e-01 8.730024695396423340e-01 2.292422056198120117e-01 2.470946311950683594e+01 1.197841018438339233e-01 -3.069891631603240967e-01 9.441446065902709961e-01 2.442460327148437500e+02
8.949329853057861328e-01 -3.802413046360015869e-01 -2.334783971309661865e-01 -3.469533538818359375e+01 4.315774142742156982e-01 8.705055117607116699e-01 2.365559637546539307e-01 2.513129043579101562e+01 1.132961288094520569e-01 -3.124659359455108643e-01 9.431482553482055664e-01 2.461598510742187500e+02
8.956093192100524902e-01 -3.799537420272827148e-01 -2.313433140516281128e-01 -3.513637924194335938e+01 4.308739304542541504e-01 8.702442646026611328e-01 2.387888133525848389e-01 2.558375549316406250e+01 1.105967387557029724e-01 -3.135415017604827881e-01 9.431117177009582520e-01 2.481221466064453125e+02
8.937726020812988281e-01 -3.824517130851745605e-01 -2.343114763498306274e-01 -3.559106826782226562e+01 4.346187412738800049e-01 8.675481081008911133e-01 2.417939454317092896e-01 2.603151893615722656e+01 1.108022257685661316e-01 -3.179451823234558105e-01 9.416121244430541992e-01 2.500539398193359375e+02
8.941133618354797363e-01 -3.881930410861968994e-01 -2.233117818832397461e-01 -3.593719482421875000e+01 4.370578825473785400e-01 8.651254773139953613e-01 2.460399717092514038e-01 2.639388847351074219e+01 9.768196940422058105e-02 -3.175880312919616699e-01 9.431838393211364746e-01 2.515584716796875000e+02
9.031740427017211914e-01 -3.940777778625488281e-01 -1.702351868152618408e-01 -3.616904067993164062e+01 4.274983108043670654e-01 8.617265224456787109e-01 2.732579708099365234e-01 2.677133941650390625e+01 3.901148587465286255e-02 -3.195749819278717041e-01 9.467574357986450195e-01 2.529502868652343750e+02
9.130538105964660645e-01 -3.982563912868499756e-01 -8.789321780204772949e-02 -3.625446319580078125e+01 4.048255383968353271e-01 8.588586449623107910e-01 3.138079643249511719e-01 2.715435600280761719e+01 -4.948803782463073730e-02 -3.221051692962646484e-01 9.454093575477600098e-01 2.541926574707031250e+02
9.126010537147521973e-01 -4.063058793544769287e-01 -4.555697739124298096e-02 -3.629730987548828125e+01 3.969619274139404297e-01 8.538678884506225586e-01 3.366425335407257080e-01 2.763007545471191406e+01 -9.788010269403457642e-02 -3.253049552440643311e-01 9.405295252799987793e-01 2.555701599121093750e+02
9.111494421958923340e-01 -4.120332896709442139e-01 5.986969918012619019e-03 -3.627199935913085938e+01 3.826639652252197266e-01 8.514155745506286621e-01 3.586880862712860107e-01 2.810235595703125000e+01 -1.528887897729873657e-01 -3.245276808738708496e-01 9.334380030632019043e-01 2.568388366699218750e+02
9.077104926109313965e-01 -4.173907637596130371e-01 4.297902062535285950e-02 -3.619800567626953125e+01 3.714683353900909424e-01 8.469981551170349121e-01 3.802666068077087402e-01 2.863022994995117188e+01 -1.951229274272918701e-01 -3.292068839073181152e-01 9.238774776458740234e-01 2.581749572753906250e+02
8.883827328681945801e-01 -4.153939783573150635e-01 1.955110430717468262e-01 -3.595078659057617188e+01 3.017803132534027100e-01 8.492839336395263672e-01 4.331775009632110596e-01 2.920279312133789062e+01 -3.459838330745697021e-01 -3.258262872695922852e-01 8.798477649688720703e-01 2.593926086425781250e+02
8.658899664878845215e-01 -4.191472530364990234e-01 2.730398178100585938e-01 -3.551103591918945312e+01 2.657049000263214111e-01 8.478317260742187500e-01 4.588895142078399658e-01 2.984662818908691406e+01 -4.238343238830566406e-01 -3.248000741004943848e-01 8.454993367195129395e-01 2.605672302246093750e+02
8.332697153091430664e-01 -4.233288466930389404e-01 3.556049764156341553e-01 -3.505592727661132812e+01 2.231943458318710327e-01 8.460332751274108887e-01 4.841584265232086182e-01 3.040323257446289062e+01 -5.058121681213378906e-01 -3.240658044815063477e-01 7.994592785835266113e-01 2.614625244140625000e+02
8.125033378601074219e-01 -4.275717437267303467e-01 3.962591290473937988e-01 -3.454764556884765625e+01 2.002478986978530884e-01 8.430829644203186035e-01 4.991084635257720947e-01 3.099659729003906250e+01 -5.474843382835388184e-01 -3.261775374412536621e-01 7.706288695335388184e-01 2.623978271484375000e+02
7.846716046333312988e-01 -4.268216788768768311e-01 4.495712518692016602e-01 -3.402116012573242188e+01 1.669448763132095337e-01 8.439184427261352539e-01 5.098317265510559082e-01 3.155688285827636719e+01 -5.970091223716735840e-01 -3.249972164630889893e-01 7.334553003311157227e-01 2.631418457031250000e+02
7.312687635421752930e-01 -4.367407560348510742e-01 5.239313840866088867e-01 -3.336960220336914062e+01 1.262644231319427490e-01 8.415260910987854004e-01 5.252507925033569336e-01 3.214569854736328125e+01 -6.703008413314819336e-01 -3.179460167884826660e-01 6.705272793769836426e-01 2.638551635742187500e+02
6.847990751266479492e-01 -4.356652498245239258e-01 5.841631293296813965e-01 -3.264322662353515625e+01 7.967607676982879639e-02 8.415706753730773926e-01 5.342357754707336426e-01 3.275155258178710938e+01 -7.243630886077880859e-01 -3.193007707595825195e-01 6.110196113586425781e-01 2.645617980957031250e+02
6.051174998283386230e-01 -4.379398524761199951e-01 6.648623943328857422e-01 -3.193490600585937500e+01 1.459928601980209351e-02 8.410735726356506348e-01 5.407211780548095703e-01 3.327281188964843750e+01 -7.960021495819091797e-01 -3.174937665462493896e-01 5.153425931930541992e-01 2.649931335449218750e+02
5.367744565010070801e-01 -4.380672574043273926e-01 7.210899591445922852e-01 -3.106528091430664062e+01 -3.384429961442947388e-02 8.427811861038208008e-01 5.371887087821960449e-01 3.389415740966796875e+01 -8.430465459823608398e-01 -3.127544522285461426e-01 4.375578761100769043e-01 2.654634399414062500e+02
4.900828003883361816e-01 -4.415526986122131348e-01 7.515654563903808594e-01 -2.999438285827636719e+01 -6.524469703435897827e-02 8.412057161331176758e-01 5.367619395256042480e-01 3.462527465820312500e+01 -8.692305088043212891e-01 -3.120939135551452637e-01 3.834519386291503906e-01 2.659652404785156250e+02
3.709813952445983887e-01 -4.481731057167053223e-01 8.133352398872375488e-01 -2.884488677978515625e+01 -1.422217339277267456e-01 8.380807638168334961e-01 5.266790986061096191e-01 3.532064819335937500e+01 -9.176847934722900391e-01 -3.110625445842742920e-01 2.471727579832077026e-01 2.662750244140625000e+02
3.017779588699340820e-01 -4.495629072189331055e-01 8.407281637191772461e-01 -2.780027198791503906e+01 -1.794707477092742920e-01 8.392858505249023438e-01 5.132122039794921875e-01 3.592189788818359375e+01 -9.363331794738769531e-01 -3.057626783847808838e-01 1.725948750972747803e-01 2.664406127929687500e+02
