9.999992847442626953e-01 -1.119206892326474190e-03 4.162851255387067795e-04 -1.234301365911960602e-03 1.118849031627178192e-03 9.999989867210388184e-01 8.586904732510447502e-04 -1.360735669732093811e-02 -4.172457847744226456e-04 -8.582241134718060493e-04 9.999995231628417969e-01 8.818090558052062988e-01
9.999966025352478027e-01 -2.413101494312286377e-03 1.034732791595160961e-03 -1.915526925586163998e-03 2.411362016573548317e-03 9.999956488609313965e-01 1.679017790593206882e-03 -2.562879398465156555e-02 -1.038779970258474350e-03 -1.676516840234398842e-03 9.999980330467224121e-01 1.767892837524414062e+00
9.999921917915344238e-01 -3.662912407889962196e-03 1.481701969169080257e-03 -1.568486797623336315e-03 3.658400150015950203e-03 9.999886751174926758e-01 3.036280162632465363e-03 -3.560360521078109741e-02 -1.492806826718151569e-03 -3.030835650861263275e-03 9.999942779541015625e-01 2.687135696411132812e+00
9.999861121177673340e-01 -5.150940734893083572e-03 1.117064966820180416e-03 -2.469729864969849586e-03 5.145696457475423813e-03 9.999759793281555176e-01 4.647028632462024689e-03 -4.520221427083015442e-02 -1.140974694862961769e-03 -4.641216248273849487e-03 9.999885559082031250e-01 3.577112674713134766e+00
9.999791383743286133e-01 -6.391695700585842133e-03 9.457244887016713619e-04 -3.884820267558097839e-03 6.386348046362400055e-03 9.999641776084899902e-01 5.552221555262804031e-03 -5.335393548011779785e-02 -9.811787167564034462e-04 -5.546065513044595718e-03 9.999841451644897461e-01 4.459899425506591797e+00
9.999729990959167480e-01 -7.325400132685899734e-03 5.562908481806516647e-04 -4.161186981946229935e-03 7.321625947952270508e-03 9.999520182609558105e-01 6.505531258881092072e-03 -6.334139406681060791e-02 -6.039197323843836784e-04 -6.501281633973121643e-03 9.999786615371704102e-01 5.365953445434570312e+00
9.999621510505676270e-01 -8.564213290810585022e-03 1.517337514087557793e-03 -4.123104270547628403e-03 8.551872335374355316e-03 9.999317526817321777e-01 7.960266433656215668e-03 -7.131879031658172607e-02 -1.585407415404915810e-03 -7.946988567709922791e-03 9.999670982360839844e-01 6.257973194122314453e+00
9.999486207962036133e-01 -9.856060147285461426e-03 2.384340623393654823e-03 -2.699011005461215973e-03 9.832775220274925232e-03 9.999057054519653320e-01 9.587834589183330536e-03 -7.579609751701354980e-02 -2.478614216670393944e-03 -9.563896805047988892e-03 9.999511241912841797e-01 7.114675521850585938e+00
9.999386072158813477e-01 -1.102714426815509796e-02 1.137620885856449604e-03 -2.781304065138101578e-03 1.101262774318456650e-02 9.998666644096374512e-01 1.206197589635848999e-02 -7.430212199687957764e-02 -1.270478591322898865e-03 -1.204870548099279404e-02 9.999265670776367188e-01 7.998713016510009766e+00
9.999211430549621582e-01 -1.240429561585187912e-02 1.996127422899007797e-03 -1.808011438697576523e-03 1.237573008984327316e-02 9.998291134834289551e-01 1.373754814267158508e-02 -7.400845736265182495e-02 -2.166191115975379944e-03 -1.371175982058048248e-02 9.999036192893981934e-01 8.880074501037597656e+00
9.999029636383056641e-01 -1.366351172327995300e-02 2.717480063438415527e-03 -4.898034967482089996e-04 1.362195704132318497e-02 9.997982978820800781e-01 1.476362906396389008e-02 -7.615123689174652100e-02 -2.918655052781105042e-03 -1.472517848014831543e-02 9.998872876167297363e-01 9.782981872558593750e+00
9.998823404312133789e-01 -1.495988294482231140e-02 3.380358917638659477e-03 1.315199653618037701e-03 1.490602176636457443e-02 9.997698664665222168e-01 1.543351355940103531e-02 -7.737025618553161621e-02 -3.610464511439204216e-03 -1.538131013512611389e-02 9.998751878738403320e-01 1.067184829711914062e+01
9.998604655265808105e-01 -1.632694341242313385e-02 3.521272446960210800e-03 3.272530157119035721e-03 1.626894995570182800e-02 9.997410178184509277e-01 1.591352559626102448e-02 -7.898024469614028931e-02 -3.780179889872670174e-03 -1.585401780903339386e-02 9.998672008514404297e-01 1.158059120178222656e+01
9.998339414596557617e-01 -1.751653850078582764e-02 5.020786076784133911e-03 5.905732046812772751e-03 1.742750778794288635e-02 9.996992349624633789e-01 1.725963130593299866e-02 -7.622464746236801147e-02 -5.321604665368795395e-03 -1.716926693916320801e-02 9.998384714126586914e-01 1.244735050201416016e+01
9.998095035552978516e-01 -1.868934556841850281e-02 5.623836535960435867e-03 9.691243991255760193e-03 1.858337037265300751e-02 9.996591806411743164e-01 1.834133267402648926e-02 -7.324950397014617920e-02 -5.964707117527723312e-03 -1.823332905769348145e-02 9.998160004615783691e-01 1.332462120056152344e+01
9.997906088829040527e-01 -1.967980340123176575e-02 5.600024480372667313e-03 1.321496628224849701e-02 1.957404613494873047e-02 9.996400475502014160e-01 1.835247501730918884e-02 -7.213751971721649170e-02 -5.959181580692529678e-03 -1.823901757597923279e-02 9.998159408569335938e-01 1.429374694824218750e+01
9.997631907463073730e-01 -2.092317491769790649e-02 5.974824540317058563e-03 1.741113141179084778e-02 2.080797404050827026e-02 9.996080398559570312e-01 1.873349398374557495e-02 -7.152642309665679932e-02 -6.364446133375167847e-03 -1.860473491251468658e-02 9.998067021369934082e-01 1.527820110321044922e+01
9.997414946556091309e-01 -2.184349671006202698e-02 6.297631189227104187e-03 2.294492162764072418e-02 2.172153443098068237e-02 9.995868802070617676e-01 1.882577501237392426e-02 -6.920453161001205444e-02 -6.706249434500932693e-03 -1.868411712348461151e-02 9.998030066490173340e-01 1.622584152221679688e+01
9.997065663337707520e-01 -2.324081212282180786e-02 6.813244894146919250e-03 2.974396944046020508e-02 2.310575358569622040e-02 9.995473027229309082e-01 1.927468553185462952e-02 -6.668523699045181274e-02 -7.258119061589241028e-03 -1.911160908639431000e-02 9.997910857200622559e-01 1.719672966003417969e+01
9.996685981750488281e-01 -2.453469485044479370e-02 7.786568254232406616e-03 3.566056117415428162e-02 2.437445148825645447e-02 9.995018839836120605e-01 2.004848606884479523e-02 -6.407651305198669434e-02 -8.274572901427745819e-03 -1.985204964876174927e-02 9.997687339782714844e-01 1.813839912414550781e+01
9.996416568756103516e-01 -2.528963424265384674e-02 8.770031854510307312e-03 4.283570125699043274e-02 2.510711736977100372e-02 9.994780421257019043e-01 2.033316716551780701e-02 -6.094861030578613281e-02 -9.279672056436538696e-03 -2.010569348931312561e-02 9.997548460960388184e-01 1.905405998229980469e+01
9.996131062507629395e-01 -2.627990394830703735e-02 9.107254445552825928e-03 5.092111229896545410e-02 2.608294971287250519e-02 9.994369745254516602e-01 2.111048996448516846e-02 -5.675380304455757141e-02 -9.656907990574836731e-03 -2.086478099226951599e-02 9.997357130050659180e-01 1.998775100708007812e+01
9.995759129524230957e-01 -2.738846093416213989e-02 9.891757741570472717e-03 5.895645916461944580e-02 2.716861665248870850e-02 9.993950724601745605e-01 2.171601355075836182e-02 -5.066093802452087402e-02 -1.048054173588752747e-02 -2.143806032836437225e-02 9.997153282165527344e-01 2.091228675842285156e+01
9.995361566543579102e-01 -2.853654325008392334e-02 1.063662953674793243e-02 6.777731329202651978e-02 2.829256840050220490e-02 9.993482828140258789e-01 2.242339774966239929e-02 -4.458825290203094482e-02 -1.126958243548870087e-02 -2.211205847561359406e-02 9.996920824050903320e-01 2.185042953491210938e+01
9.994877576828002930e-01 -2.977176569402217865e-02 1.173786725848913193e-02 7.785581797361373901e-02 2.949587255716323853e-02 9.993000030517578125e-01 2.301684580743312836e-02 -3.748378157615661621e-02 -1.241490058600902557e-02 -2.265883609652519226e-02 9.996662735939025879e-01 2.273498916625976562e+01
9.994511008262634277e-01 -3.064532950520515442e-02 1.258487440645694733e-02 8.958648145198822021e-02 3.034632094204425812e-02 9.992679357528686523e-01 2.330128662288188934e-02 -3.125595301389694214e-02 -1.328973565250635147e-02 -2.290659025311470032e-02 9.996493458747863770e-01 2.364719772338867188e+01
9.993978142738342285e-01 -3.184981271624565125e-02 1.377021986991167068e-02 1.005114391446113586e-01 3.151867538690567017e-02 9.992238283157348633e-01 2.363167516887187958e-02 -2.582231163978576660e-02 -1.451219618320465088e-02 -2.318342402577400208e-02 9.996259212493896484e-01 2.450227165222167969e+01
9.993591308593750000e-01 -3.298874199390411377e-02 1.389579474925994873e-02 1.130590885877609253e-01 3.264540433883666992e-02 9.991728067398071289e-01 2.425072528421878815e-02 -2.018508687615394592e-02 -1.468430086970329285e-02 -2.378154918551445007e-02 9.996093511581420898e-01 2.534113121032714844e+01
9.993444085121154785e-01 -3.385386988520622253e-02 1.283650752156972885e-02 1.237403303384780884e-01 3.352898731827735901e-02 9.991317987442016602e-01 2.473237924277782440e-02 -1.268093101680278778e-02 -1.366264931857585907e-02 -2.428576909005641937e-02 9.996117353439331055e-01 2.614105987548828125e+01
9.993240833282470703e-01 -3.476856648921966553e-02 1.194376684725284576e-02 1.322770863771438599e-01 3.446282818913459778e-02 9.990954995155334473e-01 2.491574361920356750e-02 -6.449871696531772614e-03 -1.279924716800451279e-02 -2.448728680610656738e-02 9.996182322502136230e-01 2.692309761047363281e+01
9.993003010749816895e-01 -3.573666140437126160e-02 1.103752851486206055e-02 1.407171934843063354e-01 3.545109927654266357e-02 9.990571141242980957e-01 2.506679669022560120e-02 7.379492744803428650e-04 -1.192292477935552597e-02 -2.465796843171119690e-02 9.996248483657836914e-01 2.770605659484863281e+01
9.992759823799133301e-01 -3.686908632516860962e-02 9.390567429363727570e-03 1.483008563518524170e-01 3.661722317337989807e-02 9.989986419677734375e-01 2.571280114352703094e-02 9.744074195623397827e-03 -1.032917108386754990e-02 -2.535033226013183594e-02 9.996252655982971191e-01 2.857891845703125000e+01
9.992588758468627930e-01 -3.781018033623695374e-02 7.215470075607299805e-03 1.554085016250610352e-01 3.760671243071556091e-02 9.989409446716308594e-01 2.651203051209449768e-02 1.921997219324111938e-02 -8.210253901779651642e-03 -2.622103691101074219e-02 9.996224641799926758e-01 2.952080345153808594e+01
9.992322325706481934e-01 -3.890205174684524536e-02 4.635272547602653503e-03 1.590641587972640991e-01 3.876642137765884399e-02 9.988986253738403320e-01 2.643742598593235016e-02 2.728703990578651428e-02 -5.658637732267379761e-03 -2.623744308948516846e-02 9.996397495269775391e-01 3.037213516235351562e+01
9.991872310638427734e-01 -4.010425880551338196e-02 4.050602670758962631e-03 1.618515253067016602e-01 3.998355567455291748e-02 9.988506436347961426e-01 2.643958665430545807e-02 3.509747982025146484e-02 -5.106287077069282532e-03 -2.625614777207374573e-02 9.996422529220581055e-01 3.112243461608886719e+01
9.991436004638671875e-01 -4.131245613098144531e-02 2.289742231369018555e-03 1.634717881679534912e-01 4.123825207352638245e-02 9.988045096397399902e-01 2.625663392245769501e-02 4.338166490197181702e-02 -3.371730679646134377e-03 -2.613973245024681091e-02 9.996526837348937988e-01 3.186726379394531250e+01
9.991033077239990234e-01 -4.229163378477096558e-02 1.967012416571378708e-03 1.648467183113098145e-01 4.222451522946357727e-02 9.987545013427734375e-01 2.658873796463012695e-02 5.114487931132316589e-02 -3.089043544605374336e-03 -2.648184821009635925e-02 9.996445775032043457e-01 3.263398742675781250e+01
9.990558624267578125e-01 -4.342849552631378174e-02 1.063652103766798973e-03 1.661729216575622559e-01 4.338442906737327576e-02 9.986989498138427734e-01 2.680680900812149048e-02 5.934302881360054016e-02 -2.226447453722357750e-03 -2.673536352813243866e-02 9.996401667594909668e-01 3.339547348022460938e+01
9.990041851997375488e-01 -4.460892081260681152e-02 5.904091522097587585e-04 1.666778922080993652e-01 4.457715526223182678e-02 9.986473917961120605e-01 2.676984854042530060e-02 6.759692728519439697e-02 -1.783784478902816772e-03 -2.671688422560691833e-02 9.996415376663208008e-01 3.417889404296875000e+01
9.989500641822814941e-01 -4.577441141009330750e-02 -1.753293909132480621e-03 1.654771566390991211e-01 4.580487310886383057e-02 9.985964894294738770e-01 2.659653313457965851e-02 7.808598130941390991e-02 5.333925364539027214e-04 -2.664893120527267456e-02 9.996448159217834473e-01 3.501830291748046875e+01
9.988894462585449219e-01 -4.698722809553146362e-02 -3.420117311179637909e-03 1.626721024513244629e-01 4.706206917762756348e-02 9.985341429710388184e-01 2.674279734492301941e-02 8.787286281585693359e-02 2.158534014597535133e-03 -2.687406912446022034e-02 9.996366500854492188e-01 3.581083679199218750e+01
9.988292455673217773e-01 -4.820254445075988770e-02 -4.031065851449966431e-03 1.596442908048629761e-01 4.829321801662445068e-02 9.984769821166992188e-01 2.668274752795696259e-02 9.598696976900100708e-02 2.738750074058771133e-03 -2.684619650244712830e-02 9.996359944343566895e-01 3.664109039306640625e+01
9.987512230873107910e-01 -4.963524639606475830e-02 -5.659312941133975983e-03 1.556737720966339111e-01 4.976982995867729187e-02 9.984005689620971680e-01 2.682853676378726959e-02 1.069018244743347168e-01 4.318620078265666962e-03 -2.707671001553535461e-02 9.996242523193359375e-01 3.760375595092773438e+01
9.986934661865234375e-01 -5.080693215131759644e-02 -5.446657072752714157e-03 1.520692855119705200e-01 5.093416199088096619e-02 9.983496069908142090e-01 2.653904631733894348e-02 1.168624162673950195e-01 4.089299589395523071e-03 -2.678180858492851257e-02 9.996331930160522461e-01 3.855990600585937500e+01
9.986361265182495117e-01 -5.187799781560897827e-02 -5.853990092873573303e-03 1.483907848596572876e-01 5.201751366257667542e-02 9.982833266258239746e-01 2.692945860326290131e-02 1.260743588209152222e-01 4.446893464773893356e-03 -2.719725854694843292e-02 9.996204376220703125e-01 3.946604919433593750e+01
9.985852837562561035e-01 -5.293651297688484192e-02 -4.982142243534326553e-03 1.453271508216857910e-01 5.305207148194313049e-02 9.982280135154724121e-01 2.696315944194793701e-02 1.338594257831573486e-01 3.545977175235748291e-03 -2.718934416770935059e-02 9.996242523193359375e-01 4.032608413696289062e+01
9.985343813896179199e-01 -5.394230782985687256e-02 -4.356394987553358078e-03 1.413697600364685059e-01 5.404169112443923950e-02 9.981637001037597656e-01 2.737504616379737854e-02 1.442091912031173706e-01 2.871721284464001656e-03 -2.757036685943603516e-02 9.996159672737121582e-01 4.133165359497070312e+01
9.984776377677917480e-01 -5.510196834802627563e-02 -2.400503261014819145e-03 1.388155519962310791e-01 5.514786764979362488e-02 9.980782270431518555e-01 2.827073633670806885e-02 1.544969230890274048e-01 8.381158113479614258e-04 -2.836009673774242401e-02 9.995976090431213379e-01 4.227538299560546875e+01
9.984104633331298828e-01 -5.634928867220878601e-02 -9.466176852583885193e-04 1.395507752895355225e-01 5.635324493050575256e-02 9.979992508888244629e-01 2.867705188691616058e-02 1.649536341428756714e-01 -6.712086033076047897e-04 -2.868482843041419983e-02 9.995884895324707031e-01 4.314926528930664062e+01
9.983516931533813477e-01 -5.735673010349273682e-02 1.909059239551424980e-03 1.416901946067810059e-01 5.727803334593772888e-02 9.979420304298400879e-01 2.883431129157543182e-02 1.745679974555969238e-01 -3.558973548933863640e-03 -2.867745049297809601e-02 9.995825886726379395e-01 4.396134185791015625e+01
9.982873201370239258e-01 -5.840601399540901184e-02 3.268550615757703781e-03 1.450265944004058838e-01 5.828632414340972900e-02 9.978740215301513672e-01 2.916440926492214203e-02 1.846436709165573120e-01 -4.964980296790599823e-03 -2.892396226525306702e-02 9.995695352554321289e-01 4.478824996948242188e+01
9.982345104217529297e-01 -5.917107313871383667e-02 5.113765131682157516e-03 1.492624729871749878e-01 5.899813771247863770e-02 9.978336095809936523e-01 2.911540307104587555e-02 1.947223842144012451e-01 -6.825479213148355484e-03 -2.876231260597705841e-02 9.995632171630859375e-01 4.555640411376953125e+01
9.981563091278076172e-01 -6.024774163961410522e-02 7.316481322050094604e-03 1.553579568862915039e-01 6.000597402453422546e-02 9.977566599845886230e-01 2.968812175095081329e-02 2.056640088558197021e-01 -9.088713675737380981e-03 -2.919437177479267120e-02 9.995326995849609375e-01 4.626335144042968750e+01
9.980863332748413086e-01 -6.087137386202812195e-02 1.084240246564149857e-02 1.650042682886123657e-01 6.053248420357704163e-02 9.977381229400634766e-01 2.923823520541191101e-02 2.162768542766571045e-01 -1.259765401482582092e-02 -2.852598764002323151e-02 9.995139241218566895e-01 4.704671096801757812e+01
9.979737401008605957e-01 -6.086349859833717346e-02 1.852826029062271118e-02 1.790440678596496582e-01 6.030668318271636963e-02 9.977511763572692871e-01 2.925863303244113922e-02 2.266973108053207397e-01 -2.026738598942756653e-02 -2.808199264109134674e-02 9.994003772735595703e-01 4.774576950073242188e+01
9.977774620056152344e-01 -6.170512363314628601e-02 2.513903379440307617e-02 1.986410617828369141e-01 6.096870824694633484e-02 9.977162480354309082e-01 2.907739020884037018e-02 2.346185892820358276e-01 -2.687586098909378052e-02 -2.748009189963340759e-02 9.992612004280090332e-01 4.848511505126953125e+01
9.976286292076110840e-01 -6.231636181473731995e-02 2.920867688953876495e-02 2.211717516183853149e-01 6.146389245986938477e-02 9.976814985275268555e-01 2.922820299863815308e-02 2.436342835426330566e-01 -3.096236661076545715e-02 -2.736363187432289124e-02 9.991461038589477539e-01 4.919800567626953125e+01
9.974401593208312988e-01 -6.300862878561019897e-02 3.379789739847183228e-02 2.449258267879486084e-01 6.206967681646347046e-02 9.976750612258911133e-01 2.814713679254055023e-02 2.522294819355010986e-01 -3.549285233020782471e-02 -2.597727999091148376e-02 9.990323781967163086e-01 4.989043807983398438e+01
9.971222281455993652e-01 -6.384892761707305908e-02 4.086329415440559387e-02 2.750003933906555176e-01 6.272101402282714844e-02 9.976295828819274902e-01 2.831463515758514404e-02 2.610102891921997070e-01 -4.257431253790855408e-02 -2.567018382251262665e-02 9.987635612487792969e-01 5.057795715332031250e+01
9.966330528259277344e-01 -6.457737833261489868e-02 5.051382258534431458e-02 3.121576905250549316e-01 6.320068240165710449e-02 9.975970387458801270e-01 2.839396335184574127e-02 2.699993252754211426e-01 -5.222607403993606567e-02 -2.510587126016616821e-02 9.983197450637817383e-01 5.125397109985351562e+01
9.961724877357482910e-01 -6.611631065607070923e-02 5.716872587800025940e-02 3.509176075458526611e-01 6.456048041582107544e-02 9.975026845932006836e-01 2.864846587181091309e-02 2.773925662040710449e-01 -5.892011523246765137e-02 -2.484799362719058990e-02 9.979535341262817383e-01 5.182954406738281250e+01
9.957111477851867676e-01 -6.699638068675994873e-02 6.379672884941101074e-02 3.938692212104797363e-01 6.527493149042129517e-02 9.974547624588012695e-01 2.869831956923007965e-02 2.863334417343139648e-01 -6.555706262588500977e-02 -2.441093139350414276e-02 9.975503087043762207e-01 5.245895385742187500e+01
9.951434135437011719e-01 -6.743876636028289795e-02 7.169964164495468140e-02 4.408866167068481445e-01 6.549353152513504028e-02 9.974274039268493652e-01 2.914648689329624176e-02 2.942672371864318848e-01 -7.348082214593887329e-02 -2.430909313261508942e-02 9.970004558563232422e-01 5.305815505981445312e+01
9.943364858627319336e-01 -6.776400655508041382e-02 8.186710625886917114e-02 4.995766580104827881e-01 6.552518904209136963e-02 9.974079728126525879e-01 2.973427996039390564e-02 3.016285598278045654e-01 -8.366985619068145752e-02 -2.420154213905334473e-02 9.961997866630554199e-01 5.371785736083984375e+01
9.933018684387207031e-01 -6.772004067897796631e-02 9.361948817968368530e-02 5.575823783874511719e-01 6.515634059906005859e-02 9.974187612533569336e-01 3.017865307629108429e-02 3.081584870815277100e-01 -9.542158246040344238e-02 -2.387662790715694427e-02 9.951506853103637695e-01 5.427978134155273438e+01
9.922591447830200195e-01 -6.781419366598129272e-02 1.040301471948623657e-01 5.985445976257324219e-01 6.511458754539489746e-02 9.974524974822998047e-01 2.913475036621093750e-02 3.132423460483551025e-01 -1.057409271597862244e-01 -2.213536016643047333e-02 9.941474199295043945e-01 5.459744644165039062e+01
9.912226200103759766e-01 -6.833307445049285889e-02 1.131699979305267334e-01 6.510577797889709473e-01 6.548619270324707031e-02 9.974410533905029297e-01 2.868969738483428955e-02 3.190560340881347656e-01 -1.148409098386764526e-01 -2.102682366967201233e-02 9.931613802909851074e-01 5.494885253906250000e+01
9.902569651603698730e-01 -6.880229711532592773e-02 1.210646331310272217e-01 7.121485471725463867e-01 6.583752483129501343e-02 9.974283576011657715e-01 2.832617424428462982e-02 3.263623416423797607e-01 -1.227022632956504822e-01 -2.007961273193359375e-02 9.922404289245605469e-01 5.539344024658203125e+01
9.896306395530700684e-01 -6.938270479440689087e-02 1.257634758949279785e-01 7.754604816436767578e-01 6.646866351366043091e-02 9.974170923233032227e-01 2.722635120153427124e-02 3.308548033237457275e-01 -1.273277401924133301e-01 -1.858471892774105072e-02 9.916866421699523926e-01 5.590223312377929688e+01
9.893210530281066895e-01 -6.903738528490066528e-02 1.283625215291976929e-01 8.336048722267150879e-01 6.616463512182235718e-02 9.974564313888549805e-01 2.651654183864593506e-02 3.321796059608459473e-01 -1.298666894435882568e-01 -1.774033159017562866e-02 9.913728237152099609e-01 5.637460327148437500e+01
9.877199530601501465e-01 -6.984917819499969482e-02 1.397485136985778809e-01 9.064183831214904785e-01 6.682021915912628174e-02 9.974195957183837891e-01 2.625636942684650421e-02 3.344226181507110596e-01 -1.412219256162643433e-01 -1.659592986106872559e-02 9.898389577865600586e-01 5.685800170898437500e+01
9.851655960083007812e-01 -7.046616822481155396e-02 1.564688682556152344e-01 1.002692222595214844e+00 6.714798510074615479e-02 9.973938465118408203e-01 2.639914304018020630e-02 3.386965394020080566e-01 -1.579213440418243408e-01 -1.550097670406103134e-02 9.873301386833190918e-01 5.741364669799804688e+01
9.824447035789489746e-01 -7.089906185865402222e-02 1.725541651248931885e-01 1.096003174781799316e+00 6.725393980741500854e-02 9.973736405372619629e-01 2.688767947256565094e-02 3.427934348583221436e-01 -1.740072965621948242e-01 -1.481072604656219482e-02 9.846330881118774414e-01 5.788953399658203125e+01
9.786128997802734375e-01 -7.206846028566360474e-02 1.926710307598114014e-01 1.240609884262084961e+00 6.790353357791900635e-02 9.972949624061584473e-01 2.814249880611896515e-02 3.512353897094726562e-01 -1.941780447959899902e-01 -1.445758249610662460e-02 9.808598756790161133e-01 5.859505844116210938e+01
9.754785895347595215e-01 -7.276041805744171143e-02 2.077175080776214600e-01 1.336890459060668945e+00 6.841700524091720581e-02 9.972630739212036133e-01 2.802823856472969055e-02 3.560382127761840820e-01 -2.091883569955825806e-01 -1.312954816967248917e-02 9.777873754501342773e-01 5.899980926513671875e+01
9.715557694435119629e-01 -7.308100163936614990e-02 2.252501398324966431e-01 1.465585231781005859e+00 6.839784979820251465e-02 9.972500205039978027e-01 2.853581495583057404e-02 3.648663759231567383e-01 -2.267161607742309570e-01 -1.231752522289752960e-02 9.738830924034118652e-01 5.951134872436523438e+01
9.671329855918884277e-01 -7.372931391000747681e-02 2.433449327945709229e-01 1.602229118347167969e+00 6.843146681785583496e-02 9.971997141838073730e-01 3.016507253050804138e-02 3.720729351043701172e-01 -2.448875904083251953e-01 -1.252120267599821091e-02 9.694707989692687988e-01 6.000975036621093750e+01
9.629786014556884766e-01 -7.392396777868270874e-02 2.592420279979705811e-01 1.744961500167846680e+00 6.824037432670593262e-02 9.971913099288940430e-01 3.086810372769832611e-02 3.799023330211639404e-01 -2.607958614826202393e-01 -1.203456521034240723e-02 9.653190970420837402e-01 6.047989654541015625e+01
9.569897651672363281e-01 -7.508295029401779175e-02 2.802355885505676270e-01 1.924273490905761719e+00 6.893560290336608887e-02 9.971159696578979492e-01 3.174374252557754517e-02 3.894668519496917725e-01 -2.818108499050140381e-01 -1.106024440377950668e-02 9.594063758850097656e-01 6.104888153076171875e+01
9.521589279174804688e-01 -7.632865756750106812e-02 2.959156036376953125e-01 2.106221675872802734e+00 6.966599822044372559e-02 9.970239996910095215e-01 3.301068395376205444e-02 4.009854793548583984e-01 -2.975547313690185547e-01 -1.081618014723062515e-02 9.546436667442321777e-01 6.160954284667968750e+01
9.476112723350524902e-01 -7.748523354530334473e-02 3.098832070827484131e-01 2.286539077758789062e+00 7.042109966278076172e-02 9.969398975372314453e-01 3.393622487783432007e-02 4.115899801254272461e-01 -3.115645647048950195e-01 -1.033605542033910751e-02 9.501689076423645020e-01 6.214071655273437500e+01
9.405555129051208496e-01 -7.840675115585327148e-02 3.304640054702758789e-01 2.466119050979614258e+00 7.078807055950164795e-02 9.968754649162292480e-01 3.504657000303268433e-02 4.205466806888580322e-01 -3.321794271469116211e-01 -9.570353664457798004e-03 9.431677460670471191e-01 6.261370849609375000e+01
9.338994026184082031e-01 -7.934042811393737793e-02 3.486198186874389648e-01 2.680990695953369141e+00 7.121352106332778931e-02 9.968079924583435059e-01 3.608770668506622314e-02 4.289196729660034180e-01 -3.503703474998474121e-01 -8.875860832631587982e-03 9.365692138671875000e-01 6.315151214599609375e+01
9.233076572418212891e-01 -8.081085979938507080e-02 3.754615187644958496e-01 2.893732786178588867e+00 7.179996371269226074e-02 9.966965913772583008e-01 3.795446828007698059e-02 4.370034933090209961e-01 -3.772884905338287354e-01 -8.085548877716064453e-03 9.260605573654174805e-01 6.361936187744140625e+01
9.131447672843933105e-01 -8.199349045753479004e-02 3.993023037910461426e-01 3.093583106994628906e+00 7.213812321424484253e-02 9.966051578521728516e-01 3.967563062906265259e-02 4.470359086990356445e-01 -4.012000560760498047e-01 -7.424695417284965515e-03 9.159604310989379883e-01 6.404093170166015625e+01
9.069232940673828125e-01 -8.264434337615966797e-02 4.131085872650146484e-01 3.302978038787841797e+00 7.257328182458877563e-02 9.965589046478271484e-01 4.004162922501564026e-02 4.588704109191894531e-01 -4.149964451789855957e-01 -6.334059871733188629e-03 9.098010659217834473e-01 6.447096252441406250e+01
9.012970328330993652e-01 -8.402803540229797363e-02 4.249725043773651123e-01 3.553827285766601562e+00 7.373179495334625244e-02 9.964491724967956543e-01 4.065065458416938782e-02 4.724105298519134521e-01 -4.268794953823089600e-01 -5.304346326738595963e-03 9.042930603027343750e-01 6.499185180664062500e+01
8.974359631538391113e-01 -8.561117947101593018e-02 4.327564239501953125e-01 3.804121017456054688e+00 7.482268661260604858e-02 9.963146448135375977e-01 4.193375259637832642e-02 4.884192645549774170e-01 -4.347518086433410645e-01 -5.252877250313758850e-03 9.005350470542907715e-01 6.550366973876953125e+01
8.931118845939636230e-01 -8.659520000219345093e-02 4.414194822311401367e-01 4.080573558807373047e+00 7.496799528598785400e-02 9.962254166603088379e-01 4.375326260924339294e-02 5.073475837707519531e-01 -4.435424208641052246e-01 -5.984243005514144897e-03 8.962334394454956055e-01 6.605484008789062500e+01
8.840395212173461914e-01 -8.772512525320053101e-02 4.591048061847686768e-01 4.399637699127197266e+00 7.491624355316162109e-02 9.961243271827697754e-01 4.608148336410522461e-02 5.272040367126464844e-01 -4.613682925701141357e-01 -6.343459710478782654e-03 8.871860504150390625e-01 6.664853668212890625e+01
8.749315738677978516e-01 -8.888752013444900513e-02 4.760173559188842773e-01 4.740646839141845703e+00 7.532814145088195801e-02 9.960249066352844238e-01 4.753450304269790649e-02 5.506101846694946289e-01 -4.783507287502288818e-01 -5.731947720050811768e-03 8.781501650810241699e-01 6.725450134277343750e+01
8.610365390777587891e-01 -8.985551446676254272e-02 5.005404949188232422e-01 5.104592800140380859e+00 7.530725747346878052e-02 9.959433674812316895e-01 4.924424737691879272e-02 5.749638676643371582e-01 -5.029352903366088867e-01 -4.706770181655883789e-03 8.643112182617187500e-01 6.785404968261718750e+01
8.496047258377075195e-01 -9.111511707305908203e-02 5.194888710975646973e-01 5.481760501861572266e+00 7.557351887226104736e-02 9.958315491676330566e-01 5.106507241725921631e-02 6.007116436958312988e-01 -5.219766497611999512e-01 -4.125531297177076340e-03 8.529497981071472168e-01 6.845379638671875000e+01
8.395348191261291504e-01 -9.234589338302612305e-02 5.353993177413940430e-01 5.866760253906250000e+00 7.609713077545166016e-02 9.957213997840881348e-01 5.241814255714416504e-02 6.279260516166687012e-01 -5.379496216773986816e-01 -3.264507744461297989e-03 8.429706692695617676e-01 6.904130554199218750e+01
8.314210772514343262e-01 -9.347543120384216309e-02 5.477228760719299316e-01 6.233219623565673828e+00 7.646837085485458374e-02 9.956171512603759766e-01 5.383813753724098206e-02 6.540823578834533691e-01 -5.503553748130798340e-01 -2.878685714676976204e-03 8.349255919456481934e-01 6.958967590332031250e+01
8.224553465843200684e-01 -9.544061124324798584e-02 5.607649683952331543e-01 6.571535587310791016e+00 7.705938816070556641e-02 9.954298138618469238e-01 5.639898031949996948e-02 6.790758371353149414e-01 -5.635854601860046387e-01 -3.173436038196086884e-03 8.260517716407775879e-01 7.007289123535156250e+01
8.101460337638854980e-01 -9.621170163154602051e-02 5.782783031463623047e-01 6.876113414764404297e+00 7.667411863803863525e-02 9.953567385673522949e-01 5.818612873554229736e-02 7.005552649497985840e-01 -5.811918973922729492e-01 -2.800281392410397530e-03 8.137618303298950195e-01 7.048053741455078125e+01
7.953551411628723145e-01 -9.766177833080291748e-02 5.982235670089721680e-01 7.250154972076416016e+00 7.710719108581542969e-02 9.952181577682495117e-01 5.995623022317886353e-02 7.298791408538818359e-01 -6.012189984321594238e-01 -1.559153664857149124e-03 7.990829348564147949e-01 7.096069335937500000e+01
7.803971767425537109e-01 -9.875334054231643677e-02 6.174359321594238281e-01 7.641306877136230469e+00 7.685524225234985352e-02 9.951112270355224609e-01 6.201938539743423462e-02 7.595902681350708008e-01 -6.205425858497619629e-01 -9.465686162002384663e-04 7.841722965240478516e-01 7.143222808837890625e+01
7.633752226829528809e-01 -1.004458740353584290e-01 6.380971670150756836e-01 8.032645225524902344e+00 7.727685570716857910e-02 9.949421882629394531e-01 6.416994333267211914e-02 7.880383133888244629e-01 -6.413159370422363281e-01 3.243882383685559034e-04 7.672770023345947266e-01 7.188082122802734375e+01
7.475131154060363770e-01 -1.011486500501632690e-01 6.564999222755432129e-01 8.389541625976562500e+00 7.694970816373825073e-02 9.948700070381164551e-01 6.566472351551055908e-02 8.126581907272338867e-01 -6.597746014595031738e-01 1.432235585525631905e-03 7.514623403549194336e-01 7.227130889892578125e+01
7.324566245079040527e-01 -1.013235375285148621e-01 6.732309460639953613e-01 8.820372581481933594e+00 7.578453421592712402e-02 9.948517084121704102e-01 6.727714836597442627e-02 8.457862138748168945e-01 -6.765823364257812500e-01 1.742899650707840919e-03 7.363650798797607422e-01 7.272407531738281250e+01
7.161750197410583496e-01 -1.014402732253074646e-01 6.905087232589721680e-01 9.236742019653320312e+00 7.479126751422882080e-02 9.948381185531616211e-01 6.857705116271972656e-02 8.771815299987792969e-01 -6.939015984535217285e-01 2.530856058001518250e-03 7.200655937194824219e-01 7.314066314697265625e+01
7.028895616531372070e-01 -1.012325063347816467e-01 7.040578126907348633e-01 9.555642127990722656e+00 7.401023060083389282e-02 9.948563575744628906e-01 6.915741413831710815e-02 9.013705849647521973e-01 -7.074379920959472656e-01 3.497465979307889938e-03 7.067669034004211426e-01 7.344361114501953125e+01
6.892726421356201172e-01 -1.017077192664146423e-01 7.173269391059875488e-01 9.974841117858886719e+00 7.397261261940002441e-02 9.948022961616516113e-01 6.997062265872955322e-02 9.335496425628662109e-01 -7.207156419754028320e-01 4.833707120269536972e-03 6.932141184806823730e-01 7.383473205566406250e+01
6.746104359626770020e-01 -1.011104732751846313e-01 7.312158942222595215e-01 1.032668113708496094e+01 7.297169417142868042e-02 9.948570132255554199e-01 7.024332880973815918e-02 9.592595696449279785e-01 -7.345581650733947754e-01 5.971170961856842041e-03 6.785196065902709961e-01 7.414601135253906250e+01
6.628876924514770508e-01 -1.017477884888648987e-01 7.417725920677185059e-01 1.078798866271972656e+01 7.339791953563690186e-02 9.947819113731384277e-01 7.086042314767837524e-02 9.950956702232360840e-01 -7.451123595237731934e-01 7.472055032849311829e-03 6.668972373008728027e-01 7.455062866210937500e+01
6.529060006141662598e-01 -1.019841879606246948e-01 7.505413293838500977e-01 1.130085659027099609e+01 7.364411652088165283e-02 9.947464466094970703e-01 7.110302150249481201e-02 1.032139539718627930e+00 -7.538501620292663574e-01 8.849359117448329926e-03 6.569868922233581543e-01 7.499010467529296875e+01
6.451557278633117676e-01 -1.028321236371994019e-01 7.570990324020385742e-01 1.183629798889160156e+01 7.409521192312240601e-02 9.946514964103698730e-01 7.195783406496047974e-02 1.072382807731628418e+00 -7.604497075080871582e-01 9.673397056758403778e-03 6.493249535560607910e-01 7.544769287109375000e+01
6.363174915313720703e-01 -1.035478264093399048e-01 7.644456624984741211e-01 1.236142635345458984e+01 7.448238134384155273e-02 9.945670366287231445e-01 7.272048294544219971e-02 1.110924363136291504e+00 -7.678230404853820801e-01 1.066441275179386139e-02 6.405734419822692871e-01 7.588346099853515625e+01
6.291646361351013184e-01 -1.047896593809127808e-01 7.701755166053771973e-01 1.297045040130615234e+01 7.528029382228851318e-02 9.944270849227905273e-01 7.380400598049163818e-02 1.156252741813659668e+00 -7.736178636550903320e-01 1.154415309429168701e-02 6.335475444793701172e-01 7.638162994384765625e+01
6.221705675125122070e-01 -1.054504886269569397e-01 7.757469415664672852e-01 1.362026500701904297e+01 7.544085383415222168e-02 9.943509697914123535e-01 7.466065138578414917e-02 1.204114913940429688e+00 -7.792382836341857910e-01 1.207133848220109940e-02 6.266117691993713379e-01 7.690829467773437500e+01
6.159634590148925781e-01 -1.066294088959693909e-01 7.805244922637939453e-01 1.424248027801513672e+01 7.581772655248641968e-02 9.942215085029602051e-01 7.599040120840072632e-02 1.250167250633239746e+00 -7.841176390647888184e-01 1.237026602029800415e-02 6.204891800880432129e-01 7.740196228027343750e+01
6.144552230834960938e-01 -1.079874858260154724e-01 7.815259099006652832e-01 1.489852905273437500e+01 7.692183554172515869e-02 9.940684437751770020e-01 7.687779515981674194e-02 1.301454782485961914e+00 -7.851926684379577637e-01 1.287842635065317154e-02 6.191178560256958008e-01 7.792089843750000000e+01
6.136790513992309570e-01 -1.090261861681938171e-01 7.819914221763610840e-01 1.546864891052246094e+01 7.783000916242599487e-02 9.939494729042053223e-01 7.749948650598526001e-02 1.346020221710205078e+00 -7.857100367546081543e-01 1.330257393419742584e-02 6.184521317481994629e-01 7.837159729003906250e+01
6.139103770256042480e-01 -1.094492077827453613e-01 7.817507386207580566e-01 1.617185401916503906e+01 7.914505898952484131e-02 9.938846826553344727e-01 7.699639350175857544e-02 1.400247812271118164e+00 -7.853978872299194336e-01 1.460281386971473694e-02 6.188191771507263184e-01 7.892694854736328125e+01
6.128246784210205078e-01 -1.100386157631874084e-01 7.825194597244262695e-01 1.691003608703613281e+01 8.010800927877426147e-02 9.938061237335205078e-01 7.701401412487030029e-02 1.457546472549438477e+00 -7.861478328704833984e-01 1.548997312784194946e-02 6.178446412086486816e-01 7.950870513916015625e+01
6.110442280769348145e-01 -1.106019914150238037e-01 7.838312387466430664e-01 1.755716705322265625e+01 8.138164132833480835e-02 9.937210083007812500e-01 7.677650451660156250e-02 1.507241368293762207e+00 -7.874019145965576172e-01 1.687562279403209686e-02 6.162092089653015137e-01 8.001714324951171875e+01
6.099048852920532227e-01 -1.111356988549232483e-01 7.846426963806152344e-01 1.817868041992187500e+01 8.256628364324569702e-02 9.936400651931762695e-01 7.655891031026840210e-02 1.556170105934143066e+00 -7.881615757942199707e-01 1.809137314558029175e-02 6.152027249336242676e-01 8.050410461425781250e+01
6.100840568542480469e-01 -1.111986935138702393e-01 7.844945192337036133e-01 1.886632156372070312e+01 8.376529067754745483e-02 9.936057329177856445e-01 7.569699734449386597e-02 1.610384941101074219e+00 -7.878963947296142578e-01 1.953188329935073853e-02 6.154983639717102051e-01 8.104125976562500000e+01
6.121464371681213379e-01 -1.116985902190208435e-01 7.828150987625122070e-01 1.960077095031738281e+01 8.487325906753540039e-02 9.935345649719238281e-01 7.539663463830947876e-02 1.668210506439208984e+00 -7.861762642860412598e-01 2.028628997504711151e-02 6.176696419715881348e-01 8.161872100830078125e+01
6.133671402931213379e-01 -1.147939711809158325e-01 7.814105153083801270e-01 2.041285324096679688e+01 8.592034876346588135e-02 9.932069182395935059e-01 7.846518605947494507e-02 1.740546703338623047e+00 -7.851104140281677246e-01 1.901108771562576294e-02 6.190643906593322754e-01 8.225688171386718750e+01
6.156231164932250977e-01 -1.169593259692192078e-01 7.793124914169311523e-01 2.122175025939941406e+01 8.771765977144241333e-02 9.929491281509399414e-01 7.972887903451919556e-02 1.810541033744812012e+00 -7.831434607505798340e-01 1.927651651203632355e-02 6.215426325798034668e-01 8.289944458007812500e+01
6.165127754211425781e-01 -1.178006008267402649e-01 7.784820795059204102e-01 2.194416618347167969e+01 8.915363252162933350e-02 9.928290247917175293e-01 7.963135093450546265e-02 1.870658993721008301e+00 -7.822810411453247070e-01 2.031075023114681244e-02 6.225948929786682129e-01 8.347667694091796875e+01
6.162887215614318848e-01 -1.182538643479347229e-01 7.785907387733459473e-01 2.254555702209472656e+01 9.039971977472305298e-02 9.927487969398498535e-01 7.922536879777908325e-02 1.919632315635681152e+00 -7.823146581649780273e-01 2.155867405235767365e-02 6.225107312202453613e-01 8.395658874511718750e+01
6.173460483551025391e-01 -1.192238554358482361e-01 7.776045799255371094e-01 2.315362739562988281e+01 9.161984175443649292e-02 9.926187396049499512e-01 7.945267856121063232e-02 1.971555829048156738e+00 -7.813384532928466797e-01 2.219419926404953003e-02 6.237132549285888672e-01 8.444290924072265625e+01
6.193374395370483398e-01 -1.206987872719764709e-01 7.757914066314697266e-01 2.375524520874023438e+01 9.283681213855743408e-02 9.924381971359252930e-01 8.029071986675262451e-02 2.023317575454711914e+00 -7.796168923377990723e-01 2.229493856430053711e-02 6.258602142333984375e-01 8.492861175537109375e+01
6.220527291297912598e-01 -1.220268979668617249e-01 7.734075188636779785e-01 2.447674369812011719e+01 9.420771896839141846e-02 9.922686815261840820e-01 8.078713715076446533e-02 2.085171461105346680e+00 -7.772871255874633789e-01 2.260708436369895935e-02 6.287401914596557617e-01 8.551326751708984375e+01
6.252639293670654297e-01 -1.245994418859481812e-01 7.704020738601684570e-01 2.513818931579589844e+01 9.556785225868225098e-02 9.919667243957519531e-01 8.287031203508377075e-02 2.144712686538696289e+00 -7.745397090911865234e-01 2.180983126163482666e-02 6.321496367454528809e-01 8.605653381347656250e+01
6.276848316192626953e-01 -1.270760595798492432e-01 7.680252790451049805e-01 2.576048660278320312e+01 9.707839041948318481e-02 9.916620850563049316e-01 8.473937213420867920e-02 2.204923629760742188e+00 -7.723907828330993652e-01 2.136902138590812683e-02 6.347885131835937500e-01 8.657225036621093750e+01
6.283327341079711914e-01 -1.276923567056655884e-01 7.673929929733276367e-01 2.636911010742187500e+01 9.831622987985610962e-02 9.915611743927001953e-01 8.449330180883407593e-02 2.260316371917724609e+00 -7.717071175575256348e-01 2.235726080834865570e-02 6.355854868888854980e-01 8.707655334472656250e+01
