9.999992847442626953e-01 7.114815525710582733e-04 9.714060579426586628e-04 -2.657371340319514275e-03 -7.111745653674006462e-04 9.999997019767761230e-01 -3.169254050590097904e-04 -2.842066995799541473e-02 -9.716308559291064739e-04 3.162355860695242882e-04 9.999994635581970215e-01 1.366270303726196289e+00
9.999943971633911133e-01 1.642233575694262981e-03 -2.930487506091594696e-03 -1.107317488640546799e-02 -1.642491552047431469e-03 9.999986290931701660e-01 -8.435867493972182274e-05 -5.232938006520271301e-02 2.930344548076391220e-03 8.915932266972959042e-05 9.999957084655761719e-01 2.853641510009765625e+00
9.999841451644897461e-01 1.417507301084697247e-03 5.454353056848049164e-03 -4.726263694465160370e-03 -1.421710359863936901e-03 9.999986290931701660e-01 7.669905899092555046e-04 -7.632492482662200928e-02 -5.453258752822875977e-03 -7.747464114800095558e-04 9.999848008155822754e-01 4.164076805114746094e+00
9.999366998672485352e-01 2.119963901350274682e-04 1.125445961952209473e-02 1.006304752081632614e-02 -2.257132437080144882e-04 9.999991655349731445e-01 1.217730809003114700e-03 -1.037447899580001831e-01 -1.125419326126575470e-02 -1.220210921019315720e-03 9.999358654022216797e-01 5.504460334777832031e+00
9.999860525131225586e-01 -9.618164622224867344e-04 5.198145750910043716e-03 1.574076712131500244e-02 9.419149719178676605e-04 9.999921321868896484e-01 3.828890388831496239e-03 -1.298590302467346191e-01 -5.201787687838077545e-03 -3.823954612016677856e-03 9.999790787696838379e-01 7.106687545776367188e+00
9.999806880950927734e-01 -3.526310436427593231e-03 5.126142874360084534e-03 2.641969174146652222e-02 3.499377053231000900e-03 9.999800324440002441e-01 5.252910312265157700e-03 -1.586552560329437256e-01 -5.144565366208553314e-03 -5.234884563833475113e-03 9.999729990959167480e-01 8.846742630004882812e+00
9.999786019325256348e-01 -6.473893765360116959e-03 9.968429803848266602e-04 2.850704267621040344e-02 6.472955923527479172e-03 9.999785423278808594e-01 9.577930904924869537e-04 -1.723862290382385254e-01 -1.003038603812456131e-03 -9.513194672763347626e-04 9.999989867210388184e-01 1.028696346282958984e+01
9.992343187332153320e-01 -8.301888592541217804e-03 -3.823518380522727966e-02 -2.682772651314735413e-02 8.292608894407749176e-03 9.999654293060302734e-01 -4.017736646346747875e-04 -1.878710687160491943e-01 3.823718056082725525e-02 8.439971134066581726e-05 9.992685914039611816e-01 1.176311016082763672e+01
9.979532957077026367e-01 -5.196189042180776596e-03 -6.373514980077743530e-02 -1.147215664386749268e-01 5.218165460973978043e-03 9.999862909317016602e-01 1.780512684490531683e-04 -2.048300206661224365e-01 6.373333930969238281e-02 -5.102683207951486111e-04 9.979667067527770996e-01 1.306106376647949219e+01
9.976767301559448242e-01 -5.422209389507770538e-03 -6.790833920240402222e-02 -1.833837926387786865e-01 5.381394177675247192e-03 9.999850988388061523e-01 -7.841531769372522831e-04 -2.216665446758270264e-01 6.791157275438308716e-02 4.168876330368220806e-04 9.976910948753356934e-01 1.401650047302246094e+01
9.973655939102172852e-01 -5.116522312164306641e-03 -7.235664129257202148e-02 -2.541996240615844727e-01 5.062247626483440399e-03 9.999865889549255371e-01 -9.336507646366953850e-04 -2.440189570188522339e-01 7.236044853925704956e-02 5.649024969898164272e-04 9.973782300949096680e-01 1.496091365814208984e+01
9.985986351966857910e-01 -5.306061822921037674e-03 -5.265423655509948730e-02 -2.705338597297668457e-01 5.285866558551788330e-03 9.999857544898986816e-01 -5.230669630691409111e-04 -2.557668983936309814e-01 5.265626311302185059e-02 2.440089301671832800e-04 9.986125230789184570e-01 1.553488826751708984e+01
9.992139339447021484e-01 -9.010057896375656128e-03 -3.860200196504592896e-02 -2.694864571094512939e-01 8.989132940769195557e-03 9.999592304229736328e-01 -7.159669185057282448e-04 -2.669165730476379395e-01 3.860687464475631714e-02 3.684046969283372164e-04 9.992542862892150879e-01 1.582021522521972656e+01
9.997686147689819336e-01 -7.615630514919757843e-03 -2.010887488722801208e-02 -2.656870186328887939e-01 7.602332159876823425e-03 9.999706745147705078e-01 -7.384191267192363739e-04 -2.818025648593902588e-01 2.011390589177608490e-02 5.853740731254220009e-04 9.997973442077636719e-01 1.619026565551757812e+01
9.999611377716064453e-01 -8.274459280073642731e-03 2.962734550237655640e-03 -2.445153445005416870e-01 8.279851637780666351e-03 9.999638795852661133e-01 -1.807545893825590611e-03 -2.949740886688232422e-01 -2.947678789496421814e-03 1.832006964832544327e-03 9.999938011169433594e-01 1.666673469543457031e+01
9.998433589935302734e-01 -9.776857681572437286e-03 1.474068500101566315e-02 -2.326651960611343384e-01 9.833274409174919128e-03 9.999443292617797852e-01 -3.759182058274745941e-03 -3.161537945270538330e-01 -1.470312383025884628e-02 3.903538454324007034e-03 9.998840689659118652e-01 1.718764305114746094e+01
9.996939897537231445e-01 -9.838805533945560455e-03 2.268558554351329803e-02 -2.181597501039505005e-01 9.936834685504436493e-03 9.999414086341857910e-01 -4.212083294987678528e-03 -3.382024168968200684e-01 -2.264282852411270142e-02 4.436213988810777664e-03 9.997335076332092285e-01 1.780887413024902344e+01
9.990612268447875977e-01 -8.070147596299648285e-03 4.255639761686325073e-02 -1.770323812961578369e-01 8.259681053459644318e-03 9.999563694000244141e-01 -4.279539920389652252e-03 -3.571340143680572510e-01 -4.252002388238906860e-02 4.627023357897996902e-03 9.990846514701843262e-01 1.844136428833007812e+01
9.974630475044250488e-01 -8.032824844121932983e-03 7.072719931602478027e-02 -1.050140559673309326e-01 8.348351344466209412e-03 9.999560117721557617e-01 -4.166575614362955093e-03 -3.798340559005737305e-01 -7.069065421819686890e-02 4.746459424495697021e-03 9.974867105484008789e-01 1.925401306152343750e+01
9.953816533088684082e-01 -9.557290002703666687e-03 9.551591426134109497e-02 -1.387997716665267944e-02 9.984496049582958221e-03 9.999417066574096680e-01 -3.995575942099094391e-03 -3.974500596523284912e-01 -9.547220915555953979e-02 4.930800758302211761e-03 9.954195618629455566e-01 2.003985977172851562e+01
9.908478856086730957e-01 -7.797520607709884644e-03 1.347548663616180420e-01 1.278319954872131348e-01 8.517012000083923340e-03 9.999518394470214844e-01 -4.763516131788492203e-03 -4.231061041355133057e-01 -1.347112953662872314e-01 5.867628380656242371e-03 9.908671975135803223e-01 2.095442199707031250e+01
9.774878025054931641e-01 -9.476391598582267761e-03 2.107767909765243530e-01 3.599930107593536377e-01 1.164961047470569611e-02 9.998903274536132812e-01 -9.071141481399536133e-03 -4.389970302581787109e-01 -2.106678485870361328e-01 1.132240146398544312e-02 9.774917364120483398e-01 2.182931518554687500e+01
9.574970006942749023e-01 -1.066258270293474197e-02 2.882440388202667236e-01 6.737974882125854492e-01 1.352384593337774277e-02 9.998763203620910645e-01 -7.936901412904262543e-03 -4.623771309852600098e-01 -2.881239652633666992e-01 1.149773318320512772e-02 9.575236439704895020e-01 2.271485137939453125e+01
9.342670440673828125e-01 -1.310662925243377686e-02 3.563313186168670654e-01 1.010048151016235352e+00 1.698447763919830322e-02 9.998248219490051270e-01 -7.755954749882221222e-03 -4.867371022701263428e-01 -3.561675548553466797e-01 1.329824142158031464e-02 9.343269467353820801e-01 2.350483322143554688e+01
9.123590588569641113e-01 -9.782509878277778625e-03 4.092721939086914062e-01 1.381117105484008789e+00 1.643487997353076935e-02 9.997828602790832520e-01 -1.273996010422706604e-02 -5.014988183975219727e-01 -4.090591073036193848e-01 1.834977045655250549e-02 9.123228192329406738e-01 2.426344680786132812e+01
8.846697211265563965e-01 -1.012748107314109802e-02 4.661064147949218750e-01 1.760675668716430664e+00 1.950158737599849701e-02 9.996918439865112305e-01 -1.529283542186021805e-02 -5.315587520599365234e-01 -4.658084213733673096e-01 2.261894196271896362e-02 8.845958113670349121e-01 2.488683700561523438e+01
8.589849472045898438e-01 -5.306262988597154617e-03 5.119713544845581055e-01 2.118024349212646484e+00 1.566925086081027985e-02 9.997492432594299316e-01 -1.592804864048957825e-02 -5.480403900146484375e-01 -5.117591023445129395e-01 2.170418016612529755e-02 8.588540554046630859e-01 2.540992927551269531e+01
8.362961411476135254e-01 -4.962710198014974594e-03 5.482536554336547852e-01 2.612941741943359375e+00 1.542853377759456635e-02 9.997749328613281250e-01 -1.448456197977066040e-02 -5.789693593978881836e-01 -5.480591654777526855e-01 2.057215198874473572e-02 8.361858129501342773e-01 2.611797904968261719e+01
8.169610500335693359e-01 -6.397638004273176193e-03 5.766555666923522949e-01 3.225984811782836914e+00 1.848513446748256683e-02 9.997140169143676758e-01 -1.509707514196634293e-02 -6.102309823036193848e-01 -5.763949155807495117e-01 2.299330011010169983e-02 8.168469667434692383e-01 2.695762443542480469e+01
8.072743415832519531e-01 -6.574656348675489426e-03 5.901380777359008789e-01 3.866182327270507812e+00 1.827157288789749146e-02 9.997358918190002441e-01 -1.385647896677255630e-02 -6.487329006195068359e-01 -5.898919105529785156e-01 2.196874842047691345e-02 8.071825504302978516e-01 2.782388114929199219e+01
7.953487634658813477e-01 -7.961544208228588104e-03 6.060980558395385742e-01 4.498971939086914062e+00 1.998177729547023773e-02 9.997135400772094727e-01 -1.308897323906421661e-02 -6.853923201560974121e-01 -6.058210730552673340e-01 2.252123877406120300e-02 7.952812314033508301e-01 2.863374519348144531e+01
7.830912470817565918e-01 -9.181002154946327209e-03 6.218372583389282227e-01 5.162636280059814453e+00 2.116079628467559814e-02 9.997043013572692871e-01 -1.188820879906415939e-02 -7.215724587440490723e-01 -6.215450763702392578e-01 2.246815338730812073e-02 7.830551862716674805e-01 2.945501327514648438e+01
7.697063088417053223e-01 -9.275061078369617462e-03 6.383289098739624023e-01 5.822147369384765625e+00 2.314509823918342590e-02 9.996413588523864746e-01 -1.338365394622087479e-02 -7.548140883445739746e-01 -6.379767656326293945e-01 2.507570385932922363e-02 7.696461677551269531e-01 3.022888946533203125e+01
7.589834928512573242e-01 -1.033641397953033447e-02 6.510259509086608887e-01 6.534014225006103516e+00 2.466582879424095154e-02 9.996114969253540039e-01 -1.288510207086801529e-02 -7.887591123580932617e-01 -6.506407856941223145e-01 2.583771571516990662e-02 7.589448094367980957e-01 3.104747009277343750e+01
7.467202544212341309e-01 -1.004816778004169464e-02 6.650604605674743652e-01 7.244997978210449219e+00 2.417968213558197021e-02 9.996338486671447754e-01 -1.204543840140104294e-02 -8.225377798080444336e-01 -6.646968722343444824e-01 2.507556416094303131e-02 7.466909885406494141e-01 3.183636665344238281e+01
7.343617677688598633e-01 -1.097344234585762024e-02 6.786676645278930664e-01 7.979928016662597656e+00 2.544502168893814087e-02 9.996103048324584961e-01 -1.137030869722366333e-02 -8.547229170799255371e-01 -6.782793998718261719e-01 2.561867795884609222e-02 7.343560457229614258e-01 3.262216949462890625e+01
7.207138538360595703e-01 -1.233685761690139771e-02 6.931211352348327637e-01 8.839431762695312500e+00 2.684146910905838013e-02 9.995871782302856445e-01 -1.011832524091005325e-02 -8.887025117874145508e-01 -6.927112340927124023e-01 2.589684911072254181e-02 7.207486629486083984e-01 3.351189804077148438e+01
7.058560252189636230e-01 -1.242782454937696457e-02 7.082446217536926270e-01 9.589195251464843750e+00 2.812469564378261566e-02 9.995480179786682129e-01 -1.049037557095289230e-02 -9.222716093063354492e-01 -7.077952027320861816e-01 2.732389979064464569e-02 7.058877348899841309e-01 3.424687576293945312e+01
6.920028924942016602e-01 -1.380731258541345596e-02 7.217609882354736328e-01 1.034230041503906250e+01 2.969500608742237091e-02 9.995139241218566895e-01 -9.349910542368888855e-03 -9.521602392196655273e-01 -7.212820649147033691e-01 2.790290676057338715e-02 6.920776963233947754e-01 3.495818328857421875e+01
6.794121265411376953e-01 -1.387910079210996628e-02 7.336239814758300781e-01 1.113994216918945312e+01 2.939228154718875885e-02 9.995320439338684082e-01 -8.310576900839805603e-03 -9.848374724388122559e-01 -7.331662774085998535e-01 2.720923349261283875e-02 6.795032620429992676e-01 3.569351577758789062e+01
6.657022237777709961e-01 -1.567638479173183441e-02 7.460511922836303711e-01 1.193957710266113281e+01 3.089842572808265686e-02 9.994994997978210449e-01 -6.568693090230226517e-03 -1.013214826583862305e+00 -7.455759048461914062e-01 2.742465026676654816e-02 6.658545136451721191e-01 3.640099716186523438e+01
6.549837589263916016e-01 -1.537498552352190018e-02 7.554849386215209961e-01 1.273528099060058594e+01 3.073353134095668793e-02 9.995062947273254395e-01 -6.303951144218444824e-03 -1.041532397270202637e+00 -7.550160884857177734e-01 2.734775468707084656e-02 6.551340222358703613e-01 3.708312225341796875e+01
6.405323743820190430e-01 -1.497703604400157928e-02 7.677835226058959961e-01 1.355507373809814453e+01 3.043207526206970215e-02 9.995180368423461914e-01 -5.890829954296350479e-03 -1.067441582679748535e+00 -7.673263549804687500e-01 2.713856473565101624e-02 6.406805515289306641e-01 3.776005554199218750e+01
6.263467073440551758e-01 -1.654944010078907013e-02 7.793673276901245117e-01 1.437672901153564453e+01 3.161747753620147705e-02 9.994897842407226562e-01 -4.186057485640048981e-03 -1.089959502220153809e+00 -7.789015769958496094e-01 2.726360596716403961e-02 6.265515089035034180e-01 3.841493988037109375e+01
6.106042265892028809e-01 -1.789593324065208435e-02 7.917320728302001953e-01 1.538562202453613281e+01 3.303465247154235840e-02 9.994485378265380859e-01 -2.886080183088779449e-03 -1.121731042861938477e+00 -7.912450432777404785e-01 2.791690267622470856e-02 6.108597517013549805e-01 3.918619155883789062e+01
5.933550596237182617e-01 -1.778721250593662262e-02 8.047427535057067871e-01 1.610564041137695312e+01 3.437019512057304382e-02 9.994023442268371582e-01 -3.252117428928613663e-03 -1.145397067070007324e+00 -8.042051792144775391e-01 2.958888374269008636e-02 5.936129093170166016e-01 3.970079803466796875e+01
5.608047246932983398e-01 -1.624565757811069489e-02 8.277871012687683105e-01 1.706528282165527344e+01 3.363888338208198547e-02 9.994273781776428223e-01 -3.175285179167985916e-03 -1.173006892204284668e+00 -8.272628784179687500e-01 2.962660789489746094e-02 5.610312223434448242e-01 4.033512878417968750e+01
5.329620838165283203e-01 -1.436156779527664185e-02 8.460155129432678223e-01 1.779513931274414062e+01 3.155463561415672302e-02 9.994961619377136230e-01 -2.911372575908899307e-03 -1.190126776695251465e+00 -8.455489277839660645e-01 2.824741974472999573e-02 5.331478714942932129e-01 4.078305053710937500e+01
5.013833045959472656e-01 -1.419572625309228897e-02 8.651070594787597656e-01 1.885317993164062500e+01 3.064616583287715912e-02 9.995277523994445801e-01 -1.359867514111101627e-03 -1.214786410331726074e+00 -8.646807670593261719e-01 2.719408832490444183e-02 5.015826225280761719e-01 4.138313293457031250e+01
4.719774425029754639e-01 -1.373753510415554047e-02 8.815017938613891602e-01 2.028288269042968750e+01 3.155130520462989807e-02 9.994996190071105957e-01 -1.316867652349174023e-03 -1.241125226020812988e+00 -8.810442686080932617e-01 2.843412756919860840e-02 4.721757471561431885e-01 4.215623092651367188e+01
4.437944591045379639e-01 -1.443909667432308197e-02 8.960105180740356445e-01 2.158195114135742188e+01 3.175330162048339844e-02 9.994939565658569336e-01 3.793191863223910332e-04 -1.268574595451354980e+00 -8.955643177032470703e-01 2.828301303088665009e-02 4.440293312072753906e-01 4.280154418945312500e+01
4.245028793811798096e-01 -1.465955283492803574e-02 9.053061008453369141e-01 2.305310821533203125e+01 3.180006891489028931e-02 9.994916915893554688e-01 1.273495610803365707e-03 -1.290793299674987793e+00 -9.048663973808288574e-01 2.824825793504714966e-02 4.247542023658752441e-01 4.349012756347656250e+01
3.953092396259307861e-01 -1.495345309376716614e-02 9.184246063232421875e-01 2.496522903442382812e+01 3.106459975242614746e-02 9.995113015174865723e-01 2.902848646044731140e-03 -1.318288207054138184e+00 -9.180210828781127930e-01 2.738303132355213165e-02 3.955814838409423828e-01 4.433469772338867188e+01
3.687131106853485107e-01 -1.506041456013917923e-02 9.294194579124450684e-01 2.660738563537597656e+01 3.225300833582878113e-02 9.994720220565795898e-01 3.400380257517099380e-03 -1.337429523468017578e+00 -9.289819002151489258e-01 2.872287482023239136e-02 3.690051138401031494e-01 4.499384689331054688e+01
3.555429577827453613e-01 -1.496956404298543930e-02 9.345383048057556152e-01 2.783587265014648438e+01 3.189476206898689270e-02 9.994817972183227539e-01 3.875573864206671715e-03 -1.351040363311767578e+00 -9.341139793395996094e-01 2.842900715768337250e-02 3.558370769023895264e-01 4.546052551269531250e+01
3.338986039161682129e-01 -1.485263928771018982e-02 9.424901604652404785e-01 2.917708587646484375e+01 3.252969682216644287e-02 9.994599223136901855e-01 4.226061515510082245e-03 -1.364814162254333496e+00 -9.420458674430847168e-01 2.924790978431701660e-02 3.342022895812988281e-01 4.593279266357421875e+01
3.184889853000640869e-01 -1.527676545083522797e-02 9.478016495704650879e-01 3.046505165100097656e+01 3.192292526364326477e-02 9.994739294052124023e-01 5.382614210247993469e-03 -1.380541682243347168e+00 -9.473872184753417969e-01 2.854236215353012085e-02 3.188099563121795654e-01 4.636676025390625000e+01
2.867873907089233398e-01 -1.513635460287332535e-02 9.578728675842285156e-01 3.146321487426757812e+01 3.082088939845561981e-02 9.995014071464538574e-01 6.566409952938556671e-03 -1.389702320098876953e+00 -9.574966430664062500e-01 2.763939462602138519e-02 2.871116995811462402e-01 4.664876556396484375e+01
2.777386307716369629e-01 -1.427799649536609650e-02 9.605488181114196777e-01 3.259021377563476562e+01 2.840243652462959290e-02 9.995725154876708984e-01 6.645649671554565430e-03 -1.401098728179931641e+00 -9.602349996566772461e-01 2.543623559176921844e-02 2.780261635780334473e-01 4.697130203247070312e+01
2.556872665882110596e-01 -1.526990719139575958e-02 9.666371941566467285e-01 3.428388214111328125e+01 2.889693528413772583e-02 9.995472431182861328e-01 8.146228268742561340e-03 -1.420225501060485840e+00 -9.663258790969848633e-01 2.585003338754177094e-02 2.560134232044219971e-01 4.742365264892578125e+01
1.994947344064712524e-01 -1.658143289387226105e-02 9.797567725181579590e-01 3.571462249755859375e+01 2.393673919141292572e-02 9.996389150619506836e-01 1.204403024166822433e-02 -1.432612657546997070e+00 -9.796047806739807129e-01 2.104952186346054077e-02 1.998201608657836914e-01 4.771596908569335938e+01
1.561660170555114746e-01 -1.947160251438617706e-02 9.875370264053344727e-01 3.735204696655273438e+01 2.963754907250404358e-02 9.994457960128784180e-01 1.501965243369340897e-02 -1.434896707534790039e+00 -9.872843623161315918e-01 2.692269347608089447e-02 1.566570401191711426e-01 4.798205947875976562e+01
1.353844553232192993e-01 -2.159989625215530396e-02 9.905558228492736816e-01 3.895479202270507812e+01 3.219534084200859070e-02 9.993281960487365723e-01 1.739091612398624420e-02 -1.437971115112304688e+00 -9.902682304382324219e-01 2.953690662980079651e-02 1.359893530607223511e-01 4.821044158935546875e+01
1.096295118331909180e-01 -2.385556884109973907e-02 9.936843514442443848e-01 4.060792160034179688e+01 3.206649795174598694e-02 9.992743730545043945e-01 2.045202814042568207e-02 -1.434797406196594238e+00 -9.934534430503845215e-01 2.962191775441169739e-02 1.103152930736541748e-01 4.839452743530273438e+01
9.290523827075958252e-02 -2.427698858082294464e-02 9.953770637512207031e-01 4.215192031860351562e+01 3.276682272553443909e-02 9.992336630821228027e-01 2.131273783743381500e-02 -1.427230477333068848e+00 -9.951339960098266602e-01 3.063536807894706726e-02 9.362984448671340942e-02 4.854203796386718750e+01
7.214114069938659668e-02 -2.336809039115905762e-02 9.971187710762023926e-01 4.374223709106445312e+01 3.373119235038757324e-02 9.992086291313171387e-01 2.097667008638381958e-02 -1.416400074958801270e+00 -9.968222379684448242e-01 3.212081640958786011e-02 7.287256419658660889e-02 4.866004943847656250e+01
5.649204552173614502e-02 -2.240602113306522369e-02 9.981497526168823242e-01 4.538276290893554688e+01 3.453923016786575317e-02 9.991914033889770508e-01 2.047463692724704742e-02 -1.407641887664794922e+00 -9.978038072586059570e-01 3.331876546144485474e-02 5.722049996256828308e-02 4.875441360473632812e+01
5.172921717166900635e-02 -2.318565733730792999e-02 9.983901381492614746e-01 4.700046539306640625e+01 3.347135707736015320e-02 9.992068409919738770e-01 2.147044055163860321e-02 -1.399428963661193848e+00 -9.980984330177307129e-01 3.230690956115722656e-02 5.246448144316673279e-02 4.883977890014648438e+01
4.639293998479843140e-02 -2.235781960189342499e-02 9.986711144447326660e-01 4.857256317138671875e+01 3.273342177271842957e-02 9.992443919181823730e-01 2.085008285939693451e-02 -1.393504738807678223e+00 -9.983851313591003418e-01 3.172270581126213074e-02 4.708996415138244629e-02 4.891490173339843750e+01
2.812246233224868774e-02 -2.100665681064128876e-02 9.993817806243896484e-01 5.017525863647460938e+01 3.402582183480262756e-02 9.992176890373229980e-01 2.004577778279781342e-02 -1.383527278900146484e+00 -9.990235567092895508e-01 3.344113752245903015e-02 2.881541475653648376e-02 4.896421813964843750e+01
1.933100447058677673e-02 -2.139219269156455994e-02 9.995822906494140625e-01 5.213581848144531250e+01 3.538823500275611877e-02 9.991570711135864258e-01 2.069876156747341156e-02 -1.377667665481567383e+00 -9.991850852966308594e-01 3.497341275215148926e-02 2.007190510630607605e-02 4.901016235351562500e+01
6.489044055342674255e-03 -2.059033885598182678e-02 9.997649788856506348e-01 5.391780090332031250e+01 3.505148738622665405e-02 9.991760253906250000e-01 2.035075239837169647e-02 -1.371576666831970215e+00 -9.993628263473510742e-01 3.491128608584403992e-02 7.205548696219921112e-03 4.902753448486328125e+01
6.369393318891525269e-03 -1.982522569596767426e-02 9.997814893722534180e-01 5.598690414428710938e+01 3.506368026137351990e-02 9.991910457611083984e-01 1.959017850458621979e-02 -1.364373445510864258e+00 -9.993631243705749512e-01 3.493142500519752502e-02 7.059526629745960236e-03 4.904141998291015625e+01
9.351821616291999817e-03 -2.235453203320503235e-02 9.997045993804931641e-01 5.802185821533203125e+01 3.335225209593772888e-02 9.991987943649291992e-01 2.203128300607204437e-02 -1.359876394271850586e+00 -9.993982315063476562e-01 3.313652798533439636e-02 1.009003724902868271e-02 4.906163024902343750e+01
1.549204997718334198e-02 -2.310830540955066681e-02 9.996111392974853516e-01 5.975463104248046875e+01 3.329141065478324890e-02 9.991885423660278320e-01 2.258263900876045227e-02 -1.349918127059936523e+00 -9.993239641189575195e-01 3.292877972126007080e-02 1.624893397092819214e-02 4.908827209472656250e+01
3.590725362300872803e-02 -2.248317934572696686e-02 9.991003274917602539e-01 6.134189987182617188e+01 3.154934570193290710e-02 9.992721080780029297e-01 2.135322988033294678e-02 -1.337330222129821777e+00 -9.988552927970886230e-01 3.075438924133777618e-02 3.659063577651977539e-02 4.914536285400390625e+01
5.522888526320457458e-02 -2.197312936186790466e-02 9.982300996780395508e-01 6.297718429565429688e+01 3.291206061840057373e-02 9.992525577545166016e-01 2.017477899789810181e-02 -1.328148245811462402e+00 -9.979295134544372559e-01 3.173973783850669861e-02 5.591101944446563721e-02 4.923374557495117188e+01
6.992204487323760986e-02 -2.332810685038566589e-02 9.972777962684631348e-01 6.463405609130859375e+01 3.223528340458869934e-02 9.992551803588867188e-01 2.111431583762168884e-02 -1.322081446647644043e+00 -9.970298409461975098e-01 3.067133016884326935e-02 7.062221318483352661e-02 4.934994506835937500e+01
8.230977505445480347e-02 -2.329801395535469055e-02 9.963325858116149902e-01 6.633118438720703125e+01 3.052772767841815948e-02 9.993144273757934570e-01 2.084583044052124023e-02 -1.316845536231994629e+00 -9.961374402046203613e-01 2.870010398328304291e-02 8.296486735343933105e-02 4.948795700073242188e+01
9.655342251062393188e-02 -2.460942231118679047e-02 9.950216412544250488e-01 6.802140808105468750e+01 3.153235092759132385e-02 9.992660284042358398e-01 2.165467664599418640e-02 -1.310428857803344727e+00 -9.948264956474304199e-01 2.928468957543373108e-02 9.725886583328247070e-02 4.964843750000000000e+01
9.164144843816757202e-02 -2.408638782799243927e-02 9.954987764358520508e-01 7.035987091064453125e+01 3.081002831459045410e-02 9.992952942848205566e-01 2.134206704795360565e-02 -1.302366137504577637e+00 -9.953135848045349121e-01 2.871567383408546448e-02 9.231927245855331421e-02 4.986350631713867188e+01
9.091091156005859375e-02 -2.472836524248123169e-02 9.955500364303588867e-01 7.258094787597656250e+01 3.166787698864936829e-02 9.992557764053344727e-01 2.192863635718822479e-02 -1.288251757621765137e+00 -9.953536987304687500e-01 2.953354083001613617e-02 9.162662923336029053e-02 5.006809234619140625e+01
8.952751755714416504e-02 -2.863400615751743317e-02 9.955707788467407227e-01 7.515682983398437500e+01 3.212126344442367554e-02 9.991475939750671387e-01 2.584839798510074615e-02 -1.273064494132995605e+00 -9.954645037651062012e-01 2.966497465968132019e-02 9.037123620510101318e-02 5.030203628540039062e+01
9.406058490276336670e-02 -3.090391494333744049e-02 9.950848817825317383e-01 7.760244750976562500e+01 3.319134935736656189e-02 9.990577101707458496e-01 2.788992971181869507e-02 -1.251476407051086426e+00 -9.950112700462341309e-01 3.040500357747077942e-02 9.499798715114593506e-02 5.053166961669921875e+01
8.983364701271057129e-02 -3.300021588802337646e-02 9.954081177711486816e-01 7.972663116455078125e+01 3.252124041318893433e-02 9.990130066871643066e-01 3.018480911850929260e-02 -1.231695890426635742e+00 -9.954239130020141602e-01 2.966041862964630127e-02 9.081848710775375366e-02 5.072943115234375000e+01
8.803470432758331299e-02 -3.348584100604057312e-02 9.955525994300842285e-01 8.180995178222656250e+01 3.337809443473815918e-02 9.989706277847290039e-01 3.064931370317935944e-02 -1.209514975547790527e+00 -9.955561757087707520e-01 3.053157590329647064e-02 8.906207233667373657e-02 5.091518783569335938e+01
8.778003603219985962e-02 -3.420053049921989441e-02 9.955511093139648438e-01 8.404270172119140625e+01 3.343174234032630920e-02 9.989467859268188477e-01 3.136949613690376282e-02 -1.181594848632812500e+00 -9.955769181251525879e-01 3.052934259176254272e-02 8.883121609687805176e-02 5.111656951904296875e+01
8.516289293766021729e-02 -3.224117308855056763e-02 9.958437085151672363e-01 8.623338317871093750e+01 3.337496146559715271e-02 9.990059137344360352e-01 2.948944829404354095e-02 -1.151498675346374512e+00 -9.958060979843139648e-01 3.072476387023925781e-02 8.615452051162719727e-02 5.131218719482421875e+01
8.351000398397445679e-02 -3.352482989430427551e-02 9.959412813186645508e-01 8.842943572998046875e+01 3.457839041948318481e-02 9.989277124404907227e-01 3.072601743042469025e-02 -1.122812390327453613e+00 -9.959049820899963379e-01 3.187204897403717041e-02 8.457992970943450928e-02 5.150495147705078125e+01
8.075047284364700317e-02 -3.420933708548545837e-02 9.961455464363098145e-01 9.058741760253906250e+01 3.573559224605560303e-02 9.988657832145690918e-01 3.140598535537719727e-02 -1.091246604919433594e+00 -9.960917234420776367e-01 3.306172788143157959e-02 8.188161253929138184e-02 5.168712997436523438e+01
7.969266176223754883e-02 -3.327703103423118591e-02 9.962623119354248047e-01 9.279644775390625000e+01 3.557151556015014648e-02 9.988991618156433105e-01 3.051974251866340637e-02 -1.059360027313232422e+00 -9.961827993392944336e-01 3.300628066062927246e-02 8.078888058662414551e-02 5.186335372924804688e+01
7.803437858819961548e-02 -3.270425274968147278e-02 9.964125156402587891e-01 9.493462371826171875e+01 3.493965044617652893e-02 9.989356994628906250e-01 3.005081601440906525e-02 -1.026932477951049805e+00 -9.963364005088806152e-01 3.246922791004180908e-02 7.909423112869262695e-02 5.203195571899414062e+01
7.343801110982894897e-02 -3.241236507892608643e-02 9.967713952064514160e-01 9.709037780761718750e+01 3.313458710908889771e-02 9.989973902702331543e-01 3.004360385239124298e-02 -1.002809047698974609e+00 -9.967474341392517090e-01 3.082118183374404907e-02 7.443857192993164062e-02 5.219736862182617188e+01
7.161955535411834717e-02 -3.169930726289749146e-02 9.969266653060913086e-01 9.926704406738281250e+01 3.341099247336387634e-02 9.990083575248718262e-01 2.936531789600849152e-02 -9.762521982192993164e-01 -9.968705773353576660e-01 3.120509721338748932e-02 7.260785251855850220e-02 5.235651779174804688e+01
6.908372044563293457e-02 -3.101925551891326904e-02 9.971269369125366211e-01 1.014321060180664062e+02 3.264072537422180176e-02 9.990497231483459473e-01 2.881770022213459015e-02 -9.493899941444396973e-01 -9.970749616622924805e-01 3.055602125823497772e-02 7.003077864646911621e-02 5.250796890258789062e+01
6.734210997819900513e-02 -3.199443221092224121e-02 9.972152113914489746e-01 1.034654235839843750e+02 3.210455551743507385e-02 9.990357160568237305e-01 2.988487295806407928e-02 -9.239178895950317383e-01 -9.972115159034729004e-01 3.000256791710853577e-02 6.830453872680664062e-02 5.264780044555664062e+01
6.783974170684814453e-02 -3.277141600847244263e-02 9.971566796302795410e-01 1.053762512207031250e+02 3.182957693934440613e-02 9.990211725234985352e-01 3.066710941493511200e-02 -8.971551656723022461e-01 -9.971867799758911133e-01 2.965892478823661804e-02 6.881685554981231689e-02 5.278408813476562500e+01
6.507214903831481934e-02 -3.521347418427467346e-02 9.972578287124633789e-01 1.075334320068359375e+02 3.211177885532379150e-02 9.989318847656250000e-01 3.317714482545852661e-02 -8.667461276054382324e-01 -9.973620772361755371e-01 2.986514382064342499e-02 6.613383442163467407e-02 5.292869567871093750e+01
6.310477852821350098e-02 -3.792780265212059021e-02 9.972847104072570801e-01 1.096606521606445312e+02 3.174966201186180115e-02 9.988464713096618652e-01 3.597807511687278748e-02 -8.321227431297302246e-01 -9.975000619888305664e-01 2.939339913427829742e-02 6.423660367727279663e-02 5.306602096557617188e+01
6.478906422853469849e-02 -3.941899538040161133e-02 9.971188306808471680e-01 1.117628555297851562e+02 3.168475627899169922e-02 9.987953305244445801e-01 3.742640092968940735e-02 -7.893427014350891113e-01 -9.973941445350646973e-01 2.916897460818290710e-02 6.596042215824127197e-02 5.320831680297851562e+01
6.467341631650924683e-02 -3.969248756766319275e-02 9.971155524253845215e-01 1.139294586181640625e+02 3.199356421828269958e-02 9.987759590148925781e-01 3.768331930041313171e-02 -7.429225444793701172e-01 -9.973918795585632324e-01 2.946447022259235382e-02 6.586448848247528076e-02 5.334998321533203125e+01
6.550290435552597046e-02 -4.082237184047698975e-02 9.970157742500305176e-01 1.156680374145507812e+02 3.223401308059692383e-02 9.987264275550842285e-01 3.877452760934829712e-02 -7.041218876838684082e-01 -9.973300695419311523e-01 2.959826402366161346e-02 6.673568487167358398e-02 5.346950531005859375e+01
6.437868624925613403e-02 -4.081707820296287537e-02 9.970892071723937988e-01 1.174375305175781250e+02 3.278781101107597351e-02 9.987087249755859375e-01 3.876622021198272705e-02 -6.657781004905700684e-01 -9.973852038383483887e-01 3.019694425165653229e-02 6.563419848680496216e-02 5.358924865722656250e+01
6.527210026979446411e-02 -4.077116400003433228e-02 9.970334172248840332e-01 1.190533218383789062e+02 3.260856121778488159e-02 9.987170100212097168e-01 3.870493546128273010e-02 -6.298005580902099609e-01 -9.973334074020385742e-01 2.998569607734680176e-02 6.651817262172698975e-02 5.369882583618164062e+01
6.572497636079788208e-02 -4.051569476723670959e-02 9.970140457153320312e-01 1.206754913330078125e+02 3.441191092133522034e-02 9.986715316772460938e-01 3.831424936652183533e-02 -5.967282056808471680e-01 -9.972430467605590820e-01 3.179118037223815918e-02 6.703221797943115234e-02 5.380867385864257812e+01
6.683896481990814209e-02 -4.021161794662475586e-02 9.969523549079895020e-01 1.221429748535156250e+02 3.476189076900482178e-02 9.986732602119445801e-01 3.795019164681434631e-02 -5.645279884338378906e-01 -9.971568584442138672e-01 3.211961314082145691e-02 6.814846396446228027e-02 5.390883636474609375e+01
6.796698272228240967e-02 -3.956391662359237671e-02 9.969019889831542969e-01 1.236166687011718750e+02 3.392907604575157166e-02 9.987255334854125977e-01 3.732275590300559998e-02 -5.332553982734680176e-01 -9.971093535423278809e-01 3.128744661808013916e-02 6.922306865453720093e-02 5.401091003417968750e+01
6.860826164484024048e-02 -3.984919190406799316e-02 9.968467354774475098e-01 1.250909118652343750e+02 3.494923561811447144e-02 9.986830353736877441e-01 3.751688823103904724e-02 -5.024905204772949219e-01 -9.970301389694213867e-01 3.226525709033012390e-02 6.991096585988998413e-02 5.411472702026367188e+01
6.736082583665847778e-02 -4.106262698769569397e-02 9.968825578689575195e-01 1.263845138549804688e+02 3.520730510354042053e-02 9.986266493797302246e-01 3.875514119863510132e-02 -4.768176078796386719e-01 -9.971060752868652344e-01 3.248718008399009705e-02 6.871438771486282349e-02 5.420578002929687500e+01
6.765829771757125854e-02 -3.956197574734687805e-02 9.969230294227600098e-01 1.278363571166992188e+02 3.500454500317573547e-02 9.986907839775085449e-01 3.725615143775939941e-02 -4.465650022029876709e-01 -9.970930814743041992e-01 3.237636759877204895e-02 6.895494461059570312e-02 5.430629730224609375e+01
6.815361976623535156e-02 -3.956650570034980774e-02 9.968892335891723633e-01 1.293247222900390625e+02 3.547880426049232483e-02 9.986757636070251465e-01 3.721177577972412109e-02 -4.160567224025726318e-01 -9.970427751541137695e-01 3.283253312110900879e-02 6.946752965450286865e-02 5.440938186645507812e+01
6.830348819494247437e-02 -3.934156894683837891e-02 9.968879222869873047e-01 1.307657775878906250e+02 3.561557456851005554e-02 9.986798167228698730e-01 3.697196394205093384e-02 -3.864562511444091797e-01 -9.970276951789855957e-01 3.297959640622138977e-02 6.961490958929061890e-02 5.450968933105468750e+01
6.954536586999893188e-02 -3.892584145069122314e-02 9.968183040618896484e-01 1.322496032714843750e+02 3.549223393201828003e-02 9.987006783485412598e-01 3.652309626340866089e-02 -3.552339971065521240e-01 -9.969462156295776367e-01 3.283949196338653564e-02 7.083700597286224365e-02 5.461583328247070312e+01
7.051816582679748535e-02 -3.959722444415092468e-02 9.967234730720520020e-01 1.337218475341796875e+02 3.538402542471885681e-02 9.986805915832519531e-01 3.717149794101715088e-02 -3.261290192604064941e-01 -9.968817234039306641e-01 3.264702111482620239e-02 7.182666659355163574e-02 5.472462081909179688e+01
7.059328258037567139e-02 -3.879358991980552673e-02 9.967500567436218262e-01 1.352132568359375000e+02 3.538720309734344482e-02 9.987105727195739746e-01 3.636359423398971558e-02 -2.961394190788269043e-01 -9.968762993812561035e-01 3.270531073212623596e-02 7.187548279762268066e-02 5.483250808715820312e+01
7.071273028850555420e-02 -3.959135711193084717e-02 9.967105388641357422e-01 1.366651458740234375e+02 3.518203645944595337e-02 9.986883401870727539e-01 3.717379644513130188e-02 -2.682024836540222168e-01 -9.968751072883605957e-01 3.243787214159965515e-02 7.201348245143890381e-02 5.494055938720703125e+01
7.074625790119171143e-02 -3.970802947878837585e-02 9.967035055160522461e-01 1.381341857910156250e+02 3.534683212637901306e-02 9.986786246299743652e-01 3.727770224213600159e-02 -2.400621920824050903e-01 -9.968669414520263672e-01 3.259328752756118774e-02 7.205691188573837280e-02 5.504777145385742188e+01
7.080970704555511475e-02 -4.092306643724441528e-02 9.966498613357543945e-01 1.397865447998046875e+02 3.484323620796203613e-02 9.986488223075866699e-01 3.852952271699905396e-02 -2.055798023939132690e-01 -9.968801736831665039e-01 3.199847787618637085e-02 7.214052975177764893e-02 5.516931915283203125e+01
7.085778564214706421e-02 -4.091554507613182068e-02 9.966467618942260742e-01 1.414077301025390625e+02 3.521193936467170715e-02 9.986373782157897949e-01 3.849375993013381958e-02 -1.684117168188095093e-01 -9.968638420104980469e-01 3.236651793122291565e-02 7.220254838466644287e-02 5.528870010375976562e+01
7.193596661090850830e-02 -4.113703221082687378e-02 9.965603947639465332e-01 1.428889007568359375e+02 3.470398858189582825e-02 9.986464977264404297e-01 3.871801123023033142e-02 -1.364865899085998535e-01 -9.968044161796569824e-01 3.179962933063507080e-02 7.326681911945343018e-02 5.539855194091796875e+01
7.167674601078033447e-02 -4.200246930122375488e-02 9.965429902076721191e-01 1.446925354003906250e+02 3.425066918134689331e-02 9.986265301704406738e-01 3.962674364447593689e-02 -9.648697078227996826e-02 -9.968387484550476074e-01 3.129217401146888733e-02 7.301750779151916504e-02 5.552872467041015625e+01
7.132559269666671753e-02 -4.249947518110275269e-02 9.965472817420959473e-01 1.464518127441406250e+02 3.383341059088706970e-02 9.986194372177124023e-01 4.016639664769172668e-02 -5.757491290569305420e-02 -9.968783259391784668e-01 3.085173852741718292e-02 7.266582548618316650e-02 5.565579223632812500e+01
7.147756218910217285e-02 -4.283383488655090332e-02 9.965221285820007324e-01 1.482358398437500000e+02 3.446793556213378906e-02 9.985864758491516113e-01 4.045048728585243225e-02 -1.850537210702896118e-02 -9.968459010124206543e-01 3.145685419440269470e-02 7.285351306200027466e-02 5.578711700439453125e+01
7.212758064270019531e-02 -4.267208650708198547e-02 9.964824318885803223e-01 1.498636322021484375e+02 3.411726281046867371e-02 9.986049532890319824e-01 4.029347747564315796e-02 2.013135701417922974e-02 -9.968114495277404785e-01 3.109096363186836243e-02 7.348334044218063354e-02 5.590648269653320312e+01
7.381432503461837769e-02 -4.216114804148674011e-02 9.963806271553039551e-01 1.513139343261718750e+02 3.471949696540832520e-02 9.986086487770080566e-01 3.968328237533569336e-02 4.987655207514762878e-02 -9.966672062873840332e-01 3.166463598608970642e-02 7.517596334218978882e-02 5.601743698120117188e+01
7.637626677751541138e-02 -4.269019141793251038e-02 9.961649775505065918e-01 1.531089477539062500e+02 3.399477154016494751e-02 9.986133575439453125e-01 4.018870368599891663e-02 9.043419361114501953e-02 -9.964991211891174316e-01 3.079492412507534027e-02 7.772213220596313477e-02 5.615655517578125000e+01
7.946855574846267700e-02 -4.204673692584037781e-02 9.959504008293151855e-01 1.548596038818359375e+02 3.505768999457359314e-02 9.986095428466796875e-01 3.936165198683738708e-02 1.320354193449020386e-01 -9.962203502655029297e-01 3.178769350051879883e-02 8.083265274763107300e-02 5.629494094848632812e+01
8.129415661096572876e-02 -4.186030104756355286e-02 9.958109259605407715e-01 1.568228302001953125e+02 3.412865847349166870e-02 9.986484050750732422e-01 3.919338434934616089e-02 1.785077154636383057e-01 -9.961053133010864258e-01 3.079948201775550842e-02 8.261343836784362793e-02 5.645513534545898438e+01
8.235727250576019287e-02 -4.255114868283271790e-02 9.956942796707153320e-01 1.587852630615234375e+02 3.599331155419349670e-02 9.985631108283996582e-01 3.969657421112060547e-02 2.211436331272125244e-01 -9.959523081779479980e-01 3.256902098655700684e-02 8.377099782228469849e-02 5.661994552612304688e+01
8.469191938638687134e-02 -4.332059994339942932e-02 9.954652190208435059e-01 1.610160217285156250e+02 3.491208329796791077e-02 9.985698461532592773e-01 4.048541188240051270e-02 2.719109654426574707e-01 -9.957949519157409668e-01 3.132496774196624756e-02 8.608372509479522705e-02 5.680884933471679688e+01
8.525131642818450928e-02 -4.381165653467178345e-02 9.953962564468383789e-01 1.628051757812500000e+02 3.448038548231124878e-02 9.985641837120056152e-01 4.099766910076141357e-02 3.135962188243865967e-01 -9.957625269889831543e-01 3.082679025828838348e-02 8.664028346538543701e-02 5.696203994750976562e+01
