9.999995231628417969e-01 1.936672488227486610e-04 9.443139424547553062e-04 8.096765377558767796e-04 -1.935708860401064157e-04 1.000000000000000000e+00 -1.021003045025281608e-04 -3.141387179493904114e-02 -9.443337330594658852e-04 1.019174305838532746e-04 9.999995231628417969e-01 1.382986783981323242e+00
9.999911189079284668e-01 -1.442786742700263858e-04 4.200931172817945480e-03 3.256239462643861771e-03 1.512945600552484393e-04 9.999985694885253906e-01 -1.669561839662492275e-03 -5.781453475356101990e-02 -4.200684372335672379e-03 1.670182798989117146e-03 9.999897480010986328e-01 2.634441852569580078e+00
9.999839067459106445e-01 3.583867801353335381e-04 5.650041159242391586e-03 9.805202484130859375e-03 -3.440011059865355492e-04 9.999966025352478027e-01 -2.546661766245961189e-03 -9.131263196468353271e-02 -5.650934763252735138e-03 2.544677350670099258e-03 9.999807476997375488e-01 4.007475376129150391e+00
9.999886751174926758e-01 4.031839198432862759e-04 4.733047448098659515e-03 1.697793416678905487e-02 -3.839451528619974852e-04 9.999915957450866699e-01 -4.064772743731737137e-03 -1.208520382642745972e-01 -4.734646994620561600e-03 4.062909632921218872e-03 9.999805092811584473e-01 5.247027397155761719e+00
9.999946355819702148e-01 -4.649752518162131310e-04 3.217183053493499756e-03 2.093546837568283081e-02 4.804519703611731529e-04 9.999882578849792480e-01 -4.811314400285482407e-03 -1.556493341922760010e-01 -3.214908530935645103e-03 4.812833853065967560e-03 9.999831914901733398e-01 6.502327442169189453e+00
9.999935030937194824e-01 7.177867810241878033e-04 3.508856287226080894e-03 2.352354675531387329e-02 -7.015860173851251602e-04 9.999890923500061035e-01 -4.615990445017814636e-03 -1.852346211671829224e-01 -3.512131515890359879e-03 4.613498691469430923e-03 9.999831318855285645e-01 7.623824119567871094e+00
9.999961853027343750e-01 1.479413360357284546e-03 2.298115752637386322e-03 2.614826150238513947e-02 -1.468131551519036293e-03 9.999868869781494141e-01 -4.902894608676433563e-03 -2.205387800931930542e-01 -2.305339323356747627e-03 4.899501800537109375e-03 9.999852776527404785e-01 8.878444671630859375e+00
9.999980926513671875e-01 9.739336674101650715e-04 1.644137315452098846e-03 2.756553515791893005e-02 -9.650756255723536015e-04 9.999850392341613770e-01 -5.379585083574056625e-03 -2.542024850845336914e-01 -1.649352256208658218e-03 5.377987399697303772e-03 9.999841451644897461e-01 1.013854598999023438e+01
9.999971985816955566e-01 1.581706688739359379e-03 1.719891792163252831e-03 2.904400974512100220e-02 -1.569479820318520069e-03 9.999735951423645020e-01 -7.087138481438159943e-03 -2.907320857048034668e-01 -1.731056603603065014e-03 7.084418088197708130e-03 9.999733567237854004e-01 1.150106525421142578e+01
9.999969005584716797e-01 8.109718328341841698e-04 2.358614932745695114e-03 3.155808523297309875e-02 -7.897282484918832779e-04 9.999591112136840820e-01 -8.993649855256080627e-03 -3.299463987350463867e-01 -2.365812659263610840e-03 8.991757407784461975e-03 9.999567270278930664e-01 1.286100959777832031e+01
9.999966025352478027e-01 -2.771060972008854151e-04 2.601901069283485413e-03 3.474040701985359192e-02 2.984447637572884560e-04 9.999661445617675781e-01 -8.204216137528419495e-03 -3.703659176826477051e-01 -2.599540632218122482e-03 8.204961195588111877e-03 9.999628663063049316e-01 1.423354625701904297e+01
9.999950528144836426e-01 -4.207752645015716553e-04 3.124849405139684677e-03 3.891615569591522217e-02 4.518868227023631334e-04 9.999501109123229980e-01 -9.961954317986965179e-03 -4.108385443687438965e-01 -3.120502922683954239e-03 9.963314048945903778e-03 9.999454021453857422e-01 1.558667469024658203e+01
9.999974966049194336e-01 -2.211213723057880998e-04 2.231867052614688873e-03 3.989948332309722900e-02 2.444801793899387121e-04 9.999449849128723145e-01 -1.047092024236917496e-02 -4.542812705039978027e-01 -2.229430014267563820e-03 1.047143619507551193e-02 9.999426007270812988e-01 1.695306968688964844e+01
9.999985098838806152e-01 4.574645208776928484e-05 1.722666434943675995e-03 4.075603187084197998e-02 -2.581162880233023316e-05 9.999328851699829102e-01 -1.157001499086618423e-02 -4.989151656627655029e-01 -1.723081222735345364e-03 1.156994979828596115e-02 9.999315142631530762e-01 1.831820106506347656e+01
9.999976158142089844e-01 1.567982486449182034e-03 1.514228177256882191e-03 4.164086282253265381e-02 -1.551217748783528805e-03 9.999380111694335938e-01 -1.100929547101259232e-02 -5.428817272186279297e-01 -1.531397574581205845e-03 1.100691780447959900e-02 9.999381899833679199e-01 1.967998123168945312e+01
9.999957680702209473e-01 8.775684400461614132e-04 2.767493017017841339e-03 4.511468484997749329e-02 -8.438879740424454212e-04 9.999256730079650879e-01 -1.214743591845035553e-02 -5.864039063453674316e-01 -2.777948742732405663e-03 1.214504707604646683e-02 9.999223351478576660e-01 2.105744361877441406e+01
9.999920129776000977e-01 8.119824342429637909e-04 3.902730764821171761e-03 4.607481509447097778e-02 -7.633405039086937904e-04 9.999220371246337891e-01 -1.244863402098417282e-02 -6.321366429328918457e-01 -3.912535961717367172e-03 1.244555320590734482e-02 9.999148249626159668e-01 2.242666625976562500e+01
9.999890923500061035e-01 1.267645624466240406e-03 4.480898380279541016e-03 5.545948445796966553e-02 -1.207828405313193798e-03 9.999102950096130371e-01 -1.332667190581560135e-02 -6.763049364089965820e-01 -4.497391171753406525e-03 1.332111284136772156e-02 9.999011158943176270e-01 2.379121589660644531e+01
9.999882578849792480e-01 1.510622329078614712e-03 4.584592767059803009e-03 6.152459233999252319e-02 -1.446772832423448563e-03 9.999021887779235840e-01 -1.389818266034126282e-02 -7.266113162040710449e-01 -4.605140537023544312e-03 1.389138586819171906e-02 9.998928308486938477e-01 2.519264984130859375e+01
9.999869465827941895e-01 1.448757946491241455e-03 4.886445123702287674e-03 7.090903818607330322e-02 -1.372010563500225544e-03 9.998760819435119629e-01 -1.567283459007740021e-02 -7.735061049461364746e-01 -4.908546805381774902e-03 1.566592603921890259e-02 9.998651742935180664e-01 2.654787826538085938e+01
9.999768733978271484e-01 1.838912838138639927e-03 6.548665463924407959e-03 7.803878933191299438e-02 -1.731410156935453415e-03 9.998641610145568848e-01 -1.638372801244258881e-02 -8.256523013114929199e-01 -6.577905267477035522e-03 1.637201011180877686e-02 9.998443126678466797e-01 2.793230247497558594e+01
9.999730587005615234e-01 1.580638927407562733e-03 7.160629611462354660e-03 8.841136097908020020e-02 -1.452184398658573627e-03 9.998384714126586914e-01 -1.790857687592506409e-02 -8.777933716773986816e-01 -7.187780924141407013e-03 1.789769716560840607e-02 9.998139739036560059e-01 2.929228401184082031e+01
9.999790787696838379e-01 1.797180855646729469e-03 6.206042133271694183e-03 9.504312276840209961e-02 -1.681732363067567348e-03 9.998262524604797363e-01 -1.855770125985145569e-02 -9.266297817230224609e-01 -6.238316651433706284e-03 1.854687742888927460e-02 9.998085498809814453e-01 3.053242492675781250e+01
9.999841451644897461e-01 1.796365133486688137e-03 5.323109682649374008e-03 1.010315418243408203e-01 -1.697394181974232197e-03 9.998265504837036133e-01 -1.853892207145690918e-02 -9.775053262710571289e-01 -5.355490371584892273e-03 1.852959394454956055e-02 9.998139739036560059e-01 3.178678894042968750e+01
9.999653697013854980e-01 9.679290815256536007e-04 8.256809785962104797e-03 1.075990796089172363e-01 -8.080964325927197933e-04 9.998125433921813965e-01 -1.933882571756839752e-02 -1.033122181892395020e+00 -8.273982442915439606e-03 1.933148503303527832e-02 9.997788667678833008e-01 3.316998291015625000e+01
9.999657273292541504e-01 1.144256675615906715e-03 8.192284964025020599e-03 1.154607385396957397e-01 -9.716044878587126732e-04 9.997778534889221191e-01 -2.104776352643966675e-02 -1.087410211563110352e+00 -8.214551024138927460e-03 2.103908360004425049e-02 9.997448325157165527e-01 3.443490600585937500e+01
9.999691247940063477e-01 1.069203368388116360e-03 7.782990112900733948e-03 1.231246218085289001e-01 -9.016800322569906712e-04 9.997683763504028320e-01 -2.149580232799053192e-02 -1.142999529838562012e+00 -7.804173044860363007e-03 2.148812077939510345e-02 9.997385740280151367e-01 3.568345642089843750e+01
9.999796152114868164e-01 1.030912739224731922e-03 6.293167360126972198e-03 1.294676512479782104e-01 -8.872641483321785927e-04 9.997398257255554199e-01 -2.278612181544303894e-02 -1.199374079704284668e+00 -6.315022706985473633e-03 2.278007753193378448e-02 9.997204542160034180e-01 3.692627716064453125e+01
9.999666213989257812e-01 1.525867730379104614e-03 8.017641492187976837e-03 1.364044547080993652e-01 -1.340359798632562160e-03 9.997323155403137207e-01 -2.309189364314079285e-02 -1.252306222915649414e+00 -8.050732314586639404e-03 2.308037877082824707e-02 9.997010827064514160e-01 3.817634963989257812e+01
9.999620914459228516e-01 6.705313571728765965e-04 8.674054406583309174e-03 1.453511416912078857e-01 -4.612593038473278284e-04 9.997091293334960938e-01 -2.410553209483623505e-02 -1.303065538406372070e+00 -8.687697350978851318e-03 2.410062029957771301e-02 9.996716976165771484e-01 3.931390380859375000e+01
9.999423623085021973e-01 3.214981115888804197e-04 1.072580087929964066e-02 1.558164358139038086e-01 -4.297702616895548999e-05 9.996628761291503906e-01 -2.595728263258934021e-02 -1.356576442718505859e+00 -1.073053292930126190e-02 2.595532871782779694e-02 9.996054172515869141e-01 4.044553375244140625e+01
9.999273419380187988e-01 3.919220762327313423e-04 1.204014103859663010e-02 1.689799129962921143e-01 -7.617340452270582318e-05 9.996561408042907715e-01 -2.621372230350971222e-02 -1.413301944732666016e+00 -1.204627845436334610e-02 2.621090225875377655e-02 9.995837807655334473e-01 4.168930053710937500e+01
9.999135136604309082e-01 2.590651565697044134e-04 1.314257085323333740e-02 1.852965652942657471e-01 9.628459520172327757e-05 9.996343851089477539e-01 -2.703002840280532837e-02 -1.469233036041259766e+00 -1.314477249979972839e-02 2.702895738184452057e-02 9.995481371879577637e-01 4.292799377441406250e+01
9.999139308929443359e-01 8.634080295450985432e-04 1.308526098728179932e-02 2.006041556596755981e-01 -5.217587458901107311e-04 9.996591806411743164e-01 -2.609021402895450592e-02 -1.526832103729248047e+00 -1.310333237051963806e-02 2.608114108443260193e-02 9.995738863945007324e-01 4.416070556640625000e+01
9.999065995216369629e-01 1.171287614852190018e-03 1.361303776502609253e-02 2.169693708419799805e-01 -8.029289892874658108e-04 9.996339082717895508e-01 -2.703306637704372406e-02 -1.582594394683837891e+00 -1.363972201943397522e-02 2.701961062848567963e-02 9.995417594909667969e-01 4.540666198730468750e+01
9.999025464057922363e-01 6.546053919009864330e-04 1.394262816756963730e-02 2.355116158723831177e-01 -2.907681337092071772e-04 9.996594786643981934e-01 -2.608117088675498962e-02 -1.640597343444824219e+00 -1.395495794713497162e-02 2.607457339763641357e-02 9.995625019073486328e-01 4.664738082885742188e+01
9.998707175254821777e-01 8.382009691558778286e-04 1.605623587965965271e-02 2.520939707756042480e-01 -4.167403676547110081e-04 9.996554255485534668e-01 -2.623422816395759583e-02 -1.699783563613891602e+00 -1.607269793748855591e-02 2.622414566576480865e-02 9.995267391204833984e-01 4.788488388061523438e+01
9.998778700828552246e-01 2.327407477423548698e-03 1.545473001897335052e-02 2.717107832431793213e-01 -1.933943131007254124e-03 9.996745586395263672e-01 -2.542524784803390503e-02 -1.755243778228759766e+00 -1.550888083875179291e-02 2.539225667715072632e-02 9.995570778846740723e-01 4.910633468627929688e+01
9.998624920845031738e-01 2.100597601383924484e-03 1.644886843860149384e-02 2.930476367473602295e-01 -1.698391977697610855e-03 9.996998310089111328e-01 -2.442757226526737213e-02 -1.811805129051208496e+00 -1.649525016546249390e-02 2.439627982676029205e-02 9.995660781860351562e-01 5.035957336425781250e+01
9.998207688331604004e-01 1.645077136345207691e-03 1.886165142059326172e-02 3.137514591217041016e-01 -1.168031245470046997e-03 9.996795058250427246e-01 -2.527483180165290833e-02 -1.867432713508605957e+00 -1.889719069004058838e-02 2.524827420711517334e-02 9.995023608207702637e-01 5.159378814697265625e+01
9.998035430908203125e-01 1.340895658358931541e-03 1.977348886430263519e-02 3.356364965438842773e-01 -8.434695773757994175e-04 9.996831417083740234e-01 -2.514295466244220734e-02 -1.924904465675354004e+00 -1.980094239115715027e-02 2.512134239077568054e-02 9.994880557060241699e-01 5.283539199829101562e+01
9.997801780700683594e-01 1.704826485365629196e-03 2.089582569897174835e-02 3.600511550903320312e-01 -1.180174062028527260e-03 9.996840357780456543e-01 -2.509450167417526245e-02 -1.982117772102355957e+00 -2.093200758099555969e-02 2.506433054804801941e-02 9.994664192199707031e-01 5.407921600341796875e+01
9.997438192367553711e-01 1.937084132805466652e-03 2.254972979426383972e-02 3.862336277961730957e-01 -1.340348273515701294e-03 9.996489286422729492e-01 -2.644803375005722046e-02 -2.037844657897949219e+00 -2.259304746985435486e-02 2.641103789210319519e-02 9.993956089019775391e-01 5.531941986083984375e+01
9.997395873069763184e-01 8.020640234462916851e-04 2.280679531395435333e-02 4.142869412899017334e-01 -2.041319239651784301e-04 9.996561408042907715e-01 -2.620737999677658081e-02 -2.094267129898071289e+00 -2.281997725367546082e-02 2.619590237736701965e-02 9.993961453437805176e-01 5.655772399902343750e+01
9.996994733810424805e-01 1.750441151671111584e-03 2.445389889180660248e-02 4.430549740791320801e-01 -1.088768476620316505e-03 9.996332526206970215e-01 -2.704495564103126526e-02 -2.150397062301635742e+00 -2.449227683246135712e-02 2.701020427048206329e-02 9.993348717689514160e-01 5.779315185546875000e+01
9.996346235275268555e-01 2.820761175826191902e-03 2.688370831310749054e-02 4.732214212417602539e-01 -2.082435647025704384e-03 9.996206164360046387e-01 -2.745203673839569092e-02 -2.209803819656372070e+00 -2.695095166563987732e-02 2.738602273166179657e-02 9.992613792419433594e-01 5.902571868896484375e+01
9.995750188827514648e-01 4.026878625154495239e-03 2.887304313480854034e-02 5.094472169876098633e-01 -3.189900657162070274e-03 9.995746612548828125e-01 -2.897570468485355377e-02 -2.266956090927124023e+00 -2.897745370864868164e-02 2.887129038572311401e-02 9.991628527641296387e-01 6.025719070434570312e+01
9.995775818824768066e-01 4.443509504199028015e-03 2.872165106236934662e-02 5.461830496788024902e-01 -3.611201187595725060e-03 9.995735883712768555e-01 -2.896539866924285889e-02 -2.326218128204345703e+00 -2.883811853826045990e-02 2.884944528341293335e-02 9.991675019264221191e-01 6.150332260131835938e+01
9.995269775390625000e-01 5.186972673982381821e-03 3.031247295439243317e-02 5.829473733901977539e-01 -4.274859093129634857e-03 9.995380640029907227e-01 -3.007786907255649567e-02 -2.385800838470458984e+00 -3.045449219644069672e-02 2.993406355381011963e-02 9.990876317024230957e-01 6.273740768432617188e+01
9.995173215866088867e-01 4.710238426923751831e-03 3.070595487952232361e-02 6.213305592536926270e-01 -3.766186069697141647e-03 9.995202422142028809e-01 -3.073038160800933838e-02 -2.445919036865234375e+00 -3.083598054945468903e-02 3.059990704059600830e-02 9.990557432174682617e-01 6.396073532104492188e+01
9.994934797286987305e-01 4.455775953829288483e-03 3.150986880064010620e-02 6.567940115928649902e-01 -3.462997265160083771e-03 9.994977116584777832e-01 -3.149138018488883972e-02 -2.504391431808471680e+00 -3.163436800241470337e-02 3.136631101369857788e-02 9.990070462226867676e-01 6.512406158447265625e+01
9.994439482688903809e-01 3.640084527432918549e-03 3.314348682761192322e-02 6.929981708526611328e-01 -2.583298832178115845e-03 9.994882941246032715e-01 -3.187213838100433350e-02 -2.565731048583984375e+00 -3.324255347251892090e-02 3.176879510283470154e-02 9.989420771598815918e-01 6.631173706054687500e+01
9.993661046028137207e-01 4.402610473334789276e-03 3.532644361257553101e-02 7.342016696929931641e-01 -3.273209324106574059e-03 9.994832873344421387e-01 -3.196460381150245667e-02 -2.630471229553222656e+00 -3.544892743229866028e-02 3.182870522141456604e-02 9.988642930984497070e-01 6.754354858398437500e+01
9.993920326232910156e-01 3.952736034989356995e-03 3.464063256978988647e-02 7.754575014114379883e-01 -2.888390561565756798e-03 9.995234608650207520e-01 -3.072150610387325287e-02 -2.691192388534545898e+00 -3.474557027220726013e-02 3.060276806354522705e-02 9.989272952079772949e-01 6.873135375976562500e+01
9.993478655815124512e-01 3.650292754173278809e-03 3.592360764741897583e-02 8.112624287605285645e-01 -2.515519969165325165e-03 9.994975924491882324e-01 -3.158296644687652588e-02 -2.740929841995239258e+00 -3.602085635066032410e-02 3.147199749946594238e-02 9.988551139831542969e-01 6.975221252441406250e+01
9.992864131927490234e-01 3.092460334300994873e-03 3.764369338750839233e-02 8.577979803085327148e-01 -1.858282135799527168e-03 9.994605779647827148e-01 -3.277655318379402161e-02 -2.803487300872802734e+00 -3.772475942969322205e-02 3.268320485949516296e-02 9.987533092498779297e-01 7.098359680175781250e+01
9.992258548736572266e-01 3.055138047784566879e-03 3.922107443213462830e-02 9.059386253356933594e-01 -1.721960725262761116e-03 9.994206428527832031e-01 -3.398006409406661987e-02 -2.871196508407592773e+00 -3.930217772722244263e-02 3.388621658086776733e-02 9.986523985862731934e-01 7.224150085449218750e+01
9.991371631622314453e-01 3.709436859935522079e-03 4.136522114276885986e-02 9.559377431869506836e-01 -2.259141067042946815e-03 9.993824958801269531e-01 -3.505236655473709106e-02 -2.938364267349243164e+00 -4.146971553564071655e-02 3.492866456508636475e-02 9.985288381576538086e-01 7.349265289306640625e+01
9.990216493606567383e-01 3.305948805063962936e-03 4.409881308674812317e-02 1.007016777992248535e+00 -1.702919253148138523e-03 9.993376135826110840e-01 -3.633883222937583923e-02 -3.008224725723266602e+00 -4.418975487351417542e-02 3.622817993164062500e-02 9.983658194541931152e-01 7.473968505859375000e+01
9.989221692085266113e-01 3.223113017156720161e-03 4.630345106124877930e-02 1.063485383987426758e+00 -1.516264746896922588e-03 9.993191957473754883e-01 -3.684999048709869385e-02 -3.076967954635620117e+00 -4.639071971178054810e-02 3.674006462097167969e-02 9.982472658157348633e-01 7.597801208496093750e+01
9.989160895347595215e-01 2.915774472057819366e-03 4.645517840981483459e-02 1.117187261581420898e+00 -1.181846600957214832e-03 9.993025660514831543e-01 -3.730842098593711853e-02 -3.148352861404418945e+00 -4.653158038854598999e-02 3.721307590603828430e-02 9.982231855392456055e-01 7.721875762939453125e+01
9.987972378730773926e-01 3.739663865417242050e-03 4.888805747032165527e-02 1.171160817146301270e+00 -1.865145983174443245e-03 9.992628097534179688e-01 -3.833242505788803101e-02 -3.216578245162963867e+00 -4.899538308382034302e-02 3.819513320922851562e-02 9.980681538581848145e-01 7.834538269042968750e+01
9.987002015113830566e-01 4.208088852465152740e-03 5.079527199268341064e-02 1.223380565643310547e+00 -2.157369628548622131e-03 9.991823434829711914e-01 -4.035957157611846924e-02 -3.283418416976928711e+00 -5.092359706759452820e-02 4.019752144813537598e-02 9.978929758071899414e-01 7.942964935302734375e+01
9.984953999519348145e-01 4.512235987931489944e-03 5.464838445186614990e-02 1.281243801116943359e+00 -2.150817075744271278e-03 9.990639090538024902e-01 -4.319288209080696106e-02 -3.354859113693237305e+00 -5.479214712977409363e-02 4.301035404205322266e-02 9.975706934928894043e-01 8.059434509277343750e+01
9.983354806900024414e-01 5.040251649916172028e-03 5.745262652635574341e-02 1.344999074935913086e+00 -2.478282665833830833e-03 9.990023374557495117e-01 -4.457681626081466675e-02 -3.430632352828979492e+00 -5.762001127004623413e-02 4.436022788286209106e-02 9.973522424697875977e-01 8.176795196533203125e+01
9.982100129127502441e-01 4.472969099879264832e-03 5.963778123259544373e-02 1.412827134132385254e+00 -1.729233656078577042e-03 9.989403486251831055e-01 -4.597889631986618042e-02 -3.508261442184448242e+00 -5.978027358651161194e-02 4.579346626996994019e-02 9.971602559089660645e-01 8.296156311035156250e+01
9.981135725975036621e-01 4.252209328114986420e-03 6.124643608927726746e-02 1.485854148864746094e+00 -1.440447987988591194e-03 9.989453554153442383e-01 -4.587993025779724121e-02 -3.591138124465942383e+00 -6.137696281075477600e-02 4.570516198873519897e-02 9.970672726631164551e-01 8.419956207275390625e+01
9.979453682899475098e-01 3.697670996189117432e-03 6.396220624446868896e-02 1.559052705764770508e+00 -6.785076693631708622e-04 9.988865852355957031e-01 -4.715953022241592407e-02 -3.668470859527587891e+00 -6.406539678573608398e-02 4.701924696564674377e-02 9.968370199203491211e-01 8.538365173339843750e+01
9.977905750274658203e-01 3.797116223722696304e-03 6.632656604051589966e-02 1.635052919387817383e+00 -4.618483362719416618e-04 9.987370967864990234e-01 -5.022842064499855042e-02 -3.747778892517089844e+00 -6.643354892730712891e-02 5.008682981133460999e-02 9.965324997901916504e-01 8.655241394042968750e+01
9.977158904075622559e-01 3.573469351977109909e-03 6.745276600122451782e-02 1.704107999801635742e+00 -5.235647404333576560e-05 9.986397624015808105e-01 -5.213065072894096375e-02 -3.826622009277343750e+00 -6.754732877016067505e-02 5.200806632637977600e-02 9.963592290878295898e-01 8.762421417236328125e+01
9.975423812866210938e-01 3.528018249198794365e-03 6.997362524271011353e-02 1.782544732093811035e+00 1.970721641555428505e-04 9.985856413841247559e-01 -5.315717309713363647e-02 -3.911974430084228516e+00 -7.006222754716873169e-02 5.304035171866416931e-02 9.961310625076293945e-01 8.879025268554687500e+01
9.974422454833984375e-01 4.059388302266597748e-03 7.135832309722900391e-02 1.854873418807983398e+00 -1.452036958653479815e-04 9.984983801841735840e-01 -5.477208271622657776e-02 -3.991314649581909180e+00 -7.147354632616043091e-02 5.462165549397468567e-02 9.959453344345092773e-01 8.983756256103515625e+01
9.974236488342285156e-01 3.300486830994486809e-03 7.165747135877609253e-02 1.928153514862060547e+00 6.910546799190342426e-04 9.984520077705383301e-01 -5.560670047998428345e-02 -4.072539329528808594e+00 -7.173012197017669678e-02 5.551298335194587708e-02 9.958775639533996582e-01 9.088289642333984375e+01
9.973194599151611328e-01 3.412510734051465988e-03 7.308787107467651367e-02 2.005533218383789062e+00 8.422256796620786190e-04 9.983096122741699219e-01 -5.810394138097763062e-02 -4.154291629791259766e+00 -7.316265255212783813e-02 5.800977721810340881e-02 9.956309795379638672e-01 9.193357849121093750e+01
9.972338080406188965e-01 3.942649811506271362e-03 7.422059774398803711e-02 2.083274126052856445e+00 5.148443160578608513e-04 9.982011318206787109e-01 -5.994239449501037598e-02 -4.236930847167968750e+00 -7.432346791028976440e-02 5.981482192873954773e-02 9.954382181167602539e-01 9.298476409912109375e+01
9.971024394035339355e-01 4.227460827678442001e-03 7.595002651214599609e-02 2.165066719055175781e+00 4.769900406245142221e-04 9.980868101119995117e-01 -6.181647628545761108e-02 -4.323846817016601562e+00 -7.606610655784606934e-02 6.167361140251159668e-02 9.951931238174438477e-01 9.404683685302734375e+01
9.969028234481811523e-01 3.972069360315799713e-03 7.854005694389343262e-02 2.246195793151855469e+00 1.082369708456099033e-03 9.979353547096252441e-01 -6.420757621526718140e-02 -4.414540290832519531e+00 -7.863300293684005737e-02 6.409375369548797607e-02 9.948406815528869629e-01 9.510941314697265625e+01
9.967518448829650879e-01 3.422302193939685822e-03 8.045850694179534912e-02 2.329027652740478516e+00 1.972707686945796013e-03 9.977585673332214355e-01 -6.687808781862258911e-02 -4.507513046264648438e+00 -8.050711452960968018e-02 6.681960821151733398e-02 9.945113062858581543e-01 9.615921020507812500e+01
9.962271451950073242e-01 4.135138820856809616e-03 8.668232709169387817e-02 2.407857179641723633e+00 1.845697755925357342e-03 9.976278543472290039e-01 -6.880342960357666016e-02 -4.587487697601318359e+00 -8.676130324602127075e-02 6.870386749505996704e-02 9.938567280769348145e-01 9.705962371826171875e+01
9.960709810256958008e-01 4.130987916141748428e-03 8.845854550600051880e-02 2.503733396530151367e+00 2.224252792075276375e-03 9.974284172058105469e-01 -7.162514328956604004e-02 -4.687310695648193359e+00 -8.852703869342803955e-02 7.154051959514617920e-02 9.935008287429809570e-01 9.814929199218750000e+01
9.960228800773620605e-01 5.620596930384635925e-03 8.891648799180984497e-02 2.602653264999389648e+00 8.895015926100313663e-04 9.973303079605102539e-01 -7.300707697868347168e-02 -4.795523643493652344e+00 -8.908954262733459473e-02 7.279585301876068115e-02 9.933593273162841797e-01 9.927901458740234375e+01
9.959428906440734863e-01 5.582882557064294815e-03 8.981040865182876587e-02 2.699169397354125977e+00 1.048165257088840008e-03 9.972853064537048340e-01 -7.361748069524765015e-02 -4.897711753845214844e+00 -8.997768908739089966e-02 7.341298460960388184e-02 9.932338595390319824e-01 1.003482131958007812e+02
9.957520961761474609e-01 5.708190146833658218e-03 9.189385920763015747e-02 2.795248508453369141e+00 1.207882538437843323e-03 9.971798062324523926e-01 -7.503024488687515259e-02 -4.998687267303466797e+00 -9.206308424472808838e-02 7.482256740331649780e-02 9.929375052452087402e-01 1.014117050170898438e+02
9.955801367759704590e-01 4.932430107146501541e-03 9.378286451101303101e-02 2.892424583435058594e+00 2.369019202888011932e-03 9.969822168350219727e-01 -7.758419960737228394e-02 -5.104088783264160156e+00 -9.388262778520584106e-02 7.746350765228271484e-02 9.925645589828491211e-01 1.024761657714843750e+02
9.953285455703735352e-01 5.811376031488180161e-03 9.636703878641128540e-02 2.994779109954833984e+00 1.864504301920533180e-03 9.968425631523132324e-01 -7.937148958444595337e-02 -5.212007522583007812e+00 -9.652412682771682739e-02 7.918044179677963257e-02 9.921756386756896973e-01 1.035355606079101562e+02
9.954341650009155273e-01 5.648402497172355652e-03 9.527944773435592651e-02 3.110679149627685547e+00 2.118491800501942635e-03 9.966931939125061035e-01 -8.121916651725769043e-02 -5.333770751953125000e+00 -9.542323648929595947e-02 8.105023950338363647e-02 9.921311140060424805e-01 1.047380218505859375e+02
9.954664111137390137e-01 6.532427854835987091e-03 9.488523006439208984e-02 3.227604627609252930e+00 1.386090181767940521e-03 9.965353608131408691e-01 -8.314862847328186035e-02 -5.466286182403564453e+00 -9.509975463151931763e-02 8.290323615074157715e-02 9.920090436935424805e-01 1.059856414794921875e+02
9.959254860877990723e-01 6.339656189084053040e-03 8.995307236909866333e-02 3.336932182312011719e+00 1.270530978217720985e-03 9.964393377304077148e-01 -8.429299294948577881e-02 -5.592475414276123047e+00 -9.016727656126022339e-02 8.406387269496917725e-02 9.923719167709350586e-01 1.071856155395507812e+02
9.962908625602722168e-01 6.962422281503677368e-03 8.576367050409317017e-02 3.437676429748535156e+00 4.219610709697008133e-04 9.963127970695495605e-01 -8.578370511531829834e-02 -5.717573165893554688e+00 -8.604481071233749390e-02 8.550175279378890991e-02 9.926150441169738770e-01 1.083606643676757812e+02
9.963169097900390625e-01 6.298151332885026932e-03 8.551201969385147095e-02 3.540282726287841797e+00 1.142329885624349117e-03 9.962342977523803711e-01 -8.668415248394012451e-02 -5.853682518005371094e+00 -8.573606610298156738e-02 8.646260946989059448e-02 9.925585389137268066e-01 1.095972595214843750e+02
9.964061379432678223e-01 5.950622726231813431e-03 8.449123054742813110e-02 3.646722316741943359e+00 1.462187618017196655e-03 9.961710572242736816e-01 -8.740257471799850464e-02 -5.993674755096435547e+00 -8.468793332576751709e-02 8.721204847097396851e-02 9.925829768180847168e-01 1.108548278808593750e+02
9.965915083885192871e-01 5.731750745326280594e-03 8.229124546051025391e-02 3.752365112304687500e+00 1.508624758571386337e-03 9.961488842964172363e-01 -8.765379339456558228e-02 -6.131815433502197266e+00 -8.247685432434082031e-02 8.747921139001846313e-02 9.927456378936767578e-01 1.121112518310546875e+02
9.966741800308227539e-01 5.995632614940404892e-03 8.126518130302429199e-02 3.852632999420166016e+00 1.209763227961957455e-03 9.960898160934448242e-01 -8.832698315382003784e-02 -6.270022869110107422e+00 -8.147711306810379028e-02 8.813156932592391968e-02 9.927704930305480957e-01 1.133438796997070312e+02
9.968563318252563477e-01 6.196649745106697083e-03 7.898364216089248657e-02 3.951786041259765625e+00 7.617183146066963673e-04 9.961398839950561523e-01 -8.776541799306869507e-02 -6.414591312408447266e+00 -7.922273129224777222e-02 8.754971623420715332e-02 9.930043816566467285e-01 1.146168365478515625e+02
9.968665838241577148e-01 5.396988708525896072e-03 7.891280204057693481e-02 4.049930572509765625e+00 1.540058292448520660e-03 9.961550235748291016e-01 -8.758336305618286133e-02 -6.555985450744628906e+00 -7.908219844102859497e-02 8.743049949407577515e-02 9.930260777473449707e-01 1.158771362304687500e+02
9.970488548278808594e-01 4.540999419987201691e-03 7.663008570671081543e-02 4.143711090087890625e+00 2.146190265193581581e-03 9.962086677551269531e-01 -8.695824444293975830e-02 -6.691173553466796875e+00 -7.673455029726028442e-02 8.686613291501998901e-02 9.932597875595092773e-01 1.171064529418945312e+02
9.971516728401184082e-01 4.110256209969520569e-03 7.530443370342254639e-02 4.236942768096923828e+00 2.388465451076626778e-03 9.962907433509826660e-01 -8.600623160600662231e-02 -6.825997829437255859e+00 -7.537873089313507080e-02 8.594117313623428345e-02 9.934440255165100098e-01 1.183347930908203125e+02
9.971664547920227051e-01 4.110743291676044464e-03 7.510857284069061279e-02 4.329214572906494141e+00 2.422123216092586517e-03 9.962321519851684570e-01 -8.668109774589538574e-02 -6.962314128875732422e+00 -7.518200576305389404e-02 8.661745488643646240e-02 9.934002161026000977e-01 1.195636444091796875e+02
9.972398281097412109e-01 4.123886115849018097e-03 7.412718236446380615e-02 4.419156074523925781e+00 2.362885046750307083e-03 9.961863160133361816e-01 -8.720823377370834351e-02 -7.099718570709228516e+00 -7.420422136783599854e-02 8.714273571968078613e-02 9.934278130531311035e-01 1.208049468994140625e+02
9.973906874656677246e-01 4.476928152143955231e-03 7.204780727624893188e-02 4.510604381561279297e+00 1.861597876995801926e-03 9.961468577384948730e-01 -8.766952157020568848e-02 -7.234540939331054688e+00 -7.216279208660125732e-02 8.757495135068893433e-02 9.935401678085327148e-01 1.220387802124023438e+02
9.974713921546936035e-01 4.253647755831480026e-03 7.093510776758193970e-02 4.599824905395507812e+00 1.947717275470495224e-03 9.961944222450256348e-01 -8.712514489889144897e-02 -7.373017311096191406e+00 -7.103586196899414062e-02 8.704306185245513916e-02 9.936680793762207031e-01 1.232838592529296875e+02
9.975983500480651855e-01 4.542989656329154968e-03 6.910810619592666626e-02 4.684918880462646484e+00 1.480639912188053131e-03 9.962182044982910156e-01 -8.686205744743347168e-02 -7.508812904357910156e+00 -6.924147158861160278e-02 8.675582706928253174e-02 9.938198328018188477e-01 1.245094146728515625e+02
9.977171421051025391e-01 3.656640183180570602e-03 6.742481142282485962e-02 4.770691394805908203e+00 2.229394158348441124e-03 9.962033629417419434e-01 -8.701606094837188721e-02 -7.644298553466796875e+00 -6.748711317777633667e-02 8.696779608726501465e-02 9.939219951629638672e-01 1.257505111694335938e+02
9.977837204933166504e-01 2.923946827650070190e-03 6.646914035081863403e-02 4.853489875793457031e+00 2.892057644203305244e-03 9.961825609207153320e-01 -8.723465353250503540e-02 -7.783223628997802734e+00 -6.647057086229324341e-02 8.723361790180206299e-02 9.939671754837036133e-01 1.269923400878906250e+02
9.977893233299255371e-01 2.927503082901239395e-03 6.638460606336593628e-02 4.937375545501708984e+00 2.971515059471130371e-03 9.960628151893615723e-01 -8.858834207057952881e-02 -7.919336795806884766e+00 -6.638269126415252686e-02 8.858983963727951050e-02 9.938530325889587402e-01 1.282317962646484375e+02
9.978378415107727051e-01 1.448712777346372604e-03 6.569987535476684570e-02 5.018686771392822266e+00 4.516255576163530350e-03 9.958804845809936523e-01 -9.055139869451522827e-02 -8.059625625610351562e+00 -6.556050479412078857e-02 9.065241366624832153e-02 9.937216043472290039e-01 1.294746856689453125e+02
9.979657530784606934e-01 2.463676733896136284e-03 6.369664520025253296e-02 5.100684165954589844e+00 3.341137897223234177e-03 9.958565831184387207e-01 -9.086491912603378296e-02 -8.198374748229980469e+00 -6.365668028593063354e-02 9.089297056198120117e-02 9.938233494758605957e-01 1.307043151855468750e+02
9.979156255722045898e-01 1.998795662075281143e-03 6.449360400438308716e-02 5.180282592773437500e+00 3.871961263939738274e-03 9.958628416061401367e-01 -9.077484905719757080e-02 -8.345368385314941406e+00 -6.440832465887069702e-02 9.083542972803115845e-02 9.937801957130432129e-01 1.319749603271484375e+02
9.978560805320739746e-01 1.684702117927372456e-03 6.541777402162551880e-02 5.260743618011474609e+00 4.310172982513904572e-03 9.958047866821289062e-01 -9.139025211334228516e-02 -8.488625526428222656e+00 -6.529740244150161743e-02 9.147634357213973999e-02 9.936634302139282227e-01 1.332202606201171875e+02
9.978654384613037109e-01 1.920819631777703762e-03 6.526815146207809448e-02 5.340232849121093750e+00 4.192783962935209274e-03 9.956185817718505859e-01 -9.340264648199081421e-02 -8.631880760192871094e+00 -6.516170501708984375e-02 9.347698837518692017e-02 9.934861660003662109e-01 1.344503326416015625e+02
9.978439807891845703e-01 2.003683010116219521e-03 6.559315323829650879e-02 5.419646263122558594e+00 4.192876629531383514e-03 9.955438971519470215e-01 -9.419538080692291260e-02 -8.779090881347656250e+00 -6.548970192670822144e-02 9.426737576723098755e-02 9.933899044990539551e-01 1.356914520263671875e+02
9.978300929069519043e-01 2.672363305464386940e-03 6.578091531991958618e-02 5.499567508697509766e+00 3.617287846282124519e-03 9.954400062561035156e-01 -9.531027823686599731e-02 -8.925969123840332031e+00 -6.573575735092163086e-02 9.534145891666412354e-02 9.932711124420166016e-01 1.369298553466796875e+02
9.978940486907958984e-01 2.057375153526663780e-03 6.482659280300140381e-02 5.581241607666015625e+00 4.185581114143133163e-03 9.953696727752685547e-01 -9.601918607950210571e-02 -9.076880455017089844e+00 -6.472406536340713501e-02 9.608835726976394653e-02 9.932655692100524902e-01 1.381915893554687500e+02
9.979119896888732910e-01 2.630255883559584618e-03 6.452943384647369385e-02 5.671395301818847656e+00 3.597851144149899483e-03 9.953535199165344238e-01 -9.620965272188186646e-02 -9.235380172729492188e+00 -6.448274850845336914e-02 9.624097496271133423e-02 9.932664632797241211e-01 1.395483703613281250e+02
9.977628588676452637e-01 3.572595771402120590e-03 6.675137579441070557e-02 5.757772922515869141e+00 2.988043008372187614e-03 9.951880574226379395e-01 -9.792672097682952881e-02 -9.394158363342285156e+00 -6.678012013435363770e-02 9.790714830160140991e-02 9.929517507553100586e-01 1.408755035400390625e+02
9.979047179222106934e-01 4.177987109869718552e-03 6.455972045660018921e-02 5.838900089263916016e+00 2.235217718407511711e-03 9.950891137123107910e-01 -9.894691407680511475e-02 -9.545592308044433594e+00 -6.465616077184677124e-02 9.888394176959991455e-02 9.929955005645751953e-01 1.421106719970703125e+02
9.978106617927551270e-01 4.214040935039520264e-03 6.599505990743637085e-02 5.920032978057861328e+00 2.429172862321138382e-03 9.949572682380676270e-01 -1.002594232559204102e-01 -9.700303077697753906e+00 -6.608485430479049683e-02 1.002002730965614319e-01 9.927694797515869141e-01 1.433594665527343750e+02
9.978502392768859863e-01 6.084062159061431885e-03 6.524619460105895996e-02 6.001230716705322266e+00 5.863012629561126232e-04 9.948107004165649414e-01 -1.017302647233009338e-01 -9.857623100280761719e+00 -6.552664935588836670e-02 1.015498638153076172e-01 9.926693439483642578e-01 1.446100006103515625e+02
9.978565573692321777e-01 6.929602008312940598e-03 6.506487727165222168e-02 6.081151962280273438e+00 -3.209426067769527435e-04 9.948816299438476562e-01 -1.010354906320571899e-01 -1.001143455505371094e+01 -6.543207913637161255e-02 1.007980778813362122e-01 9.927521944046020508e-01 1.458370056152343750e+02
9.979382157325744629e-01 7.035627495497465134e-03 6.378817558288574219e-02 6.162009716033935547e+00 -5.234992131590843201e-04 9.948306083679199219e-01 -1.015363708138465881e-01 -1.016678619384765625e+01 -6.417289376258850098e-02 1.012936681509017944e-01 9.927839040756225586e-01 1.470895080566406250e+02
9.978934526443481445e-01 8.047773502767086029e-03 6.436629593372344971e-02 6.238706111907958984e+00 -1.401068759150803089e-03 9.947156310081481934e-01 -1.026486158370971680e-01 -1.032252693176269531e+01 -6.485234946012496948e-02 1.023422330617904663e-01 9.926322102546691895e-01 1.483233947753906250e+02
9.978826642036437988e-01 8.022379130125045776e-03 6.453695148229598999e-02 6.318786621093750000e+00 -1.297787996008992195e-03 9.946201443672180176e-01 -1.035711020231246948e-01 -1.048005294799804688e+01 -6.502074003219604492e-02 1.032680794596672058e-01 9.925253391265869141e-01 1.495723724365234375e+02
9.977780580520629883e-01 8.766071870923042297e-03 6.604011356830596924e-02 6.398885726928710938e+00 -1.856762217357754707e-03 9.945780634880065918e-01 -1.039654538035392761e-01 -1.064137554168701172e+01 -6.659352779388427734e-02 1.036118492484092712e-01 9.923852086067199707e-01 1.508254394531250000e+02
9.978997707366943359e-01 9.185048751533031464e-03 6.411687284708023071e-02 6.487162590026855469e+00 -2.443717792630195618e-03 9.945273995399475098e-01 -1.044371351599693298e-01 -1.080960178375244141e+01 -6.472535431385040283e-02 1.040611267089843750e-01 9.924618005752563477e-01 1.521607513427734375e+02
9.978678822517395020e-01 9.696101769804954529e-03 6.453742086887359619e-02 6.565198898315429688e+00 -2.864619484171271324e-03 9.944549202919006348e-01 -1.051143780350685120e-01 -1.097065353393554688e+01 -6.519886106252670288e-02 1.047053933143615723e-01 9.923630356788635254e-01 1.534042510986328125e+02
9.977915287017822266e-01 9.676716290414333344e-03 6.571028381586074829e-02 6.653768062591552734e+00 -2.640636870637536049e-03 9.943262338638305664e-01 -1.063303202390670776e-01 -1.114146995544433594e+01 -6.636649370193481445e-02 1.059219762682914734e-01 9.921565055847167969e-01 1.547533111572265625e+02
9.977658390998840332e-01 1.040293555706739426e-02 6.598946452140808105e-02 6.733808040618896484e+00 -3.242828184738755226e-03 9.941775202751159668e-01 -1.076955050230026245e-01 -1.130272483825683594e+01 -6.672570109367370605e-02 1.072409078478813171e-01 9.919906854629516602e-01 1.559844818115234375e+02
9.978839159011840820e-01 1.043963059782981873e-02 6.417392939329147339e-02 6.815030097961425781e+00 -3.377019893378019333e-03 9.940138459205627441e-01 -1.091915741562843323e-01 -1.146343231201171875e+01 -6.492980569601058960e-02 1.087438017129898071e-01 9.919462800025939941e-01 1.572137603759765625e+02
9.978691935539245605e-01 1.177862845361232758e-02 6.417179107666015625e-02 6.893835067749023438e+00 -4.635562654584646225e-03 9.938816428184509277e-01 -1.103423684835433960e-01 -1.162611770629882812e+01 -6.507895886898040771e-02 1.098097786307334900e-01 9.918190836906433105e-01 1.584394989013671875e+02
9.978516697883605957e-01 1.178389973938465118e-02 6.444256752729415894e-02 6.971778869628906250e+00 -4.537744913250207901e-03 9.937581419944763184e-01 -1.114533320069313049e-01 -1.179503822326660156e+01 -6.535378843545913696e-02 1.109214797616004944e-01 9.916772842407226562e-01 1.596839294433593750e+02
9.979372024536132812e-01 1.309103239327669144e-02 6.284601241350173950e-02 7.051537513732910156e+00 -6.081140134483575821e-03 9.938606023788452148e-01 -1.104613468050956726e-01 -1.196419334411621094e+01 -6.390633434057235718e-02 1.098513305187225342e-01 9.918907284736633301e-01 1.609368286132812500e+02
