9.999995231628417969e-01 -8.513968205079436302e-04 -5.312373396009206772e-04 1.211216673254966736e-03 8.522606221958994865e-04 9.999983310699462891e-01 1.627965248189866543e-03 -2.294123917818069458e-02 5.298503674566745758e-04 -1.628417172469198704e-03 9.999985098838806152e-01 1.885966300964355469e+00
9.999290704727172852e-01 -1.181641593575477600e-02 1.485282788053154945e-03 1.095215417444705963e-02 1.180835813283920288e-02 9.999161362648010254e-01 5.321821663528680801e-03 -4.067637771368026733e-02 -1.548043102957308292e-03 -5.303904879838228226e-03 9.999846816062927246e-01 3.729242563247680664e+00
9.999065399169921875e-01 -1.309010945260524750e-02 3.929645754396915436e-03 8.245085366070270538e-03 1.304457988590002060e-02 9.998499751091003418e-01 1.139637641608715057e-02 -5.857845768332481384e-02 -4.078235477209091187e-03 -1.134405005723237991e-02 9.999272823333740234e-01 5.328071117401123047e+00
9.997664093971252441e-01 -1.588239334523677826e-02 -1.465312018990516663e-02 -2.196715399622917175e-02 1.616997271776199341e-02 9.996747970581054688e-01 1.972078159451484680e-02 -7.490520179271697998e-02 1.433514244854450226e-02 -1.995311677455902100e-02 9.996981024742126465e-01 7.206695556640625000e+00
9.996312856674194336e-01 -1.779808476567268372e-02 -2.050118893384933472e-02 -9.506966173648834229e-02 1.825259439647197723e-02 9.995869398117065430e-01 2.220047079026699066e-02 -7.366196811199188232e-02 2.009759470820426941e-02 -2.256648801267147064e-02 9.995432496070861816e-01 9.217059135437011719e+00
9.993642568588256836e-01 -2.247759699821472168e-02 -2.767025493085384369e-02 -1.791943609714508057e-01 2.311063930392265320e-02 9.994734525680541992e-01 2.277496829628944397e-02 -5.197431519627571106e-02 2.714376151561737061e-02 -2.339996956288814545e-02 9.993575811386108398e-01 1.141330814361572266e+01
9.988999366760253906e-01 -2.581028454005718231e-02 -3.914803266525268555e-02 -2.527198791503906250e-01 2.684800513088703156e-02 9.992956519126892090e-01 2.621761336922645569e-02 -5.370062589645385742e-02 3.844377771019935608e-02 -2.723982185125350952e-02 9.988893866539001465e-01 1.346137046813964844e+01
9.985371232032775879e-01 -2.706247195601463318e-02 -4.680836200714111328e-02 -3.432323932647705078e-01 2.845369838178157806e-02 9.991651773452758789e-01 2.931527234613895416e-02 -2.537466585636138916e-02 4.597594588994979858e-02 -3.060426376760005951e-02 9.984736442565917969e-01 1.539602565765380859e+01
9.972725510597229004e-01 -3.034002706408500671e-02 -6.728138774633407593e-02 -4.687473773956298828e-01 3.233708441257476807e-02 9.990621805191040039e-01 2.879422344267368317e-02 9.416837245225906372e-03 6.634467840194702148e-02 -3.089137747883796692e-02 9.973184466361999512e-01 1.716912460327148438e+01
9.951076507568359375e-01 -3.431066870689392090e-02 -9.264707565307617188e-02 -6.469345688819885254e-01 3.732788935303688049e-02 9.988211393356323242e-01 3.103226609528064728e-02 4.974648356437683105e-02 9.147312492132186890e-02 -3.433877229690551758e-02 9.952152967453002930e-01 1.893715858459472656e+01
9.942656159400939941e-01 -3.888974711298942566e-02 -9.961624443531036377e-02 -8.187040090560913086e-01 4.178658127784729004e-02 9.987574219703674316e-01 2.715962752699851990e-02 8.383902162313461304e-02 9.843623638153076172e-02 -3.116651438176631927e-02 9.946551918983459473e-01 2.063850021362304688e+01
9.934923648834228516e-01 -4.271032288670539856e-02 -1.055878996849060059e-01 -9.820836782455444336e-01 4.623717442154884338e-02 9.984437823295593262e-01 3.118183836340904236e-02 9.888271987438201904e-02 1.040917932987213135e-01 -3.586101159453392029e-02 9.939209818840026855e-01 2.200495147705078125e+01
9.946876764297485352e-01 -5.139560997486114502e-02 -8.919109404087066650e-02 -1.076956033706665039e+00 5.449684336781501770e-02 9.979787468910217285e-01 3.268947452306747437e-02 1.239770948886871338e-01 8.733072876930236816e-02 -3.737645968794822693e-02 9.954779744148254395e-01 2.320281219482421875e+01
9.931679964065551758e-01 -4.677763208746910095e-02 -1.069079041481018066e-01 -1.239007353782653809e+00 5.101053789258003235e-02 9.980047941207885742e-01 3.720705956220626831e-02 1.477237939834594727e-01 1.049541607499122620e-01 -4.240630194544792175e-02 9.935725331306457520e-01 2.459047698974609375e+01
9.979400038719177246e-01 -5.364960432052612305e-02 -3.517985343933105469e-02 -1.190747737884521484e+00 5.508828163146972656e-02 9.976275563240051270e-01 4.128704965114593506e-02 2.030059099197387695e-01 3.288136422634124756e-02 -4.314000159502029419e-02 9.985278844833374023e-01 2.578236198425292969e+01
9.972558617591857910e-01 -5.592380464076995850e-02 4.851125180721282959e-02 -1.034410119056701660e+00 5.379551276564598083e-02 9.975767731666564941e-01 4.412165656685829163e-02 2.611013650894165039e-01 -5.086113512516021729e-02 -4.139090329408645630e-02 9.978477358818054199e-01 2.704249000549316406e+01
9.908044934272766113e-01 -6.132881343364715576e-02 1.206034645438194275e-01 -8.521526455879211426e-01 5.539377406239509583e-02 9.971113801002502441e-01 5.196578055620193481e-02 3.103523552417755127e-01 -1.234420686960220337e-01 -4.480725899338722229e-02 9.913398027420043945e-01 2.819502258300781250e+01
9.741454720497131348e-01 -6.466163694858551025e-02 2.164704501628875732e-01 -5.771412849426269531e-01 5.284140631556510925e-02 9.968011379241943359e-01 5.996003746986389160e-02 3.582453131675720215e-01 -2.196551114320755005e-01 -4.697120934724807739e-02 9.744462966918945312e-01 2.933555412292480469e+01
9.627704024314880371e-01 -7.132732123136520386e-02 2.607405185699462891e-01 -2.778906822204589844e-01 5.599598214030265808e-02 9.962621927261352539e-01 6.577207148075103760e-02 4.058065414428710938e-01 -2.644572854042053223e-01 -4.872299358248710632e-02 9.631659984588623047e-01 3.037852668762207031e+01
9.446629285812377930e-01 -7.094583660364151001e-02 3.202788829803466797e-01 1.201086342334747314e-01 5.252961814403533936e-02 9.964497685432434082e-01 6.579010188579559326e-02 4.684076011180877686e-01 -3.238093554973602295e-01 -4.532535746693611145e-02 9.450362324714660645e-01 3.139554214477539062e+01
9.208128452301025391e-01 -7.205040752887725830e-02 3.832915425300598145e-01 6.836463212966918945e-01 4.985057562589645386e-02 9.964693784713745117e-01 6.755428761243820190e-02 5.546277761459350586e-01 -3.868056237697601318e-01 -4.309755563735961914e-02 9.211538434028625488e-01 3.255656814575195312e+01
8.998017907142639160e-01 -7.598954439163208008e-02 4.296303987503051758e-01 1.434332370758056641e+00 5.103236436843872070e-02 9.962872266769409180e-01 6.933497637510299683e-02 6.461803913116455078e-01 -4.333040416240692139e-01 -4.046268388628959656e-02 9.003392457962036133e-01 3.398892593383789062e+01
8.799364566802978516e-01 -7.571768760681152344e-02 4.690188169479370117e-01 2.392410755157470703e+00 4.977586865425109863e-02 9.964779019355773926e-01 6.748429685831069946e-02 7.588523030281066895e-01 -4.724766612052917480e-01 -3.603607788681983948e-02 8.806062936782836914e-01 3.576065444946289062e+01
8.561561107635498047e-01 -8.134081214666366577e-02 5.102747678756713867e-01 3.272737979888916016e+00 5.293549224734306335e-02 9.961432814598083496e-01 6.997417658567428589e-02 8.533300161361694336e-01 -5.139985680580139160e-01 -3.289718553423881531e-02 8.571601510047912598e-01 3.718246459960937500e+01
8.198658823966979980e-01 -8.129853755235671997e-02 5.667543411254882812e-01 4.269735336303710938e+00 5.130890011787414551e-02 9.963174462318420410e-01 6.869420409202575684e-02 9.509021043777465820e-01 -5.702520012855529785e-01 -2.724050171673297882e-02 8.210182189941406250e-01 3.862469482421875000e+01
8.004934787750244141e-01 -8.761350810527801514e-02 5.929030776023864746e-01 5.390196323394775391e+00 5.622273683547973633e-02 9.958724975585937500e-01 7.125271856784820557e-02 1.047694444656372070e+00 -5.966985821723937988e-01 -2.370270714163780212e-02 8.021154999732971191e-01 4.015088272094726562e+01
7.764238119125366211e-01 -9.522540867328643799e-02 6.229752898216247559e-01 6.495985031127929688e+00 5.888886377215385437e-02 9.951557517051696777e-01 7.872127741575241089e-02 1.138461947441101074e+00 -6.274536848068237305e-01 -2.443477697670459747e-02 7.782705426216125488e-01 4.151364135742187500e+01
7.570562958717346191e-01 -1.021378412842750549e-01 6.453167200088500977e-01 7.790462493896484375e+00 6.140324845910072327e-02 9.944559931755065918e-01 8.536256849765777588e-02 1.258603572845458984e+00 -6.504577994346618652e-01 -2.499974146485328674e-02 7.591310143470764160e-01 4.300223541259765625e+01
7.387478351593017578e-01 -1.081760525703430176e-01 6.652441024780273438e-01 8.979444503784179688e+00 6.007743999361991882e-02 9.936753511428833008e-01 9.486718475818634033e-02 1.386215567588806152e+00 -6.712990403175354004e-01 -3.011677972972393036e-02 7.405747175216674805e-01 4.429881286621093750e+01
7.238696217536926270e-01 -1.115222275257110596e-01 6.808639168739318848e-01 1.048523616790771484e+01 6.192106753587722778e-02 9.933682084083557129e-01 9.687677025794982910e-02 1.567705273628234863e+00 -6.871525645256042480e-01 -2.796634286642074585e-02 7.259749174118041992e-01 4.592298126220703125e+01
7.124829292297363281e-01 -1.110746264457702637e-01 6.928424239158630371e-01 1.195083141326904297e+01 5.951972305774688721e-02 9.933996796607971191e-01 9.805223345756530762e-02 1.738349795341491699e+00 -6.991606354713439941e-01 -2.862276136875152588e-02 7.143916487693786621e-01 4.745166778564453125e+01
7.028492093086242676e-01 -1.180024892091751099e-01 7.014831304550170898e-01 1.351397132873535156e+01 6.197598576545715332e-02 9.925528764724731445e-01 1.048691943287849426e-01 1.918915987014770508e+00 -7.086339592933654785e-01 -3.023212775588035583e-02 7.049285173416137695e-01 4.904730224609375000e+01
6.928187608718872070e-01 -1.209540069103240967e-01 7.108955383300781250e-01 1.495596313476562500e+01 6.182849034667015076e-02 9.921658635139465332e-01 1.085539609193801880e-01 2.109009265899658203e+00 -7.184564471244812012e-01 -3.125462308526039124e-02 6.948696374893188477e-01 5.045732116699218750e+01
6.815294623374938965e-01 -1.286178976297378540e-01 7.203993201255798340e-01 1.639844512939453125e+01 6.468173861503601074e-02 9.911679029464721680e-01 1.157683432102203369e-01 2.302823066711425781e+00 -7.289266586303710938e-01 -3.230285644531250000e-02 6.838294267654418945e-01 5.182175827026367188e+01
6.714606881141662598e-01 -1.303723454475402832e-01 7.294818758964538574e-01 1.795455741882324219e+01 6.391866505146026611e-02 9.909229278564453125e-01 1.182621493935585022e-01 2.508287906646728516e+00 -7.382785677909851074e-01 -3.278087452054023743e-02 6.736990809440612793e-01 5.323122406005859375e+01
6.643102765083312988e-01 -1.351427882909774780e-01 7.351383566856384277e-01 1.941241264343261719e+01 6.528592854738235474e-02 9.902512431144714355e-01 1.230451390147209167e-01 2.703133821487426758e+00 -7.446004152297973633e-01 -3.374596685171127319e-02 6.666570901870727539e-01 5.452872085571289062e+01
6.371719241142272949e-01 -1.403435319662094116e-01 7.578362822532653809e-01 2.094381904602050781e+01 6.654243916273117065e-02 9.896268248558044434e-01 1.273213773965835571e-01 2.946865558624267578e+00 -7.678439617156982422e-01 -3.069734014570713043e-02 6.399012804031372070e-01 5.584546661376953125e+01
6.214079856872558594e-01 -1.462488472461700439e-01 7.697166204452514648e-01 2.248938751220703125e+01 6.614351272583007812e-02 9.887090325355529785e-01 1.344591826200485229e-01 3.183093786239624023e+00 -7.806904315948486328e-01 -3.264225274324417114e-02 6.240651607513427734e-01 5.711386871337890625e+01
6.052284836769104004e-01 -1.537170112133026123e-01 7.810696959495544434e-01 2.416847991943359375e+01 7.029696553945541382e-02 9.876663088798522949e-01 1.399047970771789551e-01 3.452922105789184570e+00 -7.929421663284301758e-01 -2.976754680275917053e-02 6.085696816444396973e-01 5.843278884887695312e+01
5.902641415596008301e-01 -1.608723700046539307e-01 7.910174727439880371e-01 2.568158149719238281e+01 7.405914366245269775e-02 9.865992665290832520e-01 1.453850567340850830e-01 3.688503265380859375e+00 -8.038058876991271973e-01 -2.723351866006851196e-02 5.942683219909667969e-01 5.956446075439453125e+01
5.823256373405456543e-01 -1.670417338609695435e-01 7.956093549728393555e-01 2.724784660339355469e+01 7.818955183029174805e-02 9.856333732604980469e-01 1.497093439102172852e-01 3.937253475189208984e+00 -8.091870546340942383e-01 -2.497125230729579926e-02 5.870206356048583984e-01 6.073081207275390625e+01
5.620065331459045410e-01 -1.710219234228134155e-01 8.092592358589172363e-01 2.866382980346679688e+01 7.758156210184097290e-02 9.849765300750732422e-01 1.542784869670867920e-01 4.181524276733398438e+00 -8.234866857528686523e-01 -2.392192184925079346e-02 5.668315887451171875e-01 6.170707702636718750e+01
5.368075966835021973e-01 -1.742447316646575928e-01 8.255159854888916016e-01 3.028392410278320312e+01 7.802740484476089478e-02 9.845010042190551758e-01 1.570635288953781128e-01 4.451042652130126953e+00 -8.400892019271850586e-01 -1.990002021193504333e-02 5.420836806297302246e-01 6.276123428344726562e+01
5.173752903938293457e-01 -1.767884790897369385e-01 8.372985124588012695e-01 3.183806419372558594e+01 7.250538468360900879e-02 9.839656352996826172e-01 1.629542261362075806e-01 4.697430133819580078e+00 -8.526818156242370605e-01 -2.359982952475547791e-02 5.218977928161621094e-01 6.371809387207031250e+01
4.900804460048675537e-01 -1.872147768735885620e-01 8.513353466987609863e-01 3.321741867065429688e+01 7.960537075996398926e-02 9.821944832801818848e-01 1.701659858226776123e-01 4.933120250701904297e+00 -8.680348992347717285e-01 -1.562413480132818222e-02 4.962577223777770996e-01 6.451727294921875000e+01
4.777664840221405029e-01 -1.900669038295745850e-01 8.576793670654296875e-01 3.474291610717773438e+01 8.122661709785461426e-02 9.816893935203552246e-01 1.723013818264007568e-01 5.218583583831787109e+00 -8.747239112854003906e-01 -1.265341229736804962e-02 4.844568669795989990e-01 6.538913726806640625e+01
4.456102252006530762e-01 -1.947782337665557861e-01 8.737809658050537109e-01 3.628653717041015625e+01 8.101905882358551025e-02 9.808126688003540039e-01 1.773191243410110474e-01 5.488222599029541016e+00 -8.915536403656005859e-01 -8.222281932830810547e-03 4.528409540653228760e-01 6.617456054687500000e+01
4.231461584568023682e-01 -2.041471004486083984e-01 8.827635645866394043e-01 3.793414688110351562e+01 8.779797703027725220e-02 9.789398908615112305e-01 1.843035072088241577e-01 5.778459072113037109e+00 -9.017977714538574219e-01 -4.824378993362188339e-04 4.321584403514862061e-01 6.698148345947265625e+01
3.826660811901092529e-01 -2.004311233758926392e-01 9.018837213516235352e-01 3.964493942260742188e+01 7.376965880393981934e-02 9.796958565711975098e-01 1.864236146211624146e-01 6.112317085266113281e+00 -9.209370613098144531e-01 -4.806297831237316132e-03 3.896821737289428711e-01 6.773089599609375000e+01
3.440691530704498291e-01 -2.017365097999572754e-01 9.170163273811340332e-01 4.152672195434570312e+01 7.209646701812744141e-02 9.794389009475708008e-01 1.884180456399917603e-01 6.447386264801025391e+00 -9.361725449562072754e-01 1.284849131479859352e-03 3.515392541885375977e-01 6.848772430419921875e+01
2.820308208465576172e-01 -2.042176574468612671e-01 9.374187588691711426e-01 4.351099395751953125e+01 6.612084060907363892e-02 9.788970947265625000e-01 1.933607161045074463e-01 6.814375877380371094e+00 -9.571244120597839355e-01 7.449287921190261841e-03 2.895822227001190186e-01 6.913118743896484375e+01
2.605549395084381104e-01 -2.108566910028457642e-01 9.421522021293640137e-01 4.564602279663085938e+01 6.175496429204940796e-02 9.775007367134094238e-01 2.016893029212951660e-01 7.217086791992187500e+00 -9.634822010993957520e-01 5.631486419588327408e-03 2.677141129970550537e-01 6.974514770507812500e+01
2.406030446290969849e-01 -2.178426384925842285e-01 9.458619952201843262e-01 4.778609085083007812e+01 6.682054698467254639e-02 9.758944511413574219e-01 2.077620029449462891e-01 7.633985042572021484e+00 -9.683210253715515137e-01 1.321489643305540085e-02 2.493595480918884277e-01 7.030977630615234375e+01
2.166633456945419312e-01 -2.250730097293853760e-01 9.499469995498657227e-01 4.986849594116210938e+01 7.242426276206970215e-02 9.740849733352661133e-01 2.142735719680786133e-01 8.073996543884277344e+00 -9.735564589500427246e-01 2.237403392791748047e-02 2.273492664098739624e-01 7.083519744873046875e+01
2.016808092594146729e-01 -2.244417369365692139e-01 9.533892273902893066e-01 5.195455169677734375e+01 7.449317723512649536e-02 9.740865826606750488e-01 2.135558426380157471e-01 8.502964973449707031e+00 -9.766145944595336914e-01 2.795092575252056122e-02 2.131739556789398193e-01 7.131569671630859375e+01
1.954967379570007324e-01 -2.243352234363555908e-01 9.547014832496643066e-01 5.401987838745117188e+01 7.727138698101043701e-02 9.739825129508972168e-01 2.130427956581115723e-01 8.941274642944335938e+00 -9.776556491851806641e-01 3.212198242545127869e-02 2.077451050281524658e-01 7.176640319824218750e+01
1.921998113393783569e-01 -2.209964841604232788e-01 9.561485052108764648e-01 5.621916580200195312e+01 8.568096160888671875e-02 9.743720293045043945e-01 2.079853862524032593e-01 9.368930816650390625e+00 -9.776085019111633301e-01 4.194901883602142334e-02 2.062093317508697510e-01 7.224309539794921875e+01
1.972950547933578491e-01 -2.245159745216369629e-01 9.542889595031738281e-01 5.843228530883789062e+01 9.818260371685028076e-02 9.730533957481384277e-01 2.086318582296371460e-01 9.788002014160156250e+00 -9.754154086112976074e-01 5.253258347511291504e-02 2.140221893787384033e-01 7.272528839111328125e+01
1.922642290592193604e-01 -2.206242680549621582e-01 9.562215209007263184e-01 6.062297058105468750e+01 1.018141806125640869e-01 9.736267924308776855e-01 2.041686475276947021e-01 1.024577999114990234e+01 -9.760475158691406250e-01 5.810262635350227356e-02 2.096562832593917847e-01 7.319200897216796875e+01
1.936390548944473267e-01 -2.248318195343017578e-01 9.549632072448730469e-01 6.268115615844726562e+01 1.091079041361808777e-01 9.722834825515747070e-01 2.067856639623641968e-01 1.065987873077392578e+01 -9.749870300292968750e-01 6.415229290723800659e-02 2.128029912710189819e-01 7.366609954833984375e+01
2.026845514774322510e-01 -2.295681685209274292e-01 9.519546031951904297e-01 6.463336181640625000e+01 1.119039133191108704e-01 9.711936116218566895e-01 2.103818058967590332e-01 1.103652858734130859e+01 -9.728292822837829590e-01 6.388633698225021362e-02 2.225355356931686401e-01 7.411461639404296875e+01
2.064324170351028442e-01 -2.293014824390411377e-01 9.512132406234741211e-01 6.662174224853515625e+01 1.198423653841018677e-01 9.707583785057067871e-01 2.080048620700836182e-01 1.145990943908691406e+01 -9.710940718650817871e-01 7.105673104524612427e-02 2.278760522603988647e-01 7.458326721191406250e+01
2.034631073474884033e-01 -2.326267808675765991e-01 9.510455727577209473e-01 6.836032867431640625e+01 1.201613694429397583e-01 9.699536561965942383e-01 2.115448266267776489e-01 1.182007503509521484e+01 -9.716811180114746094e-01 7.123740017414093018e-02 2.253025472164154053e-01 7.500619506835937500e+01
2.034625709056854248e-01 -2.383787781000137329e-01 9.496202468872070312e-01 7.045682525634765625e+01 1.223691999912261963e-01 9.684942364692687988e-01 2.168981581926345825e-01 1.226022338867187500e+01 -9.714056253433227539e-01 7.207363843917846680e-02 2.262225449085235596e-01 7.551215362548828125e+01
2.041104286909103394e-01 -2.404015213251113892e-01 9.489710927009582520e-01 7.240106964111328125e+01 1.264372617006301880e-01 9.677330851554870605e-01 2.179595828056335449e-01 1.265487766265869141e+01 -9.707484841346740723e-01 7.549750804901123047e-02 2.279201447963714600e-01 7.596028137207031250e+01
1.985239535570144653e-01 -2.428839504718780518e-01 9.495239257812500000e-01 7.440160369873046875e+01 1.272775232791900635e-01 9.669920802116394043e-01 2.207413911819458008e-01 1.308218383789062500e+01 -9.717966318130493164e-01 7.703062146902084351e-02 2.228847891092300415e-01 7.644111633300781250e+01
1.977612823247909546e-01 -2.434026002883911133e-01 9.495502710342407227e-01 7.640360260009765625e+01 1.288468092679977417e-01 9.667314887046813965e-01 2.209720611572265625e-01 1.351242733001708984e+01 -9.717453122138977051e-01 7.864682376384735107e-02 2.225437462329864502e-01 7.689733886718750000e+01
2.023835480213165283e-01 -2.473927289247512817e-01 9.475430250167846680e-01 7.840183258056640625e+01 1.261054724454879761e-01 9.660934209823608398e-01 2.253014892339706421e-01 1.393329715728759766e+01 -9.711530804634094238e-01 7.389305531978607178e-02 2.267190515995025635e-01 7.736019897460937500e+01
1.975788027048110962e-01 -2.507216036319732666e-01 9.476820826530456543e-01 8.054592895507812500e+01 1.278828233480453491e-01 9.650701880455017090e-01 2.286600768566131592e-01 1.442521572113037109e+01 -9.719097614288330078e-01 7.601388543844223022e-02 2.227404266595840454e-01 7.787299346923828125e+01
1.992826908826828003e-01 -2.547937035560607910e-01 9.462381601333618164e-01 8.263780212402343750e+01 1.262289434671401978e-01 9.642360806465148926e-01 2.330556064844131470e-01 1.489717769622802734e+01 -9.717780947685241699e-01 7.299870997667312622e-02 2.243179380893707275e-01 7.834496307373046875e+01
1.995325237512588501e-01 -2.595429420471191406e-01 9.448937773704528809e-01 8.461103820800781250e+01 1.269776821136474609e-01 9.630023837089538574e-01 2.377033233642578125e-01 1.532592773437500000e+01 -9.716292619705200195e-01 7.255090028047561646e-02 2.251064926385879517e-01 7.881862640380859375e+01
1.919008940458297729e-01 -2.583568394184112549e-01 9.467976689338684082e-01 8.667430114746093750e+01 1.345569044351577759e-01 9.625435471534729004e-01 2.353810220956802368e-01 1.582956695556640625e+01 -9.721463322639465332e-01 8.222835510969161987e-02 2.194766849279403687e-01 7.930297088623046875e+01
1.947737187147140503e-01 -2.633081674575805664e-01 9.448449611663818359e-01 8.892632293701171875e+01 1.349075287580490112e-01 9.613301157951354980e-01 2.400920093059539795e-01 1.632204246520996094e+01 -9.715262055397033691e-01 8.070307970046997070e-02 2.227641195058822632e-01 7.981529998779296875e+01
1.929894834756851196e-01 -2.642246484756469727e-01 9.449552297592163086e-01 9.096591949462890625e+01 1.355363875627517700e-01 9.610064029693603516e-01 2.410321086645126343e-01 1.681696319580078125e+01 -9.717947244644165039e-01 8.155916631221771240e-02 2.212761938571929932e-01 8.028941345214843750e+01
1.834343224763870239e-01 -2.661643326282501221e-01 9.463130235671997070e-01 9.293373107910156250e+01 1.397648751735687256e-01 9.599292874336242676e-01 2.429019957780838013e-01 1.727075195312500000e+01 -9.730455875396728516e-01 8.770477771759033203e-02 2.132844179868698120e-01 8.073198699951171875e+01
1.830069124698638916e-01 -2.644247412681579590e-01 9.468832612037658691e-01 9.534450531005859375e+01 1.453728228807449341e-01 9.598397016525268555e-01 2.399463653564453125e-01 1.784796905517578125e+01 -9.723041057586669922e-01 9.373927116394042969e-02 2.140974849462509155e-01 8.128647613525390625e+01
1.904213428497314453e-01 -2.601997852325439453e-01 9.465916156768798828e-01 9.736988830566406250e+01 1.430919617414474487e-01 9.612933993339538574e-01 2.354559302330017090e-01 1.833852767944335938e+01 -9.712179899215698242e-01 9.061383455991744995e-02 2.202832847833633423e-01 8.173968505859375000e+01
1.914037764072418213e-01 -2.640870809555053711e-01 9.453160762786865234e-01 9.939039611816406250e+01 1.460716128349304199e-01 9.600616097450256348e-01 2.386305183172225952e-01 1.881163978576660156e+01 -9.705810546875000000e-01 9.240907430648803711e-02 2.223350554704666138e-01 8.223088836669921875e+01
1.971324384212493896e-01 -2.688605785369873047e-01 9.427898526191711426e-01 1.015989151000976562e+02 1.536644846200942993e-01 9.582480192184448242e-01 2.411385029554367065e-01 1.933039665222167969e+01 -9.682592153549194336e-01 9.733710438013076782e-02 2.302161157131195068e-01 8.276992797851562500e+01
1.988349258899688721e-01 -2.736825942993164062e-01 9.410432577133178711e-01 1.035911407470703125e+02 1.657080948352813721e-01 9.557788968086242676e-01 2.429554164409637451e-01 1.981852149963378906e+01 -9.659219980239868164e-01 1.076304763555526733e-01 2.353936731815338135e-01 8.325220489501953125e+01
1.982139497995376587e-01 -2.811491489410400391e-01 9.389708638191223145e-01 1.058223114013671875e+02 1.698295325040817261e-01 9.533399343490600586e-01 2.496011257171630859e-01 2.035047912597656250e+01 -9.653335809707641602e-01 1.099905669689178467e-01 2.367127537727355957e-01 8.381539916992187500e+01
1.912461072206497192e-01 -2.767390608787536621e-01 9.417219758033752441e-01 1.081480026245117188e+02 1.678850948810577393e-01 9.545152783393859863e-01 2.464042901992797852e-01 2.092213249206542969e+01 -9.670776724815368652e-01 1.109772399067878723e-01 2.290077507495880127e-01 8.435961914062500000e+01
1.897360831499099731e-01 -2.824989557266235352e-01 9.403161406517028809e-01 1.102766723632812500e+02 1.707451790571212769e-01 9.526135921478271484e-01 2.517407238483428955e-01 2.144120407104492188e+01 -9.668743610382080078e-01 1.127901598811149597e-01 2.289805412292480469e-01 8.486676025390625000e+01
1.841399967670440674e-01 -2.837350070476531982e-01 9.410561919212341309e-01 1.126172332763671875e+02 1.736409366130828857e-01 9.517600536346435547e-01 2.529853582382202148e-01 2.202723693847656250e+01 -9.674404263496398926e-01 1.168211624026298523e-01 2.245251238346099854e-01 8.545222473144531250e+01
1.862680017948150635e-01 -2.830919921398162842e-01 9.408310651779174805e-01 1.149468994140625000e+02 1.752247065305709839e-01 9.518094658851623535e-01 2.517040371894836426e-01 2.259642219543457031e+01 -9.667472243309020996e-01 1.179724410176277161e-01 2.268963903188705444e-01 8.601609802246093750e+01
1.931452900171279907e-01 -2.830911278724670410e-01 9.394435882568359375e-01 1.172928924560546875e+02 1.851891279220581055e-01 9.507815241813659668e-01 2.484337538480758667e-01 2.317796325683593750e+01 -9.635349512100219727e-01 1.259909272193908691e-01 2.360644042491912842e-01 8.659225463867187500e+01
2.034900784492492676e-01 -2.867676913738250732e-01 9.361388683319091797e-01 1.195748977661132812e+02 1.855576783418655396e-01 9.501110911369323730e-01 2.507129311561584473e-01 2.370331192016601562e+01 -9.613323211669921875e-01 1.226901635527610779e-01 2.465501576662063599e-01 8.715657806396484375e+01
2.061619460582733154e-01 -2.926900088787078857e-01 9.337182044982910156e-01 1.219311599731445312e+02 1.893250644207000732e-01 9.481170177459716797e-01 2.554013133049011230e-01 2.427071189880371094e+01 -9.600275754928588867e-01 1.241222098469734192e-01 2.508792281150817871e-01 8.779037475585937500e+01
2.095407545566558838e-01 -3.024332523345947266e-01 9.298530220985412598e-01 1.242507476806640625e+02 1.933612078428268433e-01 9.450014829635620117e-01 2.637867331504821777e-01 2.484827613830566406e+01 -9.584903717041015625e-01 1.245234236121177673e-01 2.564951777458190918e-01 8.841098785400390625e+01
2.150604873895645142e-01 -3.020260035991668701e-01 9.287244677543640137e-01 1.264210739135742188e+02 1.944479644298553467e-01 9.451785683631896973e-01 2.623496055603027344e-01 2.541531181335449219e+01 -9.570468068122863770e-01 1.241675317287445068e-01 2.619988918304443359e-01 8.902005004882812500e+01
2.141102254390716553e-01 -3.024483323097229004e-01 9.288066029548645020e-01 1.283699951171875000e+02 1.955405026674270630e-01 9.448817372322082520e-01 2.626066207885742188e-01 2.595735740661621094e+01 -9.570372104644775391e-01 1.253925263881683350e-01 2.614497244358062744e-01 8.955935668945312500e+01
2.161360383033752441e-01 -3.006882071495056152e-01 9.289089441299438477e-01 1.303811645507812500e+02 2.010623812675476074e-01 9.447125196456909180e-01 2.590212821960449219e-01 2.650157165527343750e+01 -9.554362893104553223e-01 1.307847797870635986e-01 2.646434903144836426e-01 9.013019561767578125e+01
2.241563498973846436e-01 -3.097147047519683838e-01 9.240295886993408203e-01 1.323323211669921875e+02 2.092660814523696899e-01 9.413365721702575684e-01 2.647507488727569580e-01 2.701131057739257812e+01 -9.518197774887084961e-01 1.340224593877792358e-01 2.758193314075469971e-01 9.069316101074218750e+01
2.295992225408554077e-01 -3.136216998100280762e-01 9.213715791702270508e-01 1.344357299804687500e+02 2.178262621164321899e-01 9.392061829566955566e-01 2.654116749763488770e-01 2.755116462707519531e+01 -9.485964179039001465e-01 1.397605836391448975e-01 2.839560210704803467e-01 9.133926391601562500e+01
2.219156622886657715e-01 -3.142960071563720703e-01 9.230229854583740234e-01 1.366394958496093750e+02 2.203464955091476440e-01 9.383031725883483887e-01 2.665227949619293213e-01 2.814603042602539062e+01 -9.498421549797058105e-01 1.442392766475677490e-01 2.774781584739685059e-01 9.199562072753906250e+01
2.296562939882278442e-01 -3.210081458091735840e-01 9.188100099563598633e-01 1.389134979248046875e+02 2.243500500917434692e-01 9.360793828964233398e-01 2.709654867649078369e-01 2.878768730163574219e+01 -9.470608830451965332e-01 1.439061462879180908e-01 2.869946658611297607e-01 9.268785858154296875e+01
2.360838055610656738e-01 -3.222607672214508057e-01 9.167401194572448730e-01 1.413309478759765625e+02 2.289256006479263306e-01 9.352990984916687012e-01 2.698307037353515625e-01 2.945879173278808594e+01 -9.443817138671875000e-01 1.461626142263412476e-01 2.945826351642608643e-01 9.341828155517578125e+01
2.345753312110900879e-01 -3.243105709552764893e-01 9.164043664932250977e-01 1.436445617675781250e+02 2.290969192981719971e-01 9.345976710319519043e-01 2.721063196659088135e-01 3.008525466918945312e+01 -9.447160363197326660e-01 1.461159884929656982e-01 2.935320138931274414e-01 9.413814544677734375e+01
2.399665415287017822e-01 -3.264131546020507812e-01 9.142594933509826660e-01 1.457682495117187500e+02 2.269414663314819336e-01 9.345439672470092773e-01 2.740896940231323242e-01 3.067205619812011719e+01 -9.438818693161010742e-01 1.417110413312911987e-01 2.983358800411224365e-01 9.484317016601562500e+01
2.493651211261749268e-01 -3.225894570350646973e-01 9.131007790565490723e-01 1.478933410644531250e+02 2.282295227050781250e-01 9.359045028686523438e-01 2.683170437812805176e-01 3.125877380371093750e+01 -9.411311149597167969e-01 1.414876431226730347e-01 3.070062994956970215e-01 9.551491546630859375e+01
2.481317371129989624e-01 -3.214085400104522705e-01 9.138528704643249512e-01 1.500787048339843750e+02 2.271531224250793457e-01 9.363582134246826172e-01 2.676466703414916992e-01 3.184077072143554688e+01 -9.417173266410827637e-01 1.411728858947753906e-01 3.053490519523620605e-01 9.623208618164062500e+01
2.538333237171173096e-01 -3.270004391670227051e-01 9.102962613105773926e-01 1.521664886474609375e+02 2.360202074050903320e-01 9.336115121841430664e-01 2.695624232292175293e-01 3.241199111938476562e+01 -9.380098581314086914e-01 1.464243680238723755e-01 3.141603469848632812e-01 9.690807342529296875e+01
2.573047876358032227e-01 -3.341377973556518555e-01 9.067227244377136230e-01 1.541980743408203125e+02 2.383232712745666504e-01 9.312739372253417969e-01 2.755552530288696289e-01 3.297916793823242188e+01 -9.364804029464721680e-01 1.451914310455322266e-01 3.192540109157562256e-01 9.760750579833984375e+01
2.605390250682830811e-01 -3.408192694187164307e-01 9.033058881759643555e-01 1.560164794921875000e+02 2.386531233787536621e-01 9.293187260627746582e-01 2.817997634410858154e-01 3.350757598876953125e+01 -9.355016350746154785e-01 1.421569138765335083e-01 3.234613537788391113e-01 9.825887298583984375e+01
2.602269351482391357e-01 -3.431073129177093506e-01 9.025292992591857910e-01 1.580634155273437500e+02 2.405612617731094360e-01 9.282963275909423828e-01 2.835418581962585449e-01 3.410810470581054688e+01 -9.350996613502502441e-01 1.433283537626266479e-01 3.241060078144073486e-01 9.897003173828125000e+01
2.606125771999359131e-01 -3.445253968238830566e-01 9.018775224685668945e-01 1.598870391845703125e+02 2.434130907058715820e-01 9.274284243583679199e-01 2.839478850364685059e-01 3.464999389648437500e+01 -9.342539310455322266e-01 1.455284059047698975e-01 3.255614638328552246e-01 9.963662719726562500e+01
2.598987817764282227e-01 -3.433134555816650391e-01 9.025453925132751465e-01 1.616570892333984375e+02 2.428494542837142944e-01 9.278620481491088867e-01 2.830122113227844238e-01 3.518877029418945312e+01 -9.345994591712951660e-01 1.456281542778015137e-01 3.245236873626708984e-01 1.002550430297851562e+02
2.586205899715423584e-01 -3.414904177188873291e-01 9.036035537719726562e-01 1.634950256347656250e+02 2.453640550374984741e-01 9.279711842536926270e-01 2.804739177227020264e-01 3.573691177368164062e+01 -9.342971444129943848e-01 1.491755396127700806e-01 3.237819373607635498e-01 1.009009857177734375e+02
2.531853914260864258e-01 -3.450345098972320557e-01 9.037964940071105957e-01 1.650500335693359375e+02 2.526827752590179443e-01 9.253910779953002930e-01 2.824932634830474854e-01 3.620141601562500000e+01 -9.338350296020507812e-01 1.568506807088851929e-01 3.214797973632812500e-01 1.014386978149414062e+02
2.505101859569549561e-01 -3.483868837356567383e-01 9.032557606697082520e-01 1.668130035400390625e+02 2.575626969337463379e-01 9.233641028404235840e-01 2.847100794315338135e-01 3.671035003662109375e+01 -9.332230687141418457e-01 1.613222807645797729e-01 3.210436105728149414e-01 1.020679473876953125e+02
2.475377321243286133e-01 -3.478808999061584473e-01 9.042696952819824219e-01 1.685430145263671875e+02 2.644287347793579102e-01 9.221408963203430176e-01 2.823707163333892822e-01 3.721850204467773438e+01 -9.320953488349914551e-01 1.692175567150115967e-01 3.202543854713439941e-01 1.026540451049804688e+02
2.504253089427947998e-01 -3.477005362510681152e-01 9.035437107086181641e-01 1.703909759521484375e+02 2.720801234245300293e-01 9.209441542625427246e-01 2.789872884750366211e-01 3.774574279785156250e+01 -9.291172027587890625e-01 1.759708970785140991e-01 3.252301514148712158e-01 1.032962722778320312e+02
2.486374825239181519e-01 -3.581666648387908936e-01 8.999421000480651855e-01 1.723687286376953125e+02 2.825211882591247559e-01 9.155347943305969238e-01 2.863171398639678955e-01 3.834208679199218750e+01 -9.264773726463317871e-01 1.830636262893676758e-01 3.288259506225585938e-01 1.039818420410156250e+02
2.465354949235916138e-01 -3.587473928928375244e-01 9.002890586853027344e-01 1.741463775634765625e+02 2.870194017887115479e-01 9.143153429031372070e-01 2.857393026351928711e-01 3.889763641357421875e+01 -9.256561994552612305e-01 1.879556179046630859e-01 3.283786773681640625e-01 1.046442718505859375e+02
2.476974576711654663e-01 -3.611580431461334229e-01 8.990054130554199219e-01 1.762057800292968750e+02 2.929580509662628174e-01 9.124034643173217773e-01 2.858237326145172119e-01 3.952610015869140625e+01 -9.234829545021057129e-01 1.925731152296066284e-01 3.318041861057281494e-01 1.053811416625976562e+02
2.529268562793731689e-01 -3.596729934215545654e-01 8.981443047523498535e-01 1.780490722656250000e+02 2.930353283882141113e-01 9.132022261619567871e-01 2.831814587116241455e-01 4.006534957885742188e+01 -9.220398664474487305e-01 1.915639042854309082e-01 3.363702893257141113e-01 1.060403137207031250e+02
2.561687231063842773e-01 -3.616804480552673340e-01 8.964176774024963379e-01 1.800059204101562500e+02 2.984226644039154053e-01 9.116526842117309570e-01 2.825474441051483154e-01 4.061090469360351562e+01 -9.194132089614868164e-01 1.951316595077514648e-01 3.414705991744995117e-01 1.067457733154296875e+02
2.519440054893493652e-01 -3.639784157276153564e-01 8.966848850250244141e-01 1.818385925292968750e+02 3.029440343379974365e-01 9.096676111221313477e-01 2.841294109821319580e-01 4.116541290283203125e+01 -9.191018939018249512e-01 2.000607550144195557e-01 3.394504189491271973e-01 1.074392623901367188e+02
2.581636905670166016e-01 -3.735224604606628418e-01 8.909726738929748535e-01 1.838633270263671875e+02 3.074299991130828857e-01 9.060578346252441406e-01 2.907674312591552734e-01 4.176174163818359375e+01 -9.158807396888732910e-01 1.988462507724761963e-01 3.487432599067687988e-01 1.082025604248046875e+02
2.599926888942718506e-01 -3.739606142044067383e-01 8.902567028999328613e-01 1.857050628662109375e+02 3.098917603492736816e-01 9.055079817771911621e-01 2.898656427860260010e-01 4.232563781738281250e+01 -9.145327806472778320e-01 2.005203813314437866e-01 3.513127863407135010e-01 1.089297409057617188e+02
2.665343880653381348e-01 -3.770692646503448486e-01 8.870050311088562012e-01 1.874507598876953125e+02 3.152806758880615234e-01 9.037756323814392090e-01 2.894605398178100586e-01 4.286207199096679688e+01 -9.108000993728637695e-01 2.025044858455657959e-01 3.597699701786041260e-01 1.096112365722656250e+02
2.613307237625122070e-01 -3.793682754039764404e-01 8.875729441642761230e-01 1.892639465332031250e+02 3.188733458518981934e-01 9.018328189849853516e-01 2.915765941143035889e-01 4.338549041748046875e+01 -9.110572338104248047e-01 2.068255543708801270e-01 3.566471040248870850e-01 1.103250122070312500e+02
2.643110156059265137e-01 -3.839626908302307129e-01 8.847101330757141113e-01 1.912962036132812500e+02 3.230242133140563965e-01 8.995930552482604980e-01 2.939171493053436279e-01 4.401259994506835938e+01 -9.087322354316711426e-01 2.080973535776138306e-01 3.618016242980957031e-01 1.111420364379882812e+02
2.632087767124176025e-01 -3.859748244285583496e-01 8.841630220413208008e-01 1.934076690673828125e+02 3.294092714786529541e-01 8.973551392555236816e-01 2.936712503433227539e-01 4.466934204101562500e+01 -9.067578911781311035e-01 2.139547318220138550e-01 3.633354604244232178e-01 1.120125656127929688e+02
2.602227032184600830e-01 -3.909986615180969238e-01 8.828385472297668457e-01 1.952427062988281250e+02 3.347581624984741211e-01 8.941614031791687012e-01 2.973413765430450439e-01 4.523191452026367188e+01 -9.056600928306579590e-01 2.181625068187713623e-01 3.635711073875427246e-01 1.127626647949218750e+02
2.582646012306213379e-01 -3.939096927642822266e-01 8.821191787719726562e-01 1.972077636718750000e+02 3.326780200004577637e-01 8.935123085975646973e-01 3.015968501567840576e-01 4.587001419067382812e+01 -9.069861173629760742e-01 2.155699431896209717e-01 3.618077337741851807e-01 1.135647201538085938e+02
2.598481774330139160e-01 -3.957461714744567871e-01 8.808311820030212402e-01 1.990750885009765625e+02 3.361178040504455566e-01 8.921911120414733887e-01 3.016943335533142090e-01 4.645936203002929688e+01 -9.052639603614807129e-01 2.176683545112609863e-01 3.648515641689300537e-01 1.143179397583007812e+02
2.636253237724304199e-01 -3.968651592731475830e-01 8.792038559913635254e-01 2.010711059570312500e+02 3.431734144687652588e-01 8.904031515121459961e-01 2.990215718746185303e-01 4.709523391723632812e+01 -9.015169739723205566e-01 2.228897362947463989e-01 3.709263503551483154e-01 1.151464233398437500e+02
2.748745679855346680e-01 -3.944423794746398926e-01 8.768460154533386230e-01 2.030679931640625000e+02 3.442520797252655029e-01 8.918906450271606445e-01 2.932938039302825928e-01 4.773937225341796875e+01 -8.977380394935607910e-01 2.212370634078979492e-01 3.809455931186676025e-01 1.159963912963867188e+02
2.779711782932281494e-01 -4.013960659503936768e-01 8.727044463157653809e-01 2.049513549804687500e+02 3.502657711505889893e-01 8.883123993873596191e-01 2.970094978809356689e-01 4.836098861694335938e+01 -8.944523334503173828e-01 2.231183946132659912e-01 3.875204622745513916e-01 1.168118515014648438e+02
2.781844735145568848e-01 -4.020676910877227783e-01 8.723272085189819336e-01 2.066378479003906250e+02 3.584218919277191162e-01 8.860296607017517090e-01 2.940831184387207031e-01 4.889558792114257812e+01 -8.911488056182861328e-01 2.308518141508102417e-01 3.905894458293914795e-01 1.175304946899414062e+02
2.758441567420959473e-01 -4.044027328491210938e-01 8.719909787178039551e-01 2.084436187744140625e+02 3.665317595005035400e-01 8.828956484794616699e-01 2.935121953487396240e-01 4.946272277832031250e+01 -8.885738849639892578e-01 2.386487573385238647e-01 3.917679190635681152e-01 1.183489303588867188e+02
