9.999989271163940430e-01 6.734157213941216469e-04 -1.292537199333310127e-03 2.706878294702619314e-04 -6.692891474813222885e-04 9.999946951866149902e-01 3.179032588377594948e-03 -5.097284168004989624e-02 1.294678775593638420e-03 -3.178160870447754860e-03 9.999940991401672363e-01 2.812612533569335938e+00
9.999936223030090332e-01 3.208318725228309631e-03 1.533220289275050163e-03 3.359211550559848547e-04 -3.214362543076276779e-03 9.999869465827941895e-01 3.967549186199903488e-03 -9.352639317512512207e-02 -1.520466059446334839e-03 -3.972439561039209366e-03 9.999909400939941406e-01 5.599346637725830078e+00
9.999707341194152832e-01 7.632842753082513809e-03 2.189406659454107285e-04 2.718864474445581436e-03 -7.634149864315986633e-03 9.999469518661499023e-01 6.910088472068309784e-03 -1.372787058353424072e-01 -1.661612186580896378e-04 -6.911536678671836853e-03 9.999760985374450684e-01 8.381454467773437500e+00
9.999738335609436035e-01 5.876658484339714050e-03 -4.192195367068052292e-03 -7.453626487404108047e-03 -5.826402921229600906e-03 9.999122619628906250e-01 1.189334690570831299e-02 -1.652356982231140137e-01 4.261742811650037766e-03 -1.186859421432018280e-02 9.999204277992248535e-01 1.132411956787109375e+01
9.999608397483825684e-01 7.584655657410621643e-03 -4.531458020210266113e-03 -2.436693944036960602e-02 -7.522693369537591934e-03 9.998801350593566895e-01 1.353012211620807648e-02 -1.725175380706787109e-01 4.633572418242692947e-03 -1.349548436701297760e-02 9.998981356620788574e-01 1.408699226379394531e+01
9.999314546585083008e-01 9.968576952815055847e-03 -6.114724557846784592e-03 -4.163592681288719177e-02 -9.883792139589786530e-03 9.998567700386047363e-01 1.373684499412775040e-02 -1.854490488767623901e-01 6.250821053981781006e-03 -1.367545221000909805e-02 9.998869299888610840e-01 1.683752250671386719e+01
9.998793005943298340e-01 1.327431295067071915e-02 -8.058512583374977112e-03 -5.808433145284652710e-02 -1.314094476401805878e-02 9.997794628143310547e-01 1.637887954711914062e-02 -1.911546289920806885e-01 8.274190127849578857e-03 -1.627099141478538513e-02 9.998334050178527832e-01 1.971813964843750000e+01
9.998630881309509277e-01 1.471107732504606247e-02 -7.556339260190725327e-03 -7.994638383388519287e-02 -1.458878535777330399e-02 9.997657537460327148e-01 1.598703302443027496e-02 -1.918406486511230469e-01 7.789786439388990402e-03 -1.587459817528724670e-02 9.998437166213989258e-01 2.246379280090332031e+01
9.998659491539001465e-01 1.399667561054229736e-02 -8.477303199470043182e-03 -9.763676673173904419e-02 -1.386536471545696259e-02 9.997860193252563477e-01 1.535218954086303711e-02 -1.935926377773284912e-01 8.690408430993556976e-03 -1.523259654641151428e-02 9.998462796211242676e-01 2.540521621704101562e+01
9.998283386230468750e-01 1.495615672320127487e-02 -1.091783493757247925e-02 -1.244847476482391357e-01 -1.476950198411941528e-02 9.997467994689941406e-01 1.697744429111480713e-02 -2.030847072601318359e-01 1.116903405636548996e-02 -1.681327447295188904e-02 9.997963309288024902e-01 2.848807334899902344e+01
9.998765587806701660e-01 1.286801509559154510e-02 -8.991975337266921997e-03 -1.528086215257644653e-01 -1.270576938986778259e-02 9.997596144676208496e-01 1.786938868463039398e-02 -2.063172012567520142e-01 9.219796396791934967e-03 -1.775291562080383301e-02 9.997999668121337891e-01 3.140751647949218750e+01
9.998908638954162598e-01 1.173093076795339584e-02 -8.954931981861591339e-03 -1.775181293487548828e-01 -1.158301066607236862e-02 9.997985959053039551e-01 1.639122329652309418e-02 -2.008615136146545410e-01 9.145451709628105164e-03 -1.628569141030311584e-02 9.998256564140319824e-01 3.409908676147460938e+01
9.999102354049682617e-01 1.223339233547449112e-02 -5.430972203612327576e-03 -1.926081031560897827e-01 -1.212506275624036789e-02 9.997355937957763672e-01 1.954014226794242859e-02 -2.086218297481536865e-01 5.668613128364086151e-03 -1.947251707315444946e-02 9.997944235801696777e-01 3.696161651611328125e+01
9.998497962951660156e-01 1.662888936698436737e-02 -4.839215427637100220e-03 -2.060288935899734497e-01 -1.651500165462493896e-02 9.996063709259033203e-01 2.268159016966819763e-02 -2.025965601205825806e-01 5.214527249336242676e-03 -2.259824797511100769e-02 9.997311234474182129e-01 3.979467010498046875e+01
9.998815059661865234e-01 1.462079305201768875e-02 -4.768976010382175446e-03 -2.211845815181732178e-01 -1.450114138424396515e-02 9.996016621589660645e-01 2.421586588025093079e-02 -1.930497884750366211e-01 5.121173802763223648e-03 -2.414382621645927429e-02 9.996954798698425293e-01 4.273877716064453125e+01
9.998082518577575684e-01 1.908194273710250854e-02 -4.345654044300317764e-03 -2.310223579406738281e-01 -1.896763592958450317e-02 9.995083212852478027e-01 2.496797777712345123e-02 -1.731123328208923340e-01 4.819996189326047897e-03 -2.488074824213981628e-02 9.996789097785949707e-01 4.578494262695312500e+01
9.997742176055908203e-01 1.955124549567699432e-02 -8.288512006402015686e-03 -2.480632215738296509e-01 -1.934331282973289490e-02 9.995136857032775879e-01 2.446052618324756622e-02 -1.572329401969909668e-01 8.762756362557411194e-03 -2.429465577006340027e-02 9.996665120124816895e-01 4.880746459960937500e+01
9.996630549430847168e-01 2.269790880382061005e-02 -1.256856322288513184e-02 -2.735861241817474365e-01 -2.239929698407649994e-02 9.994750618934631348e-01 2.340743504464626312e-02 -1.465738564729690552e-01 1.309330482035875320e-02 -2.311798930168151855e-02 9.996470808982849121e-01 5.165988922119140625e+01
9.995629191398620605e-01 2.596656233072280884e-02 -1.411118730902671814e-02 -3.081871569156646729e-01 -2.559154666960239410e-02 9.993308782577514648e-01 2.613423392176628113e-02 -1.341586709022521973e-01 1.478039007633924484e-02 -2.576166018843650818e-02 9.995589256286621094e-01 5.468585968017578125e+01
9.995850324630737305e-01 2.639423124492168427e-02 -1.151471957564353943e-02 -3.400612473487854004e-01 -2.606663480401039124e-02 9.992757439613342285e-01 2.772482670843601227e-02 -1.088665723800659180e-01 1.223818119615316391e-02 -2.741314470767974854e-02 9.995493292808532715e-01 5.757711410522460938e+01
9.995305538177490234e-01 2.786646783351898193e-02 -1.271418575197458267e-02 -3.777191936969757080e-01 -2.748374082148075104e-02 9.991916418075561523e-01 2.934043295681476593e-02 -7.053891569375991821e-02 1.352155860513448715e-02 -2.897718921303749084e-02 9.994886517524719238e-01 6.057548141479492188e+01
9.995150566101074219e-01 2.737946622073650360e-02 -1.481500267982482910e-02 -4.153991341590881348e-01 -2.689108066260814667e-02 9.991192817687988281e-01 3.221293538808822632e-02 -4.058545827865600586e-02 1.568396203219890594e-02 -3.179888799786567688e-02 9.993712306022644043e-01 6.345341110229492188e+01
9.993678331375122070e-01 3.089639171957969666e-02 -1.757501997053623199e-02 -4.699652194976806641e-01 -3.033124841749668121e-02 9.990416765213012695e-01 3.155775740742683411e-02 1.541264355182647705e-03 1.853323541581630707e-02 -3.100471012294292450e-02 9.993473887443542480e-01 6.628127288818359375e+01
9.993121027946472168e-01 3.246666118502616882e-02 -1.790887862443923950e-02 -5.183636546134948730e-01 -3.188727423548698425e-02 9.989875555038452148e-01 3.173679485917091370e-02 4.008676484227180481e-02 1.892117410898208618e-02 -3.114387206733226776e-02 9.993358254432678223e-01 6.900805664062500000e+01
9.992545247077941895e-01 3.405193984508514404e-02 -1.817694492638111115e-02 -5.782864093780517578e-01 -3.343442082405090332e-02 9.988875985145568848e-01 3.325555473566055298e-02 8.714792132377624512e-02 1.928915455937385559e-02 -3.262300789356231689e-02 9.992815852165222168e-01 7.204545593261718750e+01
9.991973042488098145e-01 3.510727360844612122e-02 -1.928107626736164093e-02 -6.311276555061340332e-01 -3.442133218050003052e-02 9.988006949424743652e-01 3.482050448656082153e-02 1.267787963151931763e-01 2.048043347895145416e-02 -3.412884473800659180e-02 9.992075562477111816e-01 7.484140777587890625e+01
9.992178082466125488e-01 3.384108841419219971e-02 -2.044565044343471527e-02 -6.806078553199768066e-01 -3.308782353997230530e-02 9.987997412681579590e-01 3.611626103520393372e-02 1.697812080383300781e-01 2.164333127439022064e-02 -3.541149571537971497e-02 9.991383552551269531e-01 7.747531127929687500e+01
9.990239143371582031e-01 3.770763799548149109e-02 -2.299765869975090027e-02 -7.388893365859985352e-01 -3.695576637983322144e-02 9.987953901290893555e-01 3.228165209293365479e-02 2.174557149410247803e-01 2.418724447488784790e-02 -3.140024095773696899e-02 9.992141127586364746e-01 8.010775756835937500e+01
9.991549253463745117e-01 3.609263524413108826e-02 -1.965725980699062347e-02 -7.969580888748168945e-01 -3.541711345314979553e-02 9.988047480583190918e-01 3.368675708770751953e-02 2.562386989593505859e-01 2.084963396191596985e-02 -3.296208009123802185e-02 9.992390275001525879e-01 8.249447631835937500e+01
9.991589188575744629e-01 3.655894100666046143e-02 -1.856017671525478363e-02 -8.466200232505798340e-01 -3.585558757185935974e-02 9.986753463745117188e-01 3.690556809306144714e-02 2.986536622047424316e-01 1.988485269248485565e-02 -3.620903939008712769e-02 9.991462230682373047e-01 8.485708618164062500e+01
9.991497397422790527e-01 3.770405426621437073e-02 -1.666505448520183563e-02 -8.888781666755676270e-01 -3.708670660853385925e-02 9.986665248870849609e-01 3.591292724013328552e-02 3.516115546226501465e-01 1.799692399799823761e-02 -3.526434674859046936e-02 9.992157816886901855e-01 8.740065765380859375e+01
9.992082118988037109e-01 3.685072436928749084e-02 -1.498016435652971268e-02 -9.250718355178833008e-01 -3.630115464329719543e-02 9.987125992774963379e-01 3.543053194880485535e-02 4.009829759597778320e-01 1.626654900610446930e-02 -3.485867753624916077e-02 9.992596507072448730e-01 8.983717346191406250e+01
9.991268515586853027e-01 3.954960033297538757e-02 -1.344573497772216797e-02 -9.629600048065185547e-01 -3.904045745730400085e-02 9.985809326171875000e-01 3.621964901685714722e-02 4.433935582637786865e-01 1.485916413366794586e-02 -3.566310927271842957e-02 9.992531538009643555e-01 9.232648468017578125e+01
9.991359710693359375e-01 3.994369134306907654e-02 -1.145738922059535980e-02 -9.986981749534606934e-01 -3.951145336031913757e-02 9.985795021057128906e-01 3.574472665786743164e-02 4.918048083782196045e-01 1.286892965435981750e-02 -3.526114299893379211e-02 9.992950558662414551e-01 9.491738128662109375e+01
9.990819692611694336e-01 4.201512411236763000e-02 -8.336893282830715179e-03 -1.026262640953063965e+00 -4.167139530181884766e-02 9.984152317047119141e-01 3.781988844275474548e-02 5.413010120391845703e-01 9.912721812725067139e-03 -3.743774816393852234e-02 9.992495775222778320e-01 9.739111328125000000e+01
9.990908503532409668e-01 4.192484915256500244e-02 -7.730909157544374466e-03 -1.056516170501708984e+00 -4.160414263606071472e-02 9.984190464019775391e-01 3.779247775673866272e-02 5.949674844741821289e-01 9.303164668381214142e-03 -3.743651136755943298e-02 9.992556571960449219e-01 9.988081359863281250e+01
9.992268085479736328e-01 3.875991702079772949e-02 6.586123723536729813e-03 -1.057428479194641113e+00 -3.896958380937576294e-02 9.986113905906677246e-01 3.544372320175170898e-02 6.420598030090332031e-01 -5.203150212764739990e-03 -3.567301481962203979e-02 9.993498921394348145e-01 1.022285995483398438e+02
9.990366101264953613e-01 4.032980278134346008e-02 1.730014756321907043e-02 -1.026576757431030273e+00 -4.090521112084388733e-02 9.985734820365905762e-01 3.431198000907897949e-02 6.870102286338806152e-01 -1.589164324104785919e-02 -3.498662263154983521e-02 9.992613792419433594e-01 1.046607742309570312e+02
9.987877011299133301e-01 3.933300077915191650e-02 2.959653735160827637e-02 -9.821147918701171875e-01 -4.031857475638389587e-02 9.986256361007690430e-01 3.347753733396530151e-02 7.299944758415222168e-01 -2.823906019330024719e-02 -3.463027998805046082e-02 9.990010857582092285e-01 1.068549957275390625e+02
9.984397292137145996e-01 3.742384910583496094e-02 4.144191369414329529e-02 -8.981297612190246582e-01 -3.871678188443183899e-02 9.987736344337463379e-01 3.084983862936496735e-02 7.689968943595886230e-01 -4.023654758930206299e-02 -3.240624442696571350e-02 9.986644387245178223e-01 1.090624313354492188e+02
9.966279268264770508e-01 3.632703050971031189e-02 7.357324659824371338e-02 -7.643578648567199707e-01 -3.844893723726272583e-02 9.988780617713928223e-01 2.763312309980392456e-02 8.000175356864929199e-01 -7.248686254024505615e-02 -3.036879748106002808e-02 9.969068169593811035e-01 1.111750259399414062e+02
9.939156770706176758e-01 3.552071005105972290e-02 1.042583584785461426e-01 -5.639481544494628906e-01 -3.859847038984298706e-02 9.988717436790466309e-01 2.765281870961189270e-02 8.244814872741699219e-01 -1.031584814190864563e-01 -3.150882199406623840e-02 9.941656589508056641e-01 1.133108749389648438e+02
9.897603988647460938e-01 3.551987558603286743e-02 1.382479369640350342e-01 -3.030510544776916504e-01 -3.945326805114746094e-02 9.988874793052673340e-01 2.581572346389293671e-02 8.484664559364318848e-01 -1.371771842241287231e-01 -3.100575320422649384e-02 9.900610446929931641e-01 1.153585739135742188e+02
9.845815896987915039e-01 3.431184962391853333e-02 1.715269982814788818e-01 -7.672339677810668945e-03 -3.903716802597045898e-02 9.989430308341979980e-01 2.425124309957027435e-02 8.716315031051635742e-01 -1.705136448144912720e-01 -3.057329915463924408e-02 9.848807454109191895e-01 1.171793289184570312e+02
9.803266525268554688e-01 3.306796029210090637e-02 1.945912837982177734e-01 3.224716782569885254e-01 -3.839429467916488647e-02 9.989820122718811035e-01 2.366344816982746124e-02 8.882228732109069824e-01 -1.936107575893402100e-01 -3.066914714872837067e-02 9.805987477302551270e-01 1.188842544555664062e+02
9.727020263671875000e-01 3.230667114257812500e-02 2.297967970371246338e-01 7.997843027114868164e-01 -3.855043277144432068e-02 9.989976286888122559e-01 2.273248694837093353e-02 9.041203260421752930e-01 -2.288321107625961304e-01 -3.097074665129184723e-02 9.729728698730468750e-01 1.210252380371093750e+02
9.647870063781738281e-01 3.357960283756256104e-02 2.608789801597595215e-01 1.266905546188354492e+00 -4.076727479696273804e-02 9.989218115806579590e-01 2.218804880976676941e-02 9.153012037277221680e-01 -2.598527371883392334e-01 -3.204211220145225525e-02 9.651162028312683105e-01 1.228169631958007812e+02
9.526060819625854492e-01 3.444953262805938721e-02 3.022485673427581787e-01 1.879195094108581543e+00 -4.252944886684417725e-02 9.988906979560852051e-01 2.019050903618335724e-02 9.251003861427307129e-01 -3.012178540229797363e-01 -3.208811581134796143e-02 9.530149698257446289e-01 1.248685455322265625e+02
9.431621432304382324e-01 3.507132828235626221e-02 3.304759263992309570e-01 2.497532844543457031e+00 -4.398245364427566528e-02 9.988409876823425293e-01 1.952325180172920227e-02 9.305570125579833984e-01 -3.294083476066589355e-01 -3.294878453016281128e-02 9.436120986938476562e-01 1.266914062500000000e+02
9.233822226524353027e-01 3.596131131052970886e-02 3.821925520896911621e-01 3.198759078979492188e+00 -4.608898982405662537e-02 9.987856745719909668e-01 1.737388037145137787e-02 9.309028387069702148e-01 -3.811038732528686523e-01 -3.365765511989593506e-02 9.239189624786376953e-01 1.284565277099609375e+02
8.937271833419799805e-01 3.514302894473075867e-02 4.472311139106750488e-01 4.046723365783691406e+00 -4.611299932003021240e-02 9.988421201705932617e-01 1.366219669580459595e-02 9.258162975311279297e-01 -4.462334513664245605e-01 -3.283350169658660889e-02 8.943135738372802734e-01 1.302388153076171875e+02
8.600296974182128906e-01 3.037794865667819977e-02 5.093377232551574707e-01 4.964745044708251953e+00 -4.374986514449119568e-02 9.989394545555114746e-01 1.429407298564910889e-02 9.201912879943847656e-01 -5.083637237548828125e-01 -3.457684442400932312e-02 8.604473471641540527e-01 1.318594360351562500e+02
8.205806612968444824e-01 2.991085499525070190e-02 5.707462430000305176e-01 6.018722057342529297e+00 -4.399188607931137085e-02 9.989716410636901855e-01 1.089601963758468628e-02 9.087906479835510254e-01 -5.698338747024536133e-01 -3.404933214187622070e-02 8.210533857345581055e-01 1.334149932861328125e+02
7.814848423004150391e-01 3.029352985322475433e-02 6.231870651245117188e-01 7.088164329528808594e+00 -4.461016505956649780e-02 9.989763498306274414e-01 7.380958646535873413e-03 8.929704427719116211e-01 -6.223261356353759766e-01 -3.356865793466567993e-02 7.820370197296142578e-01 1.347893218994140625e+02
7.492993474006652832e-01 3.151842206716537476e-02 6.614796519279479980e-01 8.380888938903808594e+00 -4.574709013104438782e-02 9.989431500434875488e-01 4.222684539854526520e-03 8.741385340690612793e-01 -6.606482267379760742e-01 -3.342489525675773621e-02 7.499501109123229980e-01 1.362929534912109375e+02
7.066342830657958984e-01 2.819954417645931244e-02 7.070155143737792969e-01 9.752746582031250000e+00 -4.168201610445976257e-02 9.991282224655151367e-01 1.809078967198729515e-03 8.402314186096191406e-01 -7.063490152359008789e-01 -3.074825927615165710e-02 7.071943879127502441e-01 1.377084045410156250e+02
6.617994904518127441e-01 2.799665927886962891e-02 7.491566538810729980e-01 1.127878475189208984e+01 -4.384005814790725708e-02 9.990364313125610352e-01 1.393181271851062775e-03 8.055651187896728516e-01 -7.483967542648315430e-01 -3.376515209674835205e-02 6.623898744583129883e-01 1.391130371093750000e+02
6.138601899147033691e-01 2.907806448638439178e-02 7.888776659965515137e-01 1.275859451293945312e+01 -4.449068009853363037e-02 9.990061521530151367e-01 -2.203178592026233673e-03 7.725873589515686035e-01 -7.881587743759155273e-01 -3.374534100294113159e-02 6.145445108413696289e-01 1.403064727783203125e+02
5.603500604629516602e-01 2.580380998551845551e-02 8.278523683547973633e-01 1.441027641296386719e+01 -4.238485172390937805e-02 9.990971088409423828e-01 -2.452230779454112053e-03 7.308568358421325684e-01 -8.271692991256713867e-01 -3.371437266469001770e-02 5.609385371208190918e-01 1.414824371337890625e+02
5.105491280555725098e-01 2.688983269035816193e-02 8.594264984130859375e-01 1.595160484313964844e+01 -4.276558011770248413e-02 9.990666508674621582e-01 -5.853595212101936340e-03 6.906479001045227051e-01 -8.587830662727355957e-01 -3.376541286706924438e-02 5.112231969833374023e-01 1.424309997558593750e+02
4.612141847610473633e-01 2.931396476924419403e-02 8.868029117584228516e-01 1.768253326416015625e+01 -4.308490455150604248e-02 9.990136623382568359e-01 -1.061522495001554489e-02 6.432930231094360352e-01 -8.862408399581909180e-01 -3.331201151013374329e-02 4.620228111743927002e-01 1.433747100830078125e+02
3.948317170143127441e-01 3.069926425814628601e-02 9.182388782501220703e-01 1.936623764038085938e+01 -3.931031376123428345e-02 9.990893602371215820e-01 -1.649928279221057892e-02 5.882795453071594238e-01 -9.179107546806335449e-01 -2.958189882338047028e-02 3.956794440746307373e-01 1.441386718750000000e+02
3.239797055721282959e-01 3.073354996740818024e-02 9.455631375312805176e-01 2.095078277587890625e+01 -4.072691872715950012e-02 9.989972114562988281e-01 -1.851591467857360840e-02 5.272204279899597168e-01 -9.451857209205627441e-01 -3.251118212938308716e-02 3.249068558216094971e-01 1.447006378173828125e+02
2.580988705158233643e-01 3.055445663630962372e-02 9.656336903572082520e-01 2.257013511657714844e+01 -3.690496832132339478e-02 9.990805387496948242e-01 -2.174858376383781433e-02 4.629415273666381836e-01 -9.654121398925781250e-01 -3.002347983419895172e-02 2.589893937110900879e-01 1.451597442626953125e+02
2.029781341552734375e-01 3.164196014404296875e-02 9.786702990531921387e-01 2.380120849609375000e+01 -3.564080968499183655e-02 9.990525841712951660e-01 -2.490890957415103912e-02 4.074703752994537354e-01 -9.785330891609191895e-01 -2.982472255825996399e-02 2.039137035608291626e-01 1.453989562988281250e+02
1.432986855506896973e-01 3.021960891783237457e-02 9.892163276672363281e-01 2.522395515441894531e+01 -3.043930605053901672e-02 9.991937875747680664e-01 -2.611487731337547302e-02 3.408901691436767578e-01 -9.892098903656005859e-01 -2.636891044676303864e-02 1.441030353307723999e-01 1.456079101562500000e+02
8.604571968317031860e-02 2.888744696974754333e-02 9.958705306053161621e-01 2.653519248962402344e+01 -2.694025821983814240e-02 9.992798566818237305e-01 -2.665856108069419861e-02 2.828370928764343262e-01 -9.959254264831542969e-01 -2.453523129224777222e-02 8.676189184188842773e-02 1.457154235839843750e+02
2.695823460817337036e-02 2.566212229430675507e-02 9.993052482604980469e-01 2.803496742248535156e+01 -2.383771911263465881e-02 9.994009137153625488e-01 -2.502143383026123047e-02 2.188229411840438843e-01 -9.993507266044616699e-01 -2.314669638872146606e-02 2.755360305309295654e-02 1.457628936767578125e+02
-2.493851073086261749e-02 2.519959583878517151e-02 9.993694424629211426e-01 2.941856956481933594e+01 -2.108938805758953094e-02 9.994447231292724609e-01 -2.572768740355968475e-02 1.525582969188690186e-01 -9.994648694992065430e-01 -2.171777002513408661e-02 -2.439353242516517639e-02 1.457249908447265625e+02
-6.401355564594268799e-02 2.314281649887561798e-02 9.976786971092224121e-01 3.107034683227539062e+01 -2.201916649937629700e-02 9.994531273841857910e-01 -2.459670603275299072e-02 8.209280669689178467e-02 -9.977044463157653809e-01 -2.354265190660953522e-02 -6.346935778856277466e-02 1.456266021728515625e+02
-1.042485535144805908e-01 2.080056816339492798e-02 9.943317174911499023e-01 3.304724502563476562e+01 -2.205631881952285767e-02 9.994851946830749512e-01 -2.322074398398399353e-02 -1.373246312141418457e-03 -9.943049550056457520e-01 -2.435210533440113068e-02 -1.037365943193435669e-01 1.454442291259765625e+02
-1.472965180873870850e-01 2.085338532924652100e-02 9.888703823089599609e-01 3.516284179687500000e+01 -2.217106707394123077e-02 9.994550347328186035e-01 -2.437899261713027954e-02 -9.008365124464035034e-02 -9.888420701026916504e-01 -2.551533840596675873e-02 -1.467545032501220703e-01 1.451680908203125000e+02
-2.184632271528244019e-01 2.184338308870792389e-02 9.755984544754028320e-01 3.706285858154296875e+01 -1.870027557015419006e-02 9.994701743125915527e-01 -2.656529285013675690e-02 -1.711108982563018799e-01 -9.756640791893005371e-01 -2.404758147895336151e-02 -2.179397791624069214e-01 1.447811126708984375e+02
-2.824757397174835205e-01 2.006381750106811523e-02 9.590622782707214355e-01 3.853010559082031250e+01 -1.594488322734832764e-02 9.995428323745727539e-01 -2.560690231621265411e-02 -2.398988008499145508e-01 -9.591398835182189941e-01 -2.252554520964622498e-02 -2.820276618003845215e-01 1.443574218750000000e+02
-3.393567502498626709e-01 2.138872630894184113e-02 9.404121041297912598e-01 4.010125732421875000e+01 -1.431255787611007690e-02 9.995061755180358887e-01 -2.789750695228576660e-02 -3.132907748222351074e-01 -9.405466914176940918e-01 -2.292699366807937622e-02 -3.388841748237609863e-01 1.437976837158203125e+02
-3.956251144409179688e-01 2.370926178991794586e-02 9.181034564971923828e-01 4.195287704467773438e+01 -1.326712407171726227e-02 9.994127154350280762e-01 -3.152593970298767090e-02 -4.062269926071166992e-01 -9.183138608932495117e-01 -2.465313859283924103e-02 -3.950794935226440430e-01 1.430396423339843750e+02
-4.371238648891448975e-01 2.469432540237903595e-02 8.990595936775207520e-01 4.373720932006835938e+01 -8.545705117285251617e-03 9.994617104530334473e-01 -3.160690516233444214e-02 -5.064045190811157227e-01 -8.993581533432006836e-01 -2.149931713938713074e-02 -4.366788864135742188e-01 1.421981353759765625e+02
-4.795650243759155273e-01 2.668034285306930542e-02 8.770979046821594238e-01 4.555472183227539062e+01 -4.515977110713720322e-03 9.994472265243530273e-01 -3.287116438150405884e-02 -6.144323945045471191e-01 -8.774920701980590820e-01 -1.972489431500434875e-02 -4.791808724403381348e-01 1.412449951171875000e+02
-5.338863134384155273e-01 2.579063922166824341e-02 8.451598882675170898e-01 4.722775650024414062e+01 -1.881618052721023560e-03 9.994938373565673828e-01 -3.168877214193344116e-02 -7.086482644081115723e-01 -8.455512523651123047e-01 -1.850854791700839996e-02 -5.335690975189208984e-01 1.402267303466796875e+02
-5.862962007522583008e-01 2.591493353247642517e-02 8.096789717674255371e-01 4.888616180419921875e+01 -2.667021472007036209e-04 9.994797110557556152e-01 -3.218280151486396790e-02 -8.068532347679138184e-01 -8.100936412811279297e-01 -1.908467896282672882e-02 -5.859858989715576172e-01 1.390735473632812500e+02
-6.366218924522399902e-01 2.920709550380706787e-02 7.706193327903747559e-01 5.026069641113281250e+01 6.548971869051456451e-03 9.994489550590515137e-01 -3.246959671378135681e-02 -9.024321436882019043e-01 -7.711449861526489258e-01 -1.562416926026344299e-02 -6.364641785621643066e-01 1.379766998291015625e+02
-6.817008852958679199e-01 2.974269725382328033e-02 7.310222983360290527e-01 5.170570755004882812e+01 8.908774703741073608e-03 9.994344115257263184e-01 -3.235560283064842224e-02 -1.004237771034240723e+00 -7.315731048583984375e-01 -1.554441079497337341e-02 -6.815822124481201172e-01 1.366772766113281250e+02
-7.299018502235412598e-01 2.858749590814113617e-02 6.829497218132019043e-01 5.314326477050781250e+01 9.471141733229160309e-03 9.994497895240783691e-01 -3.171342611312866211e-02 -1.104612827301025391e+00 -6.834823489189147949e-01 -1.667946018278598785e-02 -7.297731041908264160e-01 1.352034606933593750e+02
-7.577150464057922363e-01 2.977698482573032379e-02 6.519014835357666016e-01 5.453380584716796875e+01 1.190266385674476624e-02 9.994205236434936523e-01 -3.181587532162666321e-02 -1.207838058471679688e+00 -6.524729132652282715e-01 -1.634808257222175598e-02 -7.576324939727783203e-01 1.336271514892578125e+02
-7.885737419128417969e-01 3.162447735667228699e-02 6.141217350959777832e-01 5.563197326660156250e+01 1.617118902504444122e-02 9.993954896926879883e-01 -3.069927729666233063e-02 -1.291597962379455566e+00 -6.147230863571166992e-01 -1.427764073014259338e-02 -7.886106371879577637e-01 1.322420196533203125e+02
-8.203368782997131348e-01 3.193076327443122864e-02 5.709832906723022461e-01 5.677525329589843750e+01 1.804608292877674103e-02 9.993857145309448242e-01 -2.996094152331352234e-02 -1.381239056587219238e+00 -5.715909004211425781e-01 -1.427412871271371841e-02 -8.204115629196166992e-01 1.306551208496093750e+02
-8.363543152809143066e-01 2.922389842569828033e-02 5.474042892456054688e-01 5.797668457031250000e+01 1.774956472218036652e-02 9.994955658912658691e-01 -2.624048106372356415e-02 -1.483021974563598633e+00 -5.478966832160949707e-01 -1.223022490739822388e-02 -8.364536166191101074e-01 1.288561859130859375e+02
-8.525986671447753906e-01 3.089311718940734863e-02 5.216464400291442871e-01 5.903069305419921875e+01 1.987314037978649139e-02 9.994431734085083008e-01 -2.670778334140777588e-02 -1.569216847419738770e+00 -5.221827030181884766e-01 -1.240434497594833374e-02 -8.527405261993408203e-01 1.271588363647460938e+02
-8.671976923942565918e-01 2.959988638758659363e-02 4.970772862434387207e-01 5.999253082275390625e+01 1.910285465419292450e-02 9.994718432426452637e-01 -2.618953213095664978e-02 -1.649938583374023438e+00 -4.975915253162384033e-01 -1.321598887443542480e-02 -8.673079013824462891e-01 1.255017623901367188e+02
-8.831904530525207520e-01 2.907655574381351471e-02 4.681057929992675781e-01 6.092282867431640625e+01 1.926466450095176697e-02 9.994805455207824707e-01 -2.573564276099205017e-02 -1.733843684196472168e+00 -4.686123728752136230e-01 -1.371165551245212555e-02 -8.832945823669433594e-01 1.237887802124023438e+02
-8.973183631896972656e-01 2.925829589366912842e-02 4.404060244560241699e-01 6.186563873291015625e+01 2.021267265081405640e-02 9.994750022888183594e-01 -2.521685324609279633e-02 -1.820188522338867188e+00 -4.409139752388000488e-01 -1.372584607452154160e-02 -8.974415063858032227e-01 1.219274444580078125e+02
-9.084172248840332031e-01 2.977455779910087585e-02 4.169956147670745850e-01 6.268427276611328125e+01 2.094963379204273224e-02 9.994468092918395996e-01 -2.572450041770935059e-02 -1.899295687675476074e+00 -4.175321757793426514e-01 -1.463276054710149765e-02 -9.085413813591003418e-01 1.201629257202148438e+02
-9.211136102676391602e-01 2.781467512249946594e-02 3.882908821105957031e-01 6.350747299194335938e+01 1.964187249541282654e-02 9.994916319847106934e-01 -2.500204741954803467e-02 -1.987289547920227051e+00 -3.887901306152343750e-01 -1.540305279195308685e-02 -9.211946129798889160e-01 1.182625656127929688e+02
-9.217789769172668457e-01 2.710945904254913330e-02 3.867587745189666748e-01 6.431479644775390625e+01 1.880257762968540192e-02 9.995016455650329590e-01 -2.524584718048572540e-02 -2.074707746505737305e+00 -3.872516751289367676e-01 -1.599912345409393311e-02 -9.218322634696960449e-01 1.163498535156250000e+02
-9.228863716125488281e-01 2.687457948923110962e-02 3.841254115104675293e-01 6.510176086425781250e+01 1.825972273945808411e-02 9.994908571243286133e-01 -2.605707943439483643e-02 -2.160519361495971680e+00 -3.846313357353210449e-01 -1.703379303216934204e-02 -9.229100942611694336e-01 1.144673614501953125e+02
-9.237061142921447754e-01 2.550197392702102661e-02 3.822439610958099365e-01 6.592684173583984375e+01 1.680299639701843262e-02 9.995158314704895020e-01 -2.607898414134979248e-02 -2.254722595214843750e+00 -3.827251791954040527e-01 -1.766656897962093353e-02 -9.236903190612792969e-01 1.124915237426757812e+02
-9.241011738777160645e-01 2.346794679760932922e-02 3.814186155796051025e-01 6.675655364990234375e+01 1.529593486338853836e-02 9.995813965797424316e-01 -2.444314584136009216e-02 -2.345928192138671875e+00 -3.818337619304656982e-01 -1.675388030707836151e-02 -9.240761995315551758e-01 1.104873809814453125e+02
-9.252816438674926758e-01 2.233936451375484467e-02 3.786140680313110352e-01 6.759163665771484375e+01 1.450064312666654587e-02 9.996148347854614258e-01 -2.354249171912670135e-02 -2.435411214828491211e+00 -3.789953589439392090e-01 -1.629337295889854431e-02 -9.252521395683288574e-01 1.084602203369140625e+02
-9.258465170860290527e-01 2.180857956409454346e-02 3.772616684436798096e-01 6.841222381591796875e+01 1.422404404729604721e-02 9.996342658996582031e-01 -2.287866920232772827e-02 -2.518536329269409180e+00 -3.776238560676574707e-01 -1.581601984798908234e-02 -9.258210659027099609e-01 1.064505996704101562e+02
-9.263217449188232422e-01 2.351145073771476746e-02 3.759906589984893799e-01 6.924826049804687500e+01 1.508242823183536530e-02 9.995621442794799805e-01 -2.534609287977218628e-02 -2.609779834747314453e+00 -3.764231801033020020e-01 -1.780785620212554932e-02 -9.262737631797790527e-01 1.043968887329101562e+02
-9.268127083778381348e-01 2.464810945093631744e-02 3.747057020664215088e-01 7.006842803955078125e+01 1.638788171112537384e-02 9.995448589324951172e-01 -2.521529048681259155e-02 -2.703476190567016602e+00 -3.751578629016876221e-01 -1.722929440438747406e-02 -9.267978668212890625e-01 1.023639144897460938e+02
-9.276366829872131348e-01 2.382305264472961426e-02 3.727147877216339111e-01 7.074230194091796875e+01 1.591570489108562469e-02 9.995756745338439941e-01 -2.427824586629867554e-02 -2.777507305145263672e+00 -3.731361925601959229e-01 -1.658943668007850647e-02 -9.276252388954162598e-01 1.006940841674804688e+02
-9.278325438499450684e-01 2.409750781953334808e-02 3.722097575664520264e-01 7.140958404541015625e+01 1.605338975787162781e-02 9.995633959770202637e-01 -2.469537034630775452e-02 -2.852281332015991211e+00 -3.726433813571929932e-01 -1.693785190582275391e-02 -9.278172254562377930e-01 9.904217529296875000e+01
-9.280551075935363770e-01 2.326026558876037598e-02 3.717078864574432373e-01 7.215179443359375000e+01 1.535823848098516464e-02 9.995863437652587891e-01 -2.420469559729099274e-02 -2.933813095092773438e+00 -3.721181750297546387e-01 -1.675441116094589233e-02 -9.280312657356262207e-01 9.719183349609375000e+01
-9.287681579589843750e-01 2.304469235241413116e-02 3.699359595775604248e-01 7.295661163330078125e+01 1.554086524993181229e-02 9.996061921119689941e-01 -2.325121872127056122e-02 -3.018383502960205078e+00 -3.703270852565765381e-01 -1.584576070308685303e-02 -9.287633895874023438e-01 9.518350219726562500e+01
-9.287158846855163574e-01 2.476283349096775055e-02 3.699562847614288330e-01 7.380229949951171875e+01 1.657109707593917847e-02 9.995397925376892090e-01 -2.530381456017494202e-02 -3.107895135879516602e+00 -3.704135715961456299e-01 -1.736937277019023895e-02 -9.287016391754150391e-01 9.306288146972656250e+01
-9.290657043457031250e-01 2.328068763017654419e-02 3.691732883453369141e-01 7.466594696044921875e+01 1.593197137117385864e-02 9.996072053909301758e-01 -2.294152416288852692e-02 -3.202844619750976562e+00 -3.695633113384246826e-01 -1.543241459876298904e-02 -9.290745258331298828e-01 9.090456390380859375e+01
-9.300585389137268066e-01 2.295531891286373138e-02 3.666854202747344971e-01 7.544574737548828125e+01 1.554506085813045502e-02 9.996085166931152344e-01 -2.314850315451622009e-02 -3.289414167404174805e+00 -3.670741617679595947e-01 -1.582920923829078674e-02 -9.300541281700134277e-01 8.893435668945312500e+01
-9.314908385276794434e-01 2.228647843003273010e-02 3.630731403827667236e-01 7.625865936279296875e+01 1.517460867762565613e-02 9.996305704116821289e-01 -2.242781594395637512e-02 -3.379496812820434570e+00 -3.634397685527801514e-01 -1.538170129060745239e-02 -9.314878582954406738e-01 8.686327362060546875e+01
-9.317875504493713379e-01 2.477104589343070984e-02 3.621495068073272705e-01 7.707591247558593750e+01 1.741396822035312653e-02 9.995679259300231934e-01 -2.356463670730590820e-02 -3.462171554565429688e+00 -3.625776469707489014e-01 -1.565065793693065643e-02 -9.318192601203918457e-01 8.476821136474609375e+01
-9.327164888381958008e-01 2.606793120503425598e-02 3.596584200859069824e-01 7.790267181396484375e+01 1.891885884106159210e-02 9.995447993278503418e-01 -2.338281460106372833e-02 -3.552564620971679688e+00 -3.601051270961761475e-01 -1.500510517507791519e-02 -9.327881932258605957e-01 8.263572692871093750e+01
-9.345524311065673828e-01 2.549795061349868774e-02 3.549019098281860352e-01 7.867961883544921875e+01 1.870041154325008392e-02 9.995676279067993164e-01 -2.256988734006881714e-02 -3.636654853820800781e+00 -3.553248047828674316e-01 -1.445582229644060135e-02 -9.346282482147216797e-01 8.059693908691406250e+01
-9.359644055366516113e-01 2.474762871861457825e-02 3.512151539325714111e-01 7.947830200195312500e+01 1.855013519525527954e-02 9.996046423912048340e-01 -2.099931985139846802e-02 -3.724565029144287109e+00 -3.515968620777130127e-01 -1.313941925764083862e-02 -9.360564351081848145e-01 7.847980499267578125e+01
-9.364334940910339355e-01 2.224493585526943207e-02 3.501304090023040771e-01 8.031546020507812500e+01 1.674245670437812805e-02 9.996815323829650879e-01 -1.873402483761310577e-02 -3.809549808502197266e+00 -3.504365384578704834e-01 -1.168100722134113312e-02 -9.365108013153076172e-01 7.624360656738281250e+01
-9.373644590377807617e-01 2.106272801756858826e-02 3.477039933204650879e-01 8.124405670166015625e+01 1.610967703163623810e-02 9.997206926345825195e-01 -1.712926290929317474e-02 -3.905777931213378906e+00 -3.479685783386230469e-01 -1.045485027134418488e-02 -9.374451041221618652e-01 7.371905517578125000e+01
-9.382140040397644043e-01 1.875107735395431519e-02 3.455383181571960449e-01 8.214295959472656250e+01 1.550449617207050323e-02 9.998031258583068848e-01 -1.215653214603662491e-02 -3.990916252136230469e+00 -3.456991612911224365e-01 -6.047898437827825546e-03 -9.383230805397033691e-01 7.127429962158203125e+01
-9.383715391159057617e-01 1.690806820988655090e-02 3.452055454254150391e-01 8.296115875244140625e+01 1.337421126663684845e-02 9.998281598091125488e-01 -1.261532586067914963e-02 -4.059894084930419922e+00 -3.453604578971862793e-01 -7.220882922410964966e-03 -9.384394884109497070e-01 6.905570983886718750e+01
-9.386762976646423340e-01 2.102897129952907562e-02 3.441487848758697510e-01 8.383696746826171875e+01 1.719365827739238739e-02 9.997485876083374023e-01 -1.419183332473039627e-02 -4.136229038238525391e+00 -3.443616032600402832e-01 -7.404239382594823837e-03 -9.388050436973571777e-01 6.668204498291015625e+01
-9.393577575683593750e-01 2.162368968129158020e-02 3.422472178936004639e-01 8.468133544921875000e+01 1.726588234305381775e-02 9.997236132621765137e-01 -1.577387005090713501e-02 -4.212313175201416016e+00 -3.424946069717407227e-01 -8.907986804842948914e-03 -9.394747018814086914e-01 6.437406921386718750e+01
-9.421961307525634766e-01 2.029023692011833191e-02 3.344376981258392334e-01 8.546588897705078125e+01 1.603589579463005066e-02 9.997487664222717285e-01 -1.547633018344640732e-02 -4.288393497467041016e+00 -3.346685469150543213e-01 -9.218617342412471771e-03 -9.422879815101623535e-01 6.217444610595703125e+01
-9.442223310470581055e-01 2.057814598083496094e-02 3.286558091640472412e-01 8.625563812255859375e+01 1.646381057798862457e-02 9.997445940971374512e-01 -1.529588829725980759e-02 -4.363007068634033203e+00 -3.288874328136444092e-01 -9.031673893332481384e-03 -9.443231225013732910e-01 5.992959976196289062e+01
-9.449952840805053711e-01 2.034816332161426544e-02 3.264410197734832764e-01 8.707135009765625000e+01 1.643348857760429382e-02 9.997534155845642090e-01 -1.474465522915124893e-02 -4.443164348602294922e+00 -3.266613185405731201e-01 -8.568943478167057037e-03 -9.450997710227966309e-01 5.757337951660156250e+01
-9.439920186996459961e-01 1.920275203883647919e-02 3.293997347354888916e-01 8.786499786376953125e+01 1.524223573505878448e-02 9.997743964195251465e-01 -1.460097543895244598e-02 -4.517787456512451172e+00 -3.296065926551818848e-01 -8.762276731431484222e-03 -9.440749287605285645e-01 5.529053115844726562e+01
-9.441614747047424316e-01 1.718829199671745300e-02 3.290251195430755615e-01 8.861566925048828125e+01 1.340969093143939972e-02 9.998126626014709473e-01 -1.374924462288618088e-02 -4.587279796600341797e+00 -3.292005956172943115e-01 -8.569236844778060913e-03 -9.442182779312133789e-01 5.314638900756835938e+01
-9.447172880172729492e-01 1.953374221920967102e-02 3.272943198680877686e-01 8.938517761230468750e+01 1.655727624893188477e-02 9.997894763946533203e-01 -1.187728159129619598e-02 -4.659683227539062500e+00 -3.274582028388977051e-01 -5.801424384117126465e-03 -9.448449611663818359e-01 5.092547607421875000e+01
-9.451649188995361328e-01 1.941381581127643585e-02 3.260064125061035156e-01 9.013816833496093750e+01 1.573076844215393066e-02 9.997763633728027344e-01 -1.392917614430189133e-02 -4.727033138275146484e+00 -3.262046575546264648e-01 -8.036899380385875702e-03 -9.452620744705200195e-01 4.876921081542968750e+01
-9.466305375099182129e-01 1.879985444247722626e-02 3.217620253562927246e-01 9.086882781982421875e+01 1.572464965283870697e-02 9.997996091842651367e-01 -1.215292699635028839e-02 -4.799408435821533203e+00 -3.219267427921295166e-01 -6.444593891501426697e-03 -9.467397332191467285e-01 4.662302780151367188e+01
-9.466552138328552246e-01 1.827011071145534515e-02 3.217203021049499512e-01 9.161012268066406250e+01 1.548093836754560471e-02 9.998147487640380859e-01 -1.122512854635715485e-02 -4.869205474853515625e+00 -3.218660056591033936e-01 -5.645681638270616531e-03 -9.467658400535583496e-01 4.443854141235351562e+01
-9.476926922798156738e-01 1.879910752177238464e-02 3.186203837394714355e-01 9.237303161621093750e+01 1.621540077030658722e-02 9.998081922531127930e-01 -1.075894478708505630e-02 -4.938441276550292969e+00 -3.187617361545562744e-01 -5.029504187405109406e-03 -9.478189945220947266e-01 4.218078231811523438e+01
-9.485715031623840332e-01 2.050230279564857483e-02 3.158885836601257324e-01 9.308361053466796875e+01 1.798495277762413025e-02 9.997765421867370605e-01 -1.088183280080556870e-02 -5.009233474731445312e+00 -3.160412907600402832e-01 -4.640835803002119064e-03 -9.487315416336059570e-01 4.006129455566406250e+01
-9.487741589546203613e-01 1.798891276121139526e-02 3.154327273368835449e-01 9.378562164306640625e+01 1.605627685785293579e-02 9.998304843902587891e-01 -8.723968639969825745e-03 -5.070563793182373047e+00 -3.155363798141479492e-01 -3.212283365428447723e-03 -9.489054679870605469e-01 3.795584869384765625e+01
