9.997352957725524902e-01 1.035512657836079597e-03 -2.298539876937866211e-02 -2.250111475586891174e-02 -9.848466143012046814e-04 9.999970793724060059e-01 2.215621992945671082e-03 -9.296785108745098114e-03 2.298762649297714233e-02 -2.192399930208921432e-03 9.997333884239196777e-01 6.157946586608886719e-01
9.989555478096008301e-01 9.909142972901463509e-04 -4.568064212799072266e-02 -6.216654926538467407e-02 -8.647569338791072369e-04 9.999957680702209473e-01 2.781448885798454285e-03 -1.936773024499416351e-02 4.568320512771606445e-02 -2.739042975008487701e-03 9.989522099494934082e-01 1.356057643890380859e+00
9.973755478858947754e-01 6.456517148762941360e-04 -7.239811122417449951e-02 -1.160512343049049377e-01 -5.512023926712572575e-04 9.999989867210388184e-01 1.324564102105796337e-03 -2.020082622766494751e-02 7.239888608455657959e-02 -1.281183445826172829e-03 9.973749518394470215e-01 1.888058900833129883e+00
9.956746101379394531e-01 9.702110546641051769e-04 -9.290332347154617310e-02 -1.857434511184692383e-01 -9.768726304173469543e-04 9.999995231628417969e-01 -2.624350599944591522e-05 -2.985530532896518707e-02 9.290324896574020386e-02 1.168828457593917847e-04 9.956751465797424316e-01 2.522180080413818359e+00
9.931420683860778809e-01 1.516097923740744591e-03 -1.169033944606781006e-01 -2.597434520721435547e-01 -1.105794450268149376e-03 9.999930262565612793e-01 3.574520582333207130e-03 -3.683383017778396606e-02 1.169079840183258057e-01 -3.420737572014331818e-03 9.931368827819824219e-01 2.958963394165039062e+00
9.901779890060424805e-01 -2.841594687197357416e-05 -1.398123055696487427e-01 -3.613637089729309082e-01 7.399686728604137897e-04 9.999870657920837402e-01 5.037346854805946350e-03 -4.218896850943565369e-02 1.398103386163711548e-01 -5.091327708214521408e-03 9.901652932167053223e-01 3.602692604064941406e+00
9.863182902336120605e-01 1.559251220896840096e-03 -1.648448854684829712e-01 -4.610477089881896973e-01 -4.150582826696336269e-04 9.999756217002868652e-01 6.975235417485237122e-03 -4.672548174858093262e-02 1.648517251014709473e-01 -6.811383180320262909e-03 9.862948656082153320e-01 4.074101924896240234e+00
9.816874265670776367e-01 2.385967876762151718e-03 -1.904840320348739624e-01 -5.956693291664123535e-01 -6.937052239663898945e-04 9.999597072601318359e-01 8.950194343924522400e-03 -5.055449903011322021e-02 1.904977113008499146e-01 -8.654154837131500244e-03 9.816495776176452637e-01 4.682463645935058594e+00
9.765088558197021484e-01 3.006957704201340675e-03 -2.154566943645477295e-01 -7.544791102409362793e-01 -1.468591624870896339e-03 9.999722838401794434e-01 7.299752905964851379e-03 -5.639941245317459106e-02 2.154726982116699219e-01 -6.811855826526880264e-03 9.764862060546875000e-01 5.327061176300048828e+00
9.692535400390625000e-01 1.813568407669663429e-03 -2.460576295852661133e-01 -8.724300861358642578e-01 -1.063746749423444271e-04 9.999758601188659668e-01 6.951297167688608170e-03 -5.945262312889099121e-02 2.460643053054809570e-01 -6.711396854370832443e-03 9.692303538322448730e-01 5.733509063720703125e+00
9.628677368164062500e-01 1.539371209219098091e-03 -2.699691355228424072e-01 -9.897149801254272461e-01 -1.358131848974153399e-04 9.999864101409912109e-01 5.217564292252063751e-03 -6.087256222963333130e-02 2.699735164642333984e-01 -4.987161606550216675e-03 9.628549218177795410e-01 6.088101387023925781e+00
9.511242508888244629e-01 5.750289652496576309e-03 -3.087549507617950439e-01 -1.173981428146362305e+00 -3.899325849488377571e-03 9.999705553054809570e-01 6.611645221710205078e-03 -6.038695201277732849e-02 3.087838888168334961e-01 -5.084567703306674957e-03 9.511187076568603516e-01 6.579245090484619141e+00
9.417235851287841797e-01 5.492489319294691086e-03 -3.363428413867950439e-01 -1.342240095138549805e+00 -4.201974254101514816e-03 9.999808073043823242e-01 4.564643837511539459e-03 -5.934357643127441406e-02 3.363614678382873535e-01 -2.885336056351661682e-03 9.417286515235900879e-01 6.987416744232177734e+00
9.303168654441833496e-01 7.615937851369380951e-03 -3.666777014732360840e-01 -1.499178290367126465e+00 -6.774105131626129150e-03 9.999706745147705078e-01 3.582563716918230057e-03 -6.166257709264755249e-02 3.666942715644836426e-01 -8.490160107612609863e-04 9.303412437438964844e-01 7.338586807250976562e+00
9.157214760780334473e-01 9.461356326937675476e-03 -4.017022252082824707e-01 -1.647896647453308105e+00 -8.453033864498138428e-03 9.999551177024841309e-01 4.282532259821891785e-03 -6.317182630300521851e-02 4.017247259616851807e-01 -5.260137841105461121e-04 9.157603979110717773e-01 7.616936683654785156e+00
9.003040790557861328e-01 1.302044745534658432e-02 -4.350666105747222900e-01 -1.842350482940673828e+00 -1.177787967026233673e-02 9.999152421951293945e-01 5.552405491471290588e-03 -5.945474281907081604e-02 4.351020455360412598e-01 1.253025839105248451e-04 9.003812074661254883e-01 7.943500995635986328e+00
8.866183757781982422e-01 1.335944700986146927e-02 -4.623087048530578613e-01 -2.016725063323974609e+00 -1.313543040305376053e-02 9.999069571495056152e-01 3.703347872942686081e-03 -6.099881604313850403e-02 4.623151421546936035e-01 2.789162332192063332e-03 8.867113590240478516e-01 8.215546607971191406e+00
8.775509595870971680e-01 1.470395177602767944e-02 -4.792578816413879395e-01 -2.061684608459472656e+00 -1.399752870202064514e-02 9.998893737792968750e-01 5.046927370131015778e-03 -6.086018308997154236e-02 4.792790114879608154e-01 2.279486507177352905e-03 8.776597380638122559e-01 8.252161979675292969e+00
8.571834564208984375e-01 1.378906890749931335e-02 -5.148265957832336426e-01 -2.297850847244262695e+00 -1.512618642300367355e-02 9.998844265937805176e-01 1.595798647031188011e-03 -6.803709268569946289e-02 5.147889852523803711e-01 6.419467739760875702e-03 8.572928905487060547e-01 8.599130630493164062e+00
8.430704474449157715e-01 1.812302879989147186e-02 -5.374977588653564453e-01 -2.554249286651611328e+00 -2.132249064743518829e-02 9.997727274894714355e-01 2.652172697708010674e-04 -7.391043752431869507e-02 5.373802781105041504e-01 1.123719289898872375e-02 8.432651758193969727e-01 8.963211059570312500e+00
8.356382846832275391e-01 1.946014910936355591e-02 -5.489353537559509277e-01 -2.607593297958374023e+00 -2.457970194518566132e-02 9.996960163116455078e-01 -1.977441133931279182e-03 -6.939174979925155640e-02 5.487298965454101562e-01 1.514509413391351700e-02 8.358624577522277832e-01 9.003493309020996094e+00
8.468770384788513184e-01 1.578851044178009033e-02 -5.315544605255126953e-01 -2.605371952056884766e+00 -2.359110489487648010e-02 9.996905922889709473e-01 -7.892148569226264954e-03 -6.880304217338562012e-02 5.312652587890625000e-01 1.922362670302391052e-02 8.469873666763305664e-01 9.046923637390136719e+00
8.516732454299926758e-01 2.114838548004627228e-02 -5.236464142799377441e-01 -2.638125181198120117e+00 -2.694381214678287506e-02 9.996309876441955566e-01 -3.450256306678056717e-03 -7.199947535991668701e-02 5.233801603317260742e-01 1.704752445220947266e-02 8.519287109375000000e-01 9.102431297302246094e+00
8.614563345909118652e-01 2.365041337907314301e-02 -5.072807669639587402e-01 -2.636800050735473633e+00 -3.129410743713378906e-02 9.994887709617614746e-01 -6.544993259012699127e-03 -7.436078041791915894e-02 5.068666934967041016e-01 2.151313051581382751e-02 8.617559671401977539e-01 9.139773368835449219e+00
8.520988821983337402e-01 2.409404702484607697e-02 -5.228260755538940430e-01 -2.708623409271240234e+00 -3.211314603686332703e-02 9.994644522666931152e-01 -6.278173997998237610e-03 -7.144919037818908691e-02 5.223949551582336426e-01 2.213922329246997833e-02 8.524162173271179199e-01 9.208535194396972656e+00
8.361292481422424316e-01 2.581667155027389526e-02 -5.479246973991394043e-01 -2.888561725616455078e+00 -3.256680443882942200e-02 9.994661211967468262e-01 -2.604609122499823570e-03 -7.353968918323516846e-02 5.475651621818542480e-01 2.002195268869400024e-02 8.365235328674316406e-01 9.439773559570312500e+00
8.282054662704467773e-01 2.532074972987174988e-02 -5.598523020744323730e-01 -3.015896081924438477e+00 -3.093129396438598633e-02 9.995213150978088379e-01 -5.515941884368658066e-04 -7.392977923154830933e-02 5.595705509185791016e-01 1.777379773557186127e-02 8.285921216011047363e-01 9.603323936462402344e+00
8.131932616233825684e-01 3.071244433522224426e-02 -5.811830163002014160e-01 -3.093107938766479492e+00 -3.565952554345130920e-02 9.993596673011779785e-01 2.915987744927406311e-03 -7.213740050792694092e-02 5.809006094932556152e-01 1.835344731807708740e-02 8.137675523757934570e-01 9.662375450134277344e+00
8.053155541419982910e-01 3.650493547320365906e-02 -5.917215943336486816e-01 -3.207403898239135742e+00 -3.946126997470855713e-02 9.991894960403442383e-01 7.937184534966945648e-03 -7.321129739284515381e-02 5.915319323539733887e-01 1.695814728736877441e-02 8.061032295227050781e-01 9.784452438354492188e+00
7.866213917732238770e-01 3.547727316617965698e-02 -6.164157390594482422e-01 -3.446797847747802734e+00 -3.759586066007614136e-02 9.992474317550659180e-01 9.533984586596488953e-03 -7.571648806333541870e-02 6.162903308868408203e-01 1.567504927515983582e-02 7.873629927635192871e-01 1.005056190490722656e+01
7.640325427055358887e-01 3.389286622405052185e-02 -6.442869901657104492e-01 -3.712632417678833008e+00 -3.648684918880462646e-02 9.992907047271728516e-01 9.299768134951591492e-03 -7.269793003797531128e-02 6.441455483436584473e-01 1.640268042683601379e-02 7.647271156311035156e-01 1.032703113555908203e+01
7.411987781524658203e-01 3.346933051943778992e-02 -6.704508662223815918e-01 -3.964554309844970703e+00 -3.709344193339347839e-02 9.992722868919372559e-01 8.876699954271316528e-03 -7.237497717142105103e-02 6.702603101730346680e-01 1.828993670642375946e-02 7.419006824493408203e-01 1.055802249908447266e+01
7.648072838783264160e-01 3.298196196556091309e-02 -6.434144973754882812e-01 -4.147628307342529297e+00 -3.590342402458190918e-02 9.993185997009277344e-01 8.548637852072715759e-03 -8.104151487350463867e-02 6.432582736015319824e-01 1.656272634863853455e-02 7.654701471328735352e-01 1.081054973602294922e+01
7.621796727180480957e-01 3.644567728042602539e-02 -6.463389396667480469e-01 -4.278065681457519531e+00 -3.677862882614135742e-02 9.992390871047973633e-01 1.297469157725572586e-02 -7.298525422811508179e-02 6.463202834129333496e-01 1.388242095708847046e-02 7.629399895668029785e-01 1.095562744140625000e+01
7.663811445236206055e-01 3.268996626138687134e-02 -6.415539383888244629e-01 -4.432940959930419922e+00 -3.331782296299934387e-02 9.993828535079956055e-01 1.112246699631214142e-02 -6.980238854885101318e-02 6.415218114852905273e-01 1.285114139318466187e-02 7.669971585273742676e-01 1.116235542297363281e+01
7.662703990936279297e-01 3.381501138210296631e-02 -6.416279673576354980e-01 -4.641761779785156250e+00 -3.195474669337272644e-02 9.993839263916015625e-01 1.450720243155956268e-02 -6.827743351459503174e-02 6.417234539985656738e-01 9.386630728840827942e-03 7.668786644935607910e-01 1.142301654815673828e+01
7.671732902526855469e-01 3.313683718442916870e-02 -6.405835747718811035e-01 -4.979986190795898438e+00 -3.186376392841339111e-02 9.994004368782043457e-01 1.353759970515966415e-02 -6.585640460252761841e-02 6.406483054161071777e-01 1.002573035657405853e-02 7.677689790725708008e-01 1.183967399597167969e+01
7.625133395195007324e-01 3.639108315110206604e-02 -6.459483504295349121e-01 -5.259609699249267578e+00 -3.253057226538658142e-02 9.993103742599487305e-01 1.789772510528564453e-02 -6.866902112960815430e-02 6.461543440818786621e-01 7.365828845649957657e-03 7.631711959838867188e-01 1.215341281890869141e+01
7.664905190467834473e-01 3.682755306363105774e-02 -6.411989927291870117e-01 -5.476472854614257812e+00 -3.092113137245178223e-02 9.993128180503845215e-01 2.043282985687255859e-02 -6.587059050798416138e-02 6.415110826492309570e-01 4.165038466453552246e-03 7.671024203300476074e-01 1.242239189147949219e+01
7.655370831489562988e-01 3.484069555997848511e-02 -6.424477696418762207e-01 -5.651055335998535156e+00 -2.927082031965255737e-02 9.993847012519836426e-01 1.931888051331043243e-02 -6.416390091180801392e-02 6.427257061004638672e-01 4.015661776065826416e-03 7.660857439041137695e-01 1.261989307403564453e+01
7.559736967086791992e-01 3.458505496382713318e-02 -6.536877155303955078e-01 -6.054635524749755859e+00 -2.771167829632759094e-02 9.993988871574401855e-01 2.082794159650802612e-02 -6.444692611694335938e-02 6.540152430534362793e-01 2.369414549320936203e-03 7.564775347709655762e-01 1.307342910766601562e+01
7.377545237541198730e-01 3.177208080887794495e-02 -6.743208765983581543e-01 -6.489067077636718750e+00 -2.355126105248928070e-02 9.994950890541076660e-01 2.132662199437618256e-02 -6.485448032617568970e-02 6.746581196784973145e-01 1.472966396249830723e-04 7.381302118301391602e-01 1.353052711486816406e+01
7.157992720603942871e-01 2.618089690804481506e-02 -6.978150606155395508e-01 -6.857867717742919922e+00 -2.095275372266769409e-02 9.996521472930908203e-01 1.601257547736167908e-02 -5.734891444444656372e-02 6.979917287826538086e-01 3.159366780892014503e-03 7.160988450050354004e-01 1.386834526062011719e+01
7.043705582618713379e-01 2.532626129686832428e-02 -7.093805670738220215e-01 -7.318789005279541016e+00 -2.208431437611579895e-02 9.996613264083862305e-01 1.376149430871009827e-02 -5.519925057888031006e-02 7.094889879226684570e-01 5.973001942038536072e-03 7.046912312507629395e-01 1.431252288818359375e+01
6.979333758354187012e-01 2.362019196152687073e-02 -7.157731056213378906e-01 -7.871638774871826172e+00 -2.292391099035739899e-02 9.996805191040039062e-01 1.063644513487815857e-02 -5.268092453479766846e-02 7.157958745956420898e-01 8.984796702861785889e-03 6.982517838478088379e-01 1.484465789794921875e+01
6.937968730926513672e-01 2.246060408651828766e-02 -7.198203802108764648e-01 -8.423048019409179688e+00 -2.327288128435611725e-02 9.996907114982604980e-01 8.761908859014511108e-03 -5.107215791940689087e-02 7.197946906089782715e-01 1.067331619560718536e-02 6.941049695014953613e-01 1.537228393554687500e+01
6.932675838470458984e-01 2.042632922530174255e-02 -7.203906774520874023e-01 -9.075717926025390625e+00 -2.283910103142261505e-02 9.997189044952392578e-01 6.367338821291923523e-03 -5.292339622974395752e-02 7.203184366226196289e-01 1.203881297260522842e-02 6.935391426086425781e-01 1.600218772888183594e+01
6.926434636116027832e-01 1.805827021598815918e-02 -7.210539579391479492e-01 -9.688100814819335938e+00 -2.346061170101165771e-02 9.997216463088989258e-01 2.501057693734765053e-03 -6.327054649591445923e-02 7.208986878395080566e-01 1.518403366208076477e-02 6.928742527961730957e-01 1.658456611633300781e+01
6.922414898872375488e-01 1.753963716328144073e-02 -7.214526534080505371e-01 -1.036310386657714844e+01 -2.307039871811866760e-02 9.997314810752868652e-01 2.168725943192839622e-03 -7.570323348045349121e-02 7.212972640991210938e-01 1.514292601495981216e-02 6.924601793289184570e-01 1.723065376281738281e+01
6.914607286453247070e-01 1.520454790443181992e-02 -7.222538590431213379e-01 -1.102067852020263672e+01 -2.233626134693622589e-02 9.997504353523254395e-01 -3.376954700797796249e-04 -8.930292725563049316e-02 7.220687866210937500e-01 1.636596210300922394e-02 6.916277408599853516e-01 1.785655593872070312e+01
6.913087368011474609e-01 1.684605330228805542e-02 -7.223628759384155273e-01 -1.167157649993896484e+01 -2.095322683453559875e-02 9.997750520706176758e-01 3.263052552938461304e-03 -1.005532741546630859e-01 7.222557663917541504e-01 1.288006547838449478e-02 6.915062665939331055e-01 1.847984886169433594e+01
6.906223893165588379e-01 1.781130768358707428e-02 -7.229959964752197266e-01 -1.230780601501464844e+01 -1.952888257801532745e-02 9.997913837432861328e-01 5.975828506052494049e-03 -1.082272380590438843e-01 7.229520082473754883e-01 9.992271661758422852e-03 6.908261179924011230e-01 1.909024429321289062e+01
6.908555626869201660e-01 1.757973432540893555e-02 -7.227787971496582031e-01 -1.295484828948974609e+01 -1.943953149020671844e-02 9.997944831848144531e-01 5.736479535698890686e-03 -1.117213666439056396e-01 7.227315306663513184e-01 1.008741091936826706e-02 6.910553574562072754e-01 1.970838356018066406e+01
6.906134486198425293e-01 1.454471051692962646e-02 -7.230775356292724609e-01 -1.359001255035400391e+01 -1.892103068530559540e-02 9.998188018798828125e-01 2.039821352809667587e-03 -1.180493533611297607e-01 7.229766249656677246e-01 1.227265316992998123e-02 6.907635927200317383e-01 2.031646156311035156e+01
6.914263963699340820e-01 1.446695253252983093e-02 -7.223017215728759766e-01 -1.424147319793701172e+01 -1.838592626154422760e-02 9.998279213905334473e-01 2.425496233627200127e-03 -1.296929270029067993e-01 7.222130298614501953e-01 1.160314492881298065e-02 6.915735006332397461e-01 2.094454765319824219e+01
6.913031339645385742e-01 1.794867776334285736e-02 -7.223415374755859375e-01 -1.489704322814941406e+01 -1.863278448581695557e-02 9.998016953468322754e-01 7.010818924754858017e-03 -1.378954201936721802e-01 7.223246097564697266e-01 8.612645789980888367e-03 6.915006637573242188e-01 2.157494354248046875e+01
6.902443766593933105e-01 1.993402093648910522e-02 -7.233012914657592773e-01 -1.565356063842773438e+01 -1.804013922810554504e-02 9.997837543487548828e-01 1.033814251422882080e-02 -1.447755396366119385e-01 7.233514189720153809e-01 5.912623368203639984e-03 6.904549002647399902e-01 2.229644203186035156e+01
6.896979212760925293e-01 2.171214483678340912e-02 -7.237712740898132324e-01 -1.640275382995605469e+01 -1.695346832275390625e-02 9.997604489326477051e-01 1.383608020842075348e-02 -1.473726332187652588e-01 7.238987684249877930e-01 2.727728802710771561e-03 6.899009943008422852e-01 2.301014518737792969e+01
6.904767751693725586e-01 2.159178815782070160e-02 -7.230318784713745117e-01 -1.711940765380859375e+01 -1.725235581398010254e-02 9.997615814208984375e-01 1.338014751672744751e-02 -1.458494812250137329e-01 7.231487631797790527e-01 3.235332667827606201e-03 6.906848549842834473e-01 2.369968795776367188e+01
6.904845833778381348e-01 1.929640397429466248e-02 -7.230892777442932129e-01 -1.786577987670898438e+01 -1.795089244842529297e-02 9.997932910919189453e-01 9.539048187434673309e-03 -1.489005535840988159e-01 7.231242656707763672e-01 6.393544375896453857e-03 6.906884312629699707e-01 2.441306304931640625e+01
6.892542243003845215e-01 1.577694714069366455e-02 -7.243474125862121582e-01 -1.862543678283691406e+01 -1.618560403585433960e-02 9.998486042022705078e-01 6.376150995492935181e-03 -1.578011512756347656e-01 7.243387103080749512e-01 7.329220883548259735e-03 6.894053816795349121e-01 2.513105964660644531e+01
6.878319382667541504e-01 1.515382807701826096e-02 -7.257114052772521973e-01 -1.936849975585937500e+01 -1.629663072526454926e-02 9.998523592948913574e-01 5.432231817394495010e-03 -1.641111224889755249e-01 7.256869673728942871e-01 8.090198040008544922e-03 6.879774928092956543e-01 2.583820533752441406e+01
6.890825629234313965e-01 1.459483802318572998e-02 -7.245354652404785156e-01 -2.009518623352050781e+01 -1.583826355636119843e-02 9.998615980148315430e-01 5.077641457319259644e-03 -1.727051436901092529e-01 7.245095968246459961e-01 7.976478897035121918e-03 6.892185211181640625e-01 2.653459167480468750e+01
6.880154609680175781e-01 1.116688270121812820e-02 -7.256097197532653809e-01 -2.084262275695800781e+01 -1.474985107779502869e-02 9.998901486396789551e-01 1.402289140969514847e-03 -1.820898056030273438e-01 7.255459427833557129e-01 9.737848304212093353e-03 6.881048083305358887e-01 2.724478149414062500e+01
6.872398257255554199e-01 8.324673399329185486e-03 -7.263824343681335449e-01 -2.158289718627929688e+01 -1.465592067688703537e-02 9.998896121978759766e-01 -2.406988292932510376e-03 -1.956648677587509155e-01 7.262824773788452148e-01 1.229999121278524399e-02 6.872862577438354492e-01 2.794632911682128906e+01
6.871594190597534180e-01 4.852303303778171539e-03 -7.264900207519531250e-01 -2.233334159851074219e+01 -1.376276649534702301e-02 9.998850822448730469e-01 -6.339363753795623779e-03 -2.164648920297622681e-01 7.263759970664978027e-01 1.435467600822448730e-02 6.871475577354431152e-01 2.865700912475585938e+01
6.879547834396362305e-01 3.294828813523054123e-03 -7.257456183433532715e-01 -2.308745384216308594e+01 -1.353738550096750259e-02 9.998738765716552734e-01 -8.293140679597854614e-03 -2.422752976417541504e-01 7.256270647048950195e-01 1.553001534193754196e-02 6.879128813743591309e-01 2.937250328063964844e+01
6.883720159530639648e-01 8.691612165421247482e-04 -7.253568172454833984e-01 -2.383035087585449219e+01 -1.351930014789104462e-02 9.998408555984497070e-01 -1.163193024694919586e-02 -2.713813483715057373e-01 7.252315878868103027e-01 1.781342551112174988e-02 6.882744431495666504e-01 3.007353019714355469e+01
6.882494688034057617e-01 2.904497087001800537e-03 -7.254677414894104004e-01 -2.458687591552734375e+01 -1.377452351152896881e-02 9.998639225959777832e-01 -9.064802899956703186e-03 -2.941318750381469727e-01 7.253429889678955078e-01 1.623183116316795349e-02 6.881961226463317871e-01 3.079332160949707031e+01
6.879896521568298340e-01 4.687380045652389526e-03 -7.257048487663269043e-01 -2.534593009948730469e+01 -1.325166784226894379e-02 9.998934268951416016e-01 -6.104609463363885880e-03 -3.127133250236511230e-01 7.255992293357849121e-01 1.381671987473964691e-02 6.879787445068359375e-01 3.151715087890625000e+01
6.873993873596191406e-01 6.744194310158491135e-03 -7.262477874755859375e-01 -2.611044692993164062e+01 -1.221994496881961823e-02 9.999226331710815430e-01 -2.280661603435873985e-03 -3.338085412979125977e-01 7.261765599250793457e-01 1.044244505465030670e-02 6.874288320541381836e-01 3.224311065673828125e+01
6.880431175231933594e-01 7.418161723762750626e-03 -7.256313562393188477e-01 -2.690999412536621094e+01 -1.275314297527074814e-02 9.999167919158935547e-01 -1.870347652584314346e-03 -3.510507345199584961e-01 7.255574464797973633e-01 1.054097246378660202e-02 6.880807280540466309e-01 3.300453948974609375e+01
6.887352466583251953e-01 5.675436928868293762e-03 -7.249901890754699707e-01 -2.764774131774902344e+01 -1.338552311062812805e-02 9.998983740806579590e-01 -4.888669587671756744e-03 -3.740219473838806152e-01 7.248890995979309082e-01 1.307138614356517792e-02 6.887413859367370605e-01 3.370382690429687500e+01
6.884344220161437988e-01 3.273734357208013535e-03 -7.252905964851379395e-01 -2.840808486938476562e+01 -1.208235602825880051e-02 9.999027252197265625e-01 -6.955157034099102020e-03 -3.989937603473663330e-01 7.251976132392883301e-01 1.355140376836061478e-02 6.884071826934814453e-01 3.442322158813476562e+01
6.883077621459960938e-01 4.766197875142097473e-03 -7.254025340080261230e-01 -2.915822982788085938e+01 -1.146499346941709518e-02 9.999248981475830078e-01 -4.308806732296943665e-03 -4.230407178401947021e-01 7.253279089927673340e-01 1.128253340721130371e-02 6.883108615875244141e-01 3.513751220703125000e+01
6.879949569702148438e-01 7.187055423855781555e-03 -7.256792783737182617e-01 -2.990899467468261719e+01 -1.053229346871376038e-02 9.999443888664245605e-01 -8.202623575925827026e-05 -4.415490031242370605e-01 7.256387472152709961e-01 7.699513342231512070e-03 6.880325675010681152e-01 3.585067367553710938e+01
6.877575516700744629e-01 6.104489322751760483e-03 -7.259141802787780762e-01 -3.063308906555175781e+01 -1.041194517165422440e-02 9.999445676803588867e-01 -1.455762307159602642e-03 -4.545954465866088867e-01 7.258654832839965820e-01 8.559403009712696075e-03 6.877831816673278809e-01 3.654138565063476562e+01
6.877906918525695801e-01 4.289913922548294067e-03 -7.258958220481872559e-01 -3.138096618652343750e+01 -9.263932704925537109e-03 9.999528527259826660e-01 -2.868111012503504753e-03 -4.739171266555786133e-01 7.258496880531311035e-01 8.697321638464927673e-03 6.877981424331665039e-01 3.725125503540039062e+01
6.866198778152465820e-01 2.558346604928374290e-03 -7.270115017890930176e-01 -3.213255691528320312e+01 -8.891193196177482605e-03 9.999484419822692871e-01 -4.878423176705837250e-03 -4.953402876853942871e-01 7.269619107246398926e-01 9.813633747398853302e-03 6.866073608398437500e-01 3.796455764770507812e+01
6.878255009651184082e-01 2.494578016921877861e-03 -7.258712649345397949e-01 -3.287463378906250000e+01 -9.283470921218395233e-03 9.999424219131469727e-01 -5.360438488423824310e-03 -5.176587104797363281e-01 7.258164882659912109e-01 1.042566262185573578e-02 6.878091096878051758e-01 3.866768646240234375e+01
6.880208253860473633e-01 5.080110393464565277e-03 -7.256726026535034180e-01 -3.363177108764648438e+01 -9.311080910265445709e-03 9.999548792839050293e-01 -1.827755244448781013e-03 -5.398781895637512207e-01 7.256309390068054199e-01 8.014340884983539581e-03 6.880372166633605957e-01 3.938920211791992188e+01
6.883220076560974121e-01 7.996112108230590820e-03 -7.253606319427490234e-01 -3.437865447998046875e+01 -9.436226449906826019e-03 9.999532699584960938e-01 2.068710047751665115e-03 -5.519751310348510742e-01 7.253436446189880371e-01 5.420738365501165390e-03 6.883653998374938965e-01 4.009902191162109375e+01
6.877720355987548828e-01 1.113259512931108475e-02 -7.258408069610595703e-01 -3.510396957397460938e+01 -8.540688082575798035e-03 9.999372363090515137e-01 7.243784144520759583e-03 -5.646759867668151855e-01 7.258762121200561523e-01 1.217117300257086754e-03 6.878240108489990234e-01 4.078828811645507812e+01
6.877962350845336914e-01 1.289430633187294006e-02 -7.257887721061706543e-01 -3.584067535400390625e+01 -8.460475131869316101e-03 9.999166727066040039e-01 9.746822528541088104e-03 -5.690666437149047852e-01 7.258542776107788086e-01 -5.633012624457478523e-04 6.878480315208435059e-01 4.149172210693359375e+01
6.891542077064514160e-01 1.151749864220619202e-02 -7.245226502418518066e-01 -3.657212448120117188e+01 -8.051728829741477966e-03 9.999336004257202148e-01 8.236920461058616638e-03 -5.723263621330261230e-01 7.245697379112243652e-01 1.571609172970056534e-04 6.892012357711791992e-01 4.218909835815429688e+01
6.886471509933471680e-01 1.013882737606763840e-02 -7.250251770019531250e-01 -3.730867385864257812e+01 -9.374595247209072113e-03 9.999430775642395020e-01 5.079060327261686325e-03 -5.779564380645751953e-01 7.250356674194335938e-01 3.299146890640258789e-03 6.887030601501464844e-01 4.289355087280273438e+01
6.887036561965942383e-01 7.350590080022811890e-03 -7.250050902366638184e-01 -3.803768920898437500e+01 -9.094486013054847717e-03 9.999574422836303711e-01 1.499099889770150185e-03 -5.862041115760803223e-01 7.249855399131774902e-01 5.561123602092266083e-03 6.887413263320922852e-01 4.358722305297851562e+01
6.893491744995117188e-01 8.267959579825401306e-03 -7.243814468383789062e-01 -3.876108169555664062e+01 -9.163708426058292389e-03 9.999543428421020508e-01 2.692739712074398994e-03 -5.972899794578552246e-01 7.243709564208984375e-01 4.781792871654033661e-03 6.893935203552246094e-01 4.427746200561523438e+01
6.902083158493041992e-01 7.913244888186454773e-03 -7.235667705535888672e-01 -3.952222824096679688e+01 -8.612173609435558319e-03 9.999591112136840820e-01 2.720842836424708366e-03 -6.120964288711547852e-01 7.235592007637023926e-01 4.353544674813747406e-03 6.902483701705932617e-01 4.500520324707031250e+01
6.916871666908264160e-01 7.493349723517894745e-03 -7.221576571464538574e-01 -4.024128723144531250e+01 -9.668486192822456360e-03 9.999525547027587891e-01 1.115279970690608025e-03 -6.214463710784912109e-01 7.221322059631347656e-01 6.210758350789546967e-03 6.917269229888916016e-01 4.569696044921875000e+01
6.911627650260925293e-01 7.103099487721920013e-03 -7.226635217666625977e-01 -4.095940780639648438e+01 -8.416074328124523163e-03 9.999629259109497070e-01 1.779445447027683258e-03 -6.373524665832519531e-01 7.226497530937194824e-01 4.852113779634237289e-03 6.911970376968383789e-01 4.638332748413085938e+01
6.930183172225952148e-01 7.835973054170608521e-03 -7.208766937255859375e-01 -4.169575119018554688e+01 -9.297735057771205902e-03 9.999548196792602539e-01 1.931120641529560089e-03 -6.546109914779663086e-01 7.208596467971801758e-01 5.364228505641222000e-03 6.930599808692932129e-01 4.709362411499023438e+01
6.947482824325561523e-01 7.432020269334316254e-03 -7.192138433456420898e-01 -4.242429351806640625e+01 -9.696735069155693054e-03 9.999524354934692383e-01 9.661351214163005352e-04 -6.694869399070739746e-01 7.191872000694274902e-01 6.302815861999988556e-03 6.947874426841735840e-01 4.779912185668945312e+01
6.948802471160888672e-01 8.810936473309993744e-03 -7.190707921981811523e-01 -4.316394805908203125e+01 -8.006840944290161133e-03 9.999576210975646973e-01 4.515202250331640244e-03 -6.833369135856628418e-01 7.190805673599243164e-01 2.619969891384243965e-03 6.949214935302734375e-01 4.851285552978515625e+01
6.936315894126892090e-01 1.142813079059123993e-02 -7.202386260032653809e-01 -4.382490921020507812e+01 -8.013216778635978699e-03 9.999345541000366211e-01 8.148889988660812378e-03 -6.855091452598571777e-01 7.202850580215454102e-01 1.191103365272283554e-04 6.936779022216796875e-01 4.915507125854492188e+01
6.945039629936218262e-01 1.059134490787982941e-02 -7.194103002548217773e-01 -4.445472717285156250e+01 -6.474555935710668564e-03 9.999430179595947266e-01 8.470992557704448700e-03 -6.907483339309692383e-01 7.194594740867614746e-01 -1.225267304107546806e-03 6.945330500602722168e-01 4.976397705078125000e+01
6.948168873786926270e-01 7.788282819092273712e-03 -7.191439270973205566e-01 -4.510488128662109375e+01 -5.771137773990631104e-03 9.999694228172302246e-01 5.253667943179607391e-03 -6.992961168289184570e-01 7.191632390022277832e-01 4.999500233680009842e-04 6.948406696319580078e-01 5.039107894897460938e+01
6.955999732017517090e-01 3.756758756935596466e-03 -7.184189558029174805e-01 -4.573841857910156250e+01 -5.251901224255561829e-03 9.999860525131225586e-01 1.440201885998249054e-04 -7.069433927536010742e-01 7.184098362922668457e-01 3.672895254567265511e-03 6.956100463867187500e-01 5.100349807739257812e+01
6.955575942993164062e-01 4.541819915175437927e-03 -7.184554338455200195e-01 -4.640194320678710938e+01 -5.157792475074529648e-03 9.999856352806091309e-01 1.328121521510183811e-03 -7.208027839660644531e-01 7.184516191482543945e-01 2.781869377940893173e-03 6.955710649490356445e-01 5.164743041992187500e+01
6.966415643692016602e-01 4.627172835171222687e-03 -7.174038887023925781e-01 -4.703774261474609375e+01 -5.995005834847688675e-03 9.999816417694091797e-01 6.282383692450821400e-04 -7.329277396202087402e-01 7.173941135406494141e-01 3.863194491714239120e-03 6.966565847396850586e-01 5.226614761352539062e+01
6.977682113647460938e-01 4.814750514924526215e-03 -7.163068652153015137e-01 -4.768004989624023438e+01 -6.565467454493045807e-03 9.999782443046569824e-01 3.259133663959801197e-04 -7.423025965690612793e-01 7.162933349609375000e-01 4.475488793104887009e-03 6.977846622467041016e-01 5.289551544189453125e+01
6.984434723854064941e-01 4.537730012089014053e-03 -7.156503200531005859e-01 -4.831755828857421875e+01 -6.165085360407829285e-03 9.999808073043823242e-01 3.237083146814256907e-04 -7.505943775177001953e-01 7.156385183334350586e-01 4.185964819043874741e-03 6.984580755233764648e-01 5.352048873901367188e+01
6.993145942687988281e-01 2.482901327311992645e-03 -7.148091793060302734e-01 -4.896973800659179688e+01 -5.346084479242563248e-03 9.999839663505554199e-01 -1.756765064783394337e-03 -7.600622773170471191e-01 7.147938609123229980e-01 5.049972794950008392e-03 6.993167996406555176e-01 5.416166305541992188e+01
6.999098062515258789e-01 2.567508956417441368e-03 -7.142260670661926270e-01 -4.960670089721679688e+01 -4.962706938385963440e-03 9.999867081642150879e-01 -1.268492778763175011e-03 -7.708704471588134766e-01 7.142137885093688965e-01 4.432335961610078812e-03 6.999133229255676270e-01 5.479124069213867188e+01
7.003484964370727539e-01 2.982479752972722054e-03 -7.137942910194396973e-01 -5.023954391479492188e+01 -5.269800312817096710e-03 9.999854564666748047e-01 -9.922729805111885071e-04 -7.842413187026977539e-01 7.137814164161682129e-01 4.456501454114913940e-03 7.003540992736816406e-01 5.541464233398437500e+01
7.018610239028930664e-01 3.278125775977969170e-03 -7.123058438301086426e-01 -5.086439514160156250e+01 -5.594330839812755585e-03 9.999837875366210938e-01 -9.102667681872844696e-04 -7.994617819786071777e-01 7.122917771339416504e-01 4.623766057193279266e-03 7.018679976463317871e-01 5.603154754638671875e+01
7.027068138122558594e-01 3.427745308727025986e-03 -7.114706635475158691e-01 -5.150439834594726562e+01 -4.950557369738817215e-03 9.999876022338867188e-01 -7.183128036558628082e-05 -8.132215142250061035e-01 7.114620804786682129e-01 3.572663292288780212e-03 7.027150988578796387e-01 5.666660690307617188e+01
7.038881182670593262e-01 2.962956437841057777e-03 -7.103040814399719238e-01 -5.210478973388671875e+01 -5.037490278482437134e-03 9.999868273735046387e-01 -8.206770871765911579e-04 -8.200675845146179199e-01 7.102928161621093750e-01 4.155825357884168625e-03 7.038937211036682129e-01 5.726514816284179688e+01
7.045339345932006836e-01 1.745972316712141037e-03 -7.096675634384155273e-01 -5.272937393188476562e+01 -4.566294606775045395e-03 9.999873042106628418e-01 -2.073052339255809784e-03 -8.310564160346984863e-01 7.096554040908813477e-01 4.701097030192613602e-03 7.045329213142395020e-01 5.788834381103515625e+01
7.058752179145812988e-01 1.688128570094704628e-03 -7.083336114883422852e-01 -5.336266326904296875e+01 -5.076588131487369537e-03 9.999834299087524414e-01 -2.675796160474419594e-03 -8.404665589332580566e-01 7.083177566528320312e-01 5.484706722199916840e-03 7.058720588684082031e-01 5.852357482910156250e+01
7.066738605499267578e-01 -1.849710824899375439e-04 -7.075388431549072266e-01 -5.399527740478515625e+01 -3.419774584472179413e-03 9.999873042106628418e-01 -3.677046857774257660e-03 -8.596413731575012207e-01 7.075308561325073242e-01 5.018106661736965179e-03 7.066642642021179199e-01 5.916112136840820312e+01
7.069749236106872559e-01 -1.537006581202149391e-03 -7.072363495826721191e-01 -5.465585708618164062e+01 -2.596008591353893280e-03 9.999851584434509277e-01 -4.768302198499441147e-03 -8.731313943862915039e-01 7.072334885597229004e-01 5.207072012126445770e-03 7.069604992866516113e-01 5.982708740234375000e+01
7.066717743873596191e-01 -2.406285377219319344e-03 -7.075368762016296387e-01 -5.528046798706054688e+01 -1.768309506587684155e-03 9.999849796295166016e-01 -5.167057272046804428e-03 -8.896682262420654297e-01 7.075389623641967773e-01 4.902567248791456223e-03 7.066569328308105469e-01 6.045087051391601562e+01
7.073658704757690430e-01 -3.348755417391657829e-03 -7.068390846252441406e-01 -5.588170242309570312e+01 -1.624656608328223228e-03 9.999783039093017578e-01 -6.363442167639732361e-03 -9.022867083549499512e-01 7.068452835083007812e-01 5.649662576615810394e-03 7.073451876640319824e-01 6.105793762207031250e+01
7.087934613227844238e-01 -3.315702779218554497e-03 -7.054076790809631348e-01 -5.649286270141601562e+01 -2.041215309873223305e-03 9.999749660491943359e-01 -6.751330569386482239e-03 -9.215279817581176758e-01 7.054126858711242676e-01 6.225198507308959961e-03 7.087690830230712891e-01 6.167559051513671875e+01
7.110390663146972656e-01 -5.244260653853416443e-03 -7.031323313713073730e-01 -5.709431076049804688e+01 -1.372546656057238579e-03 9.999597668647766113e-01 -8.846137672662734985e-03 -9.416610002517700195e-01 7.031507492065429688e-01 7.255043834447860718e-03 7.110034227371215820e-01 6.228441619873046875e+01
7.119799256324768066e-01 -6.405824329704046249e-03 -7.021700143814086914e-01 -5.767808151245117188e+01 -8.755474118515849113e-04 9.999493360519409180e-01 -1.001024525612592697e-02 -9.584349393844604492e-01 7.021988630294799805e-01 7.741889916360378265e-03 7.119385004043579102e-01 6.287977600097656250e+01
7.206640243530273438e-01 -7.451588753610849380e-03 -6.932438611984252930e-01 -5.805373382568359375e+01 5.200530285947024822e-04 9.999476075172424316e-01 -1.020771823823451996e-02 -9.745789170265197754e-01 6.932837963104248047e-01 6.995824165642261505e-03 7.206304073333740234e-01 6.328702926635742188e+01
7.320616841316223145e-01 -8.639298379421234131e-03 -6.811829805374145508e-01 -5.851204681396484375e+01 1.675338600762188435e-03 9.999392032623291016e-01 -1.088157668709754944e-02 -9.943177103996276855e-01 6.812357902526855469e-01 6.824788637459278107e-03 7.320319414138793945e-01 6.379805755615234375e+01
7.436425685882568359e-01 -8.049762807786464691e-03 -6.685283780097961426e-01 -5.897658538818359375e+01 9.464171016588807106e-04 9.999390244483947754e-01 -1.098756492137908936e-02 -1.012259960174560547e+00 6.685762405395507812e-01 7.538130041211843491e-03 7.436050772666931152e-01 6.433931732177734375e+01
7.541689276695251465e-01 -7.761639542877674103e-03 -6.566340923309326172e-01 -5.937072372436523438e+01 9.244648390449583530e-04 9.999415278434753418e-01 -1.075790449976921082e-02 -1.027034521102905273e+00 6.566793322563171387e-01 7.506257854402065277e-03 7.541322112083435059e-01 6.480312347412109375e+01
7.621788978576660156e-01 -9.005644358694553375e-03 -6.473033428192138672e-01 -5.976427459716796875e+01 1.802979269996285439e-03 9.999287128448486328e-01 -1.178865414112806320e-02 -1.047527432441711426e+00 6.473634839057922363e-01 7.818005047738552094e-03 7.621409893035888672e-01 6.527692413330078125e+01
7.693682909011840820e-01 -1.048204675316810608e-02 -6.387190222740173340e-01 -6.008139801025390625e+01 3.708286443725228310e-03 9.999215602874755859e-01 -1.194299291819334030e-02 -1.061409950256347656e+00 6.387942433357238770e-01 6.820017471909523010e-03 7.693470716476440430e-01 6.567581939697265625e+01
7.721102237701416016e-01 -1.437340583652257919e-02 -6.353256702423095703e-01 -6.036108016967773438e+01 4.726852755993604660e-03 9.998461604118347168e-01 -1.687571778893470764e-02 -1.076928138732910156e+00 6.354706883430480957e-01 1.002683769911527634e-02 7.720596194267272949e-01 6.602922058105468750e+01
7.799236178398132324e-01 -1.245115511119365692e-02 -6.257504820823669434e-01 -6.075701522827148438e+01 4.657204262912273407e-03 9.998895525932312012e-01 -1.409115735441446304e-02 -1.092474341392517090e+00 6.258569955825805664e-01 8.075788617134094238e-03 7.798957228660583496e-01 6.654656219482421875e+01
7.865731120109558105e-01 -1.428681332617998123e-02 -6.173314452171325684e-01 -6.109058380126953125e+01 6.924369372427463531e-03 9.998732209205627441e-01 -1.431727595627307892e-02 -1.107478380203247070e+00 6.174578666687011719e-01 6.986973341554403305e-03 7.865725755691528320e-01 6.698147583007812500e+01
7.938954234123229980e-01 -1.480118557810783386e-02 -6.078737378120422363e-01 -6.145433044433593750e+01 8.827586658298969269e-03 9.998785853385925293e-01 -1.281717792153358459e-02 -1.123957157135009766e+00 6.079897880554199219e-01 4.809461534023284912e-03 7.939298748970031738e-01 6.747129821777343750e+01
8.127447962760925293e-01 -1.566074416041374207e-02 -5.824087858200073242e-01 -6.169384002685546875e+01 1.225619018077850342e-02 9.998767375946044922e-01 -9.782941080629825592e-03 -1.131044745445251465e+00 5.824903249740600586e-01 8.129433263093233109e-04 8.128367662429809570e-01 6.785127258300781250e+01
8.322989940643310547e-01 -1.357490010559558868e-02 -5.541602373123168945e-01 -6.191197204589843750e+01 1.262144278734922409e-02 9.999047517776489258e-01 -5.537754856050014496e-03 -1.139966487884521484e+00 5.541826486587524414e-01 -2.385214436799287796e-03 8.323912024497985840e-01 6.822882080078125000e+01
8.446620702743530273e-01 -1.395445689558982849e-02 -5.351174473762512207e-01 -6.218777465820312500e+01 1.388686709105968475e-02 9.998946785926818848e-01 -4.154765047132968903e-03 -1.145047783851623535e+00 5.351191163063049316e-01 -3.921713680028915405e-03 8.447670340538024902e-01 6.868146514892578125e+01
8.562423586845397949e-01 -1.428465358912944794e-02 -5.163763165473937988e-01 -6.243510437011718750e+01 1.390409842133522034e-02 9.998924136161804199e-01 -4.604878835380077362e-03 -1.150747895240783691e+00 5.163866281509399414e-01 -3.236836055293679237e-03 8.563489913940429688e-01 6.910544586181640625e+01
