9.999995231628417969e-01 -1.033726439345628023e-04 9.793349308893084526e-04 -5.670920945703983307e-04 1.026356767397373915e-04 9.999997019767761230e-01 7.329360232688486576e-04 -3.806154429912567139e-02 -9.794124634936451912e-04 -7.328324136324226856e-04 9.999992251396179199e-01 2.042338609695434570e+00
9.999991059303283691e-01 -3.072835097555071115e-04 1.396053237840533257e-03 5.777459591627120972e-04 3.070985549129545689e-04 1.000000357627868652e+00 -1.424206420779228210e-04 -7.906590402126312256e-02 -1.396190258674323559e-03 1.427670940756797791e-04 9.999994635581970215e-01 4.170514106750488281e+00
9.999930858612060547e-01 -8.060478721745312214e-04 3.654882311820983887e-03 2.064549364149570465e-03 8.077269885689020157e-04 9.999998807907104492e-01 -5.654926644638180733e-04 -1.145385578274726868e-01 -3.654608502984046936e-03 5.683482158929109573e-04 9.999936223030090332e-01 6.027828216552734375e+00
9.999949932098388672e-01 -3.129884833469986916e-03 -6.384840235114097595e-04 2.503417897969484329e-03 3.129826858639717102e-03 9.999953508377075195e-01 5.119469715282320976e-04 -1.593564152717590332e-01 6.366919260472059250e-04 -5.140498396940529346e-04 1.000000119209289551e+00 8.127804756164550781e+00
9.999914765357971191e-01 -3.915811423212289810e-03 -1.402331748977303505e-03 -2.069128211587667465e-03 3.917804453521966934e-03 9.999912977218627930e-01 1.689163502305746078e-03 -1.969258785247802734e-01 1.395507249981164932e-03 -1.694757025688886642e-03 9.999980330467224121e-01 1.018015289306640625e+01
9.999927282333374023e-01 -3.121965797618031502e-03 -2.241735812276601791e-03 -1.010301336646080017e-02 3.126864088699221611e-03 9.999927282333374023e-01 2.350088674575090408e-03 -2.338867932558059692e-01 2.234189305454492569e-03 -2.357189310714602470e-03 9.999951720237731934e-01 1.222501277923583984e+01
9.999950528144836426e-01 -2.409868640825152397e-03 2.083887113258242607e-03 -1.164972316473722458e-02 2.407065127044916153e-03 9.999967813491821289e-01 1.170275500044226646e-03 -2.651051878929138184e-01 -2.086894121021032333e-03 -1.165362540632486343e-03 9.999975562095642090e-01 1.408590602874755859e+01
9.999955296516418457e-01 -2.912696218118071556e-03 8.810887811705470085e-04 -1.443906221538782120e-02 2.909578150138258934e-03 9.999911785125732422e-01 3.131806850433349609e-03 -2.999820709228515625e-01 -8.904065471142530441e-04 -3.129343269392848015e-03 9.999951124191284180e-01 1.594631385803222656e+01
9.999983310699462891e-01 -1.879840157926082611e-03 -4.415961448103189468e-04 -1.869227923452854156e-02 1.881049945950508118e-03 9.999921917915344238e-01 3.558557480573654175e-03 -3.301501274108886719e-01 4.346963833086192608e-04 -3.559506032615900040e-03 9.999939799308776855e-01 1.788198089599609375e+01
9.999922513961791992e-01 -3.950543235987424850e-03 -6.208040285855531693e-04 -2.393926680088043213e-02 3.952308092266321182e-03 9.999865889549255371e-01 3.442026209086179733e-03 -3.653816580772399902e-01 6.069882074370980263e-04 -3.444572445005178452e-03 9.999943375587463379e-01 1.996024322509765625e+01
9.999936223030090332e-01 -3.603388788178563118e-03 5.379031063057482243e-04 -2.985272370278835297e-02 3.601223463192582130e-03 9.999883174896240234e-01 3.332356223836541176e-03 -4.020763635635375977e-01 -5.501128616742789745e-04 -3.330504521727561951e-03 9.999947547912597656e-01 2.205281066894531250e+01
9.999808669090270996e-01 -5.221352446824312210e-03 3.372940933331847191e-03 -2.667917683720588684e-02 5.211085546761751175e-03 9.999824762344360352e-01 2.942271530628204346e-03 -4.412362277507781982e-01 -3.388450248166918755e-03 -2.924731932580471039e-03 9.999904036521911621e-01 2.417929649353027344e+01
9.999660849571228027e-01 -3.353430191054940224e-03 7.542628329247236252e-03 -1.553311944007873535e-02 3.338301321491599083e-03 9.999929070472717285e-01 1.971255987882614136e-03 -4.729252159595489502e-01 -7.549390196800231934e-03 -1.946106087416410446e-03 9.999700188636779785e-01 2.623358535766601562e+01
9.999390840530395508e-01 -3.941936884075403214e-03 1.032691076397895813e-02 5.748992785811424255e-03 3.943653311580419540e-03 9.999926090240478516e-01 -1.797117292881011963e-04 -5.092675089836120605e-01 -1.032633055001497269e-02 2.203298499807715416e-04 9.999470710754394531e-01 2.848451232910156250e+01
9.999480843544006348e-01 -4.814783576875925064e-03 8.994866162538528442e-03 2.303250320255756378e-02 4.831328522413969040e-03 9.999870061874389648e-01 -1.856633927673101425e-03 -5.519950389862060547e-01 -8.986018598079681396e-03 1.899901893921196461e-03 9.999582767486572266e-01 3.053280067443847656e+01
9.999490976333618164e-01 -4.772139247506856918e-03 8.903788402676582336e-03 3.918800875544548035e-02 4.791108425706624985e-03 9.999866485595703125e-01 -2.145868027582764626e-03 -5.902621746063232422e-01 -8.893625810742378235e-03 2.188321202993392944e-03 9.999585747718811035e-01 3.242252349853515625e+01
9.999109506607055664e-01 -4.348612390458583832e-03 1.262561790645122528e-02 5.851171910762786865e-02 4.371224902570247650e-03 9.999892115592956543e-01 -1.789071713574230671e-03 -6.238521337509155273e-01 -1.261789910495281219e-02 1.844003447331488132e-03 9.999192357063293457e-01 3.405858230590820312e+01
9.999124407768249512e-01 -5.231536459177732468e-03 1.216601766645908356e-02 8.023428916931152344e-02 5.267666652798652649e-03 9.999821186065673828e-01 -2.965372055768966675e-03 -6.563809514045715332e-01 -1.215049251914024353e-02 3.029104322195053101e-03 9.999221563339233398e-01 3.560659790039062500e+01
9.999372959136962891e-01 -6.636551581323146820e-03 9.035753086209297180e-03 9.516932070255279541e-02 6.662146653980016708e-03 9.999741315841674805e-01 -2.840199042111635208e-03 -6.962943673133850098e-01 -9.016876108944416046e-03 2.900120569393038750e-03 9.999557137489318848e-01 3.717800521850585938e+01
9.999357461929321289e-01 -7.735777180641889572e-03 8.300004526972770691e-03 1.082578971982002258e-01 7.761983666568994522e-03 9.999652504920959473e-01 -3.168291412293910980e-03 -7.334082722663879395e-01 -8.275403641164302826e-03 3.232396906241774559e-03 9.999610781669616699e-01 3.876951217651367188e+01
9.999597668647766113e-01 -5.857465788722038269e-03 -6.802905350923538208e-03 9.933837503194808960e-02 5.834254901856184006e-03 9.999775886535644531e-01 -3.379979170858860016e-03 -7.624712586402893066e-01 6.822356022894382477e-03 3.340042429044842720e-03 9.999716877937316895e-01 4.015707778930664062e+01
9.997483491897583008e-01 -5.535975564271211624e-03 -2.174122072756290436e-02 7.762746512889862061e-02 5.469542928040027618e-03 9.999805688858032227e-01 -3.099189139902591705e-03 -7.888958454132080078e-01 2.175776287913322449e-02 2.979383571073412895e-03 9.997593760490417480e-01 4.150783920288085938e+01
9.997848272323608398e-01 -5.044663790613412857e-03 -2.012088894844055176e-02 4.354117438197135925e-02 4.995943047106266022e-03 9.999848604202270508e-01 -2.455862704664468765e-03 -8.223728537559509277e-01 2.013277262449264526e-02 2.354713156819343567e-03 9.997951388359069824e-01 4.311528778076171875e+01
9.991258382797241211e-01 -3.822677303105592728e-03 -4.162889719009399414e-02 -1.045160368084907532e-02 3.740805434063076973e-03 9.999912977218627930e-01 -2.037115395069122314e-03 -8.589665293693542480e-01 4.163612425327301025e-02 1.879508257843554020e-03 9.991316795349121094e-01 4.441067123413085938e+01
9.980703592300415039e-01 -3.396091517060995102e-03 -6.199954077601432800e-02 -9.379920363426208496e-02 3.275416325777769089e-03 9.999929070472717285e-01 -2.043009502813220024e-03 -8.900693058967590332e-01 6.200584769248962402e-02 1.835891511291265488e-03 9.980747103691101074e-01 4.574062347412109375e+01
9.971753358840942383e-01 -4.560292698442935944e-03 -7.496999949216842651e-02 -1.453362256288528442e-01 4.391079302877187729e-03 9.999877810478210449e-01 -2.417713636532425880e-03 -9.148476123809814453e-01 7.497992366552352905e-02 2.081586979329586029e-03 9.971835017204284668e-01 4.641155624389648438e+01
9.925205707550048828e-01 -2.954985480755567551e-03 -1.220407932996749878e-01 -2.710858583450317383e-01 2.745564794167876244e-03 9.999947547912597656e-01 -1.881635398603975773e-03 -9.400616884231567383e-01 1.220455542206764221e-01 1.532393973320722580e-03 9.925239086151123047e-01 4.725554656982421875e+01
9.871645569801330566e-01 -1.610752893611788750e-03 -1.596975028514862061e-01 -4.199959635734558105e-01 1.181413186714053154e-03 9.999956488609313965e-01 -2.781464252620935440e-03 -9.649987220764160156e-01 1.597011685371398926e-01 2.556996885687112808e-03 9.871626496315002441e-01 4.805874633789062500e+01
9.813761115074157715e-01 -2.041337778791785240e-03 -1.920844912528991699e-01 -5.364886522293090820e-01 1.604635152034461498e-03 9.999959468841552734e-01 -2.427451778203248978e-03 -9.898323416709899902e-01 1.920885443687438965e-01 2.073919866234064102e-03 9.813759326934814453e-01 4.852582550048828125e+01
9.690008759498596191e-01 8.128854678943753242e-04 -2.470552921295166016e-01 -7.149945497512817383e-01 -1.911521889269351959e-03 9.999893903732299805e-01 -4.205893259495496750e-03 -1.015889048576354980e+00 2.470491677522659302e-01 4.547666758298873901e-03 9.689927697181701660e-01 4.906099319458007812e+01
9.580829739570617676e-01 2.625464694574475288e-03 -2.864781916141510010e-01 -8.598730564117431641e-01 -3.415249288082122803e-03 9.999916553497314453e-01 -2.256190404295921326e-03 -1.046218872070312500e+00 2.864698171615600586e-01 3.139913314953446388e-03 9.580845832824707031e-01 4.942878341674804688e+01
9.571477174758911133e-01 3.104875097051262856e-03 -2.895829379558563232e-01 -1.132524251937866211e+00 -3.898249939084053040e-03 9.999901056289672852e-01 -2.161926124244928360e-03 -1.082128882408142090e+00 2.895732820034027100e-01 3.198046702891588211e-03 9.571509957313537598e-01 5.032949066162109375e+01
9.429222941398620605e-01 7.784909568727016449e-03 -3.329210877418518066e-01 -1.430337309837341309e+00 -7.749215234071016312e-03 9.999689459800720215e-01 1.435951562598347664e-03 -1.107312917709350586e+00 3.329219222068786621e-01 1.225783489644527435e-03 9.429540038108825684e-01 5.110366058349609375e+01
9.320874810218811035e-01 8.499424904584884644e-03 -3.621326684951782227e-01 -1.578959703445434570e+00 -8.569901809096336365e-03 9.999622702598571777e-01 1.412479556165635586e-03 -1.134663343429565430e+00 3.621310591697692871e-01 1.786785665899515152e-03 9.321258664131164551e-01 5.142496109008789062e+01
9.155459403991699219e-01 8.241943083703517914e-03 -4.021282196044921875e-01 -1.790083646774291992e+00 -7.688554469496011734e-03 9.999659061431884766e-01 2.990933600813150406e-03 -1.160664796829223633e+00 4.021393060684204102e-01 3.533457638695836067e-04 9.155787825584411621e-01 5.180157089233398438e+01
8.948130607604980469e-01 1.210173312574625015e-02 -4.462762475013732910e-01 -1.946304559707641602e+00 -9.942810982465744019e-03 9.999247193336486816e-01 7.179781794548034668e-03 -1.191612124443054199e+00 4.463296830654144287e-01 -1.987426076084375381e-03 8.948667645454406738e-01 5.200009918212890625e+01
8.731194138526916504e-01 1.206916011869907379e-02 -4.873562753200531006e-01 -2.133091449737548828e+00 -9.649257175624370575e-03 9.999253749847412109e-01 7.476267404854297638e-03 -1.210976839065551758e+00 4.874103665351867676e-01 -1.825151615776121616e-03 8.731715083122253418e-01 5.224404907226562500e+01
8.515762090682983398e-01 1.286786515265703201e-02 -5.240721106529235840e-01 -2.386970758438110352e+00 -1.083782315254211426e-02 9.999170303344726562e-01 6.941535975784063339e-03 -1.236047506332397461e+00 5.241182446479797363e-01 -2.315486199222505093e-04 8.516458868980407715e-01 5.259471893310546875e+01
8.228239417076110840e-01 1.443651504814624786e-02 -5.681121945381164551e-01 -2.694097518920898438e+00 -1.200976874679327011e-02 9.998955726623535156e-01 8.014936000108718872e-03 -1.254220724105834961e+00 5.681688785552978516e-01 2.279134350828826427e-04 8.229123353958129883e-01 5.297104263305664062e+01
8.108056783676147461e-01 1.533957570791244507e-02 -5.851136445999145508e-01 -3.202446460723876953e+00 -1.278761588037014008e-02 9.998819828033447266e-01 8.493723347783088684e-03 -1.273913621902465820e+00 5.851751565933227539e-01 5.953514482825994492e-04 8.109070658683776855e-01 5.365682220458984375e+01
7.917049527168273926e-01 1.682405918836593628e-02 -6.106712222099304199e-01 -3.812435150146484375e+00 -1.328612584620714188e-02 9.998582601547241211e-01 1.032189466059207916e-02 -1.286164402961730957e+00 6.107586026191711426e-01 -5.854188930243253708e-05 7.918171882629394531e-01 5.442998504638671875e+01
7.725815773010253906e-01 1.675444282591342926e-02 -6.346936821937561035e-01 -4.338425636291503906e+00 -1.386597100645303726e-02 9.998583197593688965e-01 9.516049176454544067e-03 -1.302767753601074219e+00 6.347635984420776367e-01 1.448619645088911057e-03 7.727054953575134277e-01 5.504053497314453125e+01
7.585375308990478516e-01 1.658875122666358948e-02 -6.514174938201904297e-01 -4.928415775299072266e+00 -1.448416337370872498e-02 9.998578429222106934e-01 8.596501313149929047e-03 -1.315181016921997070e+00 6.514679789543151855e-01 2.914370503276586533e-03 7.586710453033447266e-01 5.571396636962890625e+01
7.270688414573669434e-01 1.633099280297756195e-02 -6.863695979118347168e-01 -5.539812564849853516e+00 -1.396885607391595840e-02 9.998616576194763184e-01 8.993278257548809052e-03 -1.336717247962951660e+00 6.864220499992370605e-01 3.048967570066452026e-03 7.271974682807922363e-01 5.632015991210937500e+01
6.840107440948486328e-01 1.929805055260658264e-02 -7.292158603668212891e-01 -5.904420852661132812e+00 -1.331514026969671249e-02 9.998133778572082520e-01 1.396986376494169235e-02 -1.359936833381652832e+00 7.293499708175659180e-01 1.539734657853841782e-04 6.841411590576171875e-01 5.658420944213867188e+01
6.346756815910339355e-01 2.528564818203449249e-02 -7.723640203475952148e-01 -6.497175693511962891e+00 -1.768862642347812653e-02 9.996775984764099121e-01 1.819252409040927887e-02 -1.372249007225036621e+00 7.725756764411926270e-01 2.115605166181921959e-03 6.349194049835205078e-01 5.701191711425781250e+01
5.852023959159851074e-01 2.844402007758617401e-02 -8.103873729705810547e-01 -6.955768585205078125e+00 -2.155945263803005219e-02 9.995765089988708496e-01 1.951613835990428925e-02 -1.382701158523559570e+00 8.106001615524291992e-01 6.050524767488241196e-03 5.855689048767089844e-01 5.728913116455078125e+01
5.338600873947143555e-01 3.213727846741676331e-02 -8.449610471725463867e-01 -7.540054321289062500e+00 -2.435027807950973511e-02 9.994467496871948242e-01 2.262844890356063843e-02 -1.397313117980957031e+00 8.452217578887939453e-01 8.494520559906959534e-03 5.343482494354248047e-01 5.760170364379882812e+01
4.780761301517486572e-01 3.352905064821243286e-02 -8.776773214340209961e-01 -8.184650421142578125e+00 -2.457557059824466705e-02 9.993898272514343262e-01 2.479259483516216278e-02 -1.412532687187194824e+00 8.779740929603576660e-01 9.716583415865898132e-03 4.786093831062316895e-01 5.789277648925781250e+01
4.290232956409454346e-01 3.105081431567668915e-02 -9.027586579322814941e-01 -8.748440742492675781e+00 -2.074763923883438110e-02 9.994832873344421387e-01 2.451801300048828125e-02 -1.421157121658325195e+00 9.030546545982360840e-01 8.211219683289527893e-03 4.294467866420745850e-01 5.811397171020507812e+01
3.909732103347778320e-01 3.170671686530113220e-02 -9.198548197746276855e-01 -9.139236450195312500e+00 -1.864983141422271729e-02 9.994733333587646484e-01 2.652455121278762817e-02 -1.444084763526916504e+00 9.202125668525695801e-01 6.784652825444936752e-03 3.913595378398895264e-01 5.824953842163085938e+01
3.899174928665161133e-01 3.108910098671913147e-02 -9.203238487243652344e-01 -9.400185585021972656e+00 -1.920506544411182404e-02 9.994862079620361328e-01 2.562691271305084229e-02 -1.476685762405395508e+00 9.206489324569702148e-01 7.682391908019781113e-03 3.903151750564575195e-01 5.836208724975585938e+01
3.819125890731811523e-01 3.186909109354019165e-02 -9.236478209495544434e-01 -9.547056198120117188e+00 -1.991345360875129700e-02 9.994561672210693359e-01 2.625121735036373138e-02 -1.509581923484802246e+00 9.239833354949951172e-01 8.367244154214859009e-03 3.823404014110565186e-01 5.841693115234375000e+01
3.617992401123046875e-01 3.057758323848247528e-02 -9.317533969879150391e-01 -9.813010215759277344e+00 -2.049899660050868988e-02 9.994803667068481445e-01 2.484079264104366302e-02 -1.522878885269165039e+00 9.320300817489624023e-01 1.011252868920564651e-02 3.622388839721679688e-01 5.849340820312500000e+01
3.522535860538482666e-01 3.036482445895671844e-02 -9.354108572006225586e-01 -9.918884277343750000e+00 -2.100265026092529297e-02 9.994774460792541504e-01 2.453576214611530304e-02 -1.547875404357910156e+00 9.356683492660522461e-01 1.100319623947143555e-02 3.527080714702606201e-01 5.852391052246093750e+01
3.479922115802764893e-01 3.041363507509231567e-02 -9.370028972625732422e-01 -1.015261459350585938e+01 -2.152829430997371674e-02 9.994684457778930664e-01 2.444614656269550323e-02 -1.581687569618225098e+00 9.372496008872985840e-01 1.166490558534860611e-02 3.484627902507781982e-01 5.860024642944335938e+01
3.405773639678955078e-01 2.852180786430835724e-02 -9.397826790809631348e-01 -1.026186466217041016e+01 -2.111582644283771515e-02 9.995187520980834961e-01 2.268272452056407928e-02 -1.613967180252075195e+00 9.399787187576293945e-01 1.211895514279603958e-02 3.410165309906005859e-01 5.863620376586914062e+01
3.240252733230590820e-01 3.253752738237380981e-02 -9.454875588417053223e-01 -1.058792591094970703e+01 -2.068304456770420074e-02 9.994122385978698730e-01 2.730536833405494690e-02 -1.638470888137817383e+00 9.458215832710266113e-01 1.070783101022243500e-02 3.245085775852203369e-01 5.873091506958007812e+01
3.100982308387756348e-01 3.437362238764762878e-02 -9.500817060470581055e-01 -1.090657711029052734e+01 -1.849477179348468781e-02 9.993742108345031738e-01 3.012079931795597076e-02 -1.658224821090698242e+00 9.505239129066467285e-01 8.231036365032196045e-03 3.105406463146209717e-01 5.881714630126953125e+01
2.955220043659210205e-01 3.206517547369003296e-02 -9.547964334487915039e-01 -1.120130920410156250e+01 -1.932100579142570496e-02 9.994317293167114258e-01 2.758439071476459503e-02 -1.677617073059082031e+00 9.551398158073425293e-01 1.029573660343885422e-02 2.959743142127990723e-01 5.889450454711914062e+01
2.923692762851715088e-01 3.226803988218307495e-02 -9.557597041130065918e-01 -1.150018310546875000e+01 -1.936045289039611816e-02 9.994243979454040527e-01 2.782014198601245880e-02 -1.698448777198791504e+00 9.561086893081665039e-01 1.037009246647357941e-02 2.928264141082763672e-01 5.898566055297851562e+01
2.792815268039703369e-01 3.358755633234977722e-02 -9.596204161643981934e-01 -1.161308002471923828e+01 -2.111354842782020569e-02 9.993601441383361816e-01 2.883405238389968872e-02 -1.722817659378051758e+00 9.599763751029968262e-01 1.220808271318674088e-02 2.798126339912414551e-01 5.900159835815429688e+01
2.688504457473754883e-01 3.355078771710395813e-02 -9.625961780548095703e-01 -1.188398075103759766e+01 -2.121442742645740509e-02 9.993559122085571289e-01 2.890720963478088379e-02 -1.747751474380493164e+00 9.629476070404052734e-01 1.264911983162164688e-02 2.693896591663360596e-01 5.907103347778320312e+01
2.263936400413513184e-01 3.378665074706077576e-02 -9.734484553337097168e-01 -1.231930160522460938e+01 -2.197305858135223389e-02 9.993199706077575684e-01 2.957466244697570801e-02 -1.756137609481811523e+00 9.737873673439025879e-01 1.469403691589832306e-02 2.269826382398605347e-01 5.913484954833984375e+01
1.924373209476470947e-01 3.345184400677680969e-02 -9.807376861572265625e-01 -1.289090061187744141e+01 -2.312820963561534882e-02 9.992946982383728027e-01 2.954695746302604675e-02 -1.763939976692199707e+00 9.810360670089721680e-01 1.699668541550636292e-02 1.930757761001586914e-01 5.921809387207031250e+01
1.476112306118011475e-01 3.649576380848884583e-02 -9.883706569671630859e-01 -1.342604160308837891e+01 -2.142601832747459412e-02 9.992012977600097656e-01 3.369605168700218201e-02 -1.774115562438964844e+00 9.888127446174621582e-01 1.620284654200077057e-02 1.482757329940795898e-01 5.926430892944335938e+01
8.033120632171630859e-02 3.994221985340118408e-02 -9.959663748741149902e-01 -1.390414428710937500e+01 -1.967716962099075317e-02 9.990643858909606934e-01 3.847966715693473816e-02 -1.782645106315612793e+00 9.965733885765075684e-01 1.650659367442131042e-02 8.104233443737030029e-02 5.923900222778320312e+01
-8.790075778961181641e-03 4.015394672751426697e-02 -9.991534948348999023e-01 -1.477433586120605469e+01 -2.151378989219665527e-02 9.989532828330993652e-01 4.033546149730682373e-02 -1.767890930175781250e+00 9.997292160987854004e-01 2.185005508363246918e-02 -7.916852831840515137e-03 5.917918014526367188e+01
-1.195468604564666748e-01 3.812241926789283752e-02 -9.920949339866638184e-01 -1.574662494659423828e+01 -2.176544815301895142e-02 9.989203214645385742e-01 4.100771248340606689e-02 -1.752740263938903809e+00 9.925891160964965820e-01 2.649567089974880219e-02 -1.185880973935127258e-01 5.900929260253906250e+01
-2.271671444177627563e-01 3.821771591901779175e-02 -9.731040000915527344e-01 -1.670521354675292969e+01 -1.917963847517967224e-02 9.988587498664855957e-01 4.370691999793052673e-02 -1.735931754112243652e+00 9.736659526824951172e-01 2.859250456094741821e-02 -2.261751890182495117e-01 5.874200439453125000e+01
-3.489439785480499268e-01 4.877917468547821045e-02 -9.358714818954467773e-01 -1.766415786743164062e+01 -1.470229029655456543e-02 9.982348680496215820e-01 5.751179531216621399e-02 -1.718344330787658691e+00 9.370270967483520508e-01 3.382780030369758606e-02 -3.476114869117736816e-01 5.833151626586914062e+01
-4.469053745269775391e-01 4.801548272371292114e-02 -8.932898044586181641e-01 -1.861929702758789062e+01 -1.474420353770256042e-02 9.980257749557495117e-01 6.102191284298896790e-02 -1.681026935577392578e+00 8.944584131240844727e-01 4.044183716177940369e-02 -4.453160166740417480e-01 5.782173538208007812e+01
-5.312153100967407227e-01 5.181006714701652527e-02 -8.456490635871887207e-01 -1.947945976257324219e+01 -1.147123519331216812e-02 9.975953102111816406e-01 6.832559406757354736e-02 -1.637423634529113770e+00 8.471576571464538574e-01 4.599622637033462524e-02 -5.293446779251098633e-01 5.724118423461914062e+01
-5.923064351081848145e-01 5.516411364078521729e-02 -8.038197159767150879e-01 -2.025431251525878906e+01 -6.383442319929599762e-03 9.972988963127136230e-01 7.314620167016983032e-02 -1.596339464187622070e+00 8.056858181953430176e-01 4.845609515905380249e-02 -5.903557538986206055e-01 5.664036560058593750e+01
-6.362215280532836914e-01 5.551776662468910217e-02 -7.695037722587585449e-01 -2.127017211914062500e+01 -3.065225668251514435e-03 9.972157478332519531e-01 7.448130100965499878e-02 -1.533768534660339355e+00 7.714985609054565430e-01 4.974530637264251709e-02 -6.342813968658447266e-01 5.579987335205078125e+01
-6.654777526855468750e-01 5.345267429947853088e-02 -7.444986104965209961e-01 -2.251000785827636719e+01 -2.225687960162758827e-03 9.972839355468750000e-01 7.359171658754348755e-02 -1.442136883735656738e+00 7.464123964309692383e-01 5.063067004084587097e-02 -6.635529398918151855e-01 5.469527435302734375e+01
-7.076000571250915527e-01 5.551127344369888306e-02 -7.044263482093811035e-01 -2.375416564941406250e+01 2.420837292447686195e-03 9.970918297767639160e-01 7.614301890134811401e-02 -1.352639079093933105e+00 7.066067457199096680e-01 5.217351391911506653e-02 -7.056785225868225098e-01 5.347421264648437500e+01
-7.234247922897338867e-01 5.410425737500190735e-02 -6.882769465446472168e-01 -2.507265853881835938e+01 3.879429539665579796e-03 9.972252249717712402e-01 7.431304454803466797e-02 -1.247552156448364258e+00 6.903899312019348145e-01 5.108978226780891418e-02 -7.216293215751647949e-01 5.210331344604492188e+01
-7.374735474586486816e-01 5.319301784038543701e-02 -6.732748746871948242e-01 -2.629183006286621094e+01 3.299322212114930153e-03 9.971631169319152832e-01 7.516878843307495117e-02 -1.150890350341796875e+00 6.753655076026916504e-01 5.321365594863891602e-02 -7.355589866638183594e-01 5.077702331542968750e+01
-7.614125609397888184e-01 5.420244112610816956e-02 -6.459943056106567383e-01 -2.734128952026367188e+01 6.368602160364389420e-03 9.970734119415283203e-01 7.615389674901962280e-02 -1.064023017883300781e+00 6.482335925102233887e-01 5.387047678232192993e-02 -7.595316171646118164e-01 4.955562591552734375e+01
-7.759809494018554688e-01 5.330517143011093140e-02 -6.284964084625244141e-01 -2.844344329833984375e+01 6.927490700036287308e-03 9.970803856849670410e-01 7.601355016231536865e-02 -9.650819897651672363e-01 6.307154297828674316e-01 5.463119223713874817e-02 -7.740868926048278809e-01 4.820991134643554688e+01
-7.854954600334167480e-01 5.305019021034240723e-02 -6.165858507156372070e-01 -2.960390090942382812e+01 7.580962032079696655e-03 9.970667958259582520e-01 7.612901926040649414e-02 -8.554045557975769043e-01 6.188179850578308105e-01 5.512471497058868408e-02 -7.835958600044250488e-01 4.674338912963867188e+01
-7.973269820213317871e-01 5.179188400506973267e-02 -6.013175249099731445e-01 -3.074347305297851562e+01 8.854198269546031952e-03 9.972053766250610352e-01 7.415010035037994385e-02 -7.496774792671203613e-01 6.034794449806213379e-01 5.379771813750267029e-02 -7.955596446990966797e-01 4.525394058227539062e+01
-7.993885874748229980e-01 5.205685645341873169e-02 -5.985512137413024902e-01 -3.182007980346679688e+01 1.047819852828979492e-02 9.972932934761047363e-01 7.274246960878372192e-02 -6.529917120933532715e-01 6.007197499275207520e-01 5.187777429819107056e-02 -7.977726459503173828e-01 4.381945037841796875e+01
-7.874944210052490234e-01 5.147915706038475037e-02 -6.141644120216369629e-01 -3.288091278076171875e+01 9.183658286929130554e-03 9.973725080490112305e-01 7.182458788156509399e-02 -5.629236102104187012e-01 6.162500977516174316e-01 5.092120543122291565e-02 -7.859004139900207520e-01 4.245701980590820312e+01
-7.782672047615051270e-01 5.261362716555595398e-02 -6.257214546203613281e-01 -3.394768142700195312e+01 9.006044827401638031e-03 9.973137378692626953e-01 7.265768200159072876e-02 -4.703319072723388672e-01 6.278653740882873535e-01 5.091183632612228394e-02 -7.766528129577636719e-01 4.112511825561523438e+01
-7.681474685668945312e-01 5.345439165830612183e-02 -6.380339860916137695e-01 -3.512788391113281250e+01 7.613545283675193787e-03 9.971983432769775391e-01 7.437942177057266235e-02 -3.668182492256164551e-01 6.402244567871093750e-01 5.227668955922126770e-02 -7.664047479629516602e-01 3.969347763061523438e+01
-7.685481309890747070e-01 5.359533056616783142e-02 -6.375397443771362305e-01 -3.633694458007812500e+01 8.088395930826663971e-03 9.972168207168579102e-01 7.408240437507629395e-02 -2.665751576423645020e-01 6.397380232810974121e-01 5.177912861108779907e-02 -7.668450474739074707e-01 3.823796844482421875e+01
-7.549418807029724121e-01 5.262421816587448120e-02 -6.536735296249389648e-01 -3.751380538940429688e+01 5.971230566501617432e-03 9.972828030586242676e-01 7.339127361774444580e-02 -1.688232421875000000e-01 6.557617783546447754e-01 5.150282010436058044e-02 -7.532072067260742188e-01 3.688123321533203125e+01
-7.497979998588562012e-01 5.219406262040138245e-02 -6.596016883850097656e-01 -3.882380676269531250e+01 5.255160853266716003e-03 9.973195791244506836e-01 7.294476032257080078e-02 -5.679430812597274780e-02 6.616432666778564453e-01 5.122743174433708191e-02 -7.480648756027221680e-01 3.537902450561523438e+01
-7.500667572021484375e-01 5.246729776263237000e-02 -6.592743992805480957e-01 -4.007724761962890625e+01 6.257249508053064346e-03 9.973639845848083496e-01 7.225559651851654053e-02 4.417876899242401123e-02 6.613298654556274414e-01 5.007118359208106995e-02 -7.484202384948730469e-01 3.395685195922851562e+01
-7.493585944175720215e-01 5.187517777085304260e-02 -6.601260304450988770e-01 -4.131649017333984375e+01 5.125490017235279083e-03 9.973484873771667480e-01 7.255801558494567871e-02 1.432071477174758911e-01 6.621419787406921387e-01 5.098840221762657166e-02 -7.476398944854736328e-01 3.255062484741210938e+01
-7.529815435409545898e-01 5.122512951493263245e-02 -6.560415029525756836e-01 -4.256884002685546875e+01 4.965148400515317917e-03 9.973767399787902832e-01 7.217945903539657593e-02 2.489084601402282715e-01 6.580202579498291016e-01 5.109236016869544983e-02 -7.512630224227905273e-01 3.111708068847656250e+01
-7.561145424842834473e-01 4.975992068648338318e-02 -6.525414586067199707e-01 -4.383931350708007812e+01 4.532232880592346191e-03 9.974768161773681641e-01 7.081252336502075195e-02 3.507199883460998535e-01 6.544209122657775879e-01 5.058480799198150635e-02 -7.544346451759338379e-01 2.964921569824218750e+01
-7.580351233482360840e-01 4.943905770778656006e-02 -6.503338813781738281e-01 -4.515979766845703125e+01 5.514160729944705963e-03 9.975704550743103027e-01 6.940995901823043823e-02 4.540722072124481201e-01 6.521877050399780273e-01 4.902903735637664795e-02 -7.564684748649597168e-01 2.811405944824218750e+01
-7.571518421173095703e-01 4.818105697631835938e-02 -6.514561772346496582e-01 -4.663342666625976562e+01 4.269914701581001282e-03 9.976173639297485352e-01 6.882105767726898193e-02 5.671103000640869141e-01 6.532222032546997070e-01 4.932625964283943176e-02 -7.555559873580932617e-01 2.639529418945312500e+01
-7.558180689811706543e-01 5.019152909517288208e-02 -6.528516411781311035e-01 -4.815896606445312500e+01 5.897605326026678085e-03 9.975365996360778809e-01 6.986424326896667480e-02 6.790716052055358887e-01 6.547523140907287598e-01 4.895431920886039734e-02 -7.542546391487121582e-01 2.463070487976074219e+01
-7.531692385673522949e-01 4.946078360080718994e-02 -6.559612154960632324e-01 -4.993014144897460938e+01 3.792451228946447372e-03 9.974766373634338379e-01 7.085818797349929810e-02 8.203387856483459473e-01 6.578130722045898438e-01 5.088044330477714539e-02 -7.514587640762329102e-01 2.260420608520507812e+01
-7.575886845588684082e-01 5.040126293897628784e-02 -6.507799029350280762e-01 -5.161066436767578125e+01 5.658758804202079773e-03 9.974814653396606445e-01 7.066586613655090332e-02 9.540975689888000488e-01 6.527048945426940918e-01 4.985297843813896179e-02 -7.559683322906494141e-01 2.066661262512207031e+01
-7.595777511596679688e-01 5.054543167352676392e-02 -6.484460234642028809e-01 -5.310066223144531250e+01 5.676014814525842667e-03 9.974503517150878906e-01 7.110198587179183960e-02 1.076454997062683105e+00 6.503889560699462891e-01 5.032681673765182495e-02 -7.579304575920104980e-01 1.892228317260742188e+01
-7.631860375404357910e-01 5.145373567938804626e-02 -6.441234350204467773e-01 -5.463264846801757812e+01 7.615407928824424744e-03 9.974690079689025879e-01 7.065750658512115479e-02 1.199696421623229980e+00 6.461310386657714844e-01 4.901947081089019775e-02 -7.616487741470336914e-01 1.711692810058593750e+01
-7.650507688522338867e-01 5.121672898530960083e-02 -6.419265270233154297e-01 -5.626012420654296875e+01 6.875432562083005905e-03 9.974224567413330078e-01 7.138709723949432373e-02 1.326188325881958008e+00 6.439303755760192871e-01 5.020114779472351074e-02 -7.634333968162536621e-01 1.517859268188476562e+01
-7.676965594291687012e-01 5.143639817833900452e-02 -6.387423872947692871e-01 -5.790568542480468750e+01 7.665775716304779053e-03 9.974365830421447754e-01 7.110872864723205566e-02 1.462549686431884766e+00 6.407648324966430664e-01 4.969339072704315186e-02 -7.661253213882446289e-01 1.321085739135742188e+01
-7.748564481735229492e-01 5.150890350341796875e-02 -6.300315856933593750e-01 -5.948914718627929688e+01 9.248989634215831757e-03 9.974892139434814453e-01 7.017669081687927246e-02 1.591848015785217285e+00 6.320666074752807617e-01 4.854962229728698730e-02 -7.733896970748901367e-01 1.127041339874267578e+01
-7.814459800720214844e-01 5.391432344913482666e-02 -6.216356158256530762e-01 -6.120863342285156250e+01 1.310141477733850479e-02 9.974555969238281250e-01 7.004052400588989258e-02 1.736766695976257324e+00 6.238322854042053223e-01 4.658850282430648804e-02 -7.801663875579833984e-01 9.133406639099121094e+00
-7.881285548210144043e-01 5.399026349186897278e-02 -6.131344437599182129e-01 -6.274310684204101562e+01 1.460088696330785751e-02 9.975024461746215820e-01 6.906908750534057617e-02 1.861733198165893555e+00 6.153343915939331055e-01 4.548292607069015503e-02 -7.869509458541870117e-01 7.176389217376708984e+00
-7.956454157829284668e-01 5.545713379979133606e-02 -6.032149195671081543e-01 -6.436638641357421875e+01 1.857082918286323547e-02 9.975628852844238281e-01 6.721776723861694336e-02 1.994760632514953613e+00 6.054747104644775391e-01 4.227921739220619202e-02 -7.947387099266052246e-01 5.060367584228515625e+00
-8.039304614067077637e-01 5.602879449725151062e-02 -5.920742154121398926e-01 -6.583609771728515625e+01 1.942747272551059723e-02 9.974924325942993164e-01 6.801603734493255615e-02 2.115632772445678711e+00 5.944025516510009766e-01 4.317757114768028259e-02 -8.030056953430175781e-01 3.087035179138183594e+00
-8.057032823562622070e-01 5.672908574342727661e-02 -5.895925760269165039e-01 -6.736090087890625000e+01 1.951757259666919708e-02 9.974024891853332520e-01 6.929688155651092529e-02 2.240387439727783203e+00 5.919944047927856445e-01 4.432521760463714600e-02 -8.047202825546264648e-01 1.014510869979858398e+00
-8.079187870025634766e-01 5.841822549700737000e-02 -5.863870382308959961e-01 -6.862812042236328125e+01 2.065810561180114746e-02 9.972674846649169922e-01 7.089020311832427979e-02 2.352053165435791016e+00 5.889282226562500000e-01 4.515981674194335938e-02 -8.069205880165100098e-01 -7.273037433624267578e-01
-8.073604106903076172e-01 5.925358086824417114e-02 -5.870718955993652344e-01 -7.001464843750000000e+01 2.117502689361572266e-02 9.972109794616699219e-01 7.152958959341049194e-02 2.474952936172485352e+00 5.896751284599304199e-01 4.531881958246231079e-02 -8.063659667968750000e-01 -2.639146327972412109e+00
-8.126782178878784180e-01 5.763786658644676208e-02 -5.798509716987609863e-01 -7.153158569335937500e+01 2.164496667683124542e-02 9.973924756050109863e-01 6.880686432123184204e-02 2.612164735794067383e+00 5.823071002960205078e-01 4.336689785122871399e-02 -8.118093013763427734e-01 -4.744822978973388672e+00
-8.137270808219909668e-01 5.714399740099906921e-02 -5.784271359443664551e-01 -7.299549865722656250e+01 2.042332850396633148e-02 9.973492026329040527e-01 6.979975104331970215e-02 2.737204551696777344e+00 5.808846950531005859e-01 4.498445615172386169e-02 -8.127397298812866211e-01 -6.803638935089111328e+00
-8.180214762687683105e-01 5.781150609254837036e-02 -5.722707509994506836e-01 -7.431814575195312500e+01 2.160926908254623413e-02 9.973198771476745605e-01 6.986252963542938232e-02 2.849408388137817383e+00 5.747779607772827148e-01 4.478261619806289673e-02 -8.170809149742126465e-01 -8.689304351806640625e+00
-8.222841024398803711e-01 5.845671147108078003e-02 -5.660624504089355469e-01 -7.553609466552734375e+01 2.324412204325199127e-02 9.973273277282714844e-01 6.922869384288787842e-02 2.952394247055053711e+00 5.685985684394836426e-01 4.376794397830963135e-02 -8.214477300643920898e-01 -1.044958114624023438e+01
-8.220823407173156738e-01 5.830936878919601440e-02 -5.663706660270690918e-01 -7.675364685058593750e+01 2.464617229998111725e-02 9.974513053894042969e-01 6.691756844520568848e-02 3.053308486938476562e+00 5.688312649726867676e-01 4.105278104543685913e-02 -8.214267492294311523e-01 -1.222871589660644531e+01
-8.161404728889465332e-01 5.794898793101310730e-02 -5.749362707138061523e-01 -7.813445281982421875e+01 2.307822927832603455e-02 9.974309802055358887e-01 6.777380406856536865e-02 3.172299623489379883e+00 5.773888826370239258e-01 4.204433038830757141e-02 -8.153836727142333984e-01 -1.420861911773681641e+01
-8.155507445335388184e-01 5.879827588796615601e-02 -5.756863355636596680e-01 -7.936109924316406250e+01 2.378870174288749695e-02 9.973872900009155273e-01 6.816966086626052856e-02 3.273252487182617188e+00 5.781926512718200684e-01 4.190086945891380310e-02 -8.148212432861328125e-01 -1.594930458068847656e+01
-8.126902580261230469e-01 6.090391054749488831e-02 -5.795000195503234863e-01 -8.070713806152343750e+01 2.359921671450138092e-02 9.971439838409423828e-01 7.170268148183822632e-02 3.391752481460571289e+00 5.822140574455261230e-01 4.459622129797935486e-02 -8.118090629577636719e-01 -1.783918762207031250e+01
-8.110649585723876953e-01 6.068183109164237976e-02 -5.817957520484924316e-01 -8.203568267822265625e+01 2.449922263622283936e-02 9.972528815269470215e-01 6.986172497272491455e-02 3.512814044952392578e+00 5.844390392303466797e-01 4.240874201059341431e-02 -8.103261590003967285e-01 -1.969142150878906250e+01
-8.059629797935485840e-01 5.965013429522514343e-02 -5.889486670494079590e-01 -8.330421447753906250e+01 2.243696153163909912e-02 9.972704052925109863e-01 7.030247896909713745e-02 3.622216939926147461e+00 5.915367603302001953e-01 4.344686120748519897e-02 -8.051040768623352051e-01 -2.145189666748046875e+01
-7.945250272750854492e-01 6.026442348957061768e-02 -6.042293906211853027e-01 -8.454449462890625000e+01 2.089121937751770020e-02 9.971837997436523438e-01 7.198707759380340576e-02 3.728927135467529297e+00 6.068682670593261719e-01 4.457233101129531860e-02 -7.935491204261779785e-01 -2.310059738159179688e+01
-7.935788035392761230e-01 6.231807172298431396e-02 -6.052637100219726562e-01 -8.588662719726562500e+01 2.261572331190109253e-02 9.970719814300537109e-01 7.300758361816406250e-02 3.845435619354248047e+00 6.080434322357177734e-01 4.424869641661643982e-02 -7.926672101020812988e-01 -2.486689758300781250e+01
-7.830460667610168457e-01 6.420993059873580933e-02 -6.186363101005554199e-01 -8.727291870117187500e+01 2.201275900006294250e-02 9.968915581703186035e-01 7.560814172029495239e-02 3.974285840988159180e+00 6.215704679489135742e-01 4.558667540550231934e-02 -7.820281982421875000e-01 -2.664682197570800781e+01
-7.803955078125000000e-01 6.529393792152404785e-02 -6.218636631965637207e-01 -8.860877990722656250e+01 2.348824590444564819e-02 9.968891143798828125e-01 7.519541680812835693e-02 4.096154689788818359e+00 6.248412728309631348e-01 4.407558590173721313e-02 -7.795041799545288086e-01 -2.833325195312500000e+01
-7.802274823188781738e-01 6.653499603271484375e-02 -6.219428777694702148e-01 -9.002064514160156250e+01 2.463645674288272858e-02 9.968206286430358887e-01 7.573366165161132812e-02 4.228989124298095703e+00 6.250068545341491699e-01 4.376692697405815125e-02 -7.793888449668884277e-01 -3.010667800903320312e+01
-7.803902626037597656e-01 6.630115956068038940e-02 -6.217634677886962891e-01 -9.141861724853515625e+01 2.359721250832080841e-02 9.967738986015319824e-01 7.667355239391326904e-02 4.352958202362060547e+00 6.248435974121093750e-01 4.516333341598510742e-02 -7.794401049613952637e-01 -3.187053680419921875e+01
-7.745385169982910156e-01 6.707020848989486694e-02 -6.289564967155456543e-01 -9.282958984375000000e+01 2.359751984477043152e-02 9.967309832572937012e-01 7.723004370927810669e-02 4.481980323791503906e+00 6.320827603340148926e-01 4.497575387358665466e-02 -7.735921144485473633e-01 -3.361438751220703125e+01
-7.717162966728210449e-01 6.648423522710800171e-02 -6.324779987335205078e-01 -9.416394042968750000e+01 2.382800355553627014e-02 9.968419671058654785e-01 7.571230083703994751e-02 4.602655410766601562e+00 6.355167627334594727e-01 4.335764050483703613e-02 -7.708662748336791992e-01 -3.525065612792968750e+01
-7.654120326042175293e-01 6.473150849342346191e-02 -6.402724981307983398e-01 -9.556072235107421875e+01 2.282352745532989502e-02 9.970298409461975098e-01 7.351618260145187378e-02 4.721679210662841797e+00 6.431321501731872559e-01 4.165678843855857849e-02 -7.646189332008361816e-01 -3.693159484863281250e+01
-7.647358179092407227e-01 6.488827615976333618e-02 -6.410641074180603027e-01 -9.717812347412109375e+01 2.299163863062858582e-02 9.970276951789855957e-01 7.349253445863723755e-02 4.853792190551757812e+00 6.439300775527954102e-01 4.146315529942512512e-02 -7.639576196670532227e-01 -3.885726165771484375e+01
