9.999976754188537598e-01 -1.286474580410867929e-04 2.141733653843402863e-03 6.931973621249198914e-03 1.288114581257104874e-04 1.000000000000000000e+00 -7.643389835720881820e-05 -8.984167128801345825e-03 -2.141723874956369400e-03 7.670959894312545657e-05 9.999976754188537598e-01 7.985566258430480957e-01
9.997067451477050781e-01 6.574133294634521008e-04 2.420659363269805908e-02 6.270071119070053101e-02 -6.135388975962996483e-04 9.999982118606567383e-01 -1.819886267185211182e-03 -1.765147410333156586e-02 -2.420774474740028381e-02 1.804500934667885303e-03 9.997053146362304688e-01 1.540837526321411133e+00
9.991658329963684082e-01 -6.921912427060306072e-04 4.083107411861419678e-02 1.258483231067657471e-01 7.421050104312598705e-04 9.999990463256835938e-01 -1.207301043905317783e-03 -3.346721827983856201e-02 -4.083019495010375977e-02 1.236594864167273045e-03 9.991653561592102051e-01 2.308243274688720703e+00
9.987045526504516602e-01 1.127354451455175877e-03 5.087241530418395996e-02 1.845337748527526855e-01 -1.246866770088672638e-03 9.999966025352478027e-01 2.317581325769424438e-03 -5.131565779447555542e-02 -5.086962506175041199e-02 -2.378009958192706108e-03 9.987024664878845215e-01 3.088093280792236328e+00
9.985057711601257324e-01 4.186400212347507477e-03 5.448549613356590271e-02 2.478694617748260498e-01 -4.325902089476585388e-03 9.999877810478210449e-01 2.442669123411178589e-03 -6.552036851644515991e-02 -5.447459965944290161e-02 -2.674717921763658524e-03 9.985115528106689453e-01 3.857957124710083008e+00
9.976627826690673828e-01 4.053749144077301025e-03 6.820903718471527100e-02 3.250121474266052246e-01 -4.286671057343482971e-03 9.999855756759643555e-01 3.268807660788297653e-03 -7.705260813236236572e-02 -6.819479912519454956e-02 -3.553557442501187325e-03 9.976656436920166016e-01 4.609201908111572266e+00
9.958161711692810059e-01 2.949280897155404091e-03 9.133113920688629150e-02 4.009871184825897217e-01 -3.201191313564777374e-03 9.999915361404418945e-01 2.611845731735229492e-03 -8.988243341445922852e-02 -9.132265299558639526e-02 -2.893286524340510368e-03 9.958171248435974121e-01 5.237321853637695312e+00
9.942414164543151855e-01 1.802912447601556778e-03 1.071477681398391724e-01 4.926396310329437256e-01 -2.668484579771757126e-03 9.999650120735168457e-01 7.935483008623123169e-03 -9.832641482353210449e-02 -1.071297079324722290e-01 -8.175707422196865082e-03 9.942114353179931641e-01 5.796145439147949219e+00
9.937667250633239746e-01 4.178331233561038971e-03 1.114010885357856750e-01 5.720948576927185059e-01 -5.680947098881006241e-03 9.998971223831176758e-01 1.317433267831802368e-02 -1.109336838126182556e-01 -1.113345697522163391e-01 -1.372507587075233459e-02 9.936882257461547852e-01 6.176455497741699219e+00
9.911497831344604492e-01 7.203863933682441711e-03 1.325519084930419922e-01 6.558684110641479492e-01 -9.307323023676872253e-03 9.998403191566467285e-01 1.525619812309741974e-02 -1.159307882189750671e-01 -1.324208229780197144e-01 -1.635488122701644897e-02 9.910586476325988770e-01 6.531253337860107422e+00
9.883487820625305176e-01 1.001099683344364166e-02 1.518753319978713989e-01 7.351250052452087402e-01 -1.285052206367254257e-02 9.997602701187133789e-01 1.772639155387878418e-02 -1.236134096980094910e-01 -1.516614556312561035e-01 -1.947153732180595398e-02 9.882407188415527344e-01 6.902168273925781250e+00
9.883859157562255859e-01 1.278042607009410858e-02 1.514252275228500366e-01 7.928501963615417480e-01 -1.574717462062835693e-02 9.997064471244812012e-01 1.840916462242603302e-02 -1.340737044811248779e-01 -1.511455029249191284e-01 -2.057988010346889496e-02 9.882972836494445801e-01 7.209302902221679688e+00
9.902820587158203125e-01 8.682619780302047729e-03 1.388006806373596191e-01 8.285241723060607910e-01 -1.159453205764293671e-02 9.997289776802062988e-01 2.018428035080432892e-02 -1.432759761810302734e-01 -1.385878175497055054e-01 -2.159745991230010986e-02 9.901146292686462402e-01 7.516894340515136719e+00
9.867638349533081055e-01 1.367703918367624283e-02 1.615850478410720825e-01 9.030436277389526367e-01 -1.777344010770320892e-02 9.995555281639099121e-01 2.393309026956558228e-02 -1.532191634178161621e-01 -1.611859053373336792e-01 -2.648822963237762451e-02 9.865685105323791504e-01 7.724773406982421875e+00
9.867069721221923828e-01 1.346861105412244797e-02 1.619497984647750854e-01 9.201944470405578613e-01 -1.739610359072685242e-02 9.995872974395751953e-01 2.285771816968917847e-02 -1.725542098283767700e-01 -1.615751236677169800e-01 -2.537116408348083496e-02 9.865341782569885254e-01 7.801418304443359375e+00
9.874781370162963867e-01 4.822277463972568512e-03 1.576814055442810059e-01 9.272196888923645020e-01 -9.517680853605270386e-03 9.995329380035400391e-01 2.903623878955841064e-02 -1.786033064126968384e-01 -1.574677824974060059e-01 -3.017340973019599915e-02 9.870629906654357910e-01 7.917485237121582031e+00
9.864984154701232910e-01 8.179335854947566986e-03 1.635655313730239868e-01 9.509348273277282715e-01 -1.324436068534851074e-02 9.994650483131408691e-01 2.989981509745121002e-02 -1.910043507814407349e-01 -1.632335036993026733e-01 -3.166243806481361389e-02 9.860792160034179688e-01 8.066325187683105469e+00
9.845287799835205078e-01 1.256295014172792435e-02 1.747714579105377197e-01 1.015895843505859375e+00 -1.763128489255905151e-02 9.994668364524841309e-01 2.747732028365135193e-02 -2.064658105373382568e-01 -1.743331104516983032e-01 -3.013365156948566437e-02 9.842255711555480957e-01 8.191919326782226562e+00
9.844192266464233398e-01 1.096792239695787430e-02 1.754943132400512695e-01 1.019411325454711914e+00 -1.614333502948284149e-02 9.994749426841735840e-01 2.809003926813602448e-02 -2.257186323404312134e-01 -1.750941127538681030e-01 -3.048543632030487061e-02 9.840795993804931641e-01 8.129058837890625000e+00
9.832180142402648926e-01 1.594863273203372955e-02 1.817353367805480957e-01 1.038053631782531738e+00 -2.147235535085201263e-02 9.993639588356018066e-01 2.846729010343551636e-02 -2.453826069831848145e-01 -1.811657696962356567e-01 -3.189183771610260010e-02 9.829353094100952148e-01 8.044221878051757812e+00
9.790193438529968262e-01 1.821399666368961334e-02 2.029511928558349609e-01 1.110976815223693848e+00 -2.468158304691314697e-02 9.992633461952209473e-01 2.938224375247955322e-02 -2.533670961856842041e-01 -2.022665888071060181e-01 -3.377494215965270996e-02 9.787479043006896973e-01 8.278023719787597656e+00
9.760611057281494141e-01 1.507037878036499023e-02 2.169733047485351562e-01 1.195166110992431641e+00 -2.202330715954303741e-02 9.993171691894531250e-01 2.966262400150299072e-02 -2.631661295890808105e-01 -2.163781970739364624e-01 -3.373100608587265015e-02 9.757267236709594727e-01 8.542316436767578125e+00
9.607914686203002930e-01 9.578523226082324982e-03 2.771062850952148438e-01 1.366465091705322266e+00 -1.679129898548126221e-02 9.995786547660827637e-01 2.366760000586509705e-02 -2.740757167339324951e-01 -2.767629325389862061e-01 -2.739260345697402954e-02 9.605477452278137207e-01 8.823060035705566406e+00
9.471576213836669922e-01 -1.086035463958978653e-02 3.205845952033996582e-01 1.505209207534790039e+00 1.212042756378650665e-03 9.995405077934265137e-01 3.028017282485961914e-02 -2.707328498363494873e-01 -3.207662701606750488e-01 -2.829153276979923248e-02 9.467357397079467773e-01 9.128894805908203125e+00
9.411369562149047852e-01 -8.892816491425037384e-03 3.379085659980773926e-01 1.687546730041503906e+00 -1.519067445769906044e-03 9.995323419570922852e-01 3.053576685488224030e-02 -2.694987356662750244e-01 -3.380222320556640625e-01 -2.925164252519607544e-02 9.406834244728088379e-01 9.514531135559082031e+00
9.214989542961120605e-01 -7.476203143596649170e-03 3.883090317249298096e-01 1.870120763778686523e+00 -5.485172383487224579e-03 9.994642734527587891e-01 3.225978836417198181e-02 -2.732605934143066406e-01 -3.883423507213592529e-01 -3.185730054974555969e-02 9.209643006324768066e-01 9.775820732116699219e+00
9.027427434921264648e-01 -4.371323622763156891e-03 4.301587343215942383e-01 2.068358659744262695e+00 -1.091114245355129242e-02 9.993938207626342773e-01 3.305435180664062500e-02 -2.801088094711303711e-01 -4.300426542758941650e-01 -3.453309461474418640e-02 9.021478295326232910e-01 1.003095817565917969e+01
8.916937708854675293e-01 -1.734059303998947144e-02 4.523071348667144775e-01 2.283854961395263672e+00 -3.985901828855276108e-03 9.989261627197265625e-01 4.615484923124313354e-02 -2.677694261074066162e-01 -4.526219666004180908e-01 -4.295883327722549438e-02 8.906670808792114258e-01 1.042072296142578125e+01
8.702327013015747070e-01 -1.504403445869684219e-02 4.924113154411315918e-01 2.561588525772094727e+00 -8.071959018707275391e-03 9.989638328552246094e-01 4.478556662797927856e-02 -2.618365287780761719e-01 -4.925750494003295898e-01 -4.294857755303382874e-02 8.692095279693603516e-01 1.078971481323242188e+01
8.595588207244873047e-01 -1.389526948332786560e-02 5.108479857444763184e-01 2.886687040328979492e+00 -1.214859262108802795e-02 9.987919926643371582e-01 4.760888591408729553e-02 -2.453186213970184326e-01 -5.108926296234130859e-01 -4.712871462106704712e-02 8.583516478538513184e-01 1.127482128143310547e+01
8.475552797317504883e-01 -1.035278290510177612e-02 5.306061506271362305e-01 3.174258947372436523e+00 -1.822821982204914093e-02 9.986516833305358887e-01 4.860146716237068176e-02 -2.400941699743270874e-01 -5.303941369056701660e-01 -5.086442828178405762e-02 8.462238311767578125e-01 1.166631889343261719e+01
8.327376842498779297e-01 -1.465132180601358414e-02 5.534738302230834961e-01 3.541639804840087891e+00 -1.338380761444568634e-02 9.988248348236083984e-01 4.657725989818572998e-02 -2.268130481243133545e-01 -5.535060763359069824e-01 -4.619421809911727905e-02 8.315629959106445312e-01 1.215566730499267578e+01
8.202920556068420410e-01 -1.942819356918334961e-02 5.716148018836975098e-01 3.835698604583740234e+00 -1.337855309247970581e-02 9.984974861145019531e-01 5.313597619533538818e-02 -2.115498185157775879e-01 -5.717885494232177734e-01 -5.123439058661460876e-02 8.187996149063110352e-01 1.252508449554443359e+01
8.115842342376708984e-01 -2.023062668740749359e-02 5.838851332664489746e-01 4.234286308288574219e+00 -1.260821707546710968e-02 9.985608458518981934e-01 5.212347954511642456e-02 -1.842011213302612305e-01 -5.840996503829956055e-01 -4.966433718800544739e-02 8.101610541343688965e-01 1.302690505981445312e+01
8.023473620414733887e-01 -2.387999184429645538e-02 5.963795185089111328e-01 4.617372512817382812e+00 -1.320976763963699341e-02 9.982438087463378906e-01 5.774319544434547424e-02 -1.609716266393661499e-01 -5.967114567756652832e-01 -5.420812964439392090e-02 8.006227612495422363e-01 1.350898265838623047e+01
7.935943007469177246e-01 -2.117813378572463989e-02 6.080787181854248047e-01 5.080187320709228516e+00 -1.616164855659008026e-02 9.983074665069580078e-01 5.586129054427146912e-02 -1.350507736206054688e-01 -6.082329750061035156e-01 -5.415875092148780823e-02 7.919086813926696777e-01 1.405635166168212891e+01
7.841563224792480469e-01 -2.189056016504764557e-02 6.201772093772888184e-01 5.471110343933105469e+00 -1.646582409739494324e-02 9.982916116714477539e-01 5.605642870068550110e-02 -1.145422607660293579e-01 -6.203451752662658691e-01 -5.416873097419738770e-02 7.824560403823852539e-01 1.453289604187011719e+01
7.698779702186584473e-01 -2.556083537638187408e-02 6.376791596412658691e-01 5.900280475616455078e+00 -1.737013831734657288e-02 9.979879260063171387e-01 6.097466126084327698e-02 -9.622256457805633545e-02 -6.379550695419311523e-01 -5.801962316036224365e-02 7.678847312927246094e-01 1.502868366241455078e+01
7.583851218223571777e-01 -3.005773201584815979e-02 6.511135101318359375e-01 6.361260890960693359e+00 -1.523688528686761856e-02 9.978453516960144043e-01 6.381126493215560913e-02 -6.440704315900802612e-02 -6.516290307044982910e-01 -5.831445008516311646e-02 7.562928795814514160e-01 1.550705528259277344e+01
7.533126473426818848e-01 -3.010123968124389648e-02 6.569736003875732422e-01 6.881207466125488281e+00 -1.713527552783489227e-02 9.977142214775085449e-01 6.536127626895904541e-02 -2.784500271081924438e-02 -6.574397683143615723e-01 -6.049489602446556091e-02 7.510746717453002930e-01 1.608665084838867188e+01
7.424802184104919434e-01 -3.034174069762229919e-02 6.691807508468627930e-01 7.422351837158203125e+00 -1.569470576941967010e-02 9.979111552238464355e-01 6.266071647405624390e-02 4.029065370559692383e-03 -6.696845889091491699e-01 -5.702693387866020203e-02 7.404527664184570312e-01 1.665744590759277344e+01
7.345294952392578125e-01 -2.912983484566211700e-02 6.779515147209167480e-01 8.053577423095703125e+00 -1.743969134986400604e-02 9.979374408721923828e-01 6.177387759089469910e-02 4.962124675512313843e-02 -6.783531308174133301e-01 -5.719799920916557312e-02 7.325061559677124023e-01 1.730858612060546875e+01
7.307631373405456543e-01 -2.963976003229618073e-02 6.819875836372375488e-01 8.807013511657714844e+00 -1.821727305650711060e-02 9.978539943695068359e-01 6.288771331310272217e-02 9.846466779708862305e-02 -6.823884248733520508e-01 -5.837997794151306152e-02 7.286546826362609863e-01 1.808613014221191406e+01
7.285901308059692383e-01 -2.986823953688144684e-02 6.842986941337585449e-01 9.566351890563964844e+00 -1.831974089145660400e-02 9.978412389755249023e-01 6.305918842554092407e-02 1.463339626789093018e-01 -6.847053766250610352e-01 -5.848047509789466858e-02 7.264698147773742676e-01 1.886454772949218750e+01
7.270743846893310547e-01 -3.115720860660076141e-02 6.858516335487365723e-01 1.027530956268310547e+01 -1.810718700289726257e-02 9.977515935897827148e-01 6.452183425426483154e-02 1.987233012914657593e-01 -6.863203048706054688e-01 -5.933101475238800049e-02 7.248751521110534668e-01 1.961384391784667969e+01
7.258232235908508301e-01 -3.126670420169830322e-02 6.871705651283264160e-01 1.099622058868408203e+01 -1.868392154574394226e-02 9.977014064788818359e-01 6.513088941574096680e-02 2.470939457416534424e-01 -6.876278519630432129e-01 -6.011255830526351929e-02 7.235703468322753906e-01 2.037351608276367188e+01
7.238098978996276855e-01 -3.201933577656745911e-02 6.892563700675964355e-01 1.172390556335449219e+01 -1.918749511241912842e-02 9.976019859313964844e-01 6.649286299943923950e-02 2.964049875736236572e-01 -6.897329688072204590e-01 -6.135329976677894592e-02 7.214595675468444824e-01 2.113259887695312500e+01
7.268044352531433105e-01 -3.537714481353759766e-02 6.859329938888549805e-01 1.243049526214599609e+01 -1.707085035741329193e-02 9.974333047866821289e-01 6.953083723783493042e-02 3.581789433956146240e-01 -6.866326332092285156e-01 -6.224478408694267273e-02 7.243348360061645508e-01 2.188397407531738281e+01
7.269577383995056152e-01 -3.954504057765007019e-02 6.855428218841552734e-01 1.318346214294433594e+01 -1.514066196978092194e-02 9.971742033958435059e-01 7.357658445835113525e-02 4.197139739990234375e-01 -6.865156292915344238e-01 -6.386663764715194702e-02 7.243044972419738770e-01 2.267506027221679688e+01
7.235180735588073730e-01 -4.238214716315269470e-02 6.890034079551696777e-01 1.392162609100341797e+01 -1.111459173262119293e-02 9.972684383392333984e-01 7.301555573940277100e-02 4.818444848060607910e-01 -6.902163624763488770e-01 -6.048606336116790771e-02 7.210704088211059570e-01 2.345191574096679688e+01
7.234120368957519531e-01 -4.334871098399162292e-02 6.890544891357421875e-01 1.469799804687500000e+01 -1.186030637472867966e-02 9.970990419387817383e-01 7.517958432435989380e-02 5.482311844825744629e-01 -6.903150677680969238e-01 -6.255821138620376587e-02 7.207990884780883789e-01 2.425520896911621094e+01
7.256343960762023926e-01 -4.621125757694244385e-02 6.865271329879760742e-01 1.546086120605468750e+01 -1.247932389378547668e-02 9.966938495635986328e-01 8.027926087379455566e-02 6.192035675048828125e-01 -6.879677176475524902e-01 -6.682077795267105103e-02 7.226583957672119141e-01 2.505187416076660156e+01
7.252289056777954102e-01 -4.958312958478927612e-02 6.867203116416931152e-01 1.624574279785156250e+01 -9.420232847332954407e-03 9.965951442718505859e-01 8.190543204545974731e-02 6.943202018737792969e-01 -6.884437799453735352e-01 -6.586924195289611816e-02 7.222923040390014648e-01 2.587547683715820312e+01
7.220034599304199219e-01 -5.370038375258445740e-02 6.898024678230285645e-01 1.707451248168945312e+01 -7.109902333468198776e-03 9.963545203208923340e-01 8.500692248344421387e-02 7.728417515754699707e-01 -6.918532252311706543e-01 -6.627970933914184570e-02 7.189894318580627441e-01 2.673071098327636719e+01
7.242177724838256836e-01 -5.562574416399002075e-02 6.873242259025573730e-01 1.786404228210449219e+01 -5.418626591563224792e-03 9.962508082389831543e-01 8.633691072463989258e-02 8.578417301177978516e-01 -6.895503401756286621e-01 -6.625107675790786743e-02 7.212009429931640625e-01 2.754691696166992188e+01
7.266253232955932617e-01 -5.821066349744796753e-02 6.845635771751403809e-01 1.870797348022460938e+01 -3.677171189337968826e-03 9.960599541664123535e-01 8.860129863023757935e-02 9.590471386909484863e-01 -6.870243549346923828e-01 -6.689720600843429565e-02 7.235482335090637207e-01 2.843376350402832031e+01
7.255362272262573242e-01 -6.095551699399948120e-02 6.854792237281799316e-01 1.955706977844238281e+01 -2.435164060443639755e-03 9.958354830741882324e-01 9.113106876611709595e-02 1.047914862632751465e+00 -6.881799101829528809e-01 -6.778815388679504395e-02 7.223662137985229492e-01 2.932707023620605469e+01
7.217378616333007812e-01 -6.399988383054733276e-02 6.892014145851135254e-01 2.038906860351562500e+01 1.328558195382356644e-03 9.958419203758239746e-01 9.108351171016693115e-02 1.134952306747436523e+00 -6.921653747558593750e-01 -6.482278555631637573e-02 7.188218235969543457e-01 3.018194198608398438e+01
7.218731641769409180e-01 -6.751880794763565063e-02 6.887237429618835449e-01 2.126748847961425781e+01 5.039614159613847733e-03 9.957150220870971680e-01 9.233240038156509399e-02 1.231509447097778320e+00 -6.920071840286254883e-01 -6.318139284849166870e-02 7.191202044486999512e-01 3.108505630493164062e+01
7.209894657135009766e-01 -7.047899067401885986e-02 6.893525123596191406e-01 2.211585998535156250e+01 7.136935368180274963e-03 9.955161809921264648e-01 9.431648254394531250e-02 1.324211239814758301e+00 -6.929094195365905762e-01 -6.308134645223617554e-02 7.182596325874328613e-01 3.195817756652832031e+01
7.207658290863037109e-01 -7.253238558769226074e-02 6.893733739852905273e-01 2.302619171142578125e+01 1.066325604915618896e-02 9.955524206161499023e-01 9.359814971685409546e-02 1.429447174072265625e+00 -6.930966973304748535e-01 -6.011140346527099609e-02 7.183336019515991211e-01 3.290237426757812500e+01
7.197238206863403320e-01 -7.155671715736389160e-02 6.905630826950073242e-01 2.386773490905761719e+01 1.105575356632471085e-02 9.957288503646850586e-01 9.165562689304351807e-02 1.520368576049804688e+00 -6.941726207733154297e-01 -5.833205208182334900e-02 7.174408435821533203e-01 3.377498626708984375e+01
7.199889421463012695e-01 -7.358041405677795410e-02 6.900738477706909180e-01 2.470725250244140625e+01 1.261129882186651230e-02 9.955858588218688965e-01 9.299818426370620728e-02 1.610494852066040039e+00 -6.938710808753967285e-01 -5.825494602322578430e-02 7.177387475967407227e-01 3.464026641845703125e+01
7.211739420890808105e-01 -7.701501995325088501e-02 6.884597539901733398e-01 2.550644683837890625e+01 1.515633706003427505e-02 9.953167438507080078e-01 9.546524286270141602e-02 1.705421209335327148e+00 -6.925882697105407715e-01 -5.841252952814102173e-02 7.189638018608093262e-01 3.546167755126953125e+01
7.220132350921630859e-01 -8.028080314397811890e-02 6.872057914733886719e-01 2.638905715942382812e+01 2.198962308466434479e-02 9.954056143760681152e-01 9.318192303180694580e-02 1.815318346023559570e+00 -6.915296912193298340e-01 -5.216719582676887512e-02 7.204614281654357910e-01 3.638066482543945312e+01
7.236157059669494629e-01 -8.416545391082763672e-02 6.850521564483642578e-01 2.721920394897460938e+01 2.490042336285114288e-02 9.950737953186035156e-01 9.595254063606262207e-02 1.907402515411376953e+00 -6.897537708282470703e-01 -5.237468704581260681e-02 7.221468687057495117e-01 3.724044418334960938e+01
7.230756878852844238e-01 -8.875309675931930542e-02 6.850433349609375000e-01 2.800536727905273438e+01 2.512738294899463654e-02 9.944340586662292480e-01 1.023148149251937866e-01 2.005417585372924805e+00 -6.903116703033447266e-01 -5.676802247762680054e-02 7.212812900543212891e-01 3.806760406494140625e+01
7.211126089096069336e-01 -9.115716069936752319e-02 6.867946386337280273e-01 2.878004646301269531e+01 2.624183334410190582e-02 9.941880702972412109e-01 1.044038757681846619e-01 2.103461027145385742e+00 -6.923207044601440430e-01 -5.726421624422073364e-02 7.193137407302856445e-01 3.888175582885742188e+01
7.214081287384033203e-01 -9.193032234907150269e-02 6.863811016082763672e-01 2.953694152832031250e+01 2.562250569462776184e-02 9.940136671066284180e-01 1.062029376626014709e-01 2.199596643447875977e+00 -6.920359730720520020e-01 -5.902887880802154541e-02 7.194450497627258301e-01 3.965907669067382812e+01
7.232822775840759277e-01 -9.247286617755889893e-02 6.843328475952148438e-01 3.027669525146484375e+01 2.470161020755767822e-02 9.938230514526367188e-01 1.081862598657608032e-01 2.302559614181518555e+00 -6.901105046272277832e-01 -6.134510785341262817e-02 7.210988998413085938e-01 4.043578720092773438e+01
7.251586318016052246e-01 -9.413071721792221069e-02 6.821174621582031250e-01 3.102097129821777344e+01 2.509266510605812073e-02 9.935659766197204590e-01 1.104339137673377991e-01 2.412940740585327148e+00 -6.881244182586669922e-01 -6.296598166227340698e-02 7.228550314903259277e-01 4.121688461303710938e+01
7.272560000419616699e-01 -9.849540889263153076e-02 6.792622804641723633e-01 3.172660064697265625e+01 2.856384962797164917e-02 9.931350946426391602e-01 1.134259849786758423e-01 2.515415430068969727e+00 -6.857715845108032227e-01 -6.308740377426147461e-02 7.250769138336181641e-01 4.195970153808593750e+01
7.267121672630310059e-01 -9.921643137931823730e-02 6.797391772270202637e-01 3.244504165649414062e+01 2.897968143224716187e-02 9.930610656738281250e-01 1.139673218131065369e-01 2.616360425949096680e+00 -6.863303780555725098e-01 -6.312283873558044434e-02 7.245448827743530273e-01 4.271659469604492188e+01
7.300698161125183105e-01 -1.077651605010032654e-01 6.748218536376953125e-01 3.310203552246093750e+01 3.577979281544685364e-02 9.921604394912719727e-01 1.197331547737121582e-01 2.711263895034790039e+00 -6.824350357055664062e-01 -6.326860189437866211e-02 7.282023429870605469e-01 4.341249084472656250e+01
7.345888614654541016e-01 -1.088219732046127319e-01 6.697289347648620605e-01 3.373662185668945312e+01 3.582193329930305481e-02 9.918976426124572754e-01 1.218789219856262207e-01 2.812529325485229492e+00 -6.775659918785095215e-01 -6.553994119167327881e-02 7.325353026390075684e-01 4.410733413696289062e+01
7.323242425918579102e-01 -1.086699888110160828e-01 6.722290515899658203e-01 3.430837249755859375e+01 3.443738445639610291e-02 9.918306469917297363e-01 1.228195428848266602e-01 2.902909755706787109e+00 -6.800845265388488770e-01 -6.679394841194152832e-02 7.300840616226196289e-01 4.473040390014648438e+01
7.344834208488464355e-01 -1.089247763156890869e-01 6.698278188705444336e-01 3.484335327148437500e+01 3.426102176308631897e-02 9.917269945144653320e-01 1.237026229500770569e-01 2.991008996963500977e+00 -6.777609586715698242e-01 -6.790857017040252686e-02 7.321390509605407715e-01 4.531706619262695312e+01
7.479099035263061523e-01 -1.190300434827804565e-01 6.530408263206481934e-01 3.541868591308593750e+01 4.079557582736015320e-02 9.901732802391052246e-01 1.337572336196899414e-01 3.085780620574951172e+00 -6.625451445579528809e-01 -7.339721918106079102e-02 7.454165816307067871e-01 4.595848846435546875e+01
7.457903027534484863e-01 -1.209661439061164856e-01 6.551058888435363770e-01 3.606423187255859375e+01 4.091119393706321716e-02 9.898354411125183105e-01 1.361999511718750000e-01 3.205930471420288086e+00 -6.649231314659118652e-01 -7.477548718452453613e-02 7.431588172912597656e-01 4.667832183837890625e+01
7.452137470245361328e-01 -1.239479109644889832e-01 6.552045941352844238e-01 3.667678451538085938e+01 4.166759923100471497e-02 9.893075227737426758e-01 1.397598832845687866e-01 3.323559522628784180e+00 -6.655222773551940918e-01 -7.685022801160812378e-02 7.424104809761047363e-01 4.737429428100585938e+01
7.439830899238586426e-01 -1.273462176322937012e-01 6.559509634971618652e-01 3.730588150024414062e+01 4.429712146520614624e-02 9.889107346534729004e-01 1.417449265718460083e-01 3.442559480667114258e+00 -6.667281985282897949e-01 -7.639914751052856445e-02 7.413743138313293457e-01 4.807408142089843750e+01
7.405879497528076172e-01 -1.276162564754486084e-01 6.597295999526977539e-01 3.789727401733398438e+01 4.330407828092575073e-02 9.888225793838500977e-01 1.426635235548019409e-01 3.554991722106933594e+00 -6.705623269081115723e-01 -7.708596438169479370e-02 7.378367781639099121e-01 4.872808074951171875e+01
7.397206425666809082e-01 -1.287523955106735229e-01 6.604814529418945312e-01 3.840449142456054688e+01 4.297989606857299805e-02 9.885596632957458496e-01 1.445707678794860840e-01 3.658366203308105469e+00 -6.715397834777832031e-01 -7.855461537837982178e-02 7.367922067642211914e-01 4.930275726318359375e+01
7.388203740119934082e-01 -1.285203397274017334e-01 6.615334153175354004e-01 3.893638992309570312e+01 4.206038638949394226e-02 9.885256290435791016e-01 1.450728923082351685e-01 3.762065649032592773e+00 -6.725882291793823242e-01 -7.935851812362670898e-02 7.357490062713623047e-01 4.989635086059570312e+01
7.403157949447631836e-01 -1.336726546287536621e-01 6.588350534439086914e-01 3.949487304687500000e+01 4.719367995858192444e-02 9.879469871520996094e-01 1.474166363477706909e-01 3.872224330902099609e+00 -6.706002950668334961e-01 -7.804208248853683472e-02 7.377018332481384277e-01 5.050795745849609375e+01
7.399405241012573242e-01 -1.351310610771179199e-01 6.589591503143310547e-01 4.005517196655273438e+01 4.782975092530250549e-02 9.877032041549682617e-01 1.488380283117294312e-01 3.983342885971069336e+00 -6.709693074226379395e-01 -7.861349731683731079e-02 7.373055219650268555e-01 5.112408828735351562e+01
7.407915592193603516e-01 -1.380271315574645996e-01 6.574009060859680176e-01 4.060809707641601562e+01 4.934670776128768921e-02 9.871984124183654785e-01 1.516647338867187500e-01 4.100937366485595703e+00 -6.699196100234985352e-01 -7.991144061088562012e-02 7.381200194358825684e-01 5.174531555175781250e+01
7.368031740188598633e-01 -1.400358974933624268e-01 6.614458560943603516e-01 4.114598846435546875e+01 5.107391625642776489e-02 9.870471358299255371e-01 1.520768553018569946e-01 4.211051464080810547e+00 -6.741750836372375488e-01 -7.826813310384750366e-02 7.344122529029846191e-01 5.234350967407226562e+01
7.313873171806335449e-01 -1.390744894742965698e-01 6.676304936408996582e-01 4.173084640502929688e+01 4.883699864149093628e-02 9.871516227722167969e-01 1.521333158016204834e-01 4.328382968902587891e+00 -6.802110075950622559e-01 -7.866336405277252197e-02 7.287827730178833008e-01 5.297526550292968750e+01
7.258476018905639648e-01 -1.383685022592544556e-01 6.737945079803466797e-01 4.233360671997070312e+01 4.674981534481048584e-02 9.872161149978637695e-01 1.523704230785369873e-01 4.449056148529052734e+00 -6.862646937370300293e-01 -7.909798622131347656e-02 7.230377197265625000e-01 5.361576843261718750e+01
7.287007570266723633e-01 -1.417540311813354492e-01 6.700005531311035156e-01 4.294734573364257812e+01 4.862172901630401611e-02 9.865819215774536133e-01 1.558524966239929199e-01 4.578914165496826172e+00 -6.831037998199462891e-01 -8.099329471588134766e-02 7.258158326148986816e-01 5.427644348144531250e+01
7.296723127365112305e-01 -1.443751454353332520e-01 6.683815717697143555e-01 4.355186080932617188e+01 4.728379100561141968e-02 9.857689142227172852e-01 1.613132953643798828e-01 4.708323955535888672e+00 -6.821600794792175293e-01 -8.610226958990097046e-02 7.261152863502502441e-01 5.493135452270507812e+01
7.269440889358520508e-01 -1.422774493694305420e-01 6.717954874038696289e-01 4.419731903076171875e+01 4.573655873537063599e-02 9.861588478088378906e-01 1.593643128871917725e-01 4.850054740905761719e+00 -6.851716637611389160e-01 -8.512338250875473022e-02 7.233901023864746094e-01 5.562422561645507812e+01
7.300087809562683105e-01 -1.435390114784240723e-01 6.681942343711853027e-01 4.485221862792968750e+01 4.632235690951347351e-02 9.858385324478149414e-01 1.611665338277816772e-01 4.995267391204833984e+00 -6.818659305572509766e-01 -8.670070767402648926e-02 7.263203263282775879e-01 5.633370208740234375e+01
7.356442809104919434e-01 -1.470994502305984497e-01 6.612026691436767578e-01 4.548278808593750000e+01 4.886828362941741943e-02 9.851161241531372070e-01 1.647911667823791504e-01 5.138089656829833984e+00 -6.756027340888977051e-01 -8.891590684652328491e-02 7.318840622901916504e-01 5.701442718505859375e+01
7.319122552871704102e-01 -1.486190855503082275e-01 6.649936437606811523e-01 4.615429306030273438e+01 4.893726855516433716e-02 9.848682880401611328e-01 1.662458479404449463e-01 5.285954475402832031e+00 -6.796390414237976074e-01 -8.913446962833404541e-02 7.281106710433959961e-01 5.773708343505859375e+01
7.334677577018737793e-01 -1.515371054410934448e-01 6.626170277595520020e-01 4.685029220581054688e+01 5.165127664804458618e-02 9.844384193420410156e-01 1.679618805646896362e-01 5.448074817657470703e+00 -6.777586936950683594e-01 -8.896967768669128418e-02 7.298814654350280762e-01 5.849991607666015625e+01
7.336695790290832520e-01 -1.531690061092376709e-01 6.620181202888488770e-01 4.752243423461914062e+01 5.265003442764282227e-02 9.841474890708923340e-01 1.693506389856338501e-01 5.608844280242919922e+00 -6.774633526802062988e-01 -8.939220011234283447e-02 7.301039695739746094e-01 5.923107147216796875e+01
7.342138290405273438e-01 -1.535688936710357666e-01 6.613217592239379883e-01 4.823943328857421875e+01 5.207825452089309692e-02 9.839500188827514648e-01 1.706696599721908569e-01 5.784305095672607422e+00 -6.769177317619323730e-01 -9.086761623620986938e-02 7.304278016090393066e-01 6.000917434692382812e+01
7.313425540924072266e-01 -1.560282111167907715e-01 6.639224886894226074e-01 4.887217330932617188e+01 5.315119028091430664e-02 9.835564494132995605e-01 1.725967079401016235e-01 5.935956001281738281e+00 -6.799358725547790527e-01 -9.093911945819854736e-02 7.276102900505065918e-01 6.069628524780273438e+01
7.301958203315734863e-01 -1.554095298051834106e-01 6.653282046318054199e-01 4.939089202880859375e+01 5.118288472294807434e-02 9.834922552108764648e-01 1.735542714595794678e-01 6.058135986328125000e+00 -6.813178658485412598e-01 -9.267527610063552856e-02 7.260969281196594238e-01 6.125639724731445312e+01
7.284848093986511230e-01 -1.569354534149169922e-01 6.668440103530883789e-01 4.994624710083007812e+01 5.180910974740982056e-02 9.832391738891601562e-01 1.747979223728179932e-01 6.187656879425048828e+00 -6.830999255180358887e-01 -9.278911352157592773e-02 7.244061231613159180e-01 6.184933853149414062e+01
7.292692065238952637e-01 -1.598375737667083740e-01 6.652956604957580566e-01 5.053769683837890625e+01 5.370597168803215027e-02 9.827028512954711914e-01 1.772245764732360840e-01 6.331072807312011719e+00 -6.821159124374389648e-01 -9.351413697004318237e-02 7.252397537231445312e-01 6.248551940917968750e+01
7.291558384895324707e-01 -1.613185703754425049e-01 6.650625467300415039e-01 5.122635650634765625e+01 5.420204252004623413e-02 9.823789000511169434e-01 1.788617521524429321e-01 6.498896598815917969e+00 -6.821979880332946777e-01 -9.437038749456405640e-02 7.250516414642333984e-01 6.323221969604492188e+01
7.298759818077087402e-01 -1.649671792984008789e-01 6.633754968643188477e-01 5.192258071899414062e+01 5.597884580492973328e-02 9.816071987152099609e-01 1.825141012668609619e-01 6.671680927276611328e+00 -6.812837719917297363e-01 -9.607771784067153931e-02 7.256867289543151855e-01 6.398685073852539062e+01
7.262009382247924805e-01 -1.694149225950241089e-01 6.662814021110534668e-01 5.262299728393554688e+01 5.832306295633316040e-02 9.808479547500610352e-01 1.858314573764801025e-01 6.846924781799316406e+00 -6.850042343139648438e-01 -9.609146416187286377e-02 7.221740484237670898e-01 6.473342132568359375e+01
7.234898805618286133e-01 -1.714632213115692139e-01 6.687023043632507324e-01 5.331277847290039062e+01 5.774166062474250793e-02 9.802983999252319336e-01 1.888876706361770630e-01 7.021167278289794922e+00 -6.879159808158874512e-01 -9.804639220237731934e-02 7.191371321678161621e-01 6.546381378173828125e+01
7.183202505111694336e-01 -1.740276366472244263e-01 6.735950708389282227e-01 5.395507812500000000e+01 5.722152069211006165e-02 9.797059297561645508e-01 1.920924633741378784e-01 7.189062118530273438e+00 -6.933554410934448242e-01 -9.943983703851699829e-02 7.137013673782348633e-01 6.614910125732421875e+01
7.160420417785644531e-01 -1.746420413255691528e-01 6.758578419685363770e-01 5.461164855957031250e+01 5.678936094045639038e-02 9.795619249343872070e-01 1.929534673690795898e-01 7.361678123474121094e+00 -6.957433223724365234e-01 -9.978134185075759888e-02 7.113259434700012207e-01 6.683036804199218750e+01
7.178307771682739258e-01 -1.783246546983718872e-01 6.729926466941833496e-01 5.529603958129882812e+01 5.941076949238777161e-02 9.788038730621337891e-01 1.959872394800186157e-01 7.545568943023681641e+00 -6.936782002449035645e-01 -1.007027328014373779e-01 7.132105827331542969e-01 6.754318237304687500e+01
7.197688221931457520e-01 -1.819821745157241821e-01 6.699365973472595215e-01 5.599462890625000000e+01 6.125203147530555725e-02 9.779123663902282715e-01 1.998328119516372681e-01 7.735297679901123047e+00 -6.915063261985778809e-01 -1.027985140681266785e-01 7.150183320045471191e-01 6.827989959716796875e+01
7.211331725120544434e-01 -1.852460503578186035e-01 6.675707101821899414e-01 5.672679138183593750e+01 6.384660303592681885e-02 9.772570729255676270e-01 2.022124379873275757e-01 7.943135738372802734e+00 -6.898482441902160645e-01 -1.032000258564949036e-01 7.165604829788208008e-01 6.906446838378906250e+01
7.197653651237487793e-01 -1.897895038127899170e-01 6.677705049514770508e-01 5.744717788696289062e+01 6.620821356773376465e-02 9.762852191925048828e-01 2.061101347208023071e-01 8.149651527404785156e+00 -6.910529732704162598e-01 -1.041391119360923767e-01 7.152625918388366699e-01 6.982302093505859375e+01
7.178015708923339844e-01 -1.908539384603500366e-01 6.695784926414489746e-01 5.814236068725585938e+01 6.520866602659225464e-02 9.758960604667663574e-01 2.082604169845581055e-01 8.344512939453125000e+00 -6.931872963905334473e-01 -1.058274060487747192e-01 7.129457592964172363e-01 7.055425262451171875e+01
7.180099487304687500e-01 -1.926020234823226929e-01 6.688541173934936523e-01 5.881174087524414062e+01 6.546285748481750488e-02 9.753780961036682129e-01 2.105941772460937500e-01 8.538087844848632812e+00 -6.929475069046020508e-01 -1.074237003922462463e-01 7.129401564598083496e-01 7.126244354248046875e+01
7.193047404289245605e-01 -1.945994049310684204e-01 6.668817996978759766e-01 5.948494338989257812e+01 6.628990173339843750e-02 9.748098850250244141e-01 2.129533886909484863e-01 8.736692428588867188e+00 -6.915245056152343750e-01 -1.089709550142288208e-01 7.140861153602600098e-01 7.197821807861328125e+01
7.204553484916687012e-01 -1.949343681335449219e-01 6.655405759811401367e-01 6.016946792602539062e+01 6.774780154228210449e-02 9.748740792274475098e-01 2.121991813182830811e-01 8.940706253051757812e+00 -6.901841163635253906e-01 -1.077912226319313049e-01 7.155604362487792969e-01 7.270555114746093750e+01
7.214246392250061035e-01 -1.962266713380813599e-01 6.641093492507934570e-01 6.086692428588867188e+01 7.063419371843338013e-02 9.748611450195312500e-01 2.113153338432312012e-01 9.149250030517578125e+00 -6.888811588287353516e-01 -1.055393293499946594e-01 7.171499729156494141e-01 7.345133972167968750e+01
7.160724401473999023e-01 -2.020196318626403809e-01 6.681526899337768555e-01 6.162285995483398438e+01 7.044990360736846924e-02 9.732311964035034180e-01 2.187591791152954102e-01 9.371039390563964844e+00 -6.944616436958312988e-01 -1.095762103796005249e-01 7.111370563507080078e-01 7.425469207763671875e+01
7.158917784690856934e-01 -2.030894160270690918e-01 6.680219769477844238e-01 6.236749267578125000e+01 7.198887318372726440e-02 9.731318950653076172e-01 2.187001556158065796e-01 9.601817131042480469e+00 -6.944900751113891602e-01 -1.084755659103393555e-01 7.112780213356018066e-01 7.503626251220703125e+01
7.175019383430480957e-01 -2.079460322856903076e-01 6.647925376892089844e-01 6.307249069213867188e+01 7.395886629819869995e-02 9.717459678649902344e-01 2.241376787424087524e-01 9.820320129394531250e+00 -6.926189064979553223e-01 -1.116519868373870850e-01 7.126098275184631348e-01 7.579055786132812500e+01
7.170435786247253418e-01 -2.088579535484313965e-01 6.650010943412780762e-01 6.376771545410156250e+01 7.423321157693862915e-02 9.715071916580200195e-01 2.250800877809524536e-01 1.003943157196044922e+01 -6.930640339851379395e-01 -1.120271459221839905e-01 7.121179699897766113e-01 7.652600097656250000e+01
7.157585024833679199e-01 -2.092218548059463501e-01 6.662698984146118164e-01 6.444281005859375000e+01 6.772964447736740112e-02 9.703649878501892090e-01 2.319532185792922974e-01 1.024921131134033203e+01 -6.950556039810180664e-01 -1.208963543176651001e-01 7.087182998657226562e-01 7.724019622802734375e+01
7.161596417427062988e-01 -2.116548269987106323e-01 6.650692820549011230e-01 6.514895629882812500e+01 6.950716674327850342e-02 9.697991609573364258e-01 2.337867170572280884e-01 1.047531509399414062e+01 -6.944666504859924316e-01 -1.212016269564628601e-01 7.092432975769042969e-01 7.798413848876953125e+01
7.182328701019287109e-01 -2.153851240873336792e-01 6.616269946098327637e-01 6.582653808593750000e+01 7.019055634737014771e-02 9.684596657752990723e-01 2.390751391649246216e-01 1.070568943023681641e+01 -6.922532916069030762e-01 -1.252717524766921997e-01 7.106983661651611328e-01 7.871806335449218750e+01
7.183527350425720215e-01 -2.198956906795501709e-01 6.600111126899719238e-01 6.652793884277343750e+01 7.358347624540328979e-02 9.674237370491027832e-01 2.422282546758651733e-01 1.094902706146240234e+01 -6.917763352394104004e-01 -1.254395097494125366e-01 7.111330032348632812e-01 7.947242736816406250e+01
7.196240425109863281e-01 -2.204151600599288940e-01 6.584510803222656250e-01 6.717330932617187500e+01 7.434803992509841919e-02 9.672867059707641602e-01 2.425418496131896973e-01 1.117212677001953125e+01 -6.903718709945678711e-01 -1.255844682455062866e-01 7.124710083007812500e-01 8.016742706298828125e+01
7.208424210548400879e-01 -2.237208336591720581e-01 6.559988856315612793e-01 6.785405731201171875e+01 7.663174718618392944e-02 9.663946032524108887e-01 2.453709840774536133e-01 1.140919780731201172e+01 -6.888493895530700684e-01 -1.266035586595535278e-01 7.137631773948669434e-01 8.089619445800781250e+01
7.217752933502197266e-01 -2.255049943923950195e-01 6.543601155281066895e-01 6.866258239746093750e+01 7.746459543704986572e-02 9.658127427101135254e-01 2.473919987678527832e-01 1.168991184234619141e+01 -6.877784729003906250e-01 -1.278717815876007080e-01 7.145693302154541016e-01 8.176615142822265625e+01
7.239795923233032227e-01 -2.281544357538223267e-01 6.509979963302612305e-01 6.938033294677734375e+01 8.204374462366104126e-02 9.655001163482666016e-01 2.471359819173812866e-01 1.194418811798095703e+01 -6.849247813224792480e-01 -1.255111992359161377e-01 7.177218794822692871e-01 8.254141998291015625e+01
7.221317887306213379e-01 -2.298324257135391235e-01 6.524584293365478516e-01 7.015013122558593750e+01 8.230373263359069824e-02 9.650382399559020996e-01 2.488477677106857300e-01 1.221733188629150391e+01 -6.868416070938110352e-01 -1.260012090206146240e-01 7.158017158508300781e-01 8.337804412841796875e+01
