9.999976754188537598e-01 1.874691573902964592e-03 1.091774669475853443e-03 3.302285214886069298e-03 -1.874264562502503395e-03 9.999981522560119629e-01 -3.919641603715717793e-04 -1.703409664332866669e-02 -1.092507620342075825e-03 3.899165312759578228e-04 9.999993443489074707e-01 8.948830962181091309e-01
9.999915361404418945e-01 2.461660187691450119e-03 3.316573332995176315e-03 9.395384229719638824e-03 -2.457568654790520668e-03 9.999961853027343750e-01 -1.237042713910341263e-03 -2.765477076172828674e-02 -3.319606184959411621e-03 1.228880719281733036e-03 9.999937415122985840e-01 1.552001714706420898e+00
9.999970793724060059e-01 2.893336568376980722e-05 2.436263486742973328e-03 1.388109754770994186e-02 -2.571268487372435629e-05 9.999990463256835938e-01 -1.322095980867743492e-03 -4.282923042774200439e-02 -2.436299808323383331e-03 1.322028343565762043e-03 9.999961256980895996e-01 2.208568572998046875e+00
9.999935626983642578e-01 -6.248183781281113625e-04 3.540875157341361046e-03 1.916446536779403687e-02 6.305871647782623768e-04 9.999983906745910645e-01 -1.628390979021787643e-03 -5.493978410959243774e-02 -3.539852332323789597e-03 1.630612183362245560e-03 9.999923706054687500e-01 2.811192274093627930e+00
9.999974370002746582e-01 -4.619112296495586634e-04 2.245558192953467369e-03 2.085042931139469147e-02 4.684235318563878536e-04 9.999955892562866211e-01 -2.900658641010522842e-03 -6.747774779796600342e-02 -2.244208939373493195e-03 2.901701722294092178e-03 9.999932050704956055e-01 3.414889097213745117e+00
9.999977350234985352e-01 1.904450822621583939e-03 -1.015667105093598366e-03 2.263482101261615753e-02 -1.907488098368048668e-03 9.999936223030090332e-01 -2.997821196913719177e-03 -8.055631816387176514e-02 1.009950647130608559e-03 2.999751828610897064e-03 9.999949336051940918e-01 4.042444229125976562e+00
9.999579787254333496e-01 2.119924174621701241e-03 8.931630291044712067e-03 4.098782688379287720e-02 -2.064648550003767014e-03 9.999786019325256348e-01 -6.193797104060649872e-03 -8.980886638164520264e-02 -8.944570086896419525e-03 6.175095681101083755e-03 9.999408721923828125e-01 4.353305339813232422e+00
9.999874234199523926e-01 3.102737246081233025e-03 -3.975250758230686188e-03 3.361496701836585999e-02 -3.129759337753057480e-03 9.999718070030212402e-01 -6.808138452470302582e-03 -1.008768677711486816e-01 3.954013809561729431e-03 6.820496637374162674e-03 9.999688267707824707e-01 4.874352931976318359e+00
9.998581409454345703e-01 3.879040013998746872e-03 -1.639884710311889648e-02 1.988128572702407837e-02 -4.016519058495759964e-03 9.999568462371826172e-01 -8.358862251043319702e-03 -1.185907945036888123e-01 1.636571250855922699e-02 8.423541672527790070e-03 9.998304843902587891e-01 5.485661506652832031e+00
9.998356103897094727e-01 4.009217955172061920e-03 -1.769166067242622375e-02 1.437238231301307678e-02 -4.153928253799676895e-03 9.999579787254333496e-01 -8.150430396199226379e-03 -1.413690000772476196e-01 1.765823736786842346e-02 8.222579024732112885e-03 9.998101592063903809e-01 6.210197448730468750e+00
9.995062947273254395e-01 4.642598796635866165e-03 -3.108039498329162598e-02 -1.568361371755599976e-02 -4.878758918493986130e-03 9.999595880508422852e-01 -7.526847999542951584e-03 -1.666693687438964844e-01 3.104419074952602386e-02 7.674764376133680344e-03 9.994884133338928223e-01 6.944557189941406250e+00
9.992288351058959961e-01 5.253973416984081268e-03 -3.891727700829505920e-02 -3.782593458890914917e-02 -5.644339136779308319e-03 9.999346137046813965e-01 -9.927488863468170166e-03 -1.852280646562576294e-01 3.886257112026214600e-02 1.013949420303106308e-02 9.991930127143859863e-01 7.509819984436035156e+00
9.986044764518737793e-01 4.034580662846565247e-03 -5.266165733337402344e-02 -8.003876358270645142e-02 -4.646547604352235794e-03 9.999228715896606445e-01 -1.150339934974908829e-02 -2.095635682344436646e-01 5.261117964982986450e-02 1.173203904181718826e-02 9.985460042953491211e-01 8.181449890136718750e+00
9.987277388572692871e-01 4.552310332655906677e-03 -5.022513493895530701e-02 -9.983614087104797363e-02 -5.025149788707494736e-03 9.999440312385559082e-01 -9.292032569646835327e-03 -2.233384400606155396e-01 5.018002167344093323e-02 9.532598778605461121e-03 9.986945390701293945e-01 8.720448493957519531e+00
9.992222785949707031e-01 5.090005695819854736e-03 -3.910544514656066895e-02 -1.115914136171340942e-01 -5.517137702554464340e-03 9.999260306358337402e-01 -1.082235109061002731e-02 -2.442580163478851318e-01 3.904746845364570618e-02 1.102968398481607437e-02 9.991762638092041016e-01 9.247833251953125000e+00
9.992420673370361328e-01 2.891476266086101532e-03 -3.882290795445442200e-02 -1.179455071687698364e-01 -3.310628933832049370e-03 9.999366998672485352e-01 -1.073647662997245789e-02 -2.575840353965759277e-01 3.878940641880035400e-02 1.085686683654785156e-02 9.991881847381591797e-01 9.480306625366210938e+00
9.989305138587951660e-01 3.910163417458534241e-03 -4.607216268777847290e-02 -1.326770037412643433e-01 -4.429695196449756622e-03 9.999274611473083496e-01 -1.117967627942562103e-02 -2.762674987316131592e-01 4.602510482072830200e-02 1.137180626392364502e-02 9.988753199577331543e-01 9.752982139587402344e+00
9.996059536933898926e-01 4.107149783521890640e-03 -2.777030877768993378e-02 -1.243129968643188477e-01 -4.438980482518672943e-03 9.999191164970397949e-01 -1.189781259745359421e-02 -2.842464745044708252e-01 2.771919406950473785e-02 1.201639696955680847e-02 9.995432496070861816e-01 1.002227973937988281e+01
9.999691247940063477e-01 5.311451386660337448e-03 -5.809491500258445740e-03 -1.051025688648223877e-01 -5.396130494773387909e-03 9.998778104782104492e-01 -1.465649250894784927e-02 -2.988802790641784668e-01 5.730930715799331665e-03 1.468739192932844162e-02 9.998754858970642090e-01 1.035516262054443359e+01
9.997290372848510742e-01 4.598183557391166687e-03 2.282385714352130890e-02 -7.553476095199584961e-02 -4.263778682798147202e-03 9.998829960823059082e-01 -1.467923540621995926e-02 -3.118334412574768066e-01 -2.288868278264999390e-02 1.457794383168220520e-02 9.996315240859985352e-01 1.061293411254882812e+01
9.988240003585815430e-01 3.475591773167252541e-03 4.836031794548034668e-02 -3.093008324503898621e-02 -2.684124279767274857e-03 9.998613595962524414e-01 -1.642164401710033417e-02 -3.253880739212036133e-01 -4.841068387031555176e-02 1.627252995967864990e-02 9.986947774887084961e-01 1.099505424499511719e+01
9.974956512451171875e-01 3.535103285685181618e-03 7.064040750265121460e-02 1.624647527933120728e-02 -2.326081506907939911e-03 9.998493790626525879e-01 -1.719029061496257782e-02 -3.429970145225524902e-01 -7.069052010774612427e-02 1.698292978107929230e-02 9.973534941673278809e-01 1.149954414367675781e+01
9.966015815734863281e-01 4.802021663635969162e-03 8.223406225442886353e-02 5.109256505966186523e-02 -3.034873632714152336e-03 9.997619390487670898e-01 -2.160095423460006714e-02 -3.590291440486907959e-01 -8.231819421052932739e-02 2.127798274159431458e-02 9.963786602020263672e-01 1.173863983154296875e+01
9.950159192085266113e-01 6.169231142848730087e-03 9.952636063098907471e-02 1.022473126649856567e-01 -3.894704394042491913e-03 9.997270107269287109e-01 -2.303181774914264679e-02 -3.767752647399902344e-01 -9.964126348495483398e-02 2.252941206097602844e-02 9.947680830955505371e-01 1.207430267333984375e+01
9.929437041282653809e-01 5.673684179782867432e-03 1.184516102075576782e-01 1.688472032546997070e-01 -3.030352760106325150e-03 9.997425079345703125e-01 -2.248404920101165771e-02 -3.946679234504699707e-01 -1.185486465692520142e-01 2.196645550429821014e-02 9.927050471305847168e-01 1.247730731964111328e+01
9.905434846878051758e-01 8.938788436353206635e-03 1.369083523750305176e-01 2.354940772056579590e-01 -5.428357049822807312e-03 9.996472597122192383e-01 -2.599277719855308533e-02 -4.151629209518432617e-01 -1.370923817157745361e-01 2.500379644334316254e-02 9.902424216270446777e-01 1.283218765258789062e+01
9.870482087135314941e-01 7.672566454857587814e-03 1.602409034967422485e-01 3.268769383430480957e-01 -3.479716368019580841e-03 9.996444582939147949e-01 -2.643025107681751251e-02 -4.370606541633605957e-01 -1.603866964578628540e-01 2.553034573793411255e-02 9.867238402366638184e-01 1.329602909088134766e+01
9.831228256225585938e-01 8.072400465607643127e-03 1.827690750360488892e-01 4.360820651054382324e-01 -2.945408225059509277e-03 9.995948076248168945e-01 -2.830590121448040009e-02 -4.616122245788574219e-01 -1.829234957695007324e-01 2.728985436260700226e-02 9.827480912208557129e-01 1.379995536804199219e+01
9.807302355766296387e-01 7.399906404316425323e-03 1.952272206544876099e-01 5.657677054405212402e-01 -1.996816135942935944e-03 9.996097087860107422e-01 -2.785826846957206726e-02 -4.902695715427398682e-01 -1.953571587800979614e-01 2.693161740899085999e-02 9.803621172904968262e-01 1.441549015045166016e+01
9.786219000816345215e-01 6.827795878052711487e-03 2.055549025535583496e-01 7.080178856849670410e-01 -1.294260495342314243e-03 9.996333122253417969e-01 -2.704245410859584808e-02 -5.200496315956115723e-01 -2.056641727685928345e-01 2.619829587638378143e-02 9.782716631889343262e-01 1.504997825622558594e+01
9.761816263198852539e-01 5.209381692111492157e-03 2.168931365013122559e-01 8.903219699859619141e-01 5.213064141571521759e-04 9.996523857116699219e-01 -2.635614946484565735e-02 -5.585123896598815918e-01 -2.169550508260726929e-01 2.584145776927471161e-02 9.758393168449401855e-01 1.584651660919189453e+01
9.732091426849365234e-01 5.317291244864463806e-03 2.298608124256134033e-01 1.090851306915283203e+00 8.302031783387064934e-04 9.996446371078491211e-01 -2.663946896791458130e-02 -5.990885496139526367e-01 -2.299207895994186401e-01 2.611660584807395935e-02 9.728586673736572266e-01 1.668701934814453125e+01
9.697544574737548828e-01 7.014879956841468811e-03 2.439824938774108887e-01 1.287875294685363770e+00 -3.535558353178203106e-04 9.996261000633239746e-01 -2.733558416366577148e-02 -6.344501972198486328e-01 -2.440830320119857788e-01 2.642254717648029327e-02 9.693941473960876465e-01 1.742837905883789062e+01
9.679355621337890625e-01 7.694394327700138092e-03 2.510813176631927490e-01 1.428948879241943359e+00 -8.492518099956214428e-04 9.996251463890075684e-01 -2.735965885221958160e-02 -6.607282757759094238e-01 -2.511976957321166992e-01 2.626916021108627319e-02 9.675791263580322266e-01 1.795411872863769531e+01
9.654455184936523438e-01 7.368648424744606018e-03 2.605014443397521973e-01 1.590130329132080078e+00 -7.295206887647509575e-05 9.996076226234436035e-01 -2.800496853888034821e-02 -6.897021532058715820e-01 -2.606055736541748047e-01 2.701826952397823334e-02 9.650670886039733887e-01 1.852322006225585938e+01
9.621930122375488281e-01 7.213282398879528046e-03 2.722734510898590088e-01 1.743682980537414551e+00 9.575228905305266380e-04 9.995533227920532227e-01 -2.986481785774230957e-02 -7.169898748397827148e-01 -2.723672389984130859e-01 2.899643033742904663e-02 9.617562890052795410e-01 1.904505348205566406e+01
9.596233367919921875e-01 6.934288423508405685e-03 2.812032997608184814e-01 1.908155202865600586e+00 1.405771588906645775e-03 9.995651841163635254e-01 -2.944595552980899811e-02 -7.465877532958984375e-01 -2.812852263450622559e-01 2.865233644843101501e-02 9.591962695121765137e-01 1.958172225952148438e+01
9.558945894241333008e-01 5.607942119240760803e-03 2.936571538448333740e-01 2.069252967834472656e+00 3.709444077685475349e-03 9.995072484016418457e-01 -3.116230666637420654e-02 -7.754440903663635254e-01 -2.936872243881225586e-01 3.087718598544597626e-02 9.554026722908020020e-01 2.006761169433593750e+01
9.536362290382385254e-01 7.365593686699867249e-03 3.008723556995391846e-01 2.248081207275390625e+00 2.147340914234519005e-03 9.995083212852478027e-01 -3.127496689558029175e-02 -8.061449527740478516e-01 -3.009547889232635498e-01 3.047101572155952454e-02 9.531514048576354980e-01 2.060132217407226562e+01
9.499946236610412598e-01 9.335014037787914276e-03 3.121272623538970947e-01 2.443959712982177734e+00 9.315020870417356491e-04 9.994636774063110352e-01 -3.272687271237373352e-02 -8.407588005065917969e-01 -3.122653961181640625e-01 3.138109669089317322e-02 9.494763612747192383e-01 2.117842292785644531e+01
9.465716481208801270e-01 9.008174762129783630e-03 3.223683238029479980e-01 2.640235424041748047e+00 2.430491615086793900e-03 9.993818998336791992e-01 -3.506316989660263062e-02 -8.741521835327148438e-01 -3.224849402904510498e-01 3.397331386804580688e-02 9.459646344184875488e-01 2.173435592651367188e+01
9.447761774063110352e-01 1.031258143484592438e-02 3.275545537471771240e-01 2.845105648040771484e+00 9.503889596089720726e-04 9.994141459465026855e-01 -3.420639038085937500e-02 -9.107320308685302734e-01 -3.277153968811035156e-01 3.262868523597717285e-02 9.442127943038940430e-01 2.231214332580566406e+01
9.406417012214660645e-01 9.657351300120353699e-03 3.392644226551055908e-01 3.034404039382934570e+00 1.891195424832403660e-03 9.994302988052368164e-01 -3.369289264082908630e-02 -9.436780810356140137e-01 -3.393964767456054688e-01 3.233455121517181396e-02 9.400873780250549316e-01 2.281897163391113281e+01
9.364061355590820312e-01 8.312502875924110413e-03 3.508204221725463867e-01 3.255432128906250000e+00 4.383827093988656998e-03 9.993641376495361328e-01 -3.538070619106292725e-02 -9.784870147705078125e-01 -3.508913815021514893e-01 3.466863930225372314e-02 9.357740879058837891e-01 2.336824417114257812e+01
9.333075881004333496e-01 4.419093020260334015e-03 3.590514063835144043e-01 3.465504407882690430e+00 7.469094358384609222e-03 9.994688034057617188e-01 -3.171614930033683777e-02 -1.010425925254821777e+00 -3.590007424354553223e-01 3.228271007537841797e-02 9.327787160873413086e-01 2.389403152465820312e+01
9.271299242973327637e-01 4.973602946847677231e-03 3.747076988220214844e-01 3.632097482681274414e+00 7.950500585138797760e-03 9.994255900382995605e-01 -3.293745219707489014e-02 -1.033172607421875000e+00 -3.746562004089355469e-01 3.351640701293945312e-02 9.265577793121337891e-01 2.426249885559082031e+01
9.185485839843750000e-01 4.341380205005407333e-03 3.952848613262176514e-01 3.784632444381713867e+00 9.436746127903461456e-03 9.994137287139892578e-01 -3.290530666708946228e-02 -1.049888253211975098e+00 -3.951959013938903809e-01 3.395531699061393738e-02 9.179691076278686523e-01 2.455632591247558594e+01
9.096422791481018066e-01 3.119309898465871811e-03 4.153811931610107422e-01 3.975568294525146484e+00 1.086019817739725113e-02 9.994512200355529785e-01 -3.128817677497863770e-02 -1.073903083801269531e+00 -4.152507483959197998e-01 3.297216817736625671e-02 9.091092348098754883e-01 2.493256187438964844e+01
9.032031893730163574e-01 2.255477244034409523e-03 4.292076230049133301e-01 4.269154548645019531e+00 1.204782724380493164e-02 9.994587898254394531e-01 -3.060505166649818420e-02 -1.107479453086853027e+00 -4.290442466735839844e-01 3.281360119581222534e-02 9.026872515678405762e-01 2.551859664916992188e+01
8.990991115570068359e-01 8.326863753609359264e-04 4.377446174621582031e-01 4.565673351287841797e+00 1.325706951320171356e-02 9.994875192642211914e-01 -2.913047745823860168e-02 -1.141115903854370117e+00 -4.375444650650024414e-01 3.199439868330955505e-02 8.986274003982543945e-01 2.612143325805664062e+01
8.921145796775817871e-01 2.134759910404682159e-03 4.518043994903564453e-01 4.984809875488281250e+00 1.257244125008583069e-02 9.994841217994689941e-01 -2.954762615263462067e-02 -1.184024333953857422e+00 -4.516343474388122559e-01 3.204015642404556274e-02 8.916276097297668457e-01 2.693500328063964844e+01
8.854066729545593262e-01 7.746557821519672871e-04 4.648166894912719727e-01 5.401020050048828125e+00 1.446683052927255630e-02 9.994680881500244141e-01 -2.922292612493038177e-02 -1.226693272590637207e+00 -4.645920395851135254e-01 3.259860351681709290e-02 8.849245905876159668e-01 2.771408081054687500e+01
8.776704072952270508e-01 9.656921611167490482e-04 4.792636930942535400e-01 5.791029453277587891e+00 1.532929856330156326e-02 9.994296431541442871e-01 -3.008623979985713959e-02 -1.266139030456542969e+00 -4.790193736553192139e-01 3.375258669257164001e-02 8.771551251411437988e-01 2.841174316406250000e+01
8.704112172126770020e-01 2.004741691052913666e-03 4.923213124275207520e-01 6.210395336151123047e+00 1.494954247027635574e-02 9.994228482246398926e-01 -3.050012886524200439e-02 -1.306904911994934082e+00 -4.920982718467712402e-01 3.390763700008392334e-02 8.698789477348327637e-01 2.913702011108398438e+01
8.619639873504638672e-01 3.365279641002416611e-03 5.069583654403686523e-01 6.574880599975585938e+00 1.438497472554445267e-02 9.994128346443176270e-01 -3.109261766076087952e-02 -1.341981649398803711e+00 -5.067653059959411621e-01 3.409329801797866821e-02 8.614095449447631836e-01 2.973323631286621094e+01
8.542016744613647461e-01 5.048024933785200119e-03 5.199171900749206543e-01 6.953763484954833984e+00 1.352848671376705170e-02 9.993984103202819824e-01 -3.193022683262825012e-02 -1.377017498016357422e+00 -5.197655558586120605e-01 3.430854156613349915e-02 8.536196351051330566e-01 3.034196662902832031e+01
8.469461798667907715e-01 4.920746199786663055e-03 5.316556692123413086e-01 7.414757251739501953e+00 1.461790781468153000e-02 9.993635416030883789e-01 -3.253651037812232971e-02 -1.422380089759826660e+00 -5.314773321151733398e-01 3.532836586236953735e-02 8.463352918624877930e-01 3.107305717468261719e+01
8.435197472572326660e-01 3.003858728334307671e-03 5.370895266532897949e-01 7.795844554901123047e+00 1.653585210442543030e-02 9.993649721145629883e-01 -3.155952692031860352e-02 -1.457580447196960449e+00 -5.368432402610778809e-01 3.550232201814651489e-02 8.429344892501831055e-01 3.166636276245117188e+01
8.399838209152221680e-01 2.312193159013986588e-03 5.426062941551208496e-01 8.312744140625000000e+00 1.598379202187061310e-02 9.994513988494873047e-01 -2.900275401771068573e-02 -1.504544138908386230e+00 -5.423756837844848633e-01 3.303475677967071533e-02 8.394861221313476562e-01 3.246207427978515625e+01
8.316686153411865234e-01 2.088829176500439644e-03 5.552681088447570801e-01 8.870288848876953125e+00 1.594190672039985657e-02 9.994907975196838379e-01 -2.763741835951805115e-02 -1.554646372795104980e+00 -5.550430417060852051e-01 3.183721750974655151e-02 8.312119245529174805e-01 3.328989410400390625e+01
8.266081809997558594e-01 1.917548594065010548e-03 5.627742409706115723e-01 9.336117744445800781e+00 1.480290666222572327e-02 9.995740652084350586e-01 -2.514857240021228790e-02 -1.592772245407104492e+00 -5.625827312469482422e-01 2.911872230470180511e-02 8.262278437614440918e-01 3.396261215209960938e+01
8.174833059310913086e-01 2.412086818367242813e-03 5.759468674659729004e-01 9.757007598876953125e+00 1.368238404393196106e-02 9.996275901794433594e-01 -2.360694855451583862e-02 -1.626135468482971191e+00 -5.757893919944763184e-01 2.717862278223037720e-02 8.171460032463073730e-01 3.454685974121093750e+01
8.086627721786499023e-01 3.718706080690026283e-03 5.882603526115417480e-01 1.024956512451171875e+01 1.504541561007499695e-02 9.995220303535461426e-01 -2.700102142989635468e-02 -1.660207033157348633e+00 -5.880797505378723145e-01 3.068535029888153076e-02 8.082204461097717285e-01 3.521718597412109375e+01
7.977790236473083496e-01 3.830153262242674828e-03 6.029373407363891602e-01 1.079064750671386719e+01 1.641525328159332275e-02 9.994710087776184082e-01 -2.806910127401351929e-02 -1.699191451072692871e+00 -6.027261018753051758e-01 3.229031711816787720e-02 7.972942590713500977e-01 3.591833114624023438e+01
7.868018150329589844e-01 3.666970646008849144e-03 6.171944141387939453e-01 1.134776592254638672e+01 1.838961802423000336e-02 9.993989467620849609e-01 -2.938100881874561310e-02 -1.740646481513977051e+00 -6.169313788414001465e-01 3.446700423955917358e-02 7.862615585327148438e-01 3.661779403686523438e+01
7.815076708793640137e-01 3.226016648113727570e-03 6.238868236541748047e-01 1.193469810485839844e+01 1.969827339053153992e-02 9.993603229522705078e-01 -2.984250336885452271e-02 -1.786504149436950684e+00 -6.235842704772949219e-01 3.561164438724517822e-02 7.809442877769470215e-01 3.734985351562500000e+01
7.747502923011779785e-01 1.897665206342935562e-03 6.322640180587768555e-01 1.251479625701904297e+01 2.227007225155830383e-02 9.992929100990295410e-01 -3.028814308345317841e-02 -1.831666827201843262e+00 -6.318747401237487793e-01 3.754632547497749329e-02 7.741602659225463867e-01 3.805519104003906250e+01
7.680998444557189941e-01 1.310048624873161316e-03 6.403282880783081055e-01 1.310859775543212891e+01 2.320723794400691986e-02 9.992838501930236816e-01 -2.988251857459545135e-02 -1.874123334884643555e+00 -6.399091482162475586e-01 3.781302273273468018e-02 7.675193548202514648e-01 3.875744247436523438e+01
7.687683105468750000e-01 4.824343486689031124e-04 6.395266652107238770e-01 1.369581508636474609e+01 2.340230159461498260e-02 9.993085861206054688e-01 -2.888555452227592468e-02 -1.919589519500732422e+00 -6.390987634658813477e-01 3.717270866036415100e-02 7.682254910469055176e-01 3.946126174926757812e+01
7.588675022125244141e-01 2.063613384962081909e-03 6.512411832809448242e-01 1.421774387359619141e+01 2.239227667450904846e-02 9.993208646774291992e-01 -2.925954386591911316e-02 -1.959902524948120117e+00 -6.508595943450927734e-01 3.678689897060394287e-02 7.583059072494506836e-01 4.005547714233398438e+01
7.493919730186462402e-01 1.606510952115058899e-03 6.621240377426147461e-01 1.473539352416992188e+01 2.298432216048240662e-02 9.993311762809753418e-01 -2.843838743865489960e-02 -1.995666146278381348e+00 -6.617271900177001953e-01 3.652998432517051697e-02 7.488538026809692383e-01 4.063608551025390625e+01
7.463755607604980469e-01 2.296256134286522865e-03 6.655203700065612793e-01 1.530666542053222656e+01 2.238227054476737976e-02 9.993416070938110352e-01 -2.854963205754756927e-02 -2.038172006607055664e+00 -6.651480793952941895e-01 3.620461747050285339e-02 7.458327412605285645e-01 4.127925491333007812e+01
7.468947172164916992e-01 2.346128923818469048e-03 6.649375557899475098e-01 1.591928195953369141e+01 2.285072952508926392e-02 9.993124008178710938e-01 -2.919318340718746185e-02 -2.081583976745605469e+00 -6.645491123199462891e-01 3.699855506420135498e-02 7.463275790214538574e-01 4.196729278564453125e+01
7.450709342956542969e-01 1.900109695270657539e-03 6.669819355010986328e-01 1.658719635009765625e+01 2.322557754814624786e-02 9.993153810501098633e-01 -2.879170887172222137e-02 -2.130977869033813477e+00 -6.665802597999572754e-01 3.694292157888412476e-02 7.445167303085327148e-01 4.271533203125000000e+01
7.483789324760437012e-01 2.738727256655693054e-03 6.632651686668395996e-01 1.730941772460937500e+01 2.247667871415615082e-02 9.993122220039367676e-01 -2.948738262057304382e-02 -2.183409690856933594e+00 -6.628899574279785156e-01 3.697574883699417114e-02 7.478026151657104492e-01 4.352951431274414062e+01
7.523698806762695312e-01 1.836387324146926403e-03 6.587377190589904785e-01 1.804915046691894531e+01 2.330088987946510315e-02 9.992959499359130859e-01 -2.939867973327636719e-02 -2.235101938247680664e+00 -6.583281755447387695e-01 3.746787086129188538e-02 7.517973184585571289e-01 4.437200546264648438e+01
7.549309134483337402e-01 1.512429327704012394e-03 6.558020114898681641e-01 1.868399810791015625e+01 2.324549667537212372e-02 9.993069767951965332e-01 -2.906389720737934113e-02 -2.283774137496948242e+00 -6.553917527198791504e-01 3.718569129705429077e-02 7.543725371360778809e-01 4.510208129882812500e+01
7.569898366928100586e-01 2.846969524398446083e-03 6.534198522567749023e-01 1.933481216430664062e+01 2.165997400879859924e-02 9.993313550949096680e-01 -2.944735251367092133e-02 -2.330017328262329102e+00 -6.530670523643493652e-01 3.644441440701484680e-02 7.564220428466796875e-01 4.584720993041992188e+01
7.675570249557495117e-01 2.938143676146864891e-03 6.409733295440673828e-01 1.996534538269042969e+01 2.053856849670410156e-02 9.993630051612854004e-01 -2.917567081749439240e-02 -2.376923084259033203e+00 -6.406509876251220703e-01 3.555867448449134827e-02 7.670077085494995117e-01 4.660162734985351562e+01
7.708730101585388184e-01 1.711189164780080318e-03 6.369858980178833008e-01 2.064634132385253906e+01 2.175286412239074707e-02 9.993422031402587891e-01 -2.900973334908485413e-02 -2.427994251251220703e+00 -6.366168260574340820e-01 3.621909767389297485e-02 7.703287005424499512e-01 4.742394256591796875e+01
7.740557193756103516e-01 6.510201492346823215e-04 6.331165432929992676e-01 2.132734107971191406e+01 2.204105257987976074e-02 9.993653893470764160e-01 -2.797532267868518829e-02 -2.478297233581542969e+00 -6.327332258224487305e-01 3.560901805758476257e-02 7.735500931739807129e-01 4.825139617919921875e+01
7.770635485649108887e-01 6.433638627640902996e-04 6.294212341308593750e-01 2.200238800048828125e+01 2.275063842535018921e-02 9.993171095848083496e-01 -2.910872548818588257e-02 -2.525667905807495117e+00 -6.290103793144226074e-01 3.693906590342521667e-02 7.765182256698608398e-01 4.907856750488281250e+01
7.805332541465759277e-01 4.647976020351052284e-04 6.251134872436523438e-01 2.265827178955078125e+01 2.334330417215824127e-02 9.992803931236267090e-01 -2.989012934267520905e-02 -2.574004650115966797e+00 -6.246777772903442383e-01 3.792245686054229736e-02 7.799606919288635254e-01 4.989331436157226562e+01
7.840354442596435547e-01 7.586746942251920700e-04 6.207149624824523926e-01 2.347206878662109375e+01 2.336284145712852478e-02 9.992544054985046387e-01 -3.073140792548656464e-02 -2.639934301376342773e+00 -6.202756762504577637e-01 3.859617933630943298e-02 7.834331989288330078e-01 5.091267395019531250e+01
7.869129776954650879e-01 7.884441874921321869e-04 6.170627474784851074e-01 2.413771629333496094e+01 2.473264187574386597e-02 9.991551041603088379e-01 -3.281717747449874878e-02 -2.691107749938964844e+00 -6.165674924850463867e-01 4.108585789799690247e-02 7.862287163734436035e-01 5.175803756713867188e+01
7.891739010810852051e-01 1.065704622305929661e-03 6.141681671142578125e-01 2.480405235290527344e+01 2.595327980816364288e-02 9.990471601486206055e-01 -3.508222103118896484e-02 -2.745219230651855469e+00 -6.136206388473510742e-01 4.362565651535987854e-02 7.883943915367126465e-01 5.261087799072265625e+01
7.911503314971923828e-01 1.674064114922657609e-04 6.116210222244262695e-01 2.543885993957519531e+01 2.676936611533164978e-02 9.990319609642028809e-01 -3.490050137042999268e-02 -2.799934625625610352e+00 -6.110351085662841797e-01 4.398424923419952393e-02 7.903801202774047852e-01 5.343140792846679688e+01
7.958428859710693359e-01 -1.362539594992995262e-03 6.055009365081787109e-01 2.609102630615234375e+01 2.625438570976257324e-02 9.991343617439270020e-01 -3.225931152701377869e-02 -2.854681491851806641e+00 -6.049332022666931152e-01 4.157039523124694824e-02 7.951899170875549316e-01 5.428472137451171875e+01
7.985400557518005371e-01 -1.418378436937928200e-03 6.019392013549804688e-01 2.672900962829589844e+01 2.692917548120021820e-02 9.990798830986022949e-01 -3.337045758962631226e-02 -2.908342361450195312e+00 -6.013384461402893066e-01 4.285737127065658569e-02 7.978436946868896484e-01 5.512634277343750000e+01
8.023551702499389648e-01 -1.801014761440455914e-03 5.968433618545532227e-01 2.737500000000000000e+01 2.692367322742938995e-02 9.990863800048828125e-01 -3.317958116531372070e-02 -2.961671829223632812e+00 -5.962387919425964355e-01 4.269101843237876892e-02 8.016707897186279297e-01 5.598851013183593750e+01
8.064324259757995605e-01 -1.381317153573036194e-03 5.913238525390625000e-01 2.802123832702636719e+01 2.599906176328659058e-02 9.991127252578735352e-01 -3.312301263213157654e-02 -3.015373706817626953e+00 -5.907539129257202148e-01 4.208533093333244324e-02 8.057529926300048828e-01 5.686743927001953125e+01
8.106895089149475098e-01 -1.396560459397733212e-03 5.854738354682922363e-01 2.858758544921875000e+01 2.556747570633888245e-02 9.991272687911987305e-01 -3.301936388015747070e-02 -3.065116405487060547e+00 -5.849173069000244141e-01 4.173753038048744202e-02 8.100178837776184082e-01 5.764746856689453125e+01
8.145066499710083008e-01 -2.257222775369882584e-03 5.801490545272827148e-01 2.920781135559082031e+01 2.595672570168972015e-02 9.991325139999389648e-01 -3.255489096045494080e-02 -3.117424488067626953e+00 -5.795728564262390137e-01 4.157493636012077332e-02 8.138588070869445801e-01 5.850768661499023438e+01
8.167941570281982422e-01 -1.683992333710193634e-03 5.769258737564086914e-01 2.982066345214843750e+01 2.603379078209400177e-02 9.990843534469604492e-01 -3.394167125225067139e-02 -3.171098709106445312e+00 -5.763409733772277832e-01 4.274292290210723877e-02 8.160902857780456543e-01 5.937418365478515625e+01
8.196240067481994629e-01 -7.241282146424055099e-04 5.729004740715026855e-01 3.038503456115722656e+01 2.536329440772533417e-02 9.990642666816711426e-01 -3.502343595027923584e-02 -3.224153518676757812e+00 -5.723395347595214844e-01 4.323669150471687317e-02 8.188756108283996582e-01 6.017602920532226562e+01
8.218351602554321289e-01 -1.192049589008092880e-03 5.697232484817504883e-01 3.094646835327148438e+01 2.616611309349536896e-02 9.990211725234985352e-01 -3.565481677651405334e-02 -3.279003858566284180e+00 -5.691235661506652832e-01 4.420982301235198975e-02 8.210621476173400879e-01 6.098754119873046875e+01
8.212977647781372070e-01 -1.344878110103309155e-03 5.704973936080932617e-01 3.151329803466796875e+01 2.715614996850490570e-02 9.989554286003112793e-01 -3.673959150910377502e-02 -3.331221818923950195e+00 -5.698525309562683105e-01 4.566665366291999817e-02 8.204765319824218750e-01 6.180236053466796875e+01
8.195481896400451660e-01 3.502278705127537251e-04 5.730094313621520996e-01 3.209009933471679688e+01 2.603529021143913269e-02 9.989438652992248535e-01 -3.784764930605888367e-02 -3.387398719787597656e+00 -5.724180340766906738e-01 4.593643173575401306e-02 8.186736106872558594e-01 6.262524032592773438e+01
8.202678561210632324e-01 5.781184881925582886e-04 5.719785094261169434e-01 3.263715744018554688e+01 2.600811608135700226e-02 9.989269971847534180e-01 -3.830763697624206543e-02 -3.441035270690917969e+00 -5.713875293731689453e-01 4.629860073328018188e-02 8.193728327751159668e-01 6.340866470336914062e+01
8.193351030349731445e-01 1.118921441957354546e-03 5.733130574226379395e-01 3.320880508422851562e+01 2.610638178884983063e-02 9.988875389099121094e-01 -3.925878554582595825e-02 -3.498322248458862305e+00 -5.727197527885437012e-01 4.713322222232818604e-02 8.183945417404174805e-01 6.422698211669921875e+01
8.124926090240478516e-01 8.105505257844924927e-04 5.829701423645019531e-01 3.379755783081054688e+01 2.726360969245433807e-02 9.988515973091125488e-01 -3.938644751906394958e-02 -3.552942514419555664e+00 -5.823331475257873535e-01 4.789505898952484131e-02 8.115375638008117676e-01 6.504318237304687500e+01
8.052271604537963867e-01 -8.667031652294099331e-04 5.929650664329528809e-01 3.440573501586914062e+01 2.884204871952533722e-02 9.988721013069152832e-01 -3.770659491419792175e-02 -3.609591722488403320e+00 -5.922641158103942871e-01 4.746469482779502869e-02 8.043439984321594238e-01 6.585958099365234375e+01
7.986749410629272461e-01 -1.662224647589027882e-03 6.017597317695617676e-01 3.503694534301757812e+01 3.079570829868316650e-02 9.987983107566833496e-01 -3.811413422226905823e-02 -3.667275905609130859e+00 -6.009737849235534668e-01 4.897241294384002686e-02 7.977663874626159668e-01 6.669952392578125000e+01
7.987393140792846680e-01 -1.447265502065420151e-03 6.016749143600463867e-01 3.563791656494140625e+01 3.019111603498458862e-02 9.988333582878112793e-01 -3.767694160342216492e-02 -3.722855091094970703e+00 -6.009189486503601074e-01 4.825928062200546265e-02 7.978510856628417969e-01 6.749502563476562500e+01
7.924699783325195312e-01 -3.764859167858958244e-03 6.098987460136413574e-01 3.625646209716796875e+01 3.187217190861701965e-02 9.988697767257690430e-01 -3.524708002805709839e-02 -3.778275251388549805e+00 -6.090772747993469238e-01 4.737103730440139771e-02 7.916942238807678223e-01 6.829080963134765625e+01
7.874534726142883301e-01 -3.943379037082195282e-03 6.163609027862548828e-01 3.684057235717773438e+01 3.175755962729454041e-02 9.989104270935058594e-01 -3.418213874101638794e-02 -3.828342914581298828e+00 -6.155551075935363770e-01 4.649094864726066589e-02 7.867206931114196777e-01 6.903391265869140625e+01
7.871581912040710449e-01 -2.838185988366603851e-03 6.167439222335815430e-01 3.740665817260742188e+01 3.171093389391899109e-02 9.988524913787841797e-01 -3.587649017572402954e-02 -3.880212068557739258e+00 -6.159350275993347168e-01 4.779798910021781921e-02 7.863449454307556152e-01 6.976111602783203125e+01
7.864186763763427734e-01 -2.083399565890431404e-03 6.176896095275878906e-01 3.798798370361328125e+01 3.193657472729682922e-02 9.987934827804565430e-01 -3.729161620140075684e-02 -3.934681177139282227e+00 -6.168673634529113770e-01 4.905370250344276428e-02 7.855363488197326660e-01 7.049800872802734375e+01
7.855161428451538086e-01 -8.085907902568578720e-04 6.188398599624633789e-01 3.855786132812500000e+01 3.203946724534034729e-02 9.987106919288635254e-01 -3.936394676566123962e-02 -3.987320661544799805e+00 -6.180108785629272461e-01 5.074830353260040283e-02 7.845292091369628906e-01 7.122241973876953125e+01
7.854169607162475586e-01 -2.921439590863883495e-04 6.189662814140319824e-01 3.915724945068359375e+01 3.211486712098121643e-02 9.986717700958251953e-01 -4.027976468205451965e-02 -4.046582698822021484e+00 -6.181330680847167969e-01 5.151441693305969238e-02 7.843830585479736328e-01 7.198099517822265625e+01
7.858252525329589844e-01 3.446411574259400368e-05 6.184478998184204102e-01 3.972660446166992188e+01 3.204059228301048279e-02 9.986543655395507812e-01 -4.076776653528213501e-02 -4.102431774139404297e+00 -6.176177263259887695e-01 5.185176059603691101e-02 7.847666740417480469e-01 7.270486450195312500e+01
7.853575944900512695e-01 1.076794345863163471e-03 6.190407276153564453e-01 4.029488372802734375e+01 3.114554099738597870e-02 9.986628890037536621e-01 -4.125052690505981445e-02 -4.158205509185791016e+00 -6.182579994201660156e-01 5.167675763368606567e-02 7.842739224433898926e-01 7.342475891113281250e+01
7.846639156341552734e-01 1.391622703522443771e-03 6.199191212654113770e-01 4.091571807861328125e+01 3.123746812343597412e-02 9.986379146575927734e-01 -4.178070276975631714e-02 -4.217055797576904297e+00 -6.191334724426269531e-01 5.214849859476089478e-02 7.835517525672912598e-01 7.420870208740234375e+01
7.836042642593383789e-01 1.388490898534655571e-03 6.212580800056457520e-01 4.154279708862304688e+01 3.245031088590621948e-02 9.985405206680297852e-01 -4.316189885139465332e-02 -4.277102470397949219e+00 -6.204119324684143066e-01 5.398185178637504578e-02 7.824155688285827637e-01 7.499427795410156250e+01
7.828116416931152344e-01 1.730284770019352436e-03 6.222556233406066895e-01 4.217354583740234375e+01 3.204552084207534790e-02 9.985566735267639160e-01 -4.309065267443656921e-02 -4.341742038726806641e+00 -6.214327812194824219e-01 5.367235466837882996e-02 7.816263437271118164e-01 7.578685760498046875e+01
7.817576527595520020e-01 3.559379372745752335e-03 6.235715150833129883e-01 4.275780868530273438e+01 3.170847147703170776e-02 9.984627962112426758e-01 -4.545149579644203186e-02 -4.401454925537109375e+00 -6.227754354476928711e-01 5.530453845858573914e-02 7.804430723190307617e-01 7.651927185058593750e+01
7.820433974266052246e-01 3.676561405882239342e-03 6.232123970985412598e-01 4.331998825073242188e+01 3.194009512662887573e-02 9.984316229820251465e-01 -4.597043991088867188e-02 -4.460485935211181641e+00 -6.224046945571899414e-01 5.585632473230361938e-02 7.806994915008544922e-01 7.722325134277343750e+01
7.815386056900024414e-01 5.294087342917919159e-03 6.238337159156799316e-01 4.389567947387695312e+01 3.154025599360466003e-02 9.983494281768798828e-01 -4.798600077629089355e-02 -4.522984504699707031e+00 -6.230588555335998535e-01 5.717876926064491272e-02 7.800816893577575684e-01 7.794424438476562500e+01
7.808477878570556641e-01 7.090000435709953308e-03 6.246803402900695801e-01 4.447974777221679688e+01 3.062709979712963104e-02 9.982982873916625977e-01 -4.961425065994262695e-02 -4.586271762847900391e+00 -6.239698529243469238e-01 5.787330865859985352e-02 7.793019413948059082e-01 7.867003631591796875e+01
7.816369533538818359e-01 7.205832749605178833e-03 6.236912608146667480e-01 4.506626892089843750e+01 3.077822364866733551e-02 9.982690811157226562e-01 -5.010614916682243347e-02 -4.652527332305908203e+00 -6.229735016822814941e-01 5.836091190576553345e-02 7.800623178482055664e-01 7.940254974365234375e+01
7.843855619430541992e-01 7.286064326763153076e-03 6.202299594879150391e-01 4.562249755859375000e+01 2.986483089625835419e-02 9.983271956443786621e-01 -4.949685558676719666e-02 -4.711627960205078125e+00 -6.195538043975830078e-01 5.734766647219657898e-02 7.828559875488281250e-01 8.010085296630859375e+01
7.846655845642089844e-01 8.895779028534889221e-03 6.198546290397644043e-01 4.619988250732421875e+01 2.875996194779872894e-02 9.982975721359252930e-01 -5.073383450508117676e-02 -4.775353431701660156e+00 -6.192514896392822266e-01 5.763607099652290344e-02 7.830740213394165039e-01 8.082712554931640625e+01
7.880511283874511719e-01 9.656742215156555176e-03 6.155331730842590332e-01 4.672657775878906250e+01 2.791375108063220978e-02 9.982875585556030273e-01 -5.139883607625961304e-02 -4.834274291992187500e+00 -6.149761676788330078e-01 5.768673121929168701e-02 7.864322662353515625e-01 8.149892425537109375e+01
7.908126711845397949e-01 1.021709013730287552e-02 6.119719743728637695e-01 4.723655319213867188e+01 2.746732346713542938e-02 9.982603788375854492e-01 -5.216063186526298523e-02 -4.892241001129150391e+00 -6.114410758018493652e-01 5.805850774049758911e-02 7.891566157341003418e-01 8.215542602539062500e+01
7.937132716178894043e-01 1.039470825344324112e-02 6.082022190093994141e-01 4.774205398559570312e+01 2.809530124068260193e-02 9.981599450111389160e-01 -5.372426286339759827e-02 -4.951709270477294922e+00 -6.076423525810241699e-01 5.972927436232566833e-02 7.919610142707824707e-01 8.281462097167968750e+01
7.965123653411865234e-01 9.712185710668563843e-03 6.045432090759277344e-01 4.824998092651367188e+01 2.836958132684230804e-02 9.981688261032104492e-01 -5.341412499547004700e-02 -5.012003898620605469e+00 -6.039557456970214844e-01 5.969563871622085571e-02 7.947785258293151855e-01 8.348764038085937500e+01
7.997009158134460449e-01 8.390384726226329803e-03 6.003389954566955566e-01 4.877733230590820312e+01 2.918088808655738831e-02 9.981769323348999023e-01 -5.282198265194892883e-02 -5.075621128082275391e+00 -5.996885299682617188e-01 5.976019799709320068e-02 7.979983687400817871e-01 8.419020080566406250e+01
8.050134778022766113e-01 1.051079202443361282e-02 5.931624174118041992e-01 4.919083404541015625e+01 2.672227844595909119e-02 9.981852173805236816e-01 -5.395408719778060913e-02 -5.126301288604736328e+00 -5.926538109779357910e-01 5.928440392017364502e-02 8.032719492912292480e-01 8.475598144531250000e+01
8.070381283760070801e-01 1.109066139906644821e-02 5.903941392898559570e-01 4.977677536010742188e+01 2.638956159353256226e-02 9.981467127799987793e-01 -5.482357367873191833e-02 -5.196819305419921875e+00 -5.899086594581604004e-01 5.982494354248046875e-02 8.052500486373901367e-01 8.555698394775390625e+01
8.101255893707275391e-01 1.045960839837789536e-02 5.861620306968688965e-01 5.035837554931640625e+01 2.612886950373649597e-02 9.982025027275085449e-01 -5.392450094223022461e-02 -5.265854358673095703e+00 -5.856731534004211426e-01 5.900135636329650879e-02 8.083963990211486816e-01 8.635465240478515625e+01
8.120563626289367676e-01 1.091716811060905457e-02 5.834758281707763672e-01 5.092319488525390625e+01 2.627513557672500610e-02 9.981265068054199219e-01 -5.524415522813796997e-02 -5.335398197174072266e+00 -5.829865336418151855e-01 6.019226834177970886e-02 8.102484941482543945e-01 8.714389038085937500e+01
