1.000000000000000000e+00 1.646606251597404480e-04 4.051695577800273895e-05 -3.855815855786204338e-03 -1.646606251597404480e-04 1.000000000000000000e+00 7.534701726399362087e-04 -3.041655570268630981e-02 -4.051695577800273895e-05 -7.534701726399362087e-04 1.000000000000000000e+00 1.757756948471069336e+00
9.999969005584716797e-01 9.448143537156283855e-04 -2.322105690836906433e-03 -5.347057245671749115e-03 -9.448161581531167030e-04 9.999998807907104492e-01 -1.125619746744632721e-05 -5.901474505662918091e-02 2.321969484910368919e-03 1.346017234027385712e-05 9.999975562095642090e-01 3.584070682525634766e+00
9.999913573265075684e-01 1.234648865647614002e-03 -3.973551094532012939e-03 -1.532632391899824142e-02 -1.232507056556642056e-03 9.999994039535522461e-01 5.356576875783503056e-04 -9.055082499980926514e-02 3.974083811044692993e-03 -5.307476967573165894e-04 9.999922513961791992e-01 5.402705669403076172e+00
9.999868273735046387e-01 1.873789587989449501e-03 -4.777345340698957443e-03 -2.457913383841514587e-02 -1.872978289611637592e-03 9.999985098838806152e-01 1.694817037787288427e-04 -1.144644618034362793e-01 4.777529276907444000e-03 -1.605240977369248867e-04 9.999888539314270020e-01 6.904946327209472656e+00
9.999845027923583984e-01 -2.402537356829270720e-04 -5.552416667342185974e-03 -3.682077303528785706e-02 2.378647477598860860e-04 1.000000119209289551e+00 -4.342431784607470036e-04 -1.418972164392471313e-01 5.552408751100301743e-03 4.329060611780732870e-04 9.999848008155822754e-01 8.609553337097167969e+00
9.999780058860778809e-01 -1.821837737224996090e-03 -6.369881797581911087e-03 -4.739251732826232910e-02 1.818799297325313091e-03 9.999985098838806152e-01 -4.856626037508249283e-04 -1.695806235074996948e-01 6.370645016431808472e-03 4.740391450468450785e-04 9.999798536300659180e-01 1.017440986633300781e+01
9.999724626541137695e-01 -2.007668372243642807e-03 -7.179895415902137756e-03 -5.867923796176910400e-02 2.006215741857886314e-03 9.999983310699462891e-01 -1.771170645952224731e-04 -1.933781802654266357e-01 7.180184125900268555e-03 1.628306927159428596e-04 9.999748468399047852e-01 1.171113204956054688e+01
9.999695420265197754e-01 -1.348445774056017399e-03 -7.720196619629859924e-03 -7.168725132942199707e-02 1.358251436613500118e-03 9.999985694885253906e-01 1.296051428653299809e-03 -2.228306680917739868e-01 7.718374487012624741e-03 -1.306378049775958061e-03 9.999699592590332031e-01 1.322280216217041016e+01
9.999676346778869629e-01 -1.558554591611027718e-03 -7.928833365440368652e-03 -8.813179284334182739e-02 1.571674481965601444e-03 9.999977350234985352e-01 1.689325203187763691e-03 -2.501210570335388184e-01 7.926201447844505310e-03 -1.701568486168980598e-03 9.999678134918212891e-01 1.483738803863525391e+01
9.999669790267944336e-01 -1.138167805038392544e-03 -8.093759417533874512e-03 -1.003829464316368103e-01 1.156893209554255009e-03 9.999972581863403320e-01 2.362718340009450912e-03 -2.684888541698455811e-01 8.090782910585403442e-03 -2.371909096837043762e-03 9.999653697013854980e-01 1.619484138488769531e+01
9.999861121177673340e-01 -1.617322908714413643e-03 -5.094440188258886337e-03 -1.055358052253723145e-01 1.637251116335391998e-03 9.999913573265075684e-01 3.995866514742374420e-03 -2.888272404670715332e-01 5.087669473141431808e-03 -4.004055168479681015e-03 9.999799728393554688e-01 1.733900451660156250e+01
9.999925494194030762e-01 -1.066198688931763172e-03 -3.818470286205410957e-03 -1.118402406573295593e-01 1.083745271898806095e-03 9.999890327453613281e-01 4.705687984824180603e-03 -3.070225417613983154e-01 3.813139628618955612e-03 -4.709679167717695236e-03 9.999825358390808105e-01 1.851780891418457031e+01
9.999983310699462891e-01 -2.024116460233926773e-03 -1.072648447006940842e-04 -1.140908151865005493e-01 2.024143701419234276e-03 9.999894499778747559e-01 4.290857352316379547e-03 -3.232450485229492188e-01 9.830808266997337341e-05 -4.290947224944829941e-03 9.999916553497314453e-01 1.962177467346191406e+01
9.999930858612060547e-01 -2.101605059579014778e-03 3.193734912201762199e-03 -1.100526154041290283e-01 2.088293433189392090e-03 9.999903440475463867e-01 4.036153666675090790e-03 -3.395713269710540771e-01 -3.202456282451748848e-03 -4.029335919767618179e-03 9.999876022338867188e-01 2.075108337402343750e+01
9.999986290931701660e-01 -1.719305641017854214e-03 7.646051235496997833e-04 -1.123671084642410278e-01 1.715458580292761326e-03 9.999892115592956543e-01 4.459953866899013519e-03 -3.574866652488708496e-01 -7.725360337644815445e-04 -4.458520561456680298e-03 9.999905824661254883e-01 2.227274894714355469e+01
9.999967813491821289e-01 -2.671084599569439888e-03 3.613103763200342655e-04 -1.124400570988655090e-01 2.668795874342322350e-03 9.999842047691345215e-01 5.070815328508615494e-03 -3.750625848770141602e-01 -3.751151089090853930e-04 -5.069715436547994614e-03 9.999879002571105957e-01 2.380871582031250000e+01
9.999967813491821289e-01 1.822836638893932104e-04 2.694656141102313995e-03 -1.106420010328292847e-01 -2.023983397521078587e-04 9.999738931655883789e-01 7.314564660191535950e-03 -3.925981521606445312e-01 -2.693536225706338882e-03 -7.314949296414852142e-03 9.999704360961914062e-01 2.515303611755371094e+01
9.999848008155822754e-01 -4.001764173153787851e-04 5.579072982072830200e-03 -1.070449799299240112e-01 3.587671380955725908e-04 9.999735951423645020e-01 7.348043844103813171e-03 -4.059124588966369629e-01 -5.582149140536785126e-03 -7.345785852521657944e-03 9.999582171440124512e-01 2.685906982421875000e+01
9.999854564666748047e-01 -4.016851889900863171e-04 5.459988955408334732e-03 -1.033567935228347778e-01 3.562605124898254871e-04 9.999671578407287598e-01 8.224091492593288422e-03 -4.175172448158264160e-01 -5.463394336402416229e-03 -8.221881464123725891e-03 9.999524354934692383e-01 2.843373870849609375e+01
9.999854564666748047e-01 2.024865243583917618e-04 5.466280970722436905e-03 -9.674619883298873901e-02 -2.528580371290445328e-04 9.999594092369079590e-01 9.121896699070930481e-03 -4.280666112899780273e-01 -5.464487709105014801e-03 -9.123002178966999054e-03 9.999446272850036621e-01 2.999827194213867188e+01
9.999912977218627930e-01 8.187044295482337475e-04 4.204292781651020050e-03 -9.285061806440353394e-02 -8.588770288042724133e-04 9.999561309814453125e-01 9.437508881092071533e-03 -4.417098164558410645e-01 -4.196662921458482742e-03 -9.440911933779716492e-03 9.999477863311767578e-01 3.167820358276367188e+01
9.999971389770507812e-01 8.951153140515089035e-04 2.421968383714556694e-03 -9.100419282913208008e-02 -9.205568348988890648e-04 9.999475479125976562e-01 1.030576508492231369e-02 -4.559484124183654785e-01 -2.412898000329732895e-03 -1.030783914029598236e-02 9.999451041221618652e-01 3.353522872924804688e+01
9.999992847442626953e-01 1.379959518089890480e-03 7.478897459805011749e-04 -9.045457094907760620e-02 -1.387871219776570797e-03 9.999503493309020996e-01 9.977647103369235992e-03 -4.690475463867187500e-01 -7.343637989833950996e-04 -9.978563524782657623e-03 9.999511241912841797e-01 3.529309463500976562e+01
9.999966621398925781e-01 1.353655126877129078e-03 -2.431671833619475365e-03 -9.737580269575119019e-02 -1.329385559074580669e-03 9.999485611915588379e-01 1.016693748533725739e-02 -4.814134836196899414e-01 2.445028163492679596e-03 -1.016355585306882858e-02 9.999465346336364746e-01 3.714039993286132812e+01
9.999811053276062012e-01 2.607174683362245560e-03 5.645761266350746155e-03 -9.020926058292388916e-02 -2.666938584297895432e-03 9.999423623085021973e-01 1.051129586994647980e-02 -4.908223748207092285e-01 -5.618306808173656464e-03 -1.052604708820581436e-02 9.999299645423889160e-01 3.890416336059570312e+01
9.999234676361083984e-01 3.494415897876024246e-03 1.190277375280857086e-02 -7.119309157133102417e-02 -3.621851094067096710e-03 9.999377727508544922e-01 1.065777614712715149e-02 -5.030911564826965332e-01 -1.186506450176239014e-02 -1.069995760917663574e-02 9.998735189437866211e-01 4.069403839111328125e+01
9.999359250068664551e-01 4.354085307568311691e-03 1.049171760678291321e-02 -5.134441331028938293e-02 -4.477108363062143326e-03 9.999228715896606445e-01 1.168140955269336700e-02 -5.151468515396118164e-01 -1.044031977653503418e-02 -1.172751653939485550e-02 9.998778700828552246e-01 4.251067352294921875e+01
9.999451041221618652e-01 5.702912807464599609e-03 8.848544210195541382e-03 -3.515151143074035645e-02 -5.800153594464063644e-03 9.999243617057800293e-01 1.094514410942792892e-02 -5.251698493957519531e-01 -8.785721845924854279e-03 -1.099576614797115326e-02 9.999021291732788086e-01 4.430526351928710938e+01
9.999584555625915527e-01 5.936927162110805511e-03 6.996309850364923477e-03 -2.159924991428852081e-02 -6.011475343257188797e-03 9.999268054962158203e-01 1.061023306101560593e-02 -5.361635684967041016e-01 -6.933072581887245178e-03 -1.065175328403711319e-02 9.999204277992248535e-01 4.616737365722656250e+01
9.999780058860778809e-01 6.295197177678346634e-03 2.313273958861827850e-03 -1.672030612826347351e-02 -6.315704435110092163e-03 9.999430179595947266e-01 8.735992945730686188e-03 -5.500115752220153809e-01 -2.258418593555688858e-03 -8.750311098992824554e-03 9.999603033065795898e-01 4.805116271972656250e+01
9.999726414680480957e-01 7.457086816430091858e-03 -2.036413643509149551e-04 -2.079436741769313812e-02 -7.455434650182723999e-03 9.999315142631530762e-01 9.143640287220478058e-03 -5.668267607688903809e-01 2.715403679758310318e-04 -9.141770191490650177e-03 9.999592900276184082e-01 4.987345886230468750e+01
9.999665617942810059e-01 7.316848728805780411e-03 -3.787633962929248810e-03 -2.811859734356403351e-02 -7.281034719198942184e-03 9.999293088912963867e-01 9.520165622234344482e-03 -5.788478255271911621e-01 3.856750205159187317e-03 -9.492166340351104736e-03 9.999486207962036133e-01 5.162892532348632812e+01
9.999467134475708008e-01 8.722646161913871765e-03 -5.610615015029907227e-03 -3.710003197193145752e-02 -8.671183139085769653e-03 9.999210238456726074e-01 9.223619475960731506e-03 -5.966130495071411133e-01 5.690354388207197189e-03 -9.174389764666557312e-03 9.999428987503051758e-01 5.339998626708984375e+01
9.999338984489440918e-01 8.101178333163261414e-03 -8.213454857468605042e-03 -4.955203458666801453e-02 -8.023852482438087463e-03 9.999241828918457031e-01 9.466300718486309052e-03 -6.105787754058837891e-01 8.289246819913387299e-03 -9.399694390594959259e-03 9.999225735664367676e-01 5.537402343750000000e+01
9.999524950981140137e-01 7.200723979622125626e-03 -6.640346720814704895e-03 -6.584853678941726685e-02 -7.130357436835765839e-03 9.999192357063293457e-01 1.063548959791660309e-02 -6.195934414863586426e-01 6.716126576066017151e-03 -1.058756560087203979e-02 9.999225139617919922e-01 5.753973770141601562e+01
9.999247193336486816e-01 6.981082726269960403e-03 -1.013282593339681625e-02 -8.493690192699432373e-02 -6.880068685859441757e-03 9.999273419380187988e-01 1.001939550042152405e-02 -6.292299628257751465e-01 1.020176708698272705e-02 -9.948857128620147705e-03 9.998995661735534668e-01 5.968053436279296875e+01
9.999443292617797852e-01 6.255214568227529526e-03 -8.547999896109104156e-03 -1.048773527145385742e-01 -6.174921058118343353e-03 9.999375343322753906e-01 9.446975775063037872e-03 -6.443816423416137695e-01 8.606289513409137726e-03 -9.393605403602123260e-03 9.999199509620666504e-01 6.181090927124023438e+01
9.999668598175048828e-01 4.442148376256227493e-03 -6.881535053253173828e-03 -1.234422326087951660e-01 -4.369725473225116730e-03 9.999357461929321289e-01 1.057772710919380188e-02 -6.520577669143676758e-01 6.927809678018093109e-03 -1.054724026471376419e-02 9.999215006828308105e-01 6.389380264282226562e+01
9.999781847000122070e-01 3.840956604108214378e-03 -5.442002788186073303e-03 -1.363134235143661499e-01 -3.788543399423360825e-03 9.999470710754394531e-01 9.701028466224670410e-03 -6.618990302085876465e-01 5.478708073496818542e-03 -9.680129587650299072e-03 9.999392628669738770e-01 6.587215423583984375e+01
9.999724626541137695e-01 4.735245835036039352e-03 -5.785084329545497894e-03 -1.493958681821823120e-01 -4.677169956266880035e-03 9.999393820762634277e-01 1.009799260646104813e-02 -6.738675832748413086e-01 5.832280963659286499e-03 -1.007058657705783844e-02 9.999334216117858887e-01 6.802132415771484375e+01
9.999684691429138184e-01 3.852689871564507484e-03 -6.999663077294826508e-03 -1.628554016351699829e-01 -3.783824853599071503e-03 9.999451637268066406e-01 9.896209463477134705e-03 -6.874376535415649414e-01 7.037134841084480286e-03 -9.869327768683433533e-03 9.999276399612426758e-01 7.013681030273437500e+01
9.999540448188781738e-01 5.372309591621160507e-03 -7.988577708601951599e-03 -1.779537945985794067e-01 -5.290333647280931473e-03 9.999341368675231934e-01 1.030997280031442642e-02 -6.945704817771911621e-01 8.043168112635612488e-03 -1.026715058833360672e-02 9.999160170555114746e-01 7.214070129394531250e+01
9.999653100967407227e-01 4.392015747725963593e-03 -7.136939559131860733e-03 -1.977799236774444580e-01 -4.299620632082223892e-03 9.999078512191772461e-01 1.297867856919765472e-02 -7.039890289306640625e-01 7.193023804575204849e-03 -1.294745691120624542e-02 9.998913407325744629e-01 7.424027252197265625e+01
9.999609589576721191e-01 1.936436980031430721e-03 -8.677100762724876404e-03 -2.177424728870391846e-01 -1.830182503908872604e-03 9.999241232872009277e-01 1.229256018996238708e-02 -7.107172012329101562e-01 8.699978701770305634e-03 -1.227609999477863312e-02 9.998878240585327148e-01 7.642755126953125000e+01
9.999393224716186523e-01 1.306096964981406927e-04 -1.106200646609067917e-02 -2.414401024580001831e-01 1.100495319406036288e-05 9.999188780784606934e-01 1.284448057413101196e-02 -7.204266786575317383e-01 1.106251496821641922e-02 -1.284372992813587189e-02 9.998573660850524902e-01 7.854884338378906250e+01
9.999230504035949707e-01 1.843545818701386452e-03 -1.230857055634260178e-02 -2.649713754653930664e-01 -1.702972454950213432e-03 9.999342560768127441e-01 1.146011892706155777e-02 -7.274448871612548828e-01 1.232862658798694611e-02 -1.143819373100996017e-02 9.998596310615539551e-01 8.064280700683593750e+01
9.999096393585205078e-01 4.102734848856925964e-03 -1.284026727080345154e-02 -2.954947948455810547e-01 -3.947303164750337601e-03 9.999198317527770996e-01 1.214401703327894211e-02 -7.329846024513244629e-01 1.288880314677953720e-02 -1.209214888513088226e-02 9.998449087142944336e-01 8.283087921142578125e+01
9.998909831047058105e-01 5.330895073711872101e-03 -1.380731537938117981e-02 -3.291690945625305176e-01 -5.145282018929719925e-03 9.998973011970520020e-01 1.347861625254154205e-02 -7.394018769264221191e-01 1.387748587876558304e-02 -1.340602152049541473e-02 9.998149275779724121e-01 8.506420898437500000e+01
9.999068379402160645e-01 4.345541819930076599e-03 -1.297774631530046463e-02 -3.530530035495758057e-01 -4.193569067865610123e-03 9.999235272407531738e-01 1.175047364085912704e-02 -7.483722567558288574e-01 1.302756834775209427e-02 -1.169486716389656067e-02 9.998478293418884277e-01 8.718892669677734375e+01
9.998636245727539062e-01 5.654867738485336304e-03 -1.555062737315893173e-02 -3.841744959354400635e-01 -5.483418237417936325e-03 9.999249577522277832e-01 1.107585709542036057e-02 -7.609750628471374512e-01 1.561184413731098175e-02 -1.098898705095052719e-02 9.998188614845275879e-01 8.930561828613281250e+01
9.998698830604553223e-01 5.897467024624347687e-03 -1.505799964070320129e-02 -4.218866229057312012e-01 -5.728137213736772537e-03 9.999212622642517090e-01 1.128783915191888809e-02 -7.725774049758911133e-01 1.512308232486248016e-02 -1.119990553706884384e-02 9.998241662979125977e-01 9.146457672119140625e+01
9.998042583465576172e-01 7.762848865240812302e-03 -1.823415420949459076e-02 -4.599315822124481201e-01 -7.548919413238763809e-03 9.999033212661743164e-01 1.179187279194593430e-02 -7.829412817955017090e-01 1.832362823188304901e-02 -1.165169663727283478e-02 9.997654557228088379e-01 9.358693695068359375e+01
9.997778534889221191e-01 7.963769137859344482e-03 -1.954719796776771545e-02 -5.023404359817504883e-01 -7.733725011348724365e-03 9.999014735221862793e-01 1.183461397886276245e-02 -7.953329086303710938e-01 1.963921636343002319e-02 -1.168059092015028000e-02 9.997401237487792969e-01 9.577705383300781250e+01
9.998015761375427246e-01 8.642581291496753693e-03 -1.798381470143795013e-02 -5.418794751167297363e-01 -8.412605151534080505e-03 9.998835325241088867e-01 1.284520886838436127e-02 -8.063901066780090332e-01 1.809243671596050262e-02 -1.269115507602691650e-02 9.997569918632507324e-01 9.793459320068359375e+01
9.997997879981994629e-01 5.630102939903736115e-03 -1.923526637256145477e-02 -5.905282497406005859e-01 -5.361790768802165985e-03 9.998891353607177734e-01 1.399178616702556610e-02 -8.140596747398376465e-01 1.931162737309932709e-02 -1.388561539351940155e-02 9.997183084487915039e-01 1.000683364868164062e+02
9.998134970664978027e-01 5.186708644032478333e-03 -1.863689534366130829e-02 -6.266155838966369629e-01 -4.903744440525770187e-03 9.998736381530761719e-01 1.521603297442197800e-02 -8.198469281196594238e-01 1.871319301426410675e-02 -1.512157544493675232e-02 9.997118115425109863e-01 1.022499084472656250e+02
9.998872280120849609e-01 4.002242814749479294e-03 -1.451358664780855179e-02 -6.573655009269714355e-01 -3.766044275835156441e-03 9.998616576194763184e-01 1.629080623388290405e-02 -8.203754425048828125e-01 1.457650959491729736e-02 -1.623406819999217987e-02 9.997631907463073730e-01 1.044299545288085938e+02
9.998981356620788574e-01 3.011541906744241714e-03 -1.398678496479988098e-02 -6.896708011627197266e-01 -2.785669872537255287e-03 9.998667836189270020e-01 1.616680435836315155e-02 -8.205764293670654297e-01 1.403334550559520721e-02 -1.612593792378902435e-02 9.997726678848266602e-01 1.065774002075195312e+02
9.999241232872009277e-01 2.520044101402163506e-03 -1.209909468889236450e-02 -7.105091810226440430e-01 -2.329826354980468750e-03 9.998747706413269043e-01 1.574133336544036865e-02 -8.228713870048522949e-01 1.213698275387287140e-02 -1.571170426905155182e-02 9.998040795326232910e-01 1.087023086547851562e+02
9.998772740364074707e-01 3.428963012993335724e-03 -1.531779766082763672e-02 -7.435326576232910156e-01 -3.193308832123875618e-03 9.998775720596313477e-01 1.540717110037803650e-02 -8.268901109695434570e-01 1.536848489195108414e-02 -1.535611785948276520e-02 9.997651576995849609e-01 1.107983703613281250e+02
9.998300075531005859e-01 4.545556381344795227e-03 -1.789265498518943787e-02 -7.826361656188964844e-01 -4.260538145899772644e-03 9.998649954795837402e-01 1.595604605972766876e-02 -8.240188360214233398e-01 1.796250045299530029e-02 -1.587683334946632385e-02 9.997137188911437988e-01 1.130080566406250000e+02
9.997239708900451660e-01 7.066608872264623642e-03 -2.242439612746238708e-02 -8.355752825736999512e-01 -6.704709492623806000e-03 9.998478293418884277e-01 1.618961617350578308e-02 -8.184319138526916504e-01 2.253511920571327209e-02 -1.603453420102596283e-02 9.996185898780822754e-01 1.152075881958007812e+02
9.997105598449707031e-01 5.337067414075136185e-03 -2.347613312304019928e-02 -8.861918449401855469e-01 -4.940654151141643524e-03 9.998458623886108398e-01 1.692774519324302673e-02 -8.229901790618896484e-01 2.356260456144809723e-02 -1.680657081305980682e-02 9.995822310447692871e-01 1.173354797363281250e+02
9.996302127838134766e-01 5.326508544385433197e-03 -2.668360061943531036e-02 -9.377483129501342773e-01 -4.867549985647201538e-03 9.998406767845153809e-01 1.724998839199542999e-02 -8.213045597076416016e-01 2.677097544074058533e-02 -1.711343601346015930e-02 9.994962811470031738e-01 1.192929000854492188e+02
9.996228218078613281e-01 5.610161460936069489e-03 -2.690207399427890778e-02 -9.922280311584472656e-01 -5.151100922375917435e-03 9.998416304588317871e-01 1.711632125079631805e-02 -8.196584582328796387e-01 2.699361927807331085e-02 -1.697106286883354187e-02 9.994927644729614258e-01 1.212306671142578125e+02
9.995970726013183594e-01 4.397979471832513809e-03 -2.805846929550170898e-02 -1.043296098709106445e+00 -3.922184463590383530e-03 9.998491406440734863e-01 1.700245030224323273e-02 -8.202031254768371582e-01 2.812879346311092377e-02 -1.688534393906593323e-02 9.994629025459289551e-01 1.230528182983398438e+02
9.995704889297485352e-01 3.694922896102070808e-03 -2.908531390130519867e-02 -1.112771868705749512e+00 -3.194983350113034248e-03 9.998478293418884277e-01 1.722834073007106781e-02 -8.181496262550354004e-01 2.914432063698768616e-02 -1.712783426046371460e-02 9.994296431541442871e-01 1.253194503784179688e+02
9.995605349540710449e-01 2.418497344478964806e-03 -2.955699712038040161e-02 -1.177793502807617188e+00 -1.903804601170122623e-03 9.998474717140197754e-01 1.744097657501697540e-02 -8.176474571228027344e-01 2.959444373846054077e-02 -1.737685687839984894e-02 9.994121193885803223e-01 1.274032669067382812e+02
9.995424747467041016e-01 2.730989130213856697e-03 -3.014168702065944672e-02 -1.243206739425659180e+00 -2.193516353145241737e-03 9.998394250869750977e-01 1.786988042294979095e-02 -8.146664500236511230e-01 3.018529526889324188e-02 -1.779558137059211731e-02 9.993873238563537598e-01 1.296317749023437500e+02
9.994893074035644531e-01 5.099943373352289200e-03 -3.156223893165588379e-02 -1.309106945991516113e+00 -4.497868008911609650e-03 9.998082518577575684e-01 1.913635618984699249e-02 -8.120083212852478027e-01 3.165342286229133606e-02 -1.898461580276489258e-02 9.993200302124023438e-01 1.317289733886718750e+02
9.994667768478393555e-01 4.223381634801626205e-03 -3.239323571324348450e-02 -1.379282116889953613e+00 -3.584511345252394676e-03 9.997995495796203613e-01 1.977345906198024750e-02 -8.050621747970581055e-01 3.246989473700523376e-02 -1.964679732918739319e-02 9.992810487747192383e-01 1.338392944335937500e+02
9.993860125541687012e-01 6.653909571468830109e-03 -3.441371023654937744e-02 -1.455038785934448242e+00 -5.967023316770792007e-03 9.997828006744384766e-01 2.004135400056838989e-02 -7.972106933593750000e-01 3.453923016786575317e-02 -1.982370950281620026e-02 9.992081522941589355e-01 1.361532592773437500e+02
9.994029998779296875e-01 6.482024677097797394e-03 -3.395253047347068787e-02 -1.531551718711853027e+00 -5.784387234598398209e-03 9.997723698616027832e-01 2.061520144343376160e-02 -7.918153405189514160e-01 3.407816588878631592e-02 -2.040658146142959595e-02 9.992125034332275391e-01 1.382952728271484375e+02
9.993171691894531250e-01 7.409682031720876694e-03 -3.621372953057289124e-02 -1.610290527343750000e+00 -6.643550004810094833e-03 9.997539520263671875e-01 2.123980782926082611e-02 -7.880174517631530762e-01 3.636193647980690002e-02 -2.098480425775051117e-02 9.991200566291809082e-01 1.404621734619140625e+02
9.993847608566284180e-01 8.513488806784152985e-03 -3.404009714722633362e-02 -1.687639594078063965e+00 -7.804534398019313812e-03 9.997524023056030273e-01 2.091580815613269806e-02 -7.778200507164001465e-01 3.420947492122650146e-02 -2.063736133277416229e-02 9.992032647132873535e-01 1.426785125732421875e+02
9.994234442710876465e-01 7.188711315393447876e-03 -3.320028632879257202e-02 -1.758304357528686523e+00 -6.449852604418992996e-03 9.997317790985107422e-01 2.231812849640846252e-02 -7.672908902168273926e-01 3.335157409310340881e-02 -2.209121733903884888e-02 9.992011785507202148e-01 1.447479095458984375e+02
9.993032813072204590e-01 7.672843523323535919e-03 -3.654224425554275513e-02 -1.830709099769592285e+00 -6.875370629131793976e-03 9.997379779815673828e-01 2.190802246332168579e-02 -7.538605928421020508e-01 3.670052438974380493e-02 -2.164161577820777893e-02 9.990936517715454102e-01 1.468388366699218750e+02
9.991782307624816895e-01 5.428757518529891968e-03 -4.018281027674674988e-02 -1.913992285728454590e+00 -4.605508409440517426e-03 9.997796416282653809e-01 2.055989019572734833e-02 -7.435584068298339844e-01 4.028532654047012329e-02 -2.035803347826004028e-02 9.989824891090393066e-01 1.488956756591796875e+02
9.991247653961181641e-01 5.462574772536754608e-03 -4.148509353399276733e-02 -2.005597352981567383e+00 -4.532260820269584656e-03 9.997383356094360352e-01 2.249367907643318176e-02 -7.383276224136352539e-01 4.159686341881752014e-02 -2.228607237339019775e-02 9.988875389099121094e-01 1.510973815917968750e+02
9.991273283958435059e-01 5.876888055354356766e-03 -4.136969149112701416e-02 -2.095468044281005859e+00 -4.975541494786739349e-03 9.997504353523254395e-01 2.186604030430316925e-02 -7.227742075920104980e-01 4.148788377642631531e-02 -2.164117433130741119e-02 9.989064931869506836e-01 1.532165985107421875e+02
9.990183711051940918e-01 6.094982381910085678e-03 -4.389142990112304688e-02 -2.188829421997070312e+00 -5.139184650033712387e-03 9.997496604919433594e-01 2.186499349772930145e-02 -7.121089696884155273e-01 4.401372000575065613e-02 -2.161801792681217194e-02 9.987988471984863281e-01 1.553290557861328125e+02
9.989852309226989746e-01 4.997735377401113510e-03 -4.477467760443687439e-02 -2.290448665618896484e+00 -3.962189890444278717e-03 9.997250437736511230e-01 2.319502271711826324e-02 -6.951540708541870117e-01 4.487828165292739868e-02 -2.299414202570915222e-02 9.987295866012573242e-01 1.575485839843750000e+02
9.989808201789855957e-01 5.447044502943754196e-03 -4.482331871986389160e-02 -2.384215593338012695e+00 -4.388782661408185959e-03 9.997120499610900879e-01 2.368302643299102783e-02 -6.779754757881164551e-01 4.493918642401695251e-02 -2.346225455403327942e-02 9.987160563468933105e-01 1.596777496337890625e+02
9.988588690757751465e-01 5.988030228763818741e-03 -4.739757254719734192e-02 -2.486225605010986328e+00 -4.840851761400699615e-03 9.996954202651977539e-01 2.428954467177391052e-02 -6.641561985015869141e-01 4.752835258841514587e-02 -2.403247170150279999e-02 9.985826015472412109e-01 1.618801269531250000e+02
9.988567829132080078e-01 6.427592597901821136e-03 -4.738410934805870056e-02 -2.590343475341796875e+00 -5.350399296730756760e-03 9.997271299362182617e-01 2.283344604074954987e-02 -6.490683555603027344e-01 4.751771688461303711e-02 -2.255390956997871399e-02 9.986175894737243652e-01 1.641001739501953125e+02
9.987175464630126953e-01 6.878422573208808899e-03 -5.017445981502532959e-02 -2.700139999389648438e+00 -5.661158822476863861e-03 9.996891021728515625e-01 2.437003701925277710e-02 -6.289666891098022461e-01 5.032626539468765259e-02 -2.405482158064842224e-02 9.984449148178100586e-01 1.662689361572265625e+02
9.986278414726257324e-01 8.364375680685043335e-03 -5.171004310250282288e-02 -2.808521270751953125e+00 -7.062306161969900131e-03 9.996565580368041992e-01 2.531907893717288971e-02 -6.067135930061340332e-01 5.190384015440940857e-02 -2.491922304034233093e-02 9.983429312705993652e-01 1.684174499511718750e+02
9.985705614089965820e-01 8.751710876822471619e-03 -5.274230241775512695e-02 -2.921386957168579102e+00 -7.400739938020706177e-03 9.996427893638610840e-01 2.576258964836597443e-02 -5.908656120300292969e-01 5.294870957732200623e-02 -2.533550187945365906e-02 9.982775449752807617e-01 1.706160125732421875e+02
9.985514283180236816e-01 8.489074185490608215e-03 -5.314783006906509399e-02 -3.039991140365600586e+00 -7.104860153049230576e-03 9.996339678764343262e-01 2.618978172540664673e-02 -5.736664533615112305e-01 5.335059762001037598e-02 -2.577419392764568329e-02 9.982451200485229492e-01 1.727938842773437500e+02
9.985561966896057129e-01 8.242476731538772583e-03 -5.309686437249183655e-02 -3.161976337432861328e+00 -6.781389005482196808e-03 9.995968937873840332e-01 2.764923125505447388e-02 -5.479996800422668457e-01 5.330324545502662659e-02 -2.724919654428958893e-02 9.982084631919860840e-01 1.750552673339843750e+02
9.984718561172485352e-01 8.134788833558559418e-03 -5.467596650123596191e-02 -3.277543067932128906e+00 -6.454627960920333862e-03 9.995055198669433594e-01 3.084561415016651154e-02 -5.215345025062561035e-01 5.489973351359367371e-02 -3.044551983475685120e-02 9.980295300483703613e-01 1.772183837890625000e+02
9.984157085418701172e-01 9.074018336832523346e-03 -5.554731562733650208e-02 -3.392201900482177734e+00 -7.342093158513307571e-03 9.994848370552062988e-01 3.131387755274772644e-02 -4.927478432655334473e-01 5.580271780490875244e-02 -3.085640072822570801e-02 9.979668259620666504e-01 1.792908630371093750e+02
9.982205629348754883e-01 8.684567175805568695e-03 -5.900859832763671875e-02 -3.528731107711791992e+00 -6.812890991568565369e-03 9.994714856147766113e-01 3.185511007905006409e-02 -4.539858102798461914e-01 5.925393104553222656e-02 -3.139637410640716553e-02 9.977509379386901855e-01 1.816806640625000000e+02
9.981715679168701172e-01 9.204352274537086487e-03 -5.975390970706939697e-02 -3.665361404418945312e+00 -7.230989169329404831e-03 9.994258880615234375e-01 3.316615149378776550e-02 -4.219836592674255371e-01 6.002474948763847351e-02 -3.267339617013931274e-02 9.976638555526733398e-01 1.838277740478515625e+02
9.981868267059326172e-01 9.120986796915531158e-03 -5.951186642050743103e-02 -3.789569616317749023e+00 -7.153234910219907761e-03 9.994251728057861328e-01 3.320306539535522461e-02 -3.900308609008789062e-01 5.978038161993026733e-02 -3.271714597940444946e-02 9.976771473884582520e-01 1.858395538330078125e+02
9.980670809745788574e-01 8.306003175675868988e-03 -6.160266697406768799e-02 -3.904862165451049805e+00 -6.320708431303501129e-03 9.994584321975708008e-01 3.236097469925880432e-02 -3.612056672573089600e-01 6.183797493577003479e-02 -3.190905228257179260e-02 9.975779056549072266e-01 1.877070465087890625e+02
9.980950355529785156e-01 7.824827916920185089e-03 -6.121492758393287659e-02 -4.028002262115478516e+00 -5.819209385663270950e-03 9.994449019432067871e-01 3.287837654352188110e-02 -3.301478922367095947e-01 6.143833696842193604e-02 -3.245970234274864197e-02 9.975850582122802734e-01 1.896321868896484375e+02
9.978853464126586914e-01 7.400413975119590759e-03 -6.459251791238784790e-02 -4.145279884338378906e+00 -5.373410414904356003e-03 9.994916915893554688e-01 3.150363638997077942e-02 -2.998331785202026367e-01 6.479294598102569580e-02 -3.109012357890605927e-02 9.974163770675659180e-01 1.913950805664062500e+02
9.977958202362060547e-01 7.561719976365566254e-03 -6.594328582286834717e-02 -4.260756492614746094e+00 -5.454254336655139923e-03 9.994727373123168945e-01 3.208533301949501038e-02 -2.773773968219757080e-01 6.615125387907028198e-02 -3.165512904524803162e-02 9.973094463348388672e-01 1.931832427978515625e+02
9.976741671562194824e-01 7.971180602908134460e-03 -6.771111488342285156e-02 -4.374431133270263672e+00 -5.772168748080730438e-03 9.994538426399230957e-01 3.261490911245346069e-02 -2.517854869365692139e-01 6.793422251939773560e-02 -3.214840218424797058e-02 9.971737861633300781e-01 1.948238830566406250e+02
9.974926114082336426e-01 9.474758058786392212e-03 -7.014811038970947266e-02 -4.493696689605712891e+00 -7.245921064168214798e-03 9.994652867317199707e-01 3.196452185511589050e-02 -2.228639423847198486e-01 7.041355967521667480e-02 -3.137626871466636658e-02 9.970263242721557617e-01 1.964979705810546875e+02
9.973958134651184082e-01 8.448379114270210266e-03 -7.163977622985839844e-02 -4.628430843353271484e+00 -6.093608681112527847e-03 9.994383454322814941e-01 3.302897885441780090e-02 -1.954165697097778320e-01 7.187866419553756714e-02 -3.250661864876747131e-02 9.968855381011962891e-01 1.983236999511718750e+02
9.972615242004394531e-01 8.710731752216815948e-03 -7.345526665449142456e-02 -4.761291503906250000e+00 -6.253507919609546661e-03 9.994176626205444336e-01 3.362016379833221436e-02 -1.672200262546539307e-01 7.370542734861373901e-02 -3.306894376873970032e-02 9.967336058616638184e-01 2.000981292724609375e+02
9.970191717147827148e-01 8.392583578824996948e-03 -7.671003043651580811e-02 -4.900982856750488281e+00 -5.881577264517545700e-03 9.994437098503112793e-01 3.290531039237976074e-02 -1.372349560260772705e-01 7.694360613822937012e-02 -3.235624730587005615e-02 9.965122938156127930e-01 2.019563293457031250e+02
9.969405531883239746e-01 8.177410811185836792e-03 -7.774834334850311279e-02 -5.042483329772949219e+00 -5.668569356203079224e-03 9.994602203369140625e-01 3.243874385952949524e-02 -1.094752252101898193e-01 7.797172665596008301e-02 -3.189897164702415466e-02 9.964470863342285156e-01 2.037544403076171875e+02
9.968156814575195312e-01 7.604480255395174026e-03 -7.938968390226364136e-02 -5.183216571807861328e+00 -5.017001647502183914e-03 9.994537234306335449e-01 3.274454548954963684e-02 -8.286886662244796753e-02 7.959540188312530518e-02 -3.224218636751174927e-02 9.963076114654541016e-01 2.055112457275390625e+02
9.967349767684936523e-01 8.280567824840545654e-03 -8.032979816198348999e-02 -5.317749023437500000e+00 -5.716775543987751007e-03 9.994710087776184082e-01 3.209688514471054077e-02 -5.681212246417999268e-02 8.055317401885986328e-02 -3.153309226036071777e-02 9.962533116340637207e-01 2.071574707031250000e+02
9.967804551124572754e-01 9.001996368169784546e-03 -7.969107478857040405e-02 -5.437727928161621094e+00 -6.446490064263343811e-03 9.994612932205200195e-01 3.226961940526962280e-02 -3.591452911496162415e-02 7.993859797716140747e-02 -3.165175765752792358e-02 9.962992668151855469e-01 2.086315460205078125e+02
9.966778755187988281e-01 8.609496057033538818e-03 -8.100647479295730591e-02 -5.570777416229248047e+00 -5.941285751760005951e-03 9.994364380836486816e-01 3.312409296631813049e-02 -1.123755611479282379e-02 8.124595135450363159e-02 -3.253253921866416931e-02 9.961650967597961426e-01 2.102476043701171875e+02
9.967066049575805664e-01 9.875687770545482635e-03 -8.050676435232162476e-02 -5.691321849822998047e+00 -7.252220530062913895e-03 9.994379281997680664e-01 3.281674534082412720e-02 1.301894336938858032e-02 8.078555017709732056e-02 -3.212458640336990356e-02 9.962157607078552246e-01 2.117294006347656250e+02
9.975498318672180176e-01 1.151175610721111298e-02 -6.902744621038436890e-02 -5.811566352844238281e+00 -9.276337921619415283e-03 9.994275569915771484e-01 3.262075781822204590e-02 3.652112185955047607e-02 6.936342269182205200e-02 -3.190027922391891479e-02 9.970833659172058105e-01 2.134118499755859375e+02
9.981876015663146973e-01 1.126596517860889435e-02 -5.914035066962242126e-02 -5.894570827484130859e+00 -9.324624203145503998e-03 9.994145035743713379e-01 3.300309553742408752e-02 5.984140932559967041e-02 5.947752669453620911e-02 -3.239158540964126587e-02 9.977060556411743164e-01 2.148213653564453125e+02
9.989233613014221191e-01 1.048054173588752747e-02 -4.522433876991271973e-02 -5.942586421966552734e+00 -9.022221900522708893e-03 9.994390606880187988e-01 3.233494609594345093e-02 7.064529508352279663e-02 4.553787782788276672e-02 -3.189187124371528625e-02 9.984555244445800781e-01 2.158869323730468750e+02
9.999366998672485352e-01 7.832222618162631989e-03 -8.256029337644577026e-03 -5.934582710266113281e+00 -7.569932844489812851e-03 9.994822144508361816e-01 3.135710954666137695e-02 8.730438351631164551e-02 8.497443050146102905e-03 -3.129239007830619812e-02 9.994762539863586426e-01 2.168500366210937500e+02
9.995558261871337891e-01 3.493127180263400078e-03 2.964535914361476898e-02 -5.889977455139160156e+00 -4.403143189847469330e-03 9.995221495628356934e-01 3.068123757839202881e-02 1.006636321544647217e-01 -2.952385134994983673e-02 -3.079790994524955750e-02 9.990915656089782715e-01 2.178484497070312500e+02
9.978535771369934082e-01 3.862831741571426392e-03 6.539243459701538086e-02 -5.811530113220214844e+00 -5.917860195040702820e-03 9.994964003562927246e-01 3.125894069671630859e-02 1.169586479663848877e-01 -6.523852050304412842e-02 -3.157859668135643005e-02 9.973719120025634766e-01 2.187898254394531250e+02
9.933277368545532227e-01 4.777532536536455154e-03 1.152384132146835327e-01 -5.692622661590576172e+00 -8.170334622263908386e-03 9.995489716529846191e-01 2.898573875427246094e-02 1.258359402418136597e-01 -1.150476336479187012e-01 -2.973365038633346558e-02 9.929168224334716797e-01 2.195817108154296875e+02
9.864171147346496582e-01 7.213233504444360733e-03 1.641095727682113647e-01 -5.554480075836181641e+00 -1.173131912946701050e-02 9.995804429054260254e-01 2.657732926309108734e-02 1.322221457958221436e-01 -1.638485789299011230e-01 -2.814132906496524811e-02 9.860859513282775879e-01 2.202326965332031250e+02
9.768230319023132324e-01 5.780142266303300858e-03 2.139766514301300049e-01 -5.377833843231201172e+00 -1.147533766925334930e-02 9.996144175529479980e-01 2.538261748850345612e-02 1.366762518882751465e-01 -2.137469053268432617e-01 -2.724955417215824127e-02 9.765108227729797363e-01 2.208975982666015625e+02
9.642649888992309570e-01 6.868723314255475998e-03 2.648555636405944824e-01 -5.174709796905517578e+00 -1.349246688187122345e-02 9.996422529220581055e-01 2.319707162678241730e-02 1.379922479391098022e-01 -2.646008729934692383e-01 -2.594145387411117554e-02 9.640109539031982422e-01 2.214857330322265625e+02
9.508038759231567383e-01 1.004208438098430634e-02 3.096347451210021973e-01 -4.939401626586914062e+00 -1.741409488022327423e-02 9.996290206909179688e-01 2.105337195098400116e-02 1.409029364585876465e-01 -3.093077838420867920e-01 -2.540941163897514343e-02 9.506243467330932617e-01 2.221061859130859375e+02
9.353719353675842285e-01 7.019839249551296234e-03 3.535993099212646484e-01 -4.645185947418212891e+00 -1.546983327716588974e-02 9.996604323387145996e-01 2.107588388025760651e-02 1.469670981168746948e-01 -3.533306121826171875e-01 -2.518368884921073914e-02 9.351613521575927734e-01 2.228093719482421875e+02
9.108474850654602051e-01 9.533626958727836609e-03 4.126356840133666992e-01 -4.298576354980468750e+00 -1.967688649892807007e-02 9.996016621589660645e-01 2.033910527825355530e-02 1.442658603191375732e-01 -4.122766554355621338e-01 -2.664498239755630493e-02 9.106708765029907227e-01 2.235029754638671875e+02
8.874838948249816895e-01 1.133063249289989471e-02 4.607017636299133301e-01 -3.998308181762695312e+00 -2.181905321776866913e-02 9.996118545532226562e-01 1.744654402136802673e-02 1.415585875511169434e-01 -4.603244662284851074e-01 -2.553538046777248383e-02 8.873853087425231934e-01 2.240048675537109375e+02
8.647597432136535645e-01 1.189431920647621155e-02 5.020471215248107910e-01 -3.662627220153808594e+00 -2.225245721638202667e-02 9.996471405029296875e-01 1.464550010859966278e-02 1.362839937210083008e-01 -5.016949176788330078e-01 -2.383639663457870483e-02 8.647180795669555664e-01 2.245286254882812500e+02
8.488810658454895020e-01 1.295516174286603928e-02 5.284271240234375000e-01 -3.327055454254150391e+00 -2.257575653493404388e-02 9.996780157089233398e-01 1.175746321678161621e-02 1.313588917255401611e-01 -5.281037688255310059e-01 -2.191010676324367523e-02 8.488990664482116699e-01 2.250317382812500000e+02
8.149473667144775391e-01 1.306245569139719009e-02 5.793893933296203613e-01 -2.971396446228027344e+00 -2.282851934432983398e-02 9.996954798698425293e-01 9.571084752678871155e-03 1.203690394759178162e-01 -5.790870785713195801e-01 -2.102631144225597382e-02 8.149964213371276855e-01 2.254531250000000000e+02
7.898746132850646973e-01 1.148452423512935638e-02 6.131623387336730957e-01 -2.598338365554809570e+00 -2.228360250592231750e-02 9.997037053108215332e-01 9.980968199670314789e-03 1.074574142694473267e-01 -6.128651499748229980e-01 -2.154695801436901093e-02 7.898955941200256348e-01 2.258819885253906250e+02
7.648995518684387207e-01 1.121424138545989990e-02 6.440532803535461426e-01 -2.177104711532592773e+00 -2.014199458062648773e-02 9.997777342796325684e-01 6.512941326946020126e-03 9.762459993362426758e-02 -6.438362598419189453e-01 -1.795404963195323944e-02 7.649545669555664062e-01 2.263424987792968750e+02
7.345071434974670410e-01 9.362585842609405518e-03 6.785376071929931641e-01 -1.737887144088745117e+00 -1.613630168139934540e-02 9.998648762702941895e-01 3.670736216008663177e-03 8.241219818592071533e-02 -6.784106492996215820e-01 -1.364506129175424576e-02 7.345581650733947754e-01 2.267693328857421875e+02
7.165715694427490234e-01 9.696853347122669220e-03 6.974473595619201660e-01 -1.428948163986206055e+00 -1.658147387206554413e-02 9.998593330383300781e-01 3.134497441351413727e-03 7.008470594882965088e-02 -6.973180174827575684e-01 -1.381058618426322937e-02 7.166308164596557617e-01 2.270498809814453125e+02
