9.984883069992065430e-01 -7.026901468634605408e-03 5.451363697648048401e-02 1.153679192066192627e-01 7.283439859747886658e-03 9.999632835388183594e-01 -4.508705344051122665e-03 -1.394807547330856323e-02 -5.447995290160179138e-02 4.898936022073030472e-03 9.985028505325317383e-01 9.572868347167968750e-01
9.924528598785400391e-01 -1.168365497142076492e-02 1.220686882734298706e-01 2.197299748659133911e-01 1.305946893990039825e-02 9.998598098754882812e-01 -1.047681644558906555e-02 -4.218715429306030273e-02 -1.219291687011718750e-01 1.199189852923154831e-02 9.924663901329040527e-01 2.038489818572998047e+00
9.919135570526123047e-01 -1.678305678069591522e-02 1.258004307746887207e-01 3.680393397808074951e-01 1.785757951438426971e-02 9.998130202293395996e-01 -7.418557070195674896e-03 -7.136510312557220459e-02 -1.256524026393890381e-01 9.605059400200843811e-03 9.920278191566467285e-01 3.166610002517700195e+00
9.961516261100769043e-01 -1.938427239656448364e-02 8.547586202621459961e-02 4.367178082466125488e-01 1.976352371275424957e-02 9.997981786727905273e-01 -3.592887660488486290e-03 -1.003243476152420044e-01 -8.538896590471267700e-02 5.268365144729614258e-03 9.963337182998657227e-01 4.351318836212158203e+00
9.981744289398193359e-01 -1.777834445238113403e-02 5.772079527378082275e-02 5.151736736297607422e-01 1.785419322550296783e-02 9.998401999473571777e-01 -7.985606789588928223e-04 -1.304677575826644897e-01 -5.769737064838409424e-02 1.827661180868744850e-03 9.983323812484741211e-01 5.725072860717773438e+00
9.994422793388366699e-01 -1.732438616454601288e-02 2.854878455400466919e-02 5.417758822441101074e-01 1.731158420443534851e-02 9.998498558998107910e-01 6.955567514523863792e-04 -1.421666294336318970e-01 -2.855654619634151459e-02 -2.009440213441848755e-04 9.995920658111572266e-01 6.944477081298828125e+00
9.996641874313354492e-01 -2.257093228399753571e-02 -1.273179799318313599e-02 5.028439164161682129e-01 2.263538725674152374e-02 9.997315406799316406e-01 4.941025748848915100e-03 -1.519956290721893311e-01 1.261685229837894440e-02 -5.227554589509963989e-03 9.999066591262817383e-01 8.251294136047363281e+00
9.993630051612854004e-01 -2.642727084457874298e-02 -2.398054301738739014e-02 4.504049420356750488e-01 2.658492699265480042e-02 9.996267557144165039e-01 6.279260851442813873e-03 -1.556976586580276489e-01 2.380564808845520020e-02 -6.912780925631523132e-03 9.996926188468933105e-01 9.767273902893066406e+00
9.986868500709533691e-01 -3.156226128339767456e-02 -4.035326838493347168e-02 3.503275513648986816e-01 3.183090314269065857e-02 9.994749426841735840e-01 6.031860597431659698e-03 -1.878280788660049438e-01 4.014170169830322266e-02 -7.308419793844223022e-03 9.991671442985534668e-01 1.153337287902832031e+01
9.977816343307495117e-01 -3.363322094082832336e-02 -5.745033174753189087e-02 2.503500580787658691e-01 3.393670916557312012e-02 9.994145631790161133e-01 4.314766265451908112e-03 -1.941856741905212402e-01 5.727157369256019592e-02 -6.254869513213634491e-03 9.983388781547546387e-01 1.322537040710449219e+01
9.969113469123840332e-01 -3.985165804624557495e-02 -6.767272949218750000e-02 1.181814670562744141e-01 4.023961350321769714e-02 9.991803765296936035e-01 4.378698766231536865e-03 -2.131471037864685059e-01 6.744275987148284912e-02 -7.088298443704843521e-03 9.976977705955505371e-01 1.501998519897460938e+01
9.949639439582824707e-01 -4.427823796868324280e-02 -8.992263674736022949e-02 -5.779817700386047363e-02 4.492479562759399414e-02 9.989768862724304199e-01 5.177841521799564362e-03 -2.322759926319122314e-01 8.960135281085968018e-02 -9.191520512104034424e-03 9.959351420402526855e-01 1.695982742309570312e+01
9.884804487228393555e-01 -4.916303232312202454e-02 -1.431404650211334229e-01 -3.143627047538757324e-01 5.021201446652412415e-02 9.987315535545349121e-01 3.723022062331438065e-03 -2.434589713811874390e-01 1.427758634090423584e-01 -1.086750533431768417e-02 9.896952509880065918e-01 1.892404174804687500e+01
9.850798249244689941e-01 -5.568645521998405457e-02 -1.628391146659851074e-01 -6.556957960128784180e-01 5.679573491215705872e-02 9.983834028244018555e-01 2.160972217097878456e-03 -2.726463079452514648e-01 1.624555438756942749e-01 -1.137729734182357788e-02 9.866501688957214355e-01 2.101720046997070312e+01
9.776998162269592285e-01 -5.526548251509666443e-02 -2.026045620441436768e-01 -1.029484033584594727e+00 5.785734578967094421e-02 9.983010292053222656e-01 6.887906230986118317e-03 -3.049856424331665039e-01 2.018796801567077637e-01 -1.845646835863590240e-02 9.792363643646240234e-01 2.283974838256835938e+01
9.735194444656372070e-01 -5.493742600083351135e-02 -2.219044864177703857e-01 -1.451717019081115723e+00 5.825256183743476868e-02 9.982663393020629883e-01 8.417179808020591736e-03 -3.302956819534301758e-01 2.210573852062225342e-01 -2.112079598009586334e-02 9.750319719314575195e-01 2.475553321838378906e+01
9.704784750938415527e-01 -5.800196900963783264e-02 -2.341089397668838501e-01 -1.937648415565490723e+00 6.116975098848342896e-02 9.981074929237365723e-01 6.286491639912128448e-03 -3.558678925037384033e-01 2.333012819290161133e-01 -2.042129449546337128e-02 9.721899628639221191e-01 2.665656471252441406e+01
9.662308096885681152e-01 -5.958964675664901733e-02 -2.506925761699676514e-01 -2.441205024719238281e+00 6.459935009479522705e-02 9.978414773941040039e-01 1.179473847150802612e-02 -3.588105738162994385e-01 2.494486421346664429e-01 -2.759102173149585724e-02 9.679948091506958008e-01 2.860301971435546875e+01
9.606149792671203613e-01 -6.326993554830551147e-02 -2.705836296081542969e-01 -2.974661588668823242e+00 7.062993943691253662e-02 9.973483085632324219e-01 1.753993332386016846e-02 -3.763462305068969727e-01 2.687563896179199219e-01 -3.596043586730957031e-02 9.625365734100341797e-01 3.050883865356445312e+01
9.517554044723510742e-01 -6.250298768281936646e-02 -3.004240989685058594e-01 -3.552126407623291016e+00 6.928185373544692993e-02 9.975254535675048828e-01 1.195330359041690826e-02 -3.807526230812072754e-01 2.989335656166076660e-01 -3.219056874513626099e-02 9.537307024002075195e-01 3.226884078979492188e+01
9.488967061042785645e-01 -6.558761745691299438e-02 -3.086956441402435303e-01 -4.155894279479980469e+00 7.529131323099136353e-02 9.969685673713684082e-01 1.961440593004226685e-02 -3.901074528694152832e-01 3.064734339714050293e-01 -4.185415431857109070e-02 9.509584307670593262e-01 3.412717819213867188e+01
9.457405209541320801e-01 -7.065095007419586182e-02 -3.171482980251312256e-01 -4.787995338439941406e+00 8.126173168420791626e-02 9.964852333068847656e-01 2.033711411058902740e-02 -3.725464344024658203e-01 3.145968019962310791e-01 -4.500566795468330383e-02 9.481576681137084961e-01 3.602872467041015625e+01
9.433881640434265137e-01 -7.475975155830383301e-02 -3.231555521488189697e-01 -5.437069892883300781e+00 8.706524968147277832e-02 9.959189295768737793e-01 2.377080544829368591e-02 -3.682172298431396484e-01 3.200596570968627930e-01 -5.056073144078254700e-02 9.460470676422119141e-01 3.792709732055664062e+01
9.395826458930969238e-01 -8.753868937492370605e-02 -3.309398293495178223e-01 -6.250731468200683594e+00 9.965311735868453979e-02 9.948255419731140137e-01 1.978189125657081604e-02 -3.414719700813293457e-01 3.274957537651062012e-01 -5.156592652201652527e-02 9.434442520141601562e-01 4.024255752563476562e+01
9.310844540596008301e-01 -8.686546236276626587e-02 -3.543103337287902832e-01 -6.976696014404296875e+00 1.015574857592582703e-01 9.945626854896545410e-01 2.304604090750217438e-02 -3.443233072757720947e-01 3.503819704055786133e-01 -5.744069442152976990e-02 9.348435997962951660e-01 4.217450332641601562e+01
9.287350177764892578e-01 -9.606307744979858398e-02 -3.580822050571441650e-01 -7.660729408264160156e+00 1.106054037809371948e-01 9.936570525169372559e-01 2.030083350837230682e-02 -3.372846543788909912e-01 3.538607358932495117e-01 -5.845994129776954651e-02 9.334691166877746582e-01 4.395356750488281250e+01
9.243338108062744141e-01 -9.361597150564193726e-02 -3.699226677417755127e-01 -8.487498283386230469e+00 1.099977493286132812e-01 9.936565756797790527e-01 2.339007705450057983e-02 -3.220545649528503418e-01 3.653863966464996338e-01 -6.231091916561126709e-02 9.287678003311157227e-01 4.603024291992187500e+01
9.200814962387084961e-01 -9.372746199369430542e-02 -3.803483545780181885e-01 -9.307133674621582031e+00 1.130165532231330872e-01 9.931800365447998047e-01 2.864795550704002380e-02 -3.098992109298706055e-01 3.750692605972290039e-01 -6.934413313865661621e-02 9.243991971015930176e-01 4.802513504028320312e+01
9.187465310096740723e-01 -1.001698747277259827e-01 -3.819297552108764648e-01 -1.004438304901123047e+01 1.179246976971626282e-01 9.927491545677185059e-01 2.330105006694793701e-02 -2.894160151481628418e-01 3.768263459205627441e-01 -6.644672900438308716e-02 9.238972663879394531e-01 4.978598785400390625e+01
9.165021777153015137e-01 -1.061599180102348328e-01 -3.856855630874633789e-01 -1.088106441497802734e+01 1.246293783187866211e-01 9.919338822364807129e-01 2.312634140253067017e-02 -2.843397855758666992e-01 3.801194429397583008e-01 -6.926311552524566650e-02 9.223400950431823730e-01 5.174674606323242188e+01
9.104777574539184570e-01 -1.077729761600494385e-01 -3.992678523063659668e-01 -1.163719081878662109e+01 1.289047896862030029e-01 9.913063645362854004e-01 2.637059427797794342e-02 -2.519385218620300293e-01 3.929546475410461426e-01 -7.547739148139953613e-02 9.164547324180603027e-01 5.346670913696289062e+01
9.082438349723815918e-01 -1.072067022323608398e-01 -4.044742584228515625e-01 -1.244698524475097656e+01 1.301847845315933228e-01 9.910463690757751465e-01 2.965018525719642639e-02 -2.377250194549560547e-01 3.976739943027496338e-01 -7.958599925041198730e-02 9.140683412551879883e-01 5.527568817138671875e+01
9.049015641212463379e-01 -1.073691770434379578e-01 -4.118549525737762451e-01 -1.321543979644775391e+01 1.299465149641036987e-01 9.911500811576843262e-01 2.712086215615272522e-02 -1.922517269849777222e-01 4.052980840206146240e-01 -7.806083559989929199e-02 9.108453989028930664e-01 5.700393676757812500e+01
9.004330039024353027e-01 -1.110138297080993652e-01 -4.205898940563201904e-01 -1.411349964141845703e+01 1.368153691291809082e-01 9.900933504104614258e-01 3.157243132591247559e-02 -1.555910408496856689e-01 4.129182696342468262e-01 -8.597203344106674194e-02 9.067010283470153809e-01 5.894991683959960938e+01
8.985178470611572266e-01 -1.105541139841079712e-01 -4.247857630252838135e-01 -1.503873729705810547e+01 1.376016736030578613e-01 9.899236559867858887e-01 3.342260047793388367e-02 -1.137176156044006348e-01 4.168104231357574463e-01 -8.848204463720321655e-02 9.046764373779296875e-01 6.092837905883789062e+01
8.942814469337463379e-01 -1.120312586426734924e-01 -4.332542717456817627e-01 -1.593110275268554688e+01 1.387415826320648193e-01 9.898614287376403809e-01 3.041773661971092224e-02 -7.308597862720489502e-02 4.254539012908935547e-01 -8.731240779161453247e-02 9.007580280303955078e-01 6.278797531127929688e+01
8.938915133476257324e-01 -1.125270575284957886e-01 -4.339300096035003662e-01 -1.672251129150390625e+01 1.400760561227798462e-01 9.896259903907775879e-01 3.192475438117980957e-02 -2.769203484058380127e-02 4.258360266685485840e-01 -8.932048082351684570e-02 9.003804922103881836e-01 6.443474578857421875e+01
8.898818492889404297e-01 -1.190735548734664917e-01 -4.403764009475708008e-01 -1.748964309692382812e+01 1.487520188093185425e-01 9.883118271827697754e-01 3.335770964622497559e-02 -1.323854923248291016e-02 4.312571287155151367e-01 -9.519130736589431763e-02 8.971930742263793945e-01 6.604473114013671875e+01
8.873584866523742676e-01 -1.218447089195251465e-01 -4.446891248226165771e-01 -1.843680572509765625e+01 1.523250341415405273e-01 9.877690672874450684e-01 3.330982849001884460e-02 1.856696605682373047e-02 4.351914823055267334e-01 -9.729506075382232666e-02 8.950651288032531738e-01 6.797639465332031250e+01
8.786137700080871582e-01 -1.296593248844146729e-01 -4.595932662487030029e-01 -1.938871192932128906e+01 1.617222577333450317e-01 9.863524436950683594e-01 3.090039826929569244e-02 4.958940297365188599e-02 4.493144452571868896e-01 -1.014759838581085205e-01 8.875915408134460449e-01 6.984506988525390625e+01
8.775932788848876953e-01 -1.290999650955200195e-01 -4.616955816745758057e-01 -2.041113662719726562e+01 1.631201356649398804e-01 9.860080480575561523e-01 3.435063362121582031e-02 8.100734651088714600e-02 4.508008956909179688e-01 -1.054577380418777466e-01 8.863728642463684082e-01 7.182905578613281250e+01
8.770226836204528809e-01 -1.320733726024627686e-01 -4.619387388229370117e-01 -2.147580528259277344e+01 1.679349392652511597e-01 9.850964546203613281e-01 3.718622401356697083e-02 1.002604067325592041e-01 4.501429200172424316e-01 -1.101888194680213928e-01 8.861317634582519531e-01 7.384462738037109375e+01
8.751277923583984375e-01 -1.322975307703018188e-01 -4.654549658298492432e-01 -2.246702766418457031e+01 1.706404834985733032e-01 9.844795465469360352e-01 4.100938513875007629e-02 1.586449444293975830e-01 4.528054594993591309e-01 -1.153139099478721619e-01 8.841208815574645996e-01 7.582489776611328125e+01
8.720091581344604492e-01 -1.378445178270339966e-01 -4.696791172027587891e-01 -2.345930099487304688e+01 1.760424673557281494e-01 9.836427569389343262e-01 3.815563023090362549e-02 2.055266499519348145e-01 4.567369222640991211e-01 -1.159555241465568542e-01 8.820122480392456055e-01 7.770894622802734375e+01
8.695816397666931152e-01 -1.406410336494445801e-01 -4.733364880084991455e-01 -2.445606613159179688e+01 1.799104511737823486e-01 9.829306006431579590e-01 3.846409171819686890e-02 2.463032901287078857e-01 4.598473012447357178e-01 -1.186058372259140015e-01 8.800414204597473145e-01 7.958090209960937500e+01
8.674560785293579102e-01 -1.385687291622161865e-01 -4.778266251087188721e-01 -2.552818679809570312e+01 1.805647462606430054e-01 9.826295971870422363e-01 4.284032434225082397e-02 3.067632317543029785e-01 4.635902941226959229e-01 -1.234407275915145874e-01 8.774088621139526367e-01 8.156306457519531250e+01
8.666928410530090332e-01 -1.437576115131378174e-01 -4.776786863803863525e-01 -2.662849617004394531e+01 1.876464039087295532e-01 9.811972975730895996e-01 4.517093300819396973e-02 3.403778970241546631e-01 4.622034430503845215e-01 -1.287840008735656738e-01 8.773725032806396484e-01 8.359539794921875000e+01
8.670718073844909668e-01 -1.451113969087600708e-01 -4.765804409980773926e-01 -2.772670936584472656e+01 1.896940171718597412e-01 9.807412624359130859e-01 4.650121927261352539e-02 3.968845307826995850e-01 4.606543183326721191e-01 -1.307243555784225464e-01 8.779000639915466309e-01 8.559149169921875000e+01
8.632236719131469727e-01 -1.467609256505966187e-01 -4.830173850059509277e-01 -2.887604331970214844e+01 1.956475079059600830e-01 9.792890548706054688e-01 5.210202187299728394e-02 4.595850110054016113e-01 4.653671979904174805e-01 -1.394768506288528442e-01 8.740592002868652344e-01 8.770336914062500000e+01
8.587574362754821777e-01 -1.451894938945770264e-01 -4.913811087608337402e-01 -3.001383209228515625e+01 1.983627825975418091e-01 9.784365296363830566e-01 5.756586045026779175e-02 5.423530340194702148e-01 4.724273979663848877e-01 -1.469068378210067749e-01 8.690400719642639160e-01 8.974307250976562500e+01
8.554437160491943359e-01 -1.478472501039505005e-01 -4.963436126708984375e-01 -3.102293586730957031e+01 2.051999866962432861e-01 9.767077565193176270e-01 6.272558867931365967e-02 6.260229945182800293e-01 4.755090177059173584e-01 -1.555079221725463867e-01 8.658570051193237305e-01 9.151681518554687500e+01
8.538594245910644531e-01 -1.480644643306732178e-01 -4.989997148513793945e-01 -3.225961685180664062e+01 2.078473716974258423e-01 9.759266972541809082e-01 6.607685983180999756e-02 6.980491280555725098e-01 4.772036969661712646e-01 -1.601361334323883057e-01 8.640792369842529297e-01 9.365482330322265625e+01
8.482549786567687988e-01 -1.416696906089782715e-01 -5.102871060371398926e-01 -3.342670440673828125e+01 2.041169404983520508e-01 9.765689969062805176e-01 6.818309426307678223e-02 8.264628648757934570e-01 4.886712729930877686e-01 -1.619949042797088623e-01 8.572968840599060059e-01 9.566381072998046875e+01
8.438918590545654297e-01 -1.432662308216094971e-01 -5.170311331748962402e-01 -3.465328598022460938e+01 2.072696536779403687e-01 9.759259223937988281e-01 6.787964701652526855e-02 9.572548866271972656e-01 4.948593974113464355e-01 -1.644479483366012573e-01 8.532707691192626953e-01 9.770835876464843750e+01
8.431313037872314453e-01 -1.434058994054794312e-01 -5.182318091392517090e-01 -3.579280090332031250e+01 2.102385163307189941e-01 9.749767780303955078e-01 7.224793732166290283e-02 1.068667292594909668e+00 4.949033558368682861e-01 -1.698667854070663452e-01 8.521830439567565918e-01 9.959055328369140625e+01
8.436365723609924316e-01 -1.470241099596023560e-01 -5.163923501968383789e-01 -3.707173156738281250e+01 2.144822627305984497e-01 9.739888310432434082e-01 7.309395074844360352e-02 1.211513519287109375e+00 4.922140240669250488e-01 -1.724217385053634644e-01 8.532269001007080078e-01 1.017308273315429688e+02
8.436843156814575195e-01 -1.429654806852340698e-01 -5.174528360366821289e-01 -3.835963821411132812e+01 2.116742134094238281e-01 9.743872880935668945e-01 7.591488212347030640e-02 1.391269445419311523e+00 4.933464527130126953e-01 -1.735796332359313965e-01 8.523375988006591797e-01 1.038610534667968750e+02
8.401737809181213379e-01 -1.469168365001678467e-01 -5.220376253128051758e-01 -3.956663894653320312e+01 2.142658978700637817e-01 9.742153882980346680e-01 7.066894322633743286e-02 1.516843557357788086e+00 4.981948137283325195e-01 -1.712290495634078979e-01 8.499897718429565430e-01 1.058779373168945312e+02
8.359848856925964355e-01 -1.565558165311813354e-01 -5.259461998939514160e-01 -4.080747985839843750e+01 2.242103070020675659e-01 9.722362160682678223e-01 6.697849929332733154e-02 1.653480648994445801e+00 5.008582472801208496e-01 -1.739155650138854980e-01 8.478764295578002930e-01 1.079166412353515625e+02
8.317050933837890625e-01 -1.651310026645660400e-01 -5.300927162170410156e-01 -4.208118057250976562e+01 2.364002913236618042e-01 9.692034125328063965e-01 6.898731738328933716e-02 1.786132931709289551e+00 5.023759007453918457e-01 -1.826911568641662598e-01 8.451287150382995605e-01 1.100472869873046875e+02
8.304207921028137207e-01 -1.660193502902984619e-01 -5.318258404731750488e-01 -4.332754516601562500e+01 2.400152981281280518e-01 9.680521488189697266e-01 7.257675379514694214e-02 1.918322443962097168e+00 5.027862191200256348e-01 -1.879155784845352173e-01 8.437380194664001465e-01 1.120457763671875000e+02
8.258748650550842285e-01 -1.665718555450439453e-01 -5.386876463890075684e-01 -4.450965499877929688e+01 2.438139319419860840e-01 9.669327139854431152e-01 7.480386644601821899e-02 2.044108867645263672e+00 5.084146857261657715e-01 -1.931181997060775757e-01 8.391781449317932129e-01 1.139389648437500000e+02
8.242339491844177246e-01 -1.753325611352920532e-01 -5.384205579757690430e-01 -4.589115905761718750e+01 2.515920698642730713e-01 9.652383923530578613e-01 7.082366198301315308e-02 2.204542160034179688e+00 5.072867274284362793e-01 -1.938376426696777344e-01 8.396947383880615234e-01 1.161391143798828125e+02
8.247528076171875000e-01 -1.726146489381790161e-01 -5.385043025016784668e-01 -4.719775772094726562e+01 2.507569491863250732e-01 9.651656746864318848e-01 7.467101514339447021e-02 2.331537723541259766e+00 5.068567395210266113e-01 -1.966188549995422363e-01 8.393076658248901367e-01 1.182035675048828125e+02
8.227627277374267578e-01 -1.730297505855560303e-01 -5.414075255393981934e-01 -4.853728866577148438e+01 2.555494904518127441e-01 9.634433388710021973e-01 8.044242113828659058e-02 2.480319976806640625e+00 5.076966881752014160e-01 -2.045414596796035767e-01 8.369031548500061035e-01 1.203152923583984375e+02
8.211760520935058594e-01 -1.770853847265243530e-01 -5.425040125846862793e-01 -4.998501968383789062e+01 2.634539902210235596e-01 9.609088897705078125e-01 8.512213826179504395e-02 2.670331716537475586e+00 5.062232017517089844e-01 -2.128251194953918457e-01 8.357293605804443359e-01 1.225812530517578125e+02
8.179465532302856445e-01 -1.779435425996780396e-01 -5.470827817916870117e-01 -5.121331405639648438e+01 2.668527960777282715e-01 9.598219394683837891e-01 8.678228408098220825e-02 2.831144809722900391e+00 5.096598863601684570e-01 -2.169738560914993286e-01 8.325678110122680664e-01 1.244651412963867188e+02
8.153963685035705566e-01 -1.802166402339935303e-01 -5.501369833946228027e-01 -5.251607513427734375e+01 2.704742848873138428e-01 9.588062763214111328e-01 8.679798245429992676e-02 2.971179008483886719e+00 5.118325352668762207e-01 -2.195726633071899414e-01 8.305512666702270508e-01 1.264386444091796875e+02
8.133759498596191406e-01 -1.839459538459777832e-01 -5.518907308578491211e-01 -5.371889495849609375e+01 2.723890244960784912e-01 9.586940407752990723e-01 8.191239833831787109e-02 3.088392019271850586e+00 5.140271186828613281e-01 -2.169545590877532959e-01 8.298836946487426758e-01 1.283012237548828125e+02
8.093930482864379883e-01 -1.885938197374343872e-01 -5.561611056327819824e-01 -5.506447601318359375e+01 2.811467051506042480e-01 9.558914303779602051e-01 8.501651138067245483e-02 3.251197099685668945e+00 5.155962705612182617e-01 -2.251746654510498047e-01 8.267145752906799316e-01 1.303395385742187500e+02
8.055351376533508301e-01 -1.988819837570190430e-01 -5.581747293472290039e-01 -5.649099731445312500e+01 2.919993996620178223e-01 9.529076218605041504e-01 8.187317848205566406e-02 3.428327560424804688e+00 5.156060457229614258e-01 -2.289384454488754272e-01 8.256741166114807129e-01 1.325114593505859375e+02
8.023083209991455078e-01 -1.979348212480545044e-01 -5.631367564201354980e-01 -5.789042282104492188e+01 2.924219071865081787e-01 9.527908563613891602e-01 8.172432333230972290e-02 3.577802896499633789e+00 5.203756690025329590e-01 -2.302416861057281494e-01 8.223126530647277832e-01 1.345585327148437500e+02
7.860762476921081543e-01 -2.022025287151336670e-01 -5.841216444969177246e-01 -5.938132095336914062e+01 3.012748360633850098e-01 9.504702687263488770e-01 7.641808688640594482e-02 3.738866567611694336e+00 5.397384762763977051e-01 -2.360516637563705444e-01 8.080607056617736816e-01 1.367254333496093750e+02
7.805958390235900879e-01 -2.092191129922866821e-01 -5.889799594879150391e-01 -6.077822494506835938e+01 3.082742094993591309e-01 9.485989809036254883e-01 7.160256803035736084e-02 3.896236419677734375e+00 5.437253117561340332e-01 -2.374600619077682495e-01 8.049693107604980469e-01 1.386323699951171875e+02
7.729408144950866699e-01 -2.100456804037094116e-01 -5.987011790275573730e-01 -6.228351211547851562e+01 3.166368901729583740e-01 9.454078078269958496e-01 7.710476964712142944e-02 4.033594131469726562e+00 5.498213768005371094e-01 -2.491683810949325562e-01 7.972525954246520996e-01 1.406881561279296875e+02
7.641655802726745605e-01 -2.027633786201477051e-01 -6.123217344284057617e-01 -6.384740829467773438e+01 3.169217705726623535e-01 9.448447823524475098e-01 8.263748884201049805e-02 4.184869289398193359e+00 5.617932081222534180e-01 -2.572068572044372559e-01 7.862780094146728516e-01 1.427550659179687500e+02
7.605893015861511230e-01 -2.072843611240386963e-01 -6.152535676956176758e-01 -6.537834930419921875e+01 3.221284747123718262e-01 9.432736635208129883e-01 8.042466640472412109e-02 4.362627983093261719e+00 5.636817216873168945e-01 -2.593608498573303223e-01 7.842161059379577637e-01 1.447673645019531250e+02
7.595584988594055176e-01 -2.084769010543823242e-01 -6.161234378814697266e-01 -6.702224731445312500e+01 3.264991939067840576e-01 9.414622783660888672e-01 8.394759893417358398e-02 4.541446685791015625e+00 5.625558495521545410e-01 -2.649269402027130127e-01 7.831632494926452637e-01 1.468783721923828125e+02
7.499194145202636719e-01 -2.087634056806564331e-01 -6.277250051498413086e-01 -6.852890014648437500e+01 3.310627043247222900e-01 9.399598836898803711e-01 8.290430158376693726e-02 4.682714939117431641e+00 5.727288722991943359e-01 -2.699878811836242676e-01 7.740079164505004883e-01 1.487666778564453125e+02
7.525321841239929199e-01 -2.050741761922836304e-01 -6.258113980293273926e-01 -7.010128021240234375e+01 3.296330273151397705e-01 9.399652481079101562e-01 8.836017549037933350e-02 4.835374832153320312e+00 5.701205730438232422e-01 -2.727819979190826416e-01 7.749532461166381836e-01 1.507777099609375000e+02
7.467055916786193848e-01 -2.066525369882583618e-01 -6.322385072708129883e-01 -7.165953063964843750e+01 3.361621797084808350e-01 9.374347329139709473e-01 9.061588346958160400e-02 5.004303932189941406e+00 5.739562511444091797e-01 -2.801980674266815186e-01 7.694564461708068848e-01 1.527472534179687500e+02
7.404843568801879883e-01 -2.106243073940277100e-01 -6.382165551185607910e-01 -7.336056518554687500e+01 3.428459167480468750e-01 9.351504445075988770e-01 8.916497975587844849e-02 5.184533119201660156e+00 5.780481696128845215e-01 -2.848352491855621338e-01 7.646758556365966797e-01 1.548100891113281250e+02
7.311559319496154785e-01 -2.073825150728225708e-01 -6.499257683753967285e-01 -7.503107452392578125e+01 3.463047444820404053e-01 9.336317181587219238e-01 9.167787432670593262e-02 5.361443042755126953e+00 5.877789855003356934e-01 -2.921032309532165527e-01 7.544478774070739746e-01 1.568070220947265625e+02
7.313409447669982910e-01 -2.061074227094650269e-01 -6.501231789588928223e-01 -7.675016784667968750e+01 3.459332287311553955e-01 9.336221814155578613e-01 9.316481649875640869e-02 5.564805984497070312e+00 5.877676010131835938e-01 -2.930344939231872559e-01 7.540955543518066406e-01 1.588464355468750000e+02
7.318013310432434082e-01 -2.111858576536178589e-01 -6.479716897010803223e-01 -7.849617767333984375e+01 3.523530662059783936e-01 9.310858249664306641e-01 9.447977691888809204e-02 5.777456760406494141e+00 5.833646059036254883e-01 -2.974552810192108154e-01 7.557818293571472168e-01 1.609004058837890625e+02
7.273872494697570801e-01 -2.145696878433227539e-01 -6.518186926841735840e-01 -8.021534729003906250e+01 3.585051894187927246e-01 9.287488460540771484e-01 9.433706849813461304e-02 5.981012821197509766e+00 5.851341485977172852e-01 -3.022999763488769531e-01 7.524844408035278320e-01 1.629169616699218750e+02
7.292096018791198730e-01 -2.206581383943557739e-01 -6.477370262145996094e-01 -8.181325531005859375e+01 3.633089363574981689e-01 9.269937276840209961e-01 9.321624040603637695e-02 6.194125652313232422e+00 5.798793435096740723e-01 -3.033028244972229004e-01 7.561398148536682129e-01 1.648111877441406250e+02
7.278798222541809082e-01 -2.306189835071563721e-01 -6.457598209381103516e-01 -8.362532806396484375e+01 3.729853034019470215e-01 9.233987927436828613e-01 9.064536541700363159e-02 6.415818214416503906e+00 5.753894448280334473e-01 -3.068378269672393799e-01 7.581409215927124023e-01 1.669485626220703125e+02
7.231296896934509277e-01 -2.291297912597656250e-01 -6.516001820564270020e-01 -8.534299468994140625e+01 3.753394484519958496e-01 9.222875237464904785e-01 9.222760051488876343e-02 6.616793632507324219e+00 5.798308253288269043e-01 -3.112637698650360107e-01 7.529351115226745605e-01 1.690011901855468750e+02
7.196596860885620117e-01 -2.371288686990737915e-01 -6.525792479515075684e-01 -8.705108642578125000e+01 3.817663788795471191e-01 9.201892018318176270e-01 8.663842082023620605e-02 6.814765453338623047e+00 5.799520611763000488e-01 -3.114829957485198975e-01 7.527511119842529297e-01 1.709965209960937500e+02
7.149855494499206543e-01 -2.392627000808715820e-01 -6.569237112998962402e-01 -8.869333648681640625e+01 3.866160809993743896e-01 9.181876778602600098e-01 8.636751770973205566e-02 6.982398509979248047e+00 5.825148820877075195e-01 -3.157287836074829102e-01 7.489939928054809570e-01 1.729037475585937500e+02
7.147426605224609375e-01 -2.328256517648696899e-01 -6.594958305358886719e-01 -9.034073638916015625e+01 3.825841844081878662e-01 9.195258021354675293e-01 9.000821411609649658e-02 7.155482769012451172e+00 5.854674577713012695e-01 -3.166453838348388672e-01 7.463000416755676270e-01 1.747863464355468750e+02
7.098243832588195801e-01 -2.311492264270782471e-01 -6.653712987899780273e-01 -9.194217681884765625e+01 3.838219344615936279e-01 9.189901947975158691e-01 9.020873159170150757e-02 7.314562320709228516e+00 5.906183123588562012e-01 -3.194164633750915527e-01 7.410420775413513184e-01 1.766084136962890625e+02
7.062349319458007812e-01 -2.293458282947540283e-01 -6.698001623153686523e-01 -9.360694122314453125e+01 3.840059936046600342e-01 9.189090728759765625e-01 9.025155007839202881e-02 7.480665683746337891e+00 5.947870016098022461e-01 -3.209460973739624023e-01 7.370361685752868652e-01 1.784810180664062500e+02
7.004836201667785645e-01 -2.310675680637359619e-01 -6.752259135246276855e-01 -9.519458007812500000e+01 3.889164924621582031e-01 9.168961644172668457e-01 8.969542384147644043e-02 7.669258117675781250e+00 5.983867645263671875e-01 -3.254367113113403320e-01 7.321370244026184082e-01 1.802677764892578125e+02
6.950739026069641113e-01 -2.312221825122833252e-01 -6.807408928871154785e-01 -9.698631286621093750e+01 3.940996229648590088e-01 9.144729971885681152e-01 9.178525209426879883e-02 7.871141910552978516e+00 6.012967824935913086e-01 -3.320773243904113770e-01 7.267511487007141113e-01 1.822502441406250000e+02
6.961328387260437012e-01 -2.357721477746963501e-01 -6.780929565429687500e-01 -9.855525207519531250e+01 3.990239500999450684e-01 9.122684001922607422e-01 9.244494140148162842e-02 8.049256324768066406e+00 5.968072414398193359e-01 -3.349293470382690430e-01 7.291390895843505859e-01 1.839354095458984375e+02
6.927794218063354492e-01 -2.460259795188903809e-01 -6.778845191001892090e-01 -1.000032882690429688e+02 4.112923741340637207e-01 9.069319367408752441e-01 9.117501974105834961e-02 8.210567474365234375e+00 5.923640727996826172e-01 -3.419729769229888916e-01 7.294927239418029785e-01 1.855415344238281250e+02
6.911901831626892090e-01 -2.460517138242721558e-01 -6.794955134391784668e-01 -1.016723709106445312e+02 4.142660498619079590e-01 9.053335785865783691e-01 9.356620907783508301e-02 8.408679962158203125e+00 5.921483635902404785e-01 -3.461640179157257080e-01 7.276888489723205566e-01 1.873549957275390625e+02
6.866507530212402344e-01 -2.489415109157562256e-01 -6.830360889434814453e-01 -1.032251434326171875e+02 4.214864671230316162e-01 9.018417596817016602e-01 9.502892196178436279e-02 8.569082260131835938e+00 5.923342704772949219e-01 -3.531421720981597900e-01 7.241761088371276855e-01 1.890383605957031250e+02
6.836171746253967285e-01 -2.512789964675903320e-01 -6.852195858955383301e-01 -1.047028656005859375e+02 4.257125556468963623e-01 8.998875021934509277e-01 9.471654146909713745e-02 8.742008209228515625e+00 5.928206443786621094e-01 -3.564564585685729980e-01 7.221515178680419922e-01 1.906260833740234375e+02
6.775225400924682617e-01 -2.498295009136199951e-01 -6.917715072631835938e-01 -1.063595123291015625e+02 4.293326735496520996e-01 8.980107307434082031e-01 9.617777913808822632e-02 8.951031684875488281e+00 5.971906185150146484e-01 -3.621627986431121826e-01 7.156828045845031738e-01 1.923888549804687500e+02
6.730469465255737305e-01 -2.556146085262298584e-01 -6.940233111381530762e-01 -1.080857925415039062e+02 4.373031258583068848e-01 8.943139314651489258e-01 9.470270574092864990e-02 9.124053955078125000e+00 5.964677929878234863e-01 -3.672379851341247559e-01 7.136966586112976074e-01 1.941919250488281250e+02
6.605432629585266113e-01 -2.579804062843322754e-01 -7.050731778144836426e-01 -1.096756286621093750e+02 4.475127756595611572e-01 8.893396854400634766e-01 9.384754300117492676e-02 9.290404319763183594e+00 6.028391122817993164e-01 -3.775196671485900879e-01 7.028970718383789062e-01 1.958510742187500000e+02
6.563282608985900879e-01 -2.548885047435760498e-01 -7.101158499717712402e-01 -1.113589401245117188e+02 4.504976570606231689e-01 8.873989582061767578e-01 9.785247594118118286e-02 9.468255043029785156e+00 6.052150130271911621e-01 -3.841289579868316650e-01 6.972519159317016602e-01 1.975536499023437500e+02
6.538552045822143555e-01 -2.535828649997711182e-01 -7.128593921661376953e-01 -1.128370819091796875e+02 4.523224532604217529e-01 8.862742185592651367e-01 9.961219131946563721e-02 9.652183532714843750e+00 6.065293550491333008e-01 -3.875744044780731201e-01 6.941965222358703613e-01 1.990080108642578125e+02
6.493402123451232910e-01 -2.553512752056121826e-01 -7.163465023040771484e-01 -1.144318237304687500e+02 4.589844942092895508e-01 8.826361298561096191e-01 1.014242842793464661e-01 9.836712837219238281e+00 6.063749194145202637e-01 -3.946509659290313721e-01 6.903337240219116211e-01 2.005746917724609375e+02
6.464794874191284180e-01 -2.620447576045989990e-01 -7.165166139602661133e-01 -1.158686294555664062e+02 4.643552005290985107e-01 8.803194761276245117e-01 9.701535105705261230e-02 9.982238769531250000e+00 6.053416132926940918e-01 -3.954368531703948975e-01 6.907907128334045410e-01 2.019859008789062500e+02
6.408996582031250000e-01 -2.658320069313049316e-01 -7.201251387596130371e-01 -1.175588455200195312e+02 4.704930782318115234e-01 8.772875070571899414e-01 9.488327056169509888e-02 1.019693565368652344e+01 6.065342426300048828e-01 -3.996247351169586182e-01 6.873258352279663086e-01 2.036235351562500000e+02
6.385478973388671875e-01 -2.638117969036102295e-01 -7.229517698287963867e-01 -1.192491760253906250e+02 4.733628332614898682e-01 8.753221035003662109e-01 9.868510067462921143e-02 1.040744113922119141e+01 6.067818403244018555e-01 -4.052338004112243652e-01 6.838141679763793945e-01 2.052453918457031250e+02
6.325070858001708984e-01 -2.695556879043579102e-01 -7.261362075805664062e-01 -1.209328155517578125e+02 4.839239716529846191e-01 8.695212602615356445e-01 9.874314814805984497e-02 1.059634494781494141e+01 6.047745943069458008e-01 -4.138506054878234863e-01 6.804232597351074219e-01 2.068584136962890625e+02
6.271677613258361816e-01 -2.699149549007415771e-01 -7.306201457977294922e-01 -1.225890121459960938e+02 4.862257540225982666e-01 8.684848546981811523e-01 9.653181582689285278e-02 1.079827308654785156e+01 6.084776520729064941e-01 -4.157880842685699463e-01 6.759257316589355469e-01 2.084606018066406250e+02
6.196965575218200684e-01 -2.728256881237030029e-01 -7.358950972557067871e-01 -1.243269729614257812e+02 4.927604198455810547e-01 8.650460839271545410e-01 9.424600750207901001e-02 1.097211933135986328e+01 6.108708977699279785e-01 -4.210239946842193604e-01 6.705042123794555664e-01 2.100792083740234375e+02
6.129739880561828613e-01 -2.743181586265563965e-01 -7.409532666206359863e-01 -1.263888854980468750e+02 4.993905723094940186e-01 8.612310290336608887e-01 9.428682178258895874e-02 1.120535850524902344e+01 6.122678518295288086e-01 -4.278205335140228271e-01 6.649044752120971680e-01 2.119547882080078125e+02
6.073243618011474609e-01 -2.722759544849395752e-01 -7.463393211364746094e-01 -1.283997192382812500e+02 5.018409490585327148e-01 8.597586154937744141e-01 9.471377730369567871e-02 1.144300651550292969e+01 6.158838272094726562e-01 -4.320656359195709229e-01 6.587918996810913086e-01 2.137872924804687500e+02
6.062783598899841309e-01 -2.672531604766845703e-01 -7.490004897117614746e-01 -1.300022430419921875e+02 5.019416213035583496e-01 8.591302633285522461e-01 9.974767267704010010e-02 1.162763786315917969e+01 6.168316006660461426e-01 -4.364294409751892090e-01 6.550179123878479004e-01 2.152305603027343750e+02
6.057165861129760742e-01 -2.684640586376190186e-01 -7.490220069885253906e-01 -1.316703643798828125e+02 5.077987313270568848e-01 8.551579713821411133e-01 1.041396483778953552e-01 1.181633949279785156e+01 6.125748753547668457e-01 -4.434315860271453857e-01 6.543093919754028320e-01 2.167194976806640625e+02
6.020640730857849121e-01 -2.667080760002136230e-01 -7.525856494903564453e-01 -1.333967437744140625e+02 5.105049014091491699e-01 8.533168435096740723e-01 1.059947460889816284e-01 1.199906158447265625e+01 6.139248609542846680e-01 -4.480143785476684570e-01 6.499074697494506836e-01 2.182288208007812500e+02
5.918709039688110352e-01 -2.685495615005493164e-01 -7.599799036979675293e-01 -1.352291259765625000e+02 5.144519805908203125e-01 8.517043590545654297e-01 9.969248622655868530e-02 1.221511840820312500e+01 6.205063462257385254e-01 -4.499783515930175781e-01 6.422551274299621582e-01 2.198086700439453125e+02
5.918385982513427734e-01 -2.736880481243133545e-01 -7.581697702407836914e-01 -1.369387054443359375e+02 5.183773040771484375e-01 8.495191335678100586e-01 9.798915684223175049e-02 1.241302013397216797e+01 6.172618269920349121e-01 -4.510118961334228516e-01 6.446521878242492676e-01 2.212908782958984375e+02
5.807541608810424805e-01 -2.719277143478393555e-01 -7.673196196556091309e-01 -1.385738220214843750e+02 5.209439992904663086e-01 8.484427332878112793e-01 9.360536932945251465e-02 1.260130500793457031e+01 6.255734562873840332e-01 -4.540923833847045898e-01 6.343959569931030273e-01 2.226701202392578125e+02
5.676093101501464844e-01 -2.657614946365356445e-01 -7.792239189147949219e-01 -1.404637603759765625e+02 5.230419635772705078e-01 8.473256826400756836e-01 9.201066941022872925e-02 1.279169464111328125e+01 6.358041763305664062e-01 -4.597930908203125000e-01 6.199545264244079590e-01 2.242217559814453125e+02
5.589513778686523438e-01 -2.662520706653594971e-01 -7.852913737297058105e-01 -1.420723266601562500e+02 5.247018337249755859e-01 8.468970060348510742e-01 8.633065968751907349e-02 1.293342018127441406e+01 6.420759558677673340e-01 -4.602986872196197510e-01 6.130774021148681641e-01 2.255195312500000000e+02
5.467799901962280273e-01 -2.606981396675109863e-01 -7.956553697586059570e-01 -1.438324127197265625e+02 5.260691046714782715e-01 8.462591171264648438e-01 8.423975855112075806e-02 1.306832313537597656e+01 6.513702869415283203e-01 -4.646304845809936523e-01 5.998629331588745117e-01 2.268659515380859375e+02
5.406697392463684082e-01 -2.606106102466583252e-01 -7.998485565185546875e-01 -1.455657653808593750e+02 5.283684134483337402e-01 8.450636267662048340e-01 8.181571215391159058e-02 1.318773937225341797e+01 6.546017527580261230e-01 -4.668501615524291992e-01 5.945988893508911133e-01 2.281702270507812500e+02
5.371265411376953125e-01 -2.600190639495849609e-01 -8.024241328239440918e-01 -1.473812561035156250e+02 5.327615141868591309e-01 8.421118259429931641e-01 8.374016731977462769e-02 1.334212303161621094e+01 6.539576649665832520e-01 -4.724799394607543945e-01 5.908488631248474121e-01 2.295121154785156250e+02
5.213734507560729980e-01 -2.591512203216552734e-01 -8.130249977111816406e-01 -1.494429016113281250e+02 5.386979579925537109e-01 8.388743996620178223e-01 7.806327939033508301e-02 1.349309635162353516e+01 6.617965102195739746e-01 -4.786752164363861084e-01 5.769711136817932129e-01 2.310219268798828125e+02
5.162665843963623047e-01 -2.530647814273834229e-01 -8.181847929954528809e-01 -1.515518188476562500e+02 5.373221635818481445e-01 8.396361470222473145e-01 7.934523373842239380e-02 1.368779659271240234e+01 6.668988466262817383e-01 -4.805923402309417725e-01 5.694534182548522949e-01 2.325408477783203125e+02
5.138790607452392578e-01 -2.531192898750305176e-01 -8.196696043014526367e-01 -1.534500274658203125e+02 5.416117906570434570e-01 8.366997838020324707e-01 8.117663860321044922e-02 1.383014678955078125e+01 6.652709245681762695e-01 -4.856579005718231201e-01 5.670549273490905762e-01 2.338628387451171875e+02
5.081990361213684082e-01 -2.594434618949890137e-01 -8.212321400642395020e-01 -1.552660217285156250e+02 5.543939471244812012e-01 8.282629847526550293e-01 8.140811324119567871e-02 1.398099040985107422e+01 6.590762734413146973e-01 -4.966577887535095215e-01 5.647563934326171875e-01 2.351563873291015625e+02
4.999079704284667969e-01 -2.561765909194946289e-01 -8.273239731788635254e-01 -1.574251098632812500e+02 5.582273602485656738e-01 8.256607651710510254e-01 8.164542913436889648e-02 1.413158893585205078e+01 6.621742248535156250e-01 -5.026502013206481934e-01 5.557591915130615234e-01 2.366789398193359375e+02
