9.997975230216979980e-01 -9.796377271413803101e-03 1.757657714188098907e-02 3.117200918495655060e-02 9.791037067770957947e-03 9.999520182609558105e-01 3.899012808687984943e-04 -4.222954809665679932e-02 -1.757955364882946014e-02 -2.177294227294623852e-04 9.998454451560974121e-01 1.991283416748046875e+00
9.999594092369079590e-01 -7.409141864627599716e-03 -5.127793177962303162e-03 8.910255506634712219e-03 7.426551077514886856e-03 9.999666810035705566e-01 3.384233918040990829e-03 -7.322389632463455200e-02 5.102546885609626770e-03 -3.422178560867905617e-03 9.999811053276062012e-01 3.856990814208984375e+00
9.996472001075744629e-01 -1.321847643703222275e-02 2.303764969110488892e-02 3.496937453746795654e-02 1.310485042631626129e-02 9.999012351036071777e-01 5.076236091554164886e-03 -9.279677271842956543e-02 -2.310247719287872314e-02 -4.772541113197803497e-03 9.997217059135437012e-01 5.846510887145996094e+00
9.997985959053039551e-01 -1.686605438590049744e-02 -1.087552495300769806e-02 -1.138884946703910828e-02 1.699306070804595947e-02 9.997872114181518555e-01 1.169324852526187897e-02 -1.108936518430709839e-01 1.067599095404148102e-02 -1.187570393085479736e-02 9.998725056648254395e-01 7.727537155151367188e+00
9.992520809173583984e-01 -2.267080545425415039e-02 -3.132586181163787842e-02 -8.488507568836212158e-02 2.307636104524135590e-02 9.996536970138549805e-01 1.264596544206142426e-02 -1.140322834253311157e-01 3.102832287549972534e-02 -1.335939671844244003e-02 9.994291663169860840e-01 9.495021820068359375e+00
9.994420409202575684e-01 -2.513781376183032990e-02 -2.199306339025497437e-02 -1.238179802894592285e-01 2.547592297196388245e-02 9.995594024658203125e-01 1.523057557642459869e-02 -1.229942440986633301e-01 2.160051092505455017e-02 -1.578237488865852356e-02 9.996420145034790039e-01 1.105946922302246094e+01
9.991834163665771484e-01 -3.282333910465240479e-02 2.356210909783840179e-02 -7.681765407323837280e-02 3.240079060196876526e-02 9.993110895156860352e-01 1.809673756361007690e-02 -1.110644564032554626e-01 -2.413986623287200928e-02 -1.731853187084197998e-02 9.995584487915039062e-01 1.250291919708251953e+01
9.987856745719909668e-01 -3.569979965686798096e-02 3.395156934857368469e-02 -2.202113717794418335e-02 3.493252769112586975e-02 9.991265535354614258e-01 2.293011732399463654e-02 -1.081663742661476135e-01 -3.474051132798194885e-02 -2.171626128256320953e-02 9.991602301597595215e-01 1.406393051147460938e+01
9.973869323730468750e-01 -3.646957501769065857e-02 6.236336007714271545e-02 8.318807929754257202e-02 3.495628014206886292e-02 9.990713000297546387e-01 2.518742717802524567e-02 -8.258026838302612305e-02 -6.322401762008666992e-02 -2.294161915779113770e-02 9.977355003356933594e-01 1.566015529632568359e+01
9.955968856811523438e-01 -4.160615429282188416e-02 8.399867266416549683e-02 1.997253298759460449e-01 3.920701518654823303e-02 9.987801313400268555e-01 3.001272492110729218e-02 -5.114870145916938782e-02 -8.514492958784103394e-02 -2.658723480999469757e-02 9.960135817527770996e-01 1.709455490112304688e+01
9.958862662315368652e-01 -4.923880845308303833e-02 7.606641948223114014e-02 3.116245865821838379e-01 4.711263626813888550e-02 9.984537959098815918e-01 2.949869260191917419e-02 -2.493379078805446625e-02 -7.740130275487899780e-02 -2.579365111887454987e-02 9.966660737991333008e-01 1.854681015014648438e+01
9.973872900009155273e-01 -4.970607906579971313e-02 5.241980403661727905e-02 3.781966865062713623e-01 4.810165613889694214e-02 9.983474612236022949e-01 3.143790736794471741e-02 -7.986791431903839111e-03 -5.389584600925445557e-02 -2.883428707718849182e-02 9.981299638748168945e-01 2.003660774230957031e+01
9.947385787963867188e-01 -5.644071474671363831e-02 8.549620956182479858e-02 4.851909577846527100e-01 5.309826508164405823e-02 9.977520704269409180e-01 4.087857156991958618e-02 1.928141526877880096e-02 -8.761124312877655029e-02 -3.612378612160682678e-02 9.954993724822998047e-01 2.143215942382812500e+01
9.950872659683227539e-01 -5.875733867287635803e-02 7.968047261238098145e-02 6.040698289871215820e-01 5.527525022625923157e-02 9.974461793899536133e-01 4.522576183080673218e-02 5.610444396734237671e-02 -8.213433623313903809e-02 -4.059921577572822571e-02 9.957938194274902344e-01 2.287164688110351562e+01
9.967762231826782227e-01 -6.113737821578979492e-02 5.195712298154830933e-02 6.552289724349975586e-01 5.874419957399368286e-02 9.971937537193298340e-01 4.640397429466247559e-02 1.013740971684455872e-01 -5.464834719896316528e-02 -4.320219159126281738e-02 9.975704550743103027e-01 2.428281211853027344e+01
9.975429177284240723e-01 -6.339805573225021362e-02 2.981429360806941986e-02 6.831297874450683594e-01 6.183876469731330872e-02 9.968026280403137207e-01 5.059820413589477539e-02 1.606288999319076538e-01 -3.292681276798248291e-02 -4.863019660115242004e-02 9.982737898826599121e-01 2.589487838745117188e+01
9.980015754699707031e-01 -6.316251307725906372e-02 1.856096088886260986e-03 6.599138975143432617e-01 6.296806037425994873e-02 9.965288043022155762e-01 5.445174127817153931e-02 2.027754485607147217e-01 -5.288984626531600952e-03 -5.422604829072952271e-02 9.985145330429077148e-01 2.763976860046386719e+01
9.962947964668273926e-01 -6.464061886072158813e-02 5.673157051205635071e-02 8.181231021881103516e-01 6.136525422334671021e-02 9.964463710784912109e-01 5.769381299614906311e-02 2.902016043663024902e-01 -6.025935336947441101e-02 -5.399869754910469055e-02 9.967209696769714355e-01 2.936736297607421875e+01
9.972246885299682617e-01 -6.349918991327285767e-02 3.887183964252471924e-02 8.542824983596801758e-01 6.112665310502052307e-02 9.963577985763549805e-01 5.945008993148803711e-02 3.535085916519165039e-01 -4.250530898571014404e-02 -5.690898746252059937e-02 9.974740147590637207e-01 3.087769699096679688e+01
9.945796728134155273e-01 -6.272392719984054565e-02 8.292983472347259521e-02 9.519100189208984375e-01 5.762694403529167175e-02 9.963802695274353027e-01 6.249062716960906982e-02 4.018555283546447754e-01 -8.654931187629699707e-02 -5.737290531396865845e-02 9.945940971374511719e-01 3.206486129760742188e+01
9.799466729164123535e-01 -6.466236710548400879e-02 1.884773373603820801e-01 1.215485334396362305e+00 5.325383320450782776e-02 9.964641928672790527e-01 6.498316675424575806e-02 4.820438921451568604e-01 -1.920128762722015381e-01 -5.364288762211799622e-02 9.799251556396484375e-01 3.336386871337890625e+01
9.474691748619079590e-01 -6.828509271144866943e-02 3.124734163284301758e-01 1.697749614715576172e+00 4.915345087647438049e-02 9.964249730110168457e-01 6.870862841606140137e-02 5.784869194030761719e-01 -3.160480856895446777e-01 -4.974015802145004272e-02 9.474382996559143066e-01 3.471897125244140625e+01
9.618493318557739258e-01 -6.666328012943267822e-02 2.653340697288513184e-01 1.998083829879760742e+00 4.923065379261970520e-02 9.962013363838195801e-01 7.182493060827255249e-02 6.339929699897766113e-01 -2.691142261028289795e-01 -5.602219328284263611e-02 9.614774584770202637e-01 3.595775222778320312e+01
9.699777364730834961e-01 -6.514275074005126953e-02 2.343074679374694824e-01 2.250873565673828125e+00 5.068617686629295349e-02 9.964505434036254883e-01 6.720696389675140381e-02 7.051771283149719238e-01 -2.378538250923156738e-01 -5.331310257315635681e-02 9.698367118835449219e-01 3.714846420288085938e+01
9.776889085769653320e-01 -7.136236876249313354e-02 1.975654959678649902e-01 2.504969358444213867e+00 5.810741335153579712e-02 9.957029223442077637e-01 7.210154086351394653e-02 7.807861566543579102e-01 -2.018618583679199219e-01 -5.901285260915756226e-02 9.776345491409301758e-01 3.845046997070312500e+01
9.739454388618469238e-01 -7.441926002502441406e-02 2.142249643802642822e-01 2.797305107116699219e+00 5.933254957199096680e-02 9.953390359878540039e-01 7.602170109748840332e-02 8.769072294235229492e-01 -2.188839167356491089e-01 -6.133047863841056824e-02 9.738215804100036621e-01 3.976793289184570312e+01
9.768708944320678711e-01 -7.256274670362472534e-02 2.011423110961914062e-01 3.108224391937255859e+00 5.809039622545242310e-02 9.953410029411315918e-01 7.694985717535018921e-02 9.769178032875061035e-01 -2.057888656854629517e-01 -6.348564475774765015e-02 9.765349626541137695e-01 4.121961593627929688e+01
9.674947857856750488e-01 -7.597716897726058960e-02 2.412090450525283813e-01 3.551678180694580078e+00 5.809311941266059875e-02 9.950666427612304688e-01 8.041808754205703735e-02 1.086247205734252930e+00 -2.461290061473846436e-01 -6.379150599241256714e-02 9.671355485916137695e-01 4.295544052124023438e+01
9.601514339447021484e-01 -8.353530615568161011e-02 2.667050063610076904e-01 4.003854274749755859e+00 6.145985051989555359e-02 9.940356016159057617e-01 9.008572995662689209e-02 1.182278513908386230e+00 -2.726396322250366211e-01 -7.010431587696075439e-02 9.595587849617004395e-01 4.459478378295898438e+01
9.502595663070678711e-01 -9.033980965614318848e-02 2.980702817440032959e-01 4.508095741271972656e+00 6.427665799856185913e-02 9.932907819747924805e-01 9.613238275051116943e-02 1.312909007072448730e+00 -3.047550916671752930e-01 -7.219177484512329102e-02 9.496908783912658691e-01 4.620543289184570312e+01
9.400679469108581543e-01 -9.199836105108261108e-02 3.283427655696868896e-01 5.064729213714599609e+00 6.337860971689224243e-02 9.932788610458374023e-01 9.684955328702926636e-02 1.442092299461364746e+00 -3.350459635257720947e-01 -7.023526728153228760e-02 9.395803809165954590e-01 4.777141571044921875e+01
9.259352684020996094e-01 -9.300539642572402954e-02 3.660523295402526855e-01 5.703674316406250000e+00 5.982426553964614868e-02 9.930865168571472168e-01 1.009938269853591919e-01 1.577375769615173340e+00 -3.729146420955657959e-01 -7.161495089530944824e-02 9.250978827476501465e-01 4.933057403564453125e+01
9.083006381988525391e-01 -1.026762127876281738e-01 4.055218398571014404e-01 6.343660354614257812e+00 6.580967456102371216e-02 9.924108386039733887e-01 1.038712114095687866e-01 1.713935613632202148e+00 -4.131094515323638916e-01 -6.765904277563095093e-02 9.081646203994750977e-01 5.086722946166992188e+01
9.039385318756103516e-01 -1.102604717016220093e-01 4.132047295570373535e-01 7.005490779876708984e+00 7.266665250062942505e-02 9.917421936988830566e-01 1.056710854172706604e-01 1.853486418724060059e+00 -4.214439988136291504e-01 -6.549397110939025879e-02 9.044863581657409668e-01 5.235562896728515625e+01
8.981953859329223633e-01 -1.126729473471641541e-01 4.249119758605957031e-01 7.781539440155029297e+00 7.469961792230606079e-02 9.916568994522094727e-01 1.050524935126304626e-01 2.015052556991577148e+00 -4.332035779953002930e-01 -6.261692196130752563e-02 8.991183638572692871e-01 5.395198822021484375e+01
9.006019234657287598e-01 -1.143255308270454407e-01 4.193401932716369629e-01 8.443009376525878906e+00 7.511636614799499512e-02 9.912090897560119629e-01 1.089105680584907532e-01 2.160286903381347656e+00 -4.281051754951477051e-01 -6.658576428890228271e-02 9.012726545333862305e-01 5.540668106079101562e+01
8.865131735801696777e-01 -1.212647631764411926e-01 4.465306401252746582e-01 9.246549606323242188e+00 7.790876924991607666e-02 9.903880357742309570e-01 1.142856478691101074e-01 2.326840400695800781e+00 -4.560975134372711182e-01 -6.652709096670150757e-02 8.874397873878479004e-01 5.693244934082031250e+01
8.693807125091552734e-01 -1.282965838909149170e-01 4.771975874900817871e-01 1.011602973937988281e+01 8.224291354417800903e-02 9.898053407669067383e-01 1.162794604897499084e-01 2.502688407897949219e+00 -4.872510731220245361e-01 -6.184501573443412781e-02 8.710693120956420898e-01 5.850188064575195312e+01
8.383048772811889648e-01 -1.294217407703399658e-01 5.296182036399841309e-01 1.104451179504394531e+01 7.718086242675781250e-02 9.898039698600769043e-01 1.197109594941139221e-01 2.681651115417480469e+00 -5.397115349769592285e-01 -5.947789177298545837e-02 8.397464156150817871e-01 5.998541259765625000e+01
8.233734369277954102e-01 -1.350571960210800171e-01 5.511952638626098633e-01 1.199394226074218750e+01 8.186654746532440186e-02 9.893765449523925781e-01 1.201311647891998291e-01 2.867111206054687500e+00 -5.615643262863159180e-01 -5.378835275769233704e-02 8.256830573081970215e-01 6.140312194824218750e+01
8.019841313362121582e-01 -1.382751166820526123e-01 5.811213254928588867e-01 1.299720764160156250e+01 7.789787650108337402e-02 9.887407422065734863e-01 1.277623921632766724e-01 3.049083471298217773e+00 -5.922447443008422852e-01 -5.719528719782829285e-02 8.037257790565490723e-01 6.279513168334960938e+01
7.822188735008239746e-01 -1.410996615886688232e-01 6.068154573440551758e-01 1.413678455352783203e+01 7.784733176231384277e-02 9.885178804397583008e-01 1.295055299997329712e-01 3.288648843765258789e+00 -6.181212663650512695e-01 -5.406269058585166931e-02 7.842216491699218750e-01 6.422760772705078125e+01
7.632378935813903809e-01 -1.453835666179656982e-01 6.295490860939025879e-01 1.559071731567382812e+01 7.825956493616104126e-02 9.879835844039916992e-01 1.332794874906539917e-01 3.546113729476928711e+00 -6.413609385490417480e-01 -5.245569720864295959e-02 7.654442191123962402e-01 6.598780822753906250e+01
7.483461499214172363e-01 -1.484984010457992554e-01 6.464725732803344727e-01 1.702409744262695312e+01 7.861172407865524292e-02 9.876042604446411133e-01 1.358587294816970825e-01 3.797315597534179688e+00 -6.586340069770812988e-01 -5.084902048110961914e-02 7.507436275482177734e-01 6.767572021484375000e+01
7.400953769683837891e-01 -1.575500220060348511e-01 6.537868976593017578e-01 1.836602401733398438e+01 8.704227209091186523e-02 9.864342212677001953e-01 1.391787081956863403e-01 4.030496597290039062e+00 -6.668455600738525391e-01 -4.609840735793113708e-02 7.437690496444702148e-01 6.920879364013671875e+01
7.374025583267211914e-01 -1.601292341947555542e-01 6.561985611915588379e-01 1.988770484924316406e+01 8.772494643926620483e-02 9.859685897827148438e-01 1.420207917690277100e-01 4.313940525054931641e+00 -6.697329878807067871e-01 -4.716149345040321350e-02 7.411031723022460938e-01 7.091214752197265625e+01
7.348434329032897949e-01 -1.644174009561538696e-01 6.580064892768859863e-01 2.143347930908203125e+01 9.000314027070999146e-02 9.852308034896850586e-01 1.456686258316040039e-01 4.580832481384277344e+00 -6.722388863563537598e-01 -4.782096669077873230e-02 7.387885451316833496e-01 7.267790985107421875e+01
7.271481156349182129e-01 -1.727445572614669800e-01 6.643910408020019531e-01 2.309245300292968750e+01 9.202222526073455811e-02 9.836144447326660156e-01 1.550296097993850708e-01 4.915342330932617188e+00 -6.802852749824523926e-01 -5.159073695540428162e-02 7.311298251152038574e-01 7.445502471923828125e+01
7.206636667251586914e-01 -1.825369745492935181e-01 6.688233613967895508e-01 2.489647102355957031e+01 1.014533117413520813e-01 9.820972084999084473e-01 1.587195992469787598e-01 5.286559581756591797e+00 -6.858218908309936523e-01 -4.652909189462661743e-02 7.262808680534362793e-01 7.639224243164062500e+01
7.156086564064025879e-01 -1.829709559679031372e-01 6.741116642951965332e-01 2.651758766174316406e+01 1.039586141705513000e-01 9.822320342063903809e-01 1.562445759773254395e-01 5.641974449157714844e+00 -6.907224655151367188e-01 -4.173022881150245667e-02 7.219151854515075684e-01 7.813195800781250000e+01
7.102555036544799805e-01 -1.883988827466964722e-01 6.782651543617248535e-01 2.820542144775390625e+01 1.068733334541320801e-01 9.812108874320983887e-01 1.606328785419464111e-01 5.985438346862792969e+00 -6.957842707633972168e-01 -4.160191491246223450e-02 7.170452475547790527e-01 7.991677093505859375e+01
7.084425091743469238e-01 -1.912812590599060059e-01 6.793535947799682617e-01 2.992336654663085938e+01 1.131876260042190552e-01 9.809055924415588379e-01 1.581532210111618042e-01 6.339240074157714844e+00 -6.966335773468017578e-01 -3.514801710844039917e-02 7.165659070014953613e-01 8.171286010742187500e+01
7.100815773010253906e-01 -1.969936490058898926e-01 6.760017275810241699e-01 3.153399467468261719e+01 1.167237684130668640e-01 9.797152280807495117e-01 1.628905534744262695e-01 6.671055793762207031e+00 -6.943777203559875488e-01 -3.676008060574531555e-02 7.186715602874755859e-01 8.343923187255859375e+01
7.063081264495849609e-01 -2.010546624660491943e-01 6.787536740303039551e-01 3.327995681762695312e+01 1.188254877924919128e-01 9.788879752159118652e-01 1.663086265325546265e-01 7.036126136779785156e+00 -6.978610754013061523e-01 -3.681185841560363770e-02 7.152869105339050293e-01 8.521908569335937500e+01
7.012838125228881836e-01 -2.039582282304763794e-01 6.830833554267883301e-01 3.499950027465820312e+01 1.211443170905113220e-01 9.783576130867004395e-01 1.677504777908325195e-01 7.407030582427978516e+00 -7.025139927864074707e-01 -3.488899394869804382e-02 7.108145952224731445e-01 8.704428100585937500e+01
6.947473287582397461e-01 -2.110259979963302612e-01 6.876009106636047363e-01 3.667508697509765625e+01 1.273936033248901367e-01 9.769794344902038574e-01 1.711192280054092407e-01 7.770711421966552734e+00 -7.078826427459716797e-01 -3.128863871097564697e-02 7.056370973587036133e-01 8.878511047363281250e+01
6.867539286613464355e-01 -2.196192443370819092e-01 6.929193735122680664e-01 3.841618728637695312e+01 1.359781026840209961e-01 9.752521514892578125e-01 1.743358522653579712e-01 8.143832206726074219e+00 -7.140586972236633301e-01 -2.550394460558891296e-02 6.996214985847473145e-01 9.054870605468750000e+01
6.794579625129699707e-01 -2.247182279825210571e-01 6.984550356864929199e-01 4.005707168579101562e+01 1.397803574800491333e-01 9.741537570953369141e-01 1.774420142173767090e-01 8.503384590148925781e+00 -7.202771306037902832e-01 -2.293406985700130463e-02 6.933075785636901855e-01 9.220289611816406250e+01
6.777988076210021973e-01 -2.332950234413146973e-01 6.972539424896240234e-01 4.186083221435546875e+01 1.484828591346740723e-01 9.722179174423217773e-01 1.809557676315307617e-01 8.912467956542968750e+00 -7.200988531112670898e-01 -1.912130974233150482e-02 6.936083436012268066e-01 9.395806121826171875e+01
6.755657792091369629e-01 -2.418041676282882690e-01 6.965216994285583496e-01 4.354843139648437500e+01 1.574737727642059326e-01 9.702140092849731445e-01 1.840831637382507324e-01 9.323932647705078125e+00 -7.202872037887573242e-01 -1.467633713036775589e-02 6.935210824012756348e-01 9.561020660400390625e+01
6.726210117340087891e-01 -2.469484210014343262e-01 6.975659728050231934e-01 4.520597839355468750e+01 1.652003228664398193e-01 9.689925909042358398e-01 1.837445944547653198e-01 9.692735671997070312e+00 -7.213118076324462891e-01 -8.352275006473064423e-03 6.925606131553649902e-01 9.723188018798828125e+01
6.739698648452758789e-01 -2.531002461910247803e-01 6.940501928329467773e-01 4.685879516601562500e+01 1.723587214946746826e-01 9.674252867698669434e-01 1.854202896356582642e-01 1.005716133117675781e+01 -7.183716893196105957e-01 -5.342015065252780914e-03 6.956394314765930176e-01 9.883975219726562500e+01
6.702972054481506348e-01 -2.555603981018066406e-01 6.967003941535949707e-01 4.852169418334960938e+01 1.732026338577270508e-01 9.667783975601196289e-01 1.879904568195343018e-01 1.044617843627929688e+01 -7.215977907180786133e-01 -5.339077673852443695e-03 6.922923922538757324e-01 1.004661026000976562e+02
6.687988638877868652e-01 -2.562340795993804932e-01 6.978918910026550293e-01 5.020072555541992188e+01 1.720512658357620239e-01 9.665894508361816406e-01 1.900085955858230591e-01 1.086797714233398438e+01 -7.232615947723388672e-01 -7.004300132393836975e-03 6.905391216278076172e-01 1.021203231811523438e+02
6.687802672386169434e-01 -2.640604972839355469e-01 6.949862837791442871e-01 5.179905700683593750e+01 1.772899031639099121e-01 9.644749164581298828e-01 1.958481073379516602e-01 1.124524974822998047e+01 -7.220125794410705566e-01 -7.765250280499458313e-03 6.918368935585021973e-01 1.037175140380859375e+02
6.681256890296936035e-01 -2.714440226554870605e-01 6.927677989006042480e-01 5.363138198852539062e+01 1.818886846303939819e-01 9.624146223068237305e-01 2.016797512769699097e-01 1.171394443511962891e+01 -7.214746475219726562e-01 -8.740743622183799744e-03 6.923862695693969727e-01 1.055548858642578125e+02
6.595697999000549316e-01 -2.750082612037658691e-01 6.995278000831604004e-01 5.533907318115234375e+01 1.906545609235763550e-01 9.614382982254028320e-01 1.982101649045944214e-01 1.216979408264160156e+01 -7.270622849464416504e-01 2.634786069393157959e-03 6.865670084953308105e-01 1.072201461791992188e+02
6.602015495300292969e-01 -2.764595448970794678e-01 6.983588933944702148e-01 5.699879074096679688e+01 1.945874094963073730e-01 9.610057473182678223e-01 1.964782327413558960e-01 1.261026000976562500e+01 -7.254451513290405273e-01 6.176664959639310837e-03 6.882528066635131836e-01 1.088574523925781250e+02
6.521155834197998047e-01 -2.762991786003112793e-01 7.059781551361083984e-01 5.865559387207031250e+01 1.947153061628341675e-01 9.610249400138854980e-01 1.962575018405914307e-01 1.303873157501220703e+01 -7.326883673667907715e-01 9.482220746576786041e-03 6.804987788200378418e-01 1.104983291625976562e+02
6.483479738235473633e-01 -2.796095013618469238e-01 7.081416845321655273e-01 6.014252090454101562e+01 1.972376555204391479e-01 9.600510597229003906e-01 1.984924525022506714e-01 1.340760898590087891e+01 -7.353525161743164062e-01 1.098007895052433014e-02 6.775964498519897461e-01 1.119334335327148438e+02
6.400666236877441406e-01 -2.890572249889373779e-01 7.118721008300781250e-01 6.170725250244140625e+01 2.036668658256530762e-01 9.572178721427917480e-01 2.055571675300598145e-01 1.380932521820068359e+01 -7.408344745635986328e-01 1.341453660279512405e-02 6.715542674064636230e-01 1.134065399169921875e+02
6.342375874519348145e-01 -2.966011762619018555e-01 7.139829993247985840e-01 6.333754730224609375e+01 2.077975571155548096e-01 9.549010992050170898e-01 2.120943963527679443e-01 1.424455070495605469e+01 -7.446905970573425293e-01 1.384575664997100830e-02 6.672668457031250000e-01 1.149230728149414062e+02
6.349243521690368652e-01 -2.990928888320922852e-01 7.123312354087829590e-01 6.482669067382812500e+01 2.105298340320587158e-01 9.541099667549133301e-01 2.129585295915603638e-01 1.465015983581542969e+01 -7.433366775512695312e-01 1.475446764379739761e-02 6.687553524971008301e-01 1.163242416381835938e+02
6.312034130096435547e-01 -2.964024543762207031e-01 7.167490124702453613e-01 6.639897155761718750e+01 2.137147337198257446e-01 9.547922015190124512e-01 2.066348195075988770e-01 1.508324337005615234e+01 -7.455933690071105957e-01 2.275124751031398773e-02 6.660133600234985352e-01 1.177690887451171875e+02
6.358415484428405762e-01 -2.980055212974548340e-01 7.119688391685485840e-01 6.791446685791015625e+01 2.129256427288055420e-01 9.543848633766174316e-01 2.093139439821243286e-01 1.547644615173339844e+01 -7.418689131736755371e-01 1.850594021379947662e-02 6.702902317047119141e-01 1.191547546386718750e+02
6.301823854446411133e-01 -2.969743013381958008e-01 7.174104452133178711e-01 6.942511749267578125e+01 2.122010141611099243e-01 9.546619653701782227e-01 2.087852954864501953e-01 1.587326717376708984e+01 -7.468883395195007324e-01 2.066242322325706482e-02 6.646291017532348633e-01 1.205610656738281250e+02
6.391621828079223633e-01 -3.034227192401885986e-01 7.066877484321594238e-01 7.098888397216796875e+01 2.181843668222427368e-01 9.526691436767578125e-01 2.117006629705429077e-01 1.627927017211914062e+01 -7.374744415283203125e-01 1.887717470526695251e-02 6.751118898391723633e-01 1.220233306884765625e+02
6.384737491607666016e-01 -3.097527027130126953e-01 7.045606374740600586e-01 7.244598388671875000e+01 2.215951234102249146e-01 9.506563544273376465e-01 2.171362936496734619e-01 1.668340110778808594e+01 -7.370536327362060547e-01 1.749140024185180664e-02 6.756085753440856934e-01 1.234011535644531250e+02
6.370544433593750000e-01 -3.132225871086120605e-01 7.043112516403198242e-01 7.398097229003906250e+01 2.207285165786743164e-01 9.495821595191955566e-01 2.226493805646896362e-01 1.712764167785644531e+01 -7.385402321815490723e-01 1.362182386219501495e-02 6.740725040435791016e-01 1.248442840576171875e+02
6.339043378829956055e-01 -3.138845860958099365e-01 7.068542242050170898e-01 7.550851440429687500e+01 2.221619039773941040e-01 9.493246674537658691e-01 2.223215848207473755e-01 1.758323287963867188e+01 -7.408174872398376465e-01 1.610546745359897614e-02 6.715140938758850098e-01 1.262710800170898438e+02
6.307823061943054199e-01 -3.183381259441375732e-01 7.076550722122192383e-01 7.711437225341796875e+01 2.255070954561233521e-01 9.478172063827514648e-01 2.253646552562713623e-01 1.803471755981445312e+01 -7.424697875976562500e-01 1.742521114647388458e-02 6.696537137031555176e-01 1.277879943847656250e+02
6.291341185569763184e-01 -3.269655108451843262e-01 7.051843404769897461e-01 7.866733551025390625e+01 2.306816577911376953e-01 9.448919892311096191e-01 2.323042899370193481e-01 1.848086929321289062e+01 -7.422785162925720215e-01 1.652256026864051819e-02 6.698886156082153320e-01 1.292683105468750000e+02
6.305934786796569824e-01 -3.297507166862487793e-01 7.025790810585021973e-01 8.017971038818359375e+01 2.336117625236511230e-01 9.439154267311096191e-01 2.333440929651260376e-01 1.895433807373046875e+01 -7.401205897331237793e-01 1.698550209403038025e-02 6.722604632377624512e-01 1.306911163330078125e+02
6.303373575210571289e-01 -3.358793854713439941e-01 6.999005675315856934e-01 8.157241058349609375e+01 2.373041212558746338e-01 9.417706131935119629e-01 2.382332980632781982e-01 1.939745712280273438e+01 -7.391633987426757812e-01 1.592196710407733917e-02 6.733387112617492676e-01 1.320228118896484375e+02
6.267380118370056152e-01 -3.372965455055236816e-01 7.024466991424560547e-01 8.299916076660156250e+01 2.397453635931015015e-01 9.412022829055786133e-01 2.380346953868865967e-01 1.985453224182128906e+01 -7.414327859878540039e-01 1.922297291457653046e-02 6.707525253295898438e-01 1.333958435058593750e+02
6.267739534378051758e-01 -3.421880900859832764e-01 7.000446915626525879e-01 8.449151611328125000e+01 2.408361285924911499e-01 9.394969344139099121e-01 2.436055541038513184e-01 2.033897209167480469e+01 -7.410487532615661621e-01 1.591045036911964417e-02 6.712634563446044922e-01 1.348311767578125000e+02
6.227511763572692871e-01 -3.445249199867248535e-01 7.024844288825988770e-01 8.603323364257812500e+01 2.417539358139038086e-01 9.386302828788757324e-01 2.460251748561859131e-01 2.082945632934570312e+01 -7.441349625587463379e-01 1.661593280732631683e-02 6.678233742713928223e-01 1.362729797363281250e+02
6.108993887901306152e-01 -3.473193049430847168e-01 7.114577293395996094e-01 8.746498107910156250e+01 2.424084842205047607e-01 9.375333786010742188e-01 2.495385408401489258e-01 2.128598785400390625e+01 -7.536849379539489746e-01 2.002048119902610779e-02 6.569316387176513672e-01 1.376035766601562500e+02
6.063118577003479004e-01 -3.533186018466949463e-01 7.124273180961608887e-01 8.895726776123046875e+01 2.436381727457046509e-01 9.353291988372802734e-01 2.565150558948516846e-01 2.178149223327636719e+01 -7.569856047630310059e-01 1.804640889167785645e-02 6.531830430030822754e-01 1.389983673095703125e+02
6.030703783035278320e-01 -3.540748357772827148e-01 7.147992253303527832e-01 9.047899627685546875e+01 2.471276968717575073e-01 9.349320530891418457e-01 2.546174824237823486e-01 2.229526519775390625e+01 -7.584424614906311035e-01 2.309448644518852234e-02 6.513314843177795410e-01 1.403676147460937500e+02
5.985131859779357910e-01 -3.570618927478790283e-01 7.171398401260375977e-01 9.206235504150390625e+01 2.506085932254791260e-01 9.337003231048583984e-01 2.557326257228851318e-01 2.281805038452148438e+01 -7.609061598777770996e-01 2.666212059557437897e-02 6.483146548271179199e-01 1.418162384033203125e+02
5.941418409347534180e-01 -3.616338372230529785e-01 7.184825539588928223e-01 9.368280792236328125e+01 2.563031911849975586e-01 9.317905902862548828e-01 2.570505738258361816e-01 2.333601951599121094e+01 -7.624335885047912598e-01 3.142492845654487610e-02 6.463036537170410156e-01 1.432483215332031250e+02
5.807300209999084473e-01 -3.689773380756378174e-01 7.256784439086914062e-01 9.534004974365234375e+01 2.624981403350830078e-01 9.286502003669738770e-01 2.621135711669921875e-01 2.387523651123046875e+01 -7.706155180931091309e-01 3.827207535505294800e-02 6.361507773399353027e-01 1.447204284667968750e+02
5.739643573760986328e-01 -3.694316148757934570e-01 7.308118939399719238e-01 9.697469329833984375e+01 2.603240907192230225e-01 9.284722805023193359e-01 2.648972868919372559e-01 2.443874359130859375e+01 -7.764001488685607910e-01 3.820642456412315369e-02 6.290818452835083008e-01 1.461074066162109375e+02
5.651189088821411133e-01 -3.766730427742004395e-01 7.340019345283508301e-01 9.862581634521484375e+01 2.675451934337615967e-01 9.252793788909912109e-01 2.688450217247009277e-01 2.498473358154296875e+01 -7.804236412048339844e-01 4.444937780499458313e-02 6.236697435379028320e-01 1.475095367431640625e+02
5.656854510307312012e-01 -3.790635764598846436e-01 7.323329448699951172e-01 1.002704544067382812e+02 2.782978713512420654e-01 9.237385988235473633e-01 2.631677389144897461e-01 2.552863311767578125e+01 -7.762416601181030273e-01 5.493663251399993896e-02 6.280379295349121094e-01 1.488996276855468750e+02
5.590429306030273438e-01 -3.802895247936248779e-01 7.367846965789794922e-01 1.018607940673828125e+02 2.718892991542816162e-01 9.235600233078002930e-01 2.703940868377685547e-01 2.604495620727539062e+01 -7.832931280136108398e-01 4.916205257177352905e-02 6.197062134742736816e-01 1.502235412597656250e+02
5.562419295310974121e-01 -3.843779265880584717e-01 7.367830872535705566e-01 1.034285659790039062e+02 2.723778188228607178e-01 9.219518303871154785e-01 2.753452956676483154e-01 2.656902313232421875e+01 -7.851153612136840820e-01 4.752484709024429321e-02 6.175241470336914062e-01 1.515084533691406250e+02
5.558703541755676270e-01 -3.881913125514984131e-01 7.350621819496154785e-01 1.050873489379882812e+02 2.738146185874938965e-01 9.204214215278625488e-01 2.790157794952392578e-01 2.716685676574707031e+01 -7.848786711692810059e-01 4.617422819137573242e-02 6.179273724555969238e-01 1.529066314697265625e+02
5.553984642028808594e-01 -3.923792839050292969e-01 7.331929206848144531e-01 1.066682510375976562e+02 2.799505293369293213e-01 9.184408783912658691e-01 2.794529199600219727e-01 2.772544097900390625e+01 -7.830460071563720703e-01 5.005008727312088013e-02 6.199473738670349121e-01 1.542431945800781250e+02
5.505599379539489746e-01 -3.987186551094055176e-01 7.334221005439758301e-01 1.081285934448242188e+02 2.813006043434143066e-01 9.157916903495788574e-01 2.866973876953125000e-01 2.824193954467773438e+01 -7.859736084938049316e-01 4.846804961562156677e-02 6.163579821586608887e-01 1.554631652832031250e+02
5.460771918296813965e-01 -4.064371585845947266e-01 7.325361967086791992e-01 1.096063690185546875e+02 2.861365675926208496e-01 9.123280048370361328e-01 2.928880751132965088e-01 2.880254173278808594e+01 -7.873539924621582031e-01 4.966595023870468140e-02 6.144980192184448242e-01 1.566873016357421875e+02
5.409503579139709473e-01 -4.088162183761596680e-01 7.350121140480041504e-01 1.109909820556640625e+02 2.901074290275573730e-01 9.109798669815063477e-01 2.931779921054840088e-01 2.933087730407714844e+01 -7.894372344017028809e-01 5.463779345154762268e-02 6.113954186439514160e-01 1.578297424316406250e+02
5.448260307312011719e-01 -4.135906994342803955e-01 7.294573783874511719e-01 1.126467437744140625e+02 2.960910499095916748e-01 9.087545275688171387e-01 2.941008508205413818e-01 2.994216156005859375e+01 -7.845351099967956543e-01 5.575205013155937195e-02 6.175735592842102051e-01 1.592152252197265625e+02
5.425420999526977539e-01 -4.179896414279937744e-01 7.286517620086669922e-01 1.141444931030273438e+02 2.996188402175903320e-01 9.066507220268249512e-01 2.970067560672760010e-01 3.048765945434570312e+01 -7.847784161567687988e-01 5.717915669083595276e-02 6.171337366104125977e-01 1.604470977783203125e+02
5.389965176582336426e-01 -4.202869534492492676e-01 7.299604415893554688e-01 1.155215377807617188e+02 3.005125224590301514e-01 9.055396318435668945e-01 2.994833290576934814e-01 3.101571846008300781e+01 -7.868770360946655273e-01 5.794182047247886658e-02 6.143841743469238281e-01 1.615933837890625000e+02
5.272576212882995605e-01 -4.234656989574432373e-01 7.366660237312316895e-01 1.172020874023437500e+02 3.023554980754852295e-01 9.037240743637084961e-01 3.030907213687896729e-01 3.164738464355468750e+01 -7.940912842750549316e-01 6.292815506458282471e-02 6.045325994491577148e-01 1.629930572509765625e+02
5.261334776878356934e-01 -4.189115762710571289e-01 7.400657534599304199e-01 1.188737869262695312e+02 3.001359105110168457e-01 9.057231545448303223e-01 2.993059456348419189e-01 3.231412506103515625e+01 -7.956773638725280762e-01 6.464546918869018555e-02 6.022616624832153320e-01 1.643401641845703125e+02
5.261387825012207031e-01 -4.211850762367248535e-01 7.387704849243164062e-01 1.205204849243164062e+02 3.000201284885406494e-01 9.048079252243041992e-01 3.021765351295471191e-01 3.294563293457031250e+01 -7.957175374031066895e-01 6.265927106142044067e-02 6.024184823036193848e-01 1.656733856201171875e+02
5.210538506507873535e-01 -4.260890185832977295e-01 7.395618557929992676e-01 1.222457122802734375e+02 3.037476241588592529e-01 9.023238420486450195e-01 3.058583140373229980e-01 3.357463073730468750e+01 -7.976469993591308594e-01 6.527152657508850098e-02 5.995827913284301758e-01 1.670530242919921875e+02
5.199900269508361816e-01 -4.280370473861694336e-01 7.391855716705322266e-01 1.238838043212890625e+02 3.052277266979217529e-01 9.013582468032836914e-01 3.072288334369659424e-01 3.422750091552734375e+01 -7.977761626243591309e-01 6.586401909589767456e-02 5.993461012840270996e-01 1.684023895263671875e+02
5.156961679458618164e-01 -4.339982569217681885e-01 7.387174963951110840e-01 1.254589920043945312e+02 3.119486272335052490e-01 8.981408476829528809e-01 3.098892271518707275e-01 3.483628082275390625e+01 -7.979635596275329590e-01 7.063323259353637695e-02 5.985530018806457520e-01 1.696870574951171875e+02
5.129367709159851074e-01 -4.410395324230194092e-01 7.364649772644042969e-01 1.271593627929687500e+02 3.183777630329132080e-01 8.944771885871887207e-01 3.139211237430572510e-01 3.552090835571289062e+01 -7.972025275230407715e-01 7.345240563154220581e-02 5.992273688316345215e-01 1.710500793457031250e+02
5.141197443008422852e-01 -4.443610906600952148e-01 7.336381077766418457e-01 1.287772064208984375e+02 3.194146752357482910e-01 8.930035233497619629e-01 3.170478641986846924e-01 3.619001388549804688e+01 -7.960248589515686035e-01 7.133421301841735840e-02 6.010460853576660156e-01 1.723683624267578125e+02
5.132832527160644531e-01 -4.468176662921905518e-01 7.327312231063842773e-01 1.303132781982421875e+02 3.215952813625335693e-01 8.917095661163330078e-01 3.184822499752044678e-01 3.681939697265625000e+01 -7.956866621971130371e-01 7.217130810022354126e-02 6.013939380645751953e-01 1.736268615722656250e+02
5.109856724739074707e-01 -4.504522383213043213e-01 7.321114540100097656e-01 1.320004272460937500e+02 3.292627930641174316e-01 8.893084526062011719e-01 3.173591196537017822e-01 3.750665664672851562e+01 -7.940277457237243652e-01 7.889111340045928955e-02 6.027410030364990234e-01 1.750323333740234375e+02
5.080249309539794922e-01 -4.547760188579559326e-01 7.314985990524291992e-01 1.337670440673828125e+02 3.370469808578491211e-01 8.864949345588684082e-01 3.170589506626129150e-01 3.820270919799804688e+01 -7.926602363586425781e-01 8.547556400299072266e-02 6.036423444747924805e-01 1.764334259033203125e+02
5.016588568687438965e-01 -4.532647728919982910e-01 7.368108034133911133e-01 1.352189483642578125e+02 3.375088572502136230e-01 8.867917060852050781e-01 3.157349824905395508e-01 3.879615020751953125e+01 -7.965089082717895508e-01 9.028893709182739258e-02 5.978477597236633301e-01 1.776069335937500000e+02
5.003474354743957520e-01 -4.610835313796997070e-01 7.328404188156127930e-01 1.369709472656250000e+02 3.444842994213104248e-01 8.825433254241943359e-01 3.200753629207611084e-01 3.947975921630859375e+01 -7.943445444107055664e-01 9.230314195156097412e-02 6.004142761230468750e-01 1.790042572021484375e+02
5.002211332321166992e-01 -4.639956653118133545e-01 7.310864925384521484e-01 1.386642150878906250e+02 3.462230861186981201e-01 8.810573816299438477e-01 3.222853839397430420e-01 4.017836380004882812e+01 -7.936678528785705566e-01 9.190506488084793091e-02 6.013695597648620605e-01 1.803779296875000000e+02
5.001312494277954102e-01 -4.614455401897430420e-01 7.327601313591003418e-01 1.401975097656250000e+02 3.434197902679443359e-01 8.824967741966247559e-01 3.213452398777008057e-01 4.080422592163085938e+01 -7.949413657188415527e-01 9.092953056097030640e-02 5.998337268829345703e-01 1.816143188476562500e+02
4.930773675441741943e-01 -4.654476940631866455e-01 7.350059747695922852e-01 1.419348144531250000e+02 3.479198217391967773e-01 8.798452019691467285e-01 3.237664103507995605e-01 4.151975631713867188e+01 -7.973874211311340332e-01 9.608125686645507812e-02 5.957702398300170898e-01 1.830165100097656250e+02
4.895739853382110596e-01 -4.693845212459564209e-01 7.348442673683166504e-01 1.437106475830078125e+02 3.529734015464782715e-01 8.772947788238525391e-01 3.252140283584594727e-01 4.224305725097656250e+01 -7.973250746726989746e-01 1.001641601324081421e-01 5.951809287071228027e-01 1.844416046142578125e+02
4.871788024902343750e-01 -4.744867384433746338e-01 7.331573963165283203e-01 1.454267120361328125e+02 3.560681343078613281e-01 8.744956851005554199e-01 3.293527960777282715e-01 4.294935989379882812e+01 -7.974161505699157715e-01 1.006002947688102722e-01 5.949853658676147461e-01 1.858094635009765625e+02
4.844454228878021240e-01 -4.803760945796966553e-01 7.311307191848754883e-01 1.471400299072265625e+02 3.574431538581848145e-01 8.714939355850219727e-01 3.357577323913574219e-01 4.368859100341796875e+01 -7.984655499458312988e-01 9.868136793375015259e-02 5.938983559608459473e-01 1.871954193115234375e+02
4.677197933197021484e-01 -4.876970946788787842e-01 7.371502518653869629e-01 1.488138885498046875e+02 3.602351844310760498e-01 8.667679429054260254e-01 3.448832035064697266e-01 4.441764068603515625e+01 -8.071362972259521484e-01 1.042387336492538452e-01 5.810900926589965820e-01 1.885306854248046875e+02
4.555842578411102295e-01 -4.908439815044403076e-01 7.426411509513854980e-01 1.504066467285156250e+02 3.629379272460937500e-01 8.641802072525024414e-01 3.485242724418640137e-01 4.514552307128906250e+01 -8.128464221954345703e-01 1.107504293322563171e-01 5.718526840209960938e-01 1.897723236083984375e+02
4.502838551998138428e-01 -4.920644462108612061e-01 7.450622320175170898e-01 1.520142974853515625e+02 3.642680048942565918e-01 8.630805015563964844e-01 3.498591482639312744e-01 4.589266204833984375e+01 -8.152015209197998047e-01 1.138663664460182190e-01 5.678744316101074219e-01 1.909793701171875000e+02
4.453915953636169434e-01 -4.951393604278564453e-01 7.459652423858642578e-01 1.536089172363281250e+02 3.701989352703094482e-01 8.604556918144226074e-01 3.500989079475402832e-01 4.660664749145507812e+01 -8.152173757553100586e-01 1.202243492007255554e-01 5.665397047996520996e-01 1.921868591308593750e+02
4.428939819335937500e-01 -4.969815909862518311e-01 7.462272047996520996e-01 1.553394622802734375e+02 3.705244362354278564e-01 8.593668937683105469e-01 3.524210453033447266e-01 4.737828826904296875e+01 -8.164293169975280762e-01 1.204101592302322388e-01 5.647522211074829102e-01 1.934986267089843750e+02
4.403918981552124023e-01 -4.980014562606811523e-01 7.470276951789855957e-01 1.570307922363281250e+02 3.690773844718933105e-01 8.589220643043518066e-01 3.550142347812652588e-01 4.813082885742187500e+01 -8.184357881546020508e-01 1.193655580282211304e-01 5.620633959770202637e-01 1.947426757812500000e+02
4.326539337635040283e-01 -5.020313858985900879e-01 7.488497495651245117e-01 1.586714935302734375e+02 3.684879541397094727e-01 8.565385937690734863e-01 3.613290488719940186e-01 4.884760665893554688e+01 -8.228167891502380371e-01 1.196115836501121521e-01 5.555772781372070312e-01 1.959207916259765625e+02
