9.999998807907104492e-01 4.249828343745321035e-04 -2.335019598831422627e-05 4.607624374330043793e-03 -4.249369085300713778e-04 9.999980330467224121e-01 1.931783976033329964e-03 -1.926752738654613495e-02 2.417128780507482588e-05 -1.931773964315652847e-03 9.999981522560119629e-01 1.360857009887695312e+00
9.999996423721313477e-01 -7.136964704841375351e-04 -4.613168421201407909e-04 9.271765127778053284e-03 7.137247011996805668e-04 9.999997615814208984e-01 6.120108446339145303e-05 -4.006834328174591064e-02 4.612736229319125414e-04 -6.153058347990736365e-05 9.999998807907104492e-01 2.709779024124145508e+00
9.999985694885253906e-01 -1.404819078743457794e-03 -9.603810030966997147e-04 1.154319196939468384e-02 1.402537338435649872e-03 9.999961853027343750e-01 -2.372060902416706085e-03 -6.075280904769897461e-02 9.637105977162718773e-04 2.370710019022226334e-03 9.999967217445373535e-01 3.976509094238281250e+00
9.999994635581970215e-01 -7.023769430816173553e-04 -8.207106147892773151e-04 1.381904724985361099e-02 6.979690515436232090e-04 9.999853968620300293e-01 -5.358486436307430267e-03 -8.574219793081283569e-02 8.244628552347421646e-04 5.357909947633743286e-03 9.999852776527404785e-01 5.252477645874023438e+00
9.999973177909851074e-01 3.859128046315163374e-04 -2.309193834662437439e-03 1.542131602764129639e-02 -3.978296881541609764e-04 9.999866485595703125e-01 -5.162245593965053558e-03 -1.110828220844268799e-01 2.307171234861016273e-03 5.163150373846292496e-03 9.999839663505554199e-01 6.583292007446289062e+00
9.999951720237731934e-01 5.457240622490644455e-04 -3.085939213633537292e-03 1.764659769833087921e-02 -5.589634529314935207e-04 9.999906420707702637e-01 -4.290933720767498016e-03 -1.372942179441452026e-01 3.083569230511784554e-03 4.292637109756469727e-03 9.999859929084777832e-01 7.941299915313720703e+00
9.999913573265075684e-01 8.584632887504994869e-04 -4.095871932804584503e-03 1.357369869947433472e-02 -8.692082483321428299e-04 9.999961853027343750e-01 -2.622334286570549011e-03 -1.665826737880706787e-01 4.093605559319257736e-03 2.625871449708938599e-03 9.999881386756896973e-01 9.273913383483886719e+00
9.999886751174926758e-01 8.331026183441281319e-04 -4.716798663139343262e-03 7.218089420348405838e-03 -8.632918470539152622e-04 9.999791383743286133e-01 -6.401889957487583160e-03 -1.992729306221008301e-01 4.711366724222898483e-03 6.405888125300407410e-03 9.999683499336242676e-01 1.063052272796630859e+01
9.999804496765136719e-01 -5.533799994736909866e-04 -6.254830863326787949e-03 1.636590342968702316e-03 4.835908475797623396e-04 9.999377131462097168e-01 -1.115335710346698761e-02 -2.350004017353057861e-01 6.260613910853862762e-03 1.115011144429445267e-02 9.999182224273681641e-01 1.198742198944091797e+01
9.999687075614929199e-01 -6.393712828867137432e-05 -7.934210821986198425e-03 -4.947996232658624649e-03 -5.261690239422023296e-05 9.998921155929565430e-01 -1.468861754983663559e-02 -2.717573940753936768e-01 7.934293709695339203e-03 1.468857284635305405e-02 9.998605847358703613e-01 1.332569694519042969e+01
9.999395608901977539e-01 1.179475802928209305e-03 -1.094711013138294220e-02 -1.680991426110267639e-02 -1.354268053546547890e-03 9.998714923858642578e-01 -1.597300916910171509e-02 -3.157866299152374268e-01 1.092686224728822708e-02 1.598686911165714264e-02 9.998124241828918457e-01 1.471556091308593750e+01
9.998965859413146973e-01 1.794992131181061268e-03 -1.428173109889030457e-02 -3.174366801977157593e-02 -2.032517688348889351e-03 9.998595714569091797e-01 -1.663406193256378174e-02 -3.594501912593841553e-01 1.424986496567726135e-02 1.666137017309665680e-02 9.997595548629760742e-01 1.608576583862304688e+01
9.998818635940551758e-01 2.275583334267139435e-03 -1.521082594990730286e-02 -4.831952601671218872e-02 -2.499966882169246674e-03 9.998881816864013672e-01 -1.474864967167377472e-02 -3.998750150203704834e-01 1.517555955797433853e-02 1.478493493050336838e-02 9.997754693031311035e-01 1.742214775085449219e+01
9.998633265495300293e-01 1.695363665930926800e-03 -1.645511761307716370e-02 -6.861042976379394531e-02 -1.891181804239749908e-03 9.999275207519531250e-01 -1.189169846475124359e-02 -4.441345930099487305e-01 1.643376052379608154e-02 1.192119345068931580e-02 9.997938275337219238e-01 1.879470252990722656e+01
9.998576641082763672e-01 2.061382634565234184e-03 -1.675681211054325104e-02 -8.801413327455520630e-02 -2.352842828258872032e-03 9.998459815979003906e-01 -1.739227399230003357e-02 -4.823593497276306152e-01 1.671837456524372101e-02 1.742922328412532806e-02 9.997082352638244629e-01 2.016138458251953125e+01
9.998595714569091797e-01 2.377745462581515312e-03 -1.660417020320892334e-02 -1.103318333625793457e-01 -2.706496743485331535e-03 9.998002052307128906e-01 -1.980481296777725220e-02 -5.347026586532592773e-01 1.655375398695468903e-02 1.984696649014949799e-02 9.996659159660339355e-01 2.157019615173339844e+01
9.998679161071777344e-01 2.077224897220730782e-03 -1.613732986152172089e-02 -1.343312412500381470e-01 -2.453842433169484138e-03 9.997242689132690430e-01 -2.335344813764095306e-02 -5.912860035896301270e-01 1.608436368405818939e-02 2.338995598256587982e-02 9.995969533920288086e-01 2.302479934692382812e+01
9.998885393142700195e-01 2.154462272301316261e-03 -1.479785423725843430e-02 -1.520235240459442139e-01 -2.520779846236109734e-03 9.996897578239440918e-01 -2.478070557117462158e-02 -6.445691585540771484e-01 1.473986823111772537e-02 2.481523901224136353e-02 9.995833039283752441e-01 2.443635559082031250e+01
9.998797774314880371e-01 1.846203813329339027e-03 -1.542140543460845947e-02 -1.700306236743927002e-01 -2.181173069402575493e-03 9.997614622116088867e-01 -2.173238247632980347e-02 -7.005220055580139160e-01 1.537759788334369659e-02 2.176339738070964813e-02 9.996448159217834473e-01 2.579146766662597656e+01
9.998925328254699707e-01 1.116058905608952045e-03 -1.464593410491943359e-02 -1.898892819881439209e-01 -1.390954130329191685e-03 9.998227953910827637e-01 -1.877241767942905426e-02 -7.537527680397033691e-01 1.462238188832998276e-02 1.879076287150382996e-02 9.997164011001586914e-01 2.722642898559570312e+01
9.999187588691711426e-01 2.508476609364151955e-03 -1.253207493573427200e-02 -2.058619111776351929e-01 -2.788280369713902473e-03 9.997460842132568359e-01 -2.235958352684974670e-02 -8.032277226448059082e-01 1.247279904782772064e-02 2.239269949495792389e-02 9.996713399887084961e-01 2.864166069030761719e+01
9.999293088912963867e-01 3.014705842360854149e-03 -1.154057867825031281e-02 -2.206379175186157227e-01 -3.316911868751049042e-03 9.996497035026550293e-01 -2.625747770071029663e-02 -8.569311499595642090e-01 1.145737152546644211e-02 2.629388682544231415e-02 9.995884895324707031e-01 3.011272621154785156e+01
9.999338984489440918e-01 2.838413696736097336e-03 -1.117953751236200333e-02 -2.341408729553222656e-01 -3.181229811161756516e-03 9.995214939117431641e-01 -3.076722100377082825e-02 -9.147721529006958008e-01 1.108685322105884552e-02 3.080073744058609009e-02 9.994639158248901367e-01 3.153448295593261719e+01
9.999439120292663574e-01 3.254719078540802002e-03 -1.012118440121412277e-02 -2.486748546361923218e-01 -3.609961597248911858e-03 9.993708729743957520e-01 -3.528118878602981567e-02 -9.849453568458557129e-01 9.999983943998813629e-03 3.531572967767715454e-02 9.993259906768798828e-01 3.298787307739257812e+01
9.999393820762634277e-01 3.988142590969800949e-03 -1.030536927282810211e-02 -2.604102492332458496e-01 -4.396806005388498306e-03 9.991922974586486816e-01 -3.994204849004745483e-02 -1.057295083999633789e+00 1.013774890452623367e-02 3.998491913080215454e-02 9.991486668586730957e-01 3.441634368896484375e+01
9.999406933784484863e-01 4.020617809146642685e-03 -1.016368251293897629e-02 -2.759093344211578369e-01 -4.421212710440158844e-03 9.992017149925231934e-01 -3.970433771610260010e-02 -1.139495015144348145e+00 9.995931759476661682e-03 3.974690288305282593e-02 9.991595745086669922e-01 3.585883712768554688e+01
9.999539852142333984e-01 3.453793236985802650e-03 -8.994457311928272247e-03 -2.838387787342071533e-01 -3.777586622163653374e-03 9.993362426757812500e-01 -3.623466938734054565e-02 -1.214303970336914062e+00 8.863340131938457489e-03 3.626697137951850891e-02 9.993026256561279297e-01 3.728761291503906250e+01
9.999518394470214844e-01 3.296477021649479866e-03 -9.289830923080444336e-03 -2.959729731082916260e-01 -3.641242627054452896e-03 9.992958903312683105e-01 -3.734296932816505432e-02 -1.293604373931884766e+00 9.160189889371395111e-03 3.737498447299003601e-02 9.992591142654418945e-01 3.876412963867187500e+01
9.999543428421020508e-01 3.288003383204340935e-03 -9.022131562232971191e-03 -3.094967901706695557e-01 -3.619160037487745285e-03 9.993110895156860352e-01 -3.693751245737075806e-02 -1.371644377708435059e+00 8.894464932382106781e-03 3.696846216917037964e-02 9.992766380310058594e-01 4.019618988037109375e+01
9.999622106552124023e-01 3.143443027511239052e-03 -8.157241158187389374e-03 -3.198968470096588135e-01 -3.464206121861934662e-03 9.992092251777648926e-01 -3.961103036999702454e-02 -1.448039889335632324e+00 8.026275783777236938e-03 3.963777422904968262e-02 9.991816878318786621e-01 4.158808517456054688e+01
9.999823570251464844e-01 2.767477184534072876e-03 -5.334297195076942444e-03 -3.256110548973083496e-01 -2.955209463834762573e-03 9.993649125099182129e-01 -3.551255911588668823e-02 -1.525153517723083496e+00 5.232631228864192963e-03 3.552768006920814514e-02 9.993547797203063965e-01 4.299111175537109375e+01
9.999862909317016602e-01 3.789372975006699562e-03 -3.737309481948614120e-03 -3.302187919616699219e-01 -3.918484784662723541e-03 9.993737936019897461e-01 -3.516633063554763794e-02 -1.596141338348388672e+00 3.601714503020048141e-03 3.518047556281089783e-02 9.993742704391479492e-01 4.443445587158203125e+01
9.999846220016479492e-01 4.091974347829818726e-03 -3.866500221192836761e-03 -3.356218338012695312e-01 -4.222822375595569611e-03 9.993970990180969238e-01 -3.446186706423759460e-02 -1.672797322273254395e+00 3.723155474290251732e-03 3.447764366865158081e-02 9.993983507156372070e-01 4.588590621948242188e+01
9.999780058860778809e-01 4.904222674667835236e-03 -4.573185928165912628e-03 -3.401731252670288086e-01 -5.054265260696411133e-03 9.994294047355651855e-01 -3.339608386158943176e-02 -1.741564631462097168e+00 4.406798165291547775e-03 3.341844677925109863e-02 9.994315505027770996e-01 4.732907104492187500e+01
9.999727010726928711e-01 4.755834583193063736e-03 -5.740418098866939545e-03 -3.485626280307769775e-01 -4.940359853208065033e-03 9.994572401046752930e-01 -3.257058933377265930e-02 -1.814699172973632812e+00 5.582403857260942459e-03 3.259804472327232361e-02 9.994527697563171387e-01 4.875025939941406250e+01
9.999799132347106934e-01 4.895406309515237808e-03 -4.130003042519092560e-03 -3.517597615718841553e-01 -5.020936485379934311e-03 9.995082616806030273e-01 -3.095250762999057770e-02 -1.881527304649353027e+00 3.976449370384216309e-03 3.097261302173137665e-02 9.995121359825134277e-01 5.016786193847656250e+01
9.999768733978271484e-01 5.265729501843452454e-03 -4.392241593450307846e-03 -3.558280169963836670e-01 -5.402740091085433960e-03 9.994800686836242676e-01 -3.178820013999938965e-02 -1.944652318954467773e+00 4.222571849822998047e-03 3.181118518114089966e-02 9.994848370552062988e-01 5.159542465209960938e+01
9.999745488166809082e-01 5.273697432130575180e-03 -4.873327910900115967e-03 -3.644071519374847412e-01 -5.424249451607465744e-03 9.994917511940002441e-01 -3.141431137919425964e-02 -2.017033815383911133e+00 4.705183207988739014e-03 3.143993765115737915e-02 9.994944334030151367e-01 5.304430770874023438e+01
9.999797344207763672e-01 5.119590554386377335e-03 -3.869794774800539017e-03 -3.691644072532653809e-01 -5.243012215942144394e-03 9.994552135467529297e-01 -3.258635476231575012e-02 -2.082725286483764648e+00 3.700859844684600830e-03 3.260597586631774902e-02 9.994612932205200195e-01 5.448274612426757812e+01
9.999798536300659180e-01 5.522313993424177170e-03 -3.255608258768916130e-03 -3.760661184787750244e-01 -5.623968318104743958e-03 9.994692802429199219e-01 -3.208924084901809692e-02 -2.156488180160522461e+00 3.076675813645124435e-03 3.210689127445220947e-02 9.994795918464660645e-01 5.594263458251953125e+01
9.999814033508300781e-01 5.680218804627656937e-03 -2.396935597062110901e-03 -3.807961344718933105e-01 -5.756563972681760788e-03 9.994339942932128906e-01 -3.314693272113800049e-02 -2.227462768554687500e+00 2.207299927249550819e-03 3.316009789705276489e-02 9.994474649429321289e-01 5.738552856445312500e+01
9.999801516532897949e-01 6.233479827642440796e-03 -1.275691203773021698e-03 -3.824966847896575928e-01 -6.273887120187282562e-03 9.993817210197448730e-01 -3.459664806723594666e-02 -2.301531553268432617e+00 1.059248577803373337e-03 3.460394591093063354e-02 9.994003772735595703e-01 5.880285263061523438e+01
9.999774694442749023e-01 6.734980735927820206e-03 7.474756566807627678e-04 -3.810822665691375732e-01 -6.703476421535015106e-03 9.993209838867187500e-01 -3.623271360993385315e-02 -2.376784801483154297e+00 -9.909898508340120316e-04 3.622686862945556641e-02 9.993429183959960938e-01 6.024183654785156250e+01
9.999715685844421387e-01 7.336313370615243912e-03 1.993681304156780243e-03 -3.763483166694641113e-01 -7.264649029821157455e-03 9.994007945060729980e-01 -3.384511172771453857e-02 -2.451083183288574219e+00 -2.240778878331184387e-03 3.382964432239532471e-02 9.994249343872070312e-01 6.166283798217773438e+01
9.999688863754272461e-01 7.728041615337133408e-03 1.868954510428011417e-03 -3.722625076770782471e-01 -7.651924621313810349e-03 9.992567300796508789e-01 -3.778257966041564941e-02 -2.520226478576660156e+00 -2.159544965252280235e-03 3.776707500219345093e-02 9.992840886116027832e-01 6.308126068115234375e+01
9.999651908874511719e-01 7.654832676053047180e-03 3.474441356956958771e-03 -3.678620755672454834e-01 -7.506027352064847946e-03 9.991313815116882324e-01 -4.099062830209732056e-02 -2.602523326873779297e+00 -3.785192966461181641e-03 4.096309095621109009e-02 9.991533160209655762e-01 6.454621124267578125e+01
9.999654889106750488e-01 7.223115302622318268e-03 4.236372653394937515e-03 -3.589975237846374512e-01 -7.022516336292028427e-03 9.989354014396667480e-01 -4.559390246868133545e-02 -2.682682275772094727e+00 -4.561184905469417572e-03 4.556254297494888306e-02 9.989508986473083496e-01 6.597924804687500000e+01
9.999537467956542969e-01 7.108963560312986374e-03 6.563560571521520615e-03 -3.510133326053619385e-01 -6.806183140724897385e-03 9.989613890647888184e-01 -4.505392163991928101e-02 -2.767442941665649414e+00 -6.877020932734012604e-03 4.500712826848030090e-02 9.989628195762634277e-01 6.739435577392578125e+01
9.999619126319885254e-01 6.787445396184921265e-03 5.580298602581024170e-03 -3.417091965675354004e-01 -6.520737428218126297e-03 9.988970756530761719e-01 -4.649802669882774353e-02 -2.855271577835083008e+00 -5.889738444238901138e-03 4.645983129739761353e-02 9.989026188850402832e-01 6.882329559326171875e+01
9.999626278877258301e-01 7.075735367834568024e-03 5.069458391517400742e-03 -3.334345519542694092e-01 -6.840037181973457336e-03 9.989594221115112305e-01 -4.509222134947776794e-02 -2.941449880599975586e+00 -5.383235868066549301e-03 4.505582526326179504e-02 9.989697933197021484e-01 7.024108123779296875e+01
9.999554753303527832e-01 7.988265715539455414e-03 5.122545175254344940e-03 -3.245586752891540527e-01 -7.760623469948768616e-03 9.990442395210266113e-01 -4.301675409078598022e-02 -3.026507616043090820e+00 -5.461269523948431015e-03 4.297504946589469910e-02 9.990610480308532715e-01 7.168096923828125000e+01
9.999495744705200195e-01 8.440638892352581024e-03 5.536953918635845184e-03 -3.150043487548828125e-01 -8.199919015169143677e-03 9.990779161453247070e-01 -4.214452207088470459e-02 -3.105784893035888672e+00 -5.887565668672323227e-03 4.209695756435394287e-02 9.990959763526916504e-01 7.308739471435546875e+01
9.999439120292663574e-01 9.486666880548000336e-03 4.820389207452535629e-03 -3.082645833492279053e-01 -9.276348166167736053e-03 9.990777373313903809e-01 -4.192448407411575317e-02 -3.188233613967895508e+00 -5.213658325374126434e-03 4.187737777829170227e-02 9.991089105606079102e-01 7.454365539550781250e+01
9.999582171440124512e-01 7.630083709955215454e-03 5.137590691447257996e-03 -3.009766936302185059e-01 -7.378348149359226227e-03 9.988510012626647949e-01 -4.735273867845535278e-02 -3.275121927261352539e+00 -5.492981988936662674e-03 4.731281101703643799e-02 9.988647103309631348e-01 7.597728729248046875e+01
9.999536871910095215e-01 8.277591317892074585e-03 5.011486820876598358e-03 -2.936840653419494629e-01 -8.028396405279636383e-03 9.988220930099487305e-01 -4.785376787185668945e-02 -3.366069316864013672e+00 -5.401686299592256546e-03 4.781127348542213440e-02 9.988414645195007324e-01 7.738450622558593750e+01
9.999321699142456055e-01 9.715554304420948029e-03 6.511200685054063797e-03 -2.842062413692474365e-01 -9.383547119796276093e-03 9.987441897392272949e-01 -4.921446740627288818e-02 -3.451931715011596680e+00 -6.981157697737216949e-03 4.914998263120651245e-02 9.987667202949523926e-01 7.874488830566406250e+01
9.999260902404785156e-01 9.306532330811023712e-03 7.894357666373252869e-03 -2.744109630584716797e-01 -8.891832083463668823e-03 9.986574649810791016e-01 -5.103206261992454529e-02 -3.546286106109619141e+00 -8.358677849173545837e-03 5.095804482698440552e-02 9.986655116081237793e-01 8.010240936279296875e+01
9.999199509620666504e-01 9.439003653824329376e-03 8.497121743857860565e-03 -2.595942616462707520e-01 -8.971453644335269928e-03 9.985288977622985840e-01 -5.347513779997825623e-02 -3.637200117111206055e+00 -8.989359252154827118e-03 5.339456722140312195e-02 9.985327124595642090e-01 8.144959259033203125e+01
9.999062418937683105e-01 1.003678515553474426e-02 9.373940527439117432e-03 -2.451131492853164673e-01 -9.507592767477035522e-03 9.984474182128906250e-01 -5.488625913858413696e-02 -3.729940891265869141e+00 -9.910251945257186890e-03 5.479193106293678284e-02 9.984483122825622559e-01 8.280410766601562500e+01
9.998939037322998047e-01 1.034818217158317566e-02 1.030833646655082703e-02 -2.309820353984832764e-01 -9.765392169356346130e-03 9.984350800514221191e-01 -5.506525188684463501e-02 -3.832936048507690430e+00 -1.086201332509517670e-02 5.495868623256683350e-02 9.984292387962341309e-01 8.424086761474609375e+01
9.998893141746520996e-01 9.944088757038116455e-03 1.112078037112951279e-02 -2.140440791845321655e-01 -9.324290789663791656e-03 9.984725117683410645e-01 -5.446018651127815247e-02 -3.932945489883422852e+00 -1.164533291012048721e-02 5.435040965676307678e-02 9.984536767005920410e-01 8.560095977783203125e+01
9.999060034751892090e-01 9.936510585248470306e-03 9.505762718617916107e-03 -1.974349766969680786e-01 -9.392458945512771606e-03 9.984056949615478516e-01 -5.566006898880004883e-02 -4.031013011932373047e+00 -1.004365924745798111e-02 5.556550621986389160e-02 9.984042048454284668e-01 8.705002593994140625e+01
9.998864531517028809e-01 1.117996126413345337e-02 1.016140636056661606e-02 -1.832774132490158081e-01 -1.061028987169265747e-02 9.984583258628845215e-01 -5.448456108570098877e-02 -4.132463932037353516e+00 -1.075485907495021820e-02 5.437050759792327881e-02 9.984626173973083496e-01 8.840776062011718750e+01
9.998649954795837402e-01 1.201024837791919708e-02 1.126552745699882507e-02 -1.701245158910751343e-01 -1.138141378760337830e-02 9.984592199325561523e-01 -5.431297793984413147e-02 -4.233831405639648438e+00 -1.190046314150094986e-02 5.417737737298011780e-02 9.984601736068725586e-01 8.979766845703125000e+01
9.998468160629272461e-01 1.210323628038167953e-02 1.269119698554277420e-02 -1.530646532773971558e-01 -1.139694638550281525e-02 9.984586834907531738e-01 -5.431951954960823059e-02 -4.335803031921386719e+00 -1.332905702292919159e-02 5.416650697588920593e-02 9.984427094459533691e-01 9.119863891601562500e+01
9.998331665992736816e-01 1.168295182287693024e-02 1.408452540636062622e-02 -1.333794444799423218e-01 -1.092499308288097382e-02 9.985485672950744629e-01 -5.274042487144470215e-02 -4.432691574096679688e+00 -1.468022447079420090e-02 5.257770046591758728e-02 9.985086917877197266e-01 9.254133605957031250e+01
9.998202323913574219e-01 1.248455885797739029e-02 1.431015785783529282e-02 -1.125534921884536743e-01 -1.170044858008623123e-02 9.984925985336303711e-01 -5.362582951784133911e-02 -4.523402690887451172e+00 -1.495805941522121429e-02 5.344870314002037048e-02 9.984583258628845215e-01 9.388883209228515625e+01
9.997976422309875488e-01 1.317911036312580109e-02 1.523839868605136871e-02 -9.258192032575607300e-02 -1.233703643083572388e-02 9.984597563743591309e-01 -5.409184098243713379e-02 -4.623064041137695312e+00 -1.592778787016868591e-02 5.389284715056419373e-02 9.984194636344909668e-01 9.526734924316406250e+01
9.997748732566833496e-01 1.360310893505811691e-02 1.632524095475673676e-02 -6.864475458860397339e-02 -1.271429937332868576e-02 9.984941482543945312e-01 -5.336463823914527893e-02 -4.717201232910156250e+00 -1.702655851840972900e-02 5.314500257372856140e-02 9.984414577484130859e-01 9.662279510498046875e+01
9.997659921646118164e-01 1.350329536944627762e-02 1.694434322416782379e-02 -4.246477037668228149e-02 -1.257757470011711121e-02 9.984833002090454102e-01 -5.359837040305137634e-02 -4.809764862060546875e+00 -1.764237321913242340e-02 5.337264388799667358e-02 9.984186291694641113e-01 9.798561859130859375e+01
9.997256398200988770e-01 1.480178348720073700e-02 1.819554343819618225e-02 -1.528740115463733673e-02 -1.379855349659919739e-02 9.984413981437683105e-01 -5.407655611634254456e-02 -4.901244163513183594e+00 -1.896758563816547394e-02 5.381057783961296082e-02 9.983708262443542480e-01 9.933752441406250000e+01
9.996926784515380859e-01 1.549477223306894302e-02 1.939113438129425049e-02 1.373582892119884491e-02 -1.443124096840620041e-02 9.984455704689025879e-01 -5.383332818746566772e-02 -4.992084503173828125e+00 -2.019509859383106232e-02 5.353686958551406860e-02 9.983614683151245117e-01 1.006797103881835938e+02
9.996609091758728027e-01 1.662933267652988434e-02 2.007624693214893341e-02 4.351735487580299377e-02 -1.548993866890668869e-02 9.983310699462890625e-01 -5.563293397426605225e-02 -5.084459781646728516e+00 -2.096784859895706177e-02 5.530301481485366821e-02 9.982492923736572266e-01 1.020527343750000000e+02
9.996013045310974121e-01 1.719881594181060791e-02 2.242732420563697815e-02 7.272624224424362183e-02 -1.594749838113784790e-02 9.983684420585632324e-01 -5.482700467109680176e-02 -5.184821605682373047e+00 -2.333365753293037415e-02 5.444740876555442810e-02 9.982438087463378906e-01 1.034024429321289062e+02
9.995578527450561523e-01 1.770129427313804626e-02 2.392186224460601807e-02 1.054053157567977905e-01 -1.637876592576503754e-02 9.983851909637451172e-01 -5.439350754022598267e-02 -5.284985542297363281e+00 -2.484603039920330048e-02 5.397757515311241150e-02 9.982328414916992188e-01 1.047756423950195312e+02
9.995250701904296875e-01 1.815552823245525360e-02 2.492891252040863037e-02 1.423197388648986816e-01 -1.671275123953819275e-02 9.982392787933349609e-01 -5.691202357411384583e-02 -5.379698276519775391e+00 -2.591824717819690704e-02 5.646829307079315186e-02 9.980677962303161621e-01 1.061156921386718750e+02
9.994544386863708496e-01 1.873141154646873474e-02 2.722957357764244080e-02 1.783491820096969604e-01 -1.717347837984561920e-02 9.982625246047973633e-01 -5.636391788721084595e-02 -5.477160930633544922e+00 -2.823799662292003632e-02 5.586547031998634338e-02 9.980387687683105469e-01 1.074673309326171875e+02
9.993758797645568848e-01 1.891741156578063965e-02 2.985727600753307343e-02 2.193437218666076660e-01 -1.721959747374057770e-02 9.982748031616210938e-01 -5.613147839903831482e-02 -5.581798076629638672e+00 -3.086758591234683990e-02 5.558224394917488098e-02 9.979767203330993652e-01 1.088659667968750000e+02
9.993638992309570312e-01 1.877990365028381348e-02 3.034142777323722839e-02 2.595278918743133545e-01 -1.711903512477874756e-02 9.983885884284973145e-01 -5.410109460353851318e-02 -5.682332515716552734e+00 -3.130850568413734436e-02 5.354719236493110657e-02 9.980742335319519043e-01 1.102015914916992188e+02
9.992783665657043457e-01 2.012171410024166107e-02 3.223984688520431519e-02 3.035874366760253906e-01 -1.837699674069881439e-02 9.983971118927001953e-01 -5.352805927395820618e-02 -5.773603439331054688e+00 -3.326520323753356934e-02 5.289688706398010254e-02 9.980456233024597168e-01 1.115330200195312500e+02
9.992252588272094727e-01 2.121573686599731445e-02 3.317126631736755371e-02 3.506387472152709961e-01 -1.940999925136566162e-02 9.983606338500976562e-01 -5.384196341037750244e-02 -5.866407394409179688e+00 -3.425914049148559570e-02 5.315632373094558716e-02 9.979982376098632812e-01 1.128993911743164062e+02
9.991427659988403320e-01 2.183994464576244354e-02 3.518994897603988647e-02 3.995414376258850098e-01 -1.976939663290977478e-02 9.981119632720947266e-01 -5.814933031797409058e-02 -5.960696220397949219e+00 -3.639344498515129089e-02 5.740372464060783386e-02 9.976873397827148438e-01 1.142361526489257812e+02
9.990898370742797852e-01 2.200702019035816193e-02 3.656272590160369873e-02 4.516026973724365234e-01 -1.970438286662101746e-02 9.978698492050170898e-01 -6.218636035919189453e-02 -6.061447620391845703e+00 -3.785333409905433655e-02 6.140923500061035156e-02 9.973944425582885742e-01 1.155776214599609375e+02
9.990342855453491211e-01 2.236102707684040070e-02 3.784289583563804626e-02 5.037679076194763184e-01 -1.989951729774475098e-02 9.977374076843261719e-01 -6.421662122011184692e-02 -6.168504714965820312e+00 -3.919317945837974548e-02 6.340147554874420166e-02 9.972180128097534180e-01 1.169153671264648438e+02
9.989470839500427246e-01 2.241254784166812897e-02 4.005046933889389038e-02 5.582649111747741699e-01 -1.984191127121448517e-02 9.977864623069763184e-01 -6.346813589334487915e-02 -6.279034137725830078e+00 -4.138425737619400024e-02 6.260655075311660767e-02 9.971796870231628418e-01 1.182634811401367188e+02
9.989082217216491699e-01 2.332988567650318146e-02 4.049460589885711670e-02 6.159085035324096680e-01 -2.079010382294654846e-02 9.978566765785217285e-01 -6.204498931765556335e-02 -6.387074470520019531e+00 -4.185527190566062927e-02 6.113528460264205933e-02 9.972512722015380859e-01 1.196336898803710938e+02
9.988639354705810547e-01 2.439631894230842590e-02 4.095590114593505859e-02 6.734836697578430176e-01 -2.187958545982837677e-02 9.979092478752136230e-01 -6.081163510680198669e-02 -6.498433589935302734e+00 -4.235381260514259338e-02 5.984637513756752014e-02 9.973083734512329102e-01 1.210174789428710938e+02
9.988139867782592773e-01 2.449484914541244507e-02 4.209991917014122009e-02 7.305836677551269531e-01 -2.170377783477306366e-02 9.976149201393127441e-01 -6.552039831876754761e-02 -6.602001667022705078e+00 -4.360438138246536255e-02 6.452888250350952148e-02 9.969624876976013184e-01 1.223380584716796875e+02
9.987568259239196777e-01 2.518311329185962677e-02 4.303883016109466553e-02 7.914758920669555664e-01 -2.233834005892276764e-02 9.976123571395874023e-01 -6.534629315137863159e-02 -6.711518764495849609e+00 -4.458165168762207031e-02 6.430356204509735107e-02 9.969338178634643555e-01 1.237048339843750000e+02
9.986764788627624512e-01 2.598606422543525696e-02 4.440477490425109863e-02 8.524776697158813477e-01 -2.303756400942802429e-02 9.975752830505371094e-01 -6.566847860813140869e-02 -6.820707798004150391e+00 -4.600353538990020752e-02 6.455850601196289062e-02 9.968526959419250488e-01 1.250682983398437500e+02
9.986304044723510742e-01 2.700907364487648010e-02 4.482850059866905212e-02 9.163685441017150879e-01 -2.397559769451618195e-02 9.974728226661682129e-01 -6.687860190868377686e-02 -6.932724952697753906e+00 -4.652150347828865051e-02 6.571213155984878540e-02 9.967532753944396973e-01 1.264485855102539062e+02
9.985923171043395996e-01 2.731119096279144287e-02 4.548881202936172485e-02 9.812477231025695801e-01 -2.422098629176616669e-02 9.974486231803894043e-01 -6.715121120214462280e-02 -7.046095848083496094e+00 -4.720669239759445190e-02 6.595481187105178833e-02 9.967050552368164062e-01 1.278115234375000000e+02
9.984812736511230469e-01 2.844234183430671692e-02 4.720170795917510986e-02 1.044482707977294922e+00 -2.509706653654575348e-02 9.972303509712219238e-01 -7.001073658466339111e-02 -7.158589839935302734e+00 -4.906220361590385437e-02 6.871969252824783325e-02 9.964286088943481445e-01 1.291378021240234375e+02
9.984150528907775879e-01 2.866209298372268677e-02 4.845210909843444824e-02 1.110649704933166504e+00 -2.519972808659076691e-02 9.971849322319030762e-01 -7.061875611543655396e-02 -7.281071186065673828e+00 -5.033974722027778625e-02 6.928575038909912109e-02 9.963256716728210449e-01 1.305048065185546875e+02
9.983062744140625000e-01 2.870494686067104340e-02 5.061887577176094055e-02 1.178528666496276855e+00 -2.507678419351577759e-02 9.971674680709838867e-01 -7.090899348258972168e-02 -7.402964115142822266e+00 -5.251088365912437439e-02 6.951943784952163696e-02 9.961973428726196289e-01 1.318672332763671875e+02
9.982841610908508301e-01 2.873656898736953735e-02 5.103650316596031189e-02 1.249022841453552246e+00 -2.510445006191730499e-02 9.972003698348999023e-01 -7.043491303920745850e-02 -7.526298999786376953e+00 -5.291762202978134155e-02 6.903271377086639404e-02 9.962096810340881348e-01 1.332392272949218750e+02
9.981934428215026855e-01 2.898671664297580719e-02 5.264304950833320618e-02 1.318929433822631836e+00 -2.528804168105125427e-02 9.972532987594604492e-01 -6.961504369974136353e-02 -7.647966861724853516e+00 -5.451630800962448120e-02 6.815793365240097046e-02 9.961836934089660645e-01 1.345980682373046875e+02
9.980816841125488281e-01 2.950147725641727448e-02 5.444512888789176941e-02 1.392182350158691406e+00 -2.574031986296176910e-02 9.973165988922119141e-01 -6.853465735912322998e-02 -7.760863304138183594e+00 -5.632084235548973083e-02 6.700164824724197388e-02 9.961617588996887207e-01 1.359328613281250000e+02
9.980403780937194824e-01 2.919153496623039246e-02 5.536181852221488953e-02 1.470849156379699707e+00 -2.540494874119758606e-02 9.973680377006530762e-01 -6.790862232446670532e-02 -7.883506774902343750e+00 -5.719840526580810547e-02 6.636897474527359009e-02 9.961541295051574707e-01 1.373198852539062500e+02
9.979963302612304688e-01 2.953036129474639893e-02 5.597262457013130188e-02 1.547317862510681152e+00 -2.569843642413616180e-02 9.973552823066711426e-01 -6.798544526100158691e-02 -7.999141693115234375e+00 -5.783216655254364014e-02 6.641071289777755737e-02 9.961147904396057129e-01 1.386663055419921875e+02
9.979265928268432617e-01 3.016221337020397186e-02 5.687132105231285095e-02 1.627601861953735352e+00 -2.637195959687232971e-02 9.974540472030639648e-01 -6.625740975141525269e-02 -8.111660957336425781e+00 -5.872493609786033630e-02 6.462012231349945068e-02 9.961802959442138672e-01 1.400184783935546875e+02
9.978853464126586914e-01 3.013599291443824768e-02 5.760445445775985718e-02 1.706280231475830078e+00 -2.629837766289710999e-02 9.974561333656311035e-01 -6.625476479530334473e-02 -8.226182937622070312e+00 -5.945450812578201294e-02 6.459965556859970093e-02 9.961383342742919922e-01 1.413793945312500000e+02
9.978505373001098633e-01 3.011437319219112396e-02 5.821504443883895874e-02 1.784347057342529297e+00 -2.626785822212696075e-02 9.974905848503112793e-01 -6.574604660272598267e-02 -8.338943481445312500e+00 -6.004879623651504517e-02 6.407545506954193115e-02 9.961365461349487305e-01 1.427023620605468750e+02
9.977098703384399414e-01 3.106654062867164612e-02 6.009529531002044678e-02 1.866100549697875977e+00 -2.715258300304412842e-02 9.975233078002929688e-01 -6.488365679979324341e-02 -8.447354316711425781e+00 -6.196210905909538269e-02 6.310323625802993774e-02 9.960814118385314941e-01 1.440425109863281250e+02
9.976056218147277832e-01 3.164375945925712585e-02 6.150794774293899536e-02 1.950171589851379395e+00 -2.758975885808467865e-02 9.974593520164489746e-01 -6.567718833684921265e-02 -8.555600166320800781e+00 -6.342989206314086914e-02 6.382285058498382568e-02 9.959431886672973633e-01 1.453919372558593750e+02
9.975045919418334961e-01 3.194265440106391907e-02 6.297454982995986938e-02 2.037560701370239258e+00 -2.751446142792701721e-02 9.971693754196166992e-01 -6.997171044349670410e-02 -8.666212081909179688e+00 -6.503131985664367676e-02 6.806429475545883179e-02 9.955590367317199707e-01 1.467467956542968750e+02
9.973896741867065430e-01 3.235013037919998169e-02 6.456688046455383301e-02 2.126288175582885742e+00 -2.791462838649749756e-02 9.972636103630065918e-01 -6.845378875732421875e-02 -8.786917686462402344e+00 -6.660464406013488770e-02 6.647263467311859131e-02 9.955625534057617188e-01 1.481137390136718750e+02
9.972621202468872070e-01 3.288981691002845764e-02 6.624252349138259888e-02 2.216694116592407227e+00 -2.849078923463821411e-02 9.973933696746826172e-01 -6.629122793674468994e-02 -8.896015167236328125e+00 -6.825011968612670898e-02 6.422232836484909058e-02 9.955987930297851562e-01 1.494347381591796875e+02
9.971201419830322266e-01 3.372801840305328369e-02 6.793736666440963745e-02 2.310788154602050781e+00 -2.939994446933269501e-02 9.975339770317077637e-01 -6.372883170843124390e-02 -9.004693031311035156e+00 -6.991925090551376343e-02 6.154784187674522400e-02 9.956519007682800293e-01 1.507860107421875000e+02
9.971476197242736816e-01 3.323025628924369812e-02 6.777957826852798462e-02 2.404205083847045898e+00 -2.873196452856063843e-02 9.973862767219543457e-01 -6.629419326782226562e-02 -9.117444038391113281e+00 -6.980536133050918579e-02 6.415756046772003174e-02 9.954950809478759766e-01 1.521403045654296875e+02
9.971096515655517578e-01 3.300822526216506958e-02 6.844292581081390381e-02 2.499622106552124023e+00 -2.841780707240104675e-02 9.973487854003906250e-01 -6.699072569608688354e-02 -9.229163169860839844e+00 -7.047266513109207153e-02 6.485199928283691406e-02 9.954030513763427734e-01 1.534858093261718750e+02
9.970237016677856445e-01 3.348033875226974487e-02 6.945802271366119385e-02 2.593313932418823242e+00 -2.860944718122482300e-02 9.971384406089782715e-01 -6.997365504503250122e-02 -9.347635269165039062e+00 -7.160196453332901001e-02 6.777813285589218140e-02 9.951274394989013672e-01 1.548406219482421875e+02
9.969034790992736816e-01 3.409467265009880066e-02 7.087093591690063477e-02 2.692614316940307617e+00 -2.898490056395530701e-02 9.969893097877502441e-01 -7.191767543554306030e-02 -9.465030670166015625e+00 -7.310952991247177124e-02 6.964068114757537842e-02 9.948891997337341309e-01 1.561891632080078125e+02
9.967722296714782715e-01 3.451810032129287720e-02 7.249332219362258911e-02 2.793329477310180664e+00 -2.952033840119838715e-02 9.971856474876403809e-01 -6.891532242298126221e-02 -9.580084800720214844e+00 -7.466808706521987915e-02 6.655273586511611938e-02 9.949848055839538574e-01 1.575383453369140625e+02
9.966298341751098633e-01 3.490111604332923889e-02 7.424712181091308594e-02 2.896009922027587891e+00 -3.002034313976764679e-02 9.973767399787902832e-01 -6.586639583110809326e-02 -9.692061424255371094e+00 -7.635111361742019653e-02 6.341537833213806152e-02 9.950619935989379883e-01 1.588856201171875000e+02
9.966322183609008789e-01 3.510974347591400146e-02 7.411710172891616821e-02 2.995562791824340820e+00 -3.021040745079517365e-02 9.973476529121398926e-01 -6.621892005205154419e-02 -9.799756050109863281e+00 -7.624540477991104126e-02 6.375668197870254517e-02 9.950482845306396484e-01 1.601824645996093750e+02
9.967020153999328613e-01 3.543920069932937622e-02 7.301320880651473999e-02 3.088582754135131836e+00 -3.034405037760734558e-02 9.971029758453369141e-01 -6.974840164184570312e-02 -9.898595809936523438e+00 -7.527346909046173096e-02 6.730273365974426270e-02 9.948887825012207031e-01 1.613460235595703125e+02
9.966273903846740723e-01 3.489154949784278870e-02 7.428497076034545898e-02 3.190352439880371094e+00 -2.975485660135746002e-02 9.971613287925720215e-01 -6.916603446006774902e-02 -1.002177238464355469e+01 -7.648736238479614258e-02 6.672230362892150879e-02 9.948353171348571777e-01 1.627231903076171875e+02
9.965520501136779785e-01 3.518389910459518433e-02 7.515227049589157104e-02 3.293889522552490234e+00 -3.009116090834140778e-02 9.972413778305053711e-01 -6.785457581281661987e-02 -1.013998031616210938e+01 -7.733228802680969238e-02 6.535908579826354980e-02 9.948604702949523926e-01 1.640897979736328125e+02
9.964351058006286621e-01 3.522063419222831726e-02 7.667037844657897949e-02 3.397651433944702148e+00 -2.989981882274150848e-02 9.971356391906738281e-01 -6.947294622659683228e-02 -1.025871086120605469e+01 -7.889760285615921021e-02 6.693273782730102539e-02 9.946328997611999512e-01 1.654246368408203125e+02
9.962049722671508789e-01 3.642504662275314331e-02 7.906118780374526978e-02 3.505079269409179688e+00 -3.056682832539081573e-02 9.967835545539855957e-01 -7.408255338668823242e-02 -1.037303924560546875e+01 -8.150529861450195312e-02 7.138463109731674194e-02 9.941129088401794434e-01 1.667474670410156250e+02
9.961261153221130371e-01 3.692569956183433533e-02 7.981876283884048462e-02 3.614093303680419922e+00 -3.098475001752376556e-02 9.967448711395263672e-01 -7.442837208509445190e-02 -1.049220943450927734e+01 -8.230720460414886475e-02 7.166675478219985962e-02 9.940265417098999023e-01 1.681037750244140625e+02
9.959998726844787598e-01 3.718788176774978638e-02 8.125881850719451904e-02 3.726480245590209961e+00 -3.119193017482757568e-02 9.967813491821289062e-01 -7.385075837373733521e-02 -1.061945819854736328e+01 -8.374356478452682495e-02 7.102060317993164062e-02 9.939529299736022949e-01 1.694616851806640625e+02
9.957892298698425293e-01 3.822215273976325989e-02 8.333437889814376831e-02 3.835786819458007812e+00 -3.176996111869812012e-02 9.964920878410339355e-01 -7.742164283990859985e-02 -1.074387073516845703e+01 -8.600120246410369873e-02 7.444798201322555542e-02 9.935092329978942871e-01 1.707945098876953125e+02
9.955636262893676758e-01 3.788446262478828430e-02 8.613649755716323853e-02 3.950987100601196289e+00 -3.088807873427867889e-02 9.962227940559387207e-01 -8.115391433238983154e-02 -1.087321853637695312e+01 -8.888554573059082031e-02 7.813317328691482544e-02 9.929722547531127930e-01 1.721291503906250000e+02
9.956183433532714844e-01 3.947304934263229370e-02 8.478035777807235718e-02 4.068866252899169922e+00 -3.257506713271141052e-02 9.961605072021484375e-01 -8.125887066125869751e-02 -1.100625801086425781e+01 -8.766230940818786621e-02 7.814097404479980469e-02 9.930803775787353516e-01 1.734939727783203125e+02
9.957173466682434082e-01 3.902763128280639648e-02 8.381827175617218018e-02 4.184019088745117188e+00 -3.221185505390167236e-02 9.961785078048706055e-01 -8.118261396884918213e-02 -1.113996219635009766e+01 -8.666624873876571655e-02 7.813487201929092407e-02 9.931682944297790527e-01 1.748874359130859375e+02
9.956519007682800293e-01 4.010352119803428650e-02 8.408681303262710571e-02 4.301307678222656250e+00 -3.323191776871681213e-02 9.961121082305908203e-01 -8.158458024263381958e-02 -1.127945613861083984e+01 -8.703164756298065186e-02 7.843535393476486206e-02 9.931126832962036133e-01 1.763049621582031250e+02
9.956218004226684570e-01 3.968537971377372742e-02 8.463995158672332764e-02 4.415016651153564453e+00 -3.277373686432838440e-02 9.961308836936950684e-01 -8.154060691595077515e-02 -1.141224193572998047e+01 -8.754836767911911011e-02 7.840951532125473022e-02 9.930692911148071289e-01 1.776376953125000000e+02
9.955632090568542480e-01 3.957443311810493469e-02 8.537846058607101440e-02 4.535570621490478516e+00 -3.253947570919990540e-02 9.960785508155822754e-01 -8.227068185806274414e-02 -1.155355453491210938e+01 -8.829938620328903198e-02 7.912736386060714722e-02 9.929458498954772949e-01 1.790649566650390625e+02
9.956128001213073730e-01 4.019606113433837891e-02 8.450523763895034790e-02 4.657406806945800781e+00 -3.332326561212539673e-02 9.961385726928710938e-01 -8.122311532497406006e-02 -1.169019699096679688e+01 -8.744370192289352417e-02 7.805065810680389404e-02 9.931067824363708496e-01 1.804414215087890625e+02
