9.995177984237670898e-01 -1.577574992552399635e-03 3.100963868200778961e-02 4.459035396575927734e-02 1.534311333671212196e-03 9.999977946281433105e-01 1.418845495209097862e-03 -6.146678235381841660e-03 -3.101181052625179291e-02 -1.370580634102225304e-03 9.995180368423461914e-01 3.169935345649719238e-01
9.992315769195556641e-01 -1.709884149022400379e-03 3.915727138519287109e-02 5.057028681039810181e-02 1.537188421934843063e-03 9.999889135360717773e-01 4.439826123416423798e-03 9.430991485714912415e-04 -3.916443139314651489e-02 -4.376220051199197769e-03 9.992231726646423340e-01 4.670326113700866699e-01
9.991369247436523438e-01 1.833307032939046621e-04 4.153731092810630798e-02 5.702255293726921082e-02 -4.169173771515488625e-04 9.999840855598449707e-01 5.614775698632001877e-03 1.256610616110265255e-03 -4.153561964631080627e-02 -5.627246573567390442e-03 9.991211891174316406e-01 6.559981703758239746e-01
9.989620447158813477e-01 2.434832276776432991e-03 4.548446089029312134e-02 6.701309233903884888e-02 -2.673675306141376495e-03 9.999828934669494629e-01 5.190839059650897980e-03 -1.865687430836260319e-03 -4.547104611992835999e-02 -5.307062994688749313e-03 9.989516139030456543e-01 7.987173199653625488e-01
9.987009763717651367e-01 3.275999799370765686e-03 5.084814503788948059e-02 6.695090979337692261e-02 -3.754081670194864273e-03 9.999495744705200195e-01 9.309280663728713989e-03 1.047770399600267410e-02 -5.081508308649063110e-02 -9.488077834248542786e-03 9.986630678176879883e-01 8.632124066352844238e-01
9.978338479995727539e-01 2.544804476201534271e-03 6.573373824357986450e-02 7.822021842002868652e-02 -3.446731250733137131e-03 9.999013543128967285e-01 1.361097674816846848e-02 2.213680930435657501e-02 -6.569261103868484497e-02 -1.380806416273117065e-02 9.977444410324096680e-01 8.269829154014587402e-01
9.977648258209228516e-01 3.193715121597051620e-03 6.674496829509735107e-02 8.278346806764602661e-02 -4.331956151872873306e-03 9.998474717140197754e-01 1.691563986241817474e-02 2.717014960944652557e-02 -6.668075919151306152e-02 -1.716697216033935547e-02 9.976267218589782715e-01 9.831340909004211426e-01
9.985222816467285156e-01 5.812861025333404541e-03 5.402947589755058289e-02 6.819392740726470947e-02 -6.753751076757907867e-03 9.998283982276916504e-01 1.724793948233127594e-02 2.847977913916110992e-02 -5.391994863748550415e-02 -1.758735254406929016e-02 9.983903765678405762e-01 1.044903874397277832e+00
9.985684752464294434e-01 6.591964978724718094e-03 5.307699367403984070e-02 9.411273896694183350e-02 -7.809562142938375473e-03 9.997102618217468262e-01 2.276540361344814301e-02 2.938466146588325500e-02 -5.291154980659484863e-02 -2.314732410013675690e-02 9.983308911323547363e-01 1.375665187835693359e+00
9.990880489349365234e-01 6.279292982071638107e-03 4.222819209098815918e-02 9.145268052816390991e-02 -7.183651439845561981e-03 9.997473359107971191e-01 2.129830792546272278e-02 2.640675753355026245e-02 -4.208378493785858154e-02 -2.158223837614059448e-02 9.988809823989868164e-01 1.618891239166259766e+00
9.990512728691101074e-01 8.413031697273254395e-03 4.272500798106193542e-02 1.052817553281784058e-01 -9.388466365635395050e-03 9.996986389160156250e-01 2.268126420676708221e-02 2.700724080204963684e-02 -4.252131283283233643e-02 -2.306086756289005280e-02 9.988294243812561035e-01 1.925113081932067871e+00
9.993898272514343262e-01 8.384945802390575409e-03 3.390163555741310120e-02 1.062405109405517578e-01 -9.153882972896099091e-03 9.997029304504394531e-01 2.258998341858386993e-02 2.689545601606369019e-02 -3.370214253664016724e-02 -2.288653142750263214e-02 9.991698861122131348e-01 2.304565906524658203e+00
9.999507665634155273e-01 7.185453549027442932e-03 6.819533184170722961e-03 1.058310568332672119e-01 -7.358106784522533417e-03 9.996442794799804688e-01 2.563774213194847107e-02 3.498119115829467773e-02 -6.632875651121139526e-03 -2.568665519356727600e-02 9.996480941772460938e-01 3.121099472045898438e+00
9.998174309730529785e-01 4.517713095992803574e-03 -1.855532824993133545e-02 8.553455770015716553e-02 -3.959755413234233856e-03 9.995421767234802246e-01 2.999812550842761993e-02 4.046765714883804321e-02 1.868237182497978210e-02 -2.991916798055171967e-02 9.993777871131896973e-01 3.709923505783081055e+00
9.993718862533569336e-01 1.607006066478788853e-03 -3.539408743381500244e-02 6.319370865821838379e-02 -5.880146636627614498e-04 9.995855689048767090e-01 2.878188528120517731e-02 5.285174399614334106e-02 3.542569279670715332e-02 -2.874299325048923492e-02 9.989588856697082520e-01 4.147747516632080078e+00
9.984802603721618652e-01 2.952162409201264381e-03 -5.502655357122421265e-02 2.934521436691284180e-02 -1.322213327512145042e-03 9.995599985122680664e-01 2.963426895439624786e-02 6.201905012130737305e-02 5.508985370397567749e-02 -2.951647527515888214e-02 9.980449676513671875e-01 4.690497875213623047e+00
9.979739189147949219e-01 3.837009426206350327e-03 -6.350404024124145508e-02 -1.731156185269355774e-02 -1.939871232025325298e-03 9.995508193969726562e-01 2.990922518074512482e-02 7.418793439865112305e-02 6.359030306339263916e-02 -2.972543612122535706e-02 9.975332021713256836e-01 5.364027023315429688e+00
9.977152943611145020e-01 2.240691799670457840e-03 -6.751628965139389038e-02 -5.766912922263145447e-02 -1.362829643767327070e-04 9.995145797729492188e-01 3.115756064653396606e-02 7.894479483366012573e-02 6.755334883928298950e-02 -3.107717819511890411e-02 9.972314238548278809e-01 5.979098796844482422e+00
9.973488450050354004e-01 2.961430000141263008e-03 -7.270365953445434570e-02 -1.067799925804138184e-01 -6.673753377981483936e-04 9.995018243789672852e-01 3.155767917633056641e-02 9.513729810714721680e-02 7.276091724634170532e-02 -3.142549842596054077e-02 9.968541264533996582e-01 6.634461402893066406e+00
9.967185258865356445e-01 4.751700907945632935e-03 -8.080169558525085449e-02 -1.678869724273681641e-01 -2.032404299825429916e-03 9.994299411773681641e-01 3.370305895805358887e-02 1.081824228167533875e-01 8.091580122709274292e-02 -3.342824056744575500e-02 9.961601495742797852e-01 7.356475353240966797e+00
9.968173503875732422e-01 4.721988923847675323e-03 -7.957512140274047852e-02 -2.304395735263824463e-01 -2.269684802740812302e-03 9.995206594467163086e-01 3.087988495826721191e-02 1.177016049623489380e-01 7.968281954526901245e-02 -3.060099110007286072e-02 9.963503479957580566e-01 8.193087577819824219e+00
9.966433644294738770e-01 4.294931422919034958e-03 -8.174905180931091309e-02 -3.047378063201904297e-01 -1.822112710215151310e-03 9.995393753051757812e-01 3.029959090054035187e-02 1.289333254098892212e-01 8.184155076742172241e-02 -3.004892729222774506e-02 9.961920976638793945e-01 9.124204635620117188e+00
9.966771006584167480e-01 3.552607959136366844e-03 -8.137241750955581665e-02 -3.716393113136291504e-01 -1.041285344399511814e-03 9.995226263999938965e-01 3.088383935391902924e-02 1.411112546920776367e-01 8.144330978393554688e-02 -3.069647960364818573e-02 9.962049722671508789e-01 9.979534149169921875e+00
9.964277148246765137e-01 9.521067840978503227e-04 -8.443994820117950439e-02 -4.483945369720458984e-01 1.641371520236134529e-03 9.995293021202087402e-01 3.063920699059963226e-02 1.621556133031845093e-01 8.442939072847366333e-02 -3.066835179924964905e-02 9.959571957588195801e-01 1.092312240600585938e+01
9.961549639701843262e-01 9.922052267938852310e-04 -8.759835362434387207e-02 -5.279673933982849121e-01 1.925663906149566174e-03 9.994463920593261719e-01 3.321889042854309082e-02 1.843412965536117554e-01 8.758283406496047974e-02 -3.325984999537467957e-02 9.956016540527343750e-01 1.184342670440673828e+01
9.960760474205017090e-01 -4.388912930153310299e-05 -8.849661797285079956e-02 -6.054107546806335449e-01 2.849343931302428246e-03 9.994974732398986816e-01 3.157523274421691895e-02 1.969813108444213867e-01 8.845075964927673340e-02 -3.170349076390266418e-02 9.955757260322570801e-01 1.272400569915771484e+01
9.958561062812805176e-01 4.974004114046692848e-04 -9.093682467937469482e-02 -6.785601973533630371e-01 2.202087547630071640e-03 9.995599985122680664e-01 2.958262525498867035e-02 2.075140476226806641e-01 9.091152995824813843e-02 -2.966028824448585510e-02 9.954169988632202148e-01 1.358078002929687500e+01
9.957341551780700684e-01 -1.380198518745601177e-04 -9.226359426975250244e-02 -7.523226141929626465e-01 2.412192523479461670e-03 9.996960163116455078e-01 2.453765273094177246e-02 2.182064801454544067e-01 9.223216772079467773e-02 -2.465553395450115204e-02 9.954320788383483887e-01 1.443599796295166016e+01
9.955348968505859375e-01 1.503878156654536724e-03 -9.437789022922515869e-02 -8.442159891128540039e-01 8.265218930318951607e-04 9.996958374977111816e-01 2.464835159480571747e-02 2.265268564224243164e-01 9.438626468181610107e-02 -2.461629547178745270e-02 9.952310919761657715e-01 1.539759063720703125e+01
9.952201843261718750e-01 1.611303538084030151e-03 -9.763921052217483521e-02 -9.384219050407409668e-01 4.655403317883610725e-04 9.997742176055908203e-01 2.124417386949062347e-02 2.366086840629577637e-01 9.765139967203140259e-02 -2.118808031082153320e-02 9.949949383735656738e-01 1.639973068237304688e+01
9.948841929435729980e-01 9.331414476037025452e-04 -1.010141521692276001e-01 -1.037059903144836426e+00 8.994935778900980949e-04 9.998358488082885742e-01 1.809540204703807831e-02 2.404102385044097900e-01 1.010144576430320740e-01 -1.809368468821048737e-02 9.947202801704406738e-01 1.738169288635253906e+01
9.945178627967834473e-01 1.279795309528708458e-03 -1.045554280281066895e-01 -1.138866662979125977e+00 2.877257065847516060e-04 9.998878240585327148e-01 1.497591938823461533e-02 2.420825958251953125e-01 1.045628711581230164e-01 -1.492389664053916931e-02 9.944061636924743652e-01 1.834429931640625000e+01
9.943462610244750977e-01 4.482087097130715847e-04 -1.061815172433853149e-01 -1.258060336112976074e+00 8.470324100926518440e-04 9.999257922172546387e-01 1.215308997780084610e-02 2.350273877382278442e-01 1.061790883541107178e-01 -1.217431202530860901e-02 9.942723512649536133e-01 1.950590133666992188e+01
9.938232898712158203e-01 6.773656932637095451e-04 -1.109682470560073853e-01 -1.374531745910644531e+00 2.743450168054550886e-04 9.999633431434631348e-01 8.561089634895324707e-03 2.255626171827316284e-01 1.109699755907058716e-01 -8.538646623492240906e-03 9.937869906425476074e-01 2.057152557373046875e+01
9.935012459754943848e-01 8.124026353470981121e-04 -1.138143911957740784e-01 -1.487946987152099609e+00 3.498084697639569640e-05 9.999723434448242188e-01 7.443278096616268158e-03 2.200793623924255371e-01 1.138172894716262817e-01 -7.398879621177911758e-03 9.934740662574768066e-01 2.159786415100097656e+01
9.929404854774475098e-01 5.542363505810499191e-04 -1.186084672808647156e-01 -1.581941843032836914e+00 2.843185575329698622e-05 9.999879598617553711e-01 4.910962656140327454e-03 2.128238528966903687e-01 1.186097636818885803e-01 -4.879657179117202759e-03 9.929289221763610840e-01 2.238618278503417969e+01
9.921153783798217773e-01 2.009309595450758934e-03 -1.253077834844589233e-01 -1.704150557518005371e+00 -2.094759372994303703e-03 9.999976754188537598e-01 -5.499292165040969849e-04 2.049112617969512939e-01 1.253063827753067017e-01 8.080960251390933990e-04 9.921177029609680176e-01 2.336771202087402344e+01
9.912043809890747070e-01 1.066440367139875889e-03 -1.323317885398864746e-01 -1.833930253982543945e+00 -1.347386161796748638e-03 9.999970197677612305e-01 -2.033285796642303467e-03 1.892232745885848999e-01 1.323292404413223267e-01 2.193716354668140411e-03 9.912033081054687500e-01 2.433121871948242188e+01
9.901627898216247559e-01 1.131606870330870152e-03 -1.399113833904266357e-01 -1.969609379768371582e+00 -1.635790104046463966e-03 9.999925494194030762e-01 -3.488411195576190948e-03 1.744368076324462891e-01 1.399064213037490845e-01 3.682974260300397873e-03 9.901577830314636230e-01 2.529065704345703125e+01
9.893145561218261719e-01 1.267946441657841206e-03 -1.457868069410324097e-01 -2.111998558044433594e+00 -1.738507067784667015e-03 9.999936819076538086e-01 -3.100149333477020264e-03 1.620530486106872559e-01 1.457819789648056030e-01 3.320488147437572479e-03 9.893110394477844238e-01 2.628282546997070312e+01
9.879971742630004883e-01 3.095733001828193665e-03 -1.544366180896759033e-01 -2.261169195175170898e+00 -3.176036523655056953e-03 9.999949336051940918e-01 -2.730621490627527237e-04 1.541606634855270386e-01 1.544350087642669678e-01 7.602963596582412720e-04 9.880025386810302734e-01 2.725585174560546875e+01
9.870193600654602051e-01 3.036405425518751144e-03 -1.605685800313949585e-01 -2.426816225051879883e+00 -2.548877848312258720e-03 9.999914765357971191e-01 3.242295468226075172e-03 1.416122913360595703e-01 1.605770736932754517e-01 -2.790925325825810432e-03 9.870192408561706543e-01 2.829433822631835938e+01
9.856856465339660645e-01 5.297862458974123001e-03 -1.685066074132919312e-01 -2.610551118850708008e+00 -4.918188322335481644e-03 9.999843239784240723e-01 2.670615212991833687e-03 1.338369101285934448e-01 1.685181409120559692e-01 -1.803622930310666561e-03 9.856967926025390625e-01 2.939457321166992188e+01
9.840492010116577148e-01 5.752993281930685043e-03 -1.777998358011245728e-01 -2.805672168731689453e+00 -5.070412997156381607e-03 9.999778866767883301e-01 4.293318837881088257e-03 1.268548071384429932e-01 1.778206378221511841e-01 -3.323301905766129494e-03 9.840571880340576172e-01 3.050531387329101562e+01
9.822374582290649414e-01 6.478401366621255875e-03 -1.875266581773757935e-01 -2.992314338684082031e+00 -5.202035885304212570e-03 9.999597668647766113e-01 7.297707255929708481e-03 1.214958950877189636e-01 1.875664442777633667e-01 -6.192543543875217438e-03 9.822322130203247070e-01 3.147868347167968750e+01
9.807156920433044434e-01 7.065241690725088120e-03 -1.953084468841552734e-01 -3.202819347381591797e+00 -5.150345154106616974e-03 9.999334812164306641e-01 1.031062193214893341e-02 1.190444380044937134e-01 1.953683644533157349e-01 -9.105866774916648865e-03 9.806874990463256836e-01 3.254537963867187500e+01
9.789376258850097656e-01 7.623290177434682846e-03 -2.040138542652130127e-01 -3.429020643234252930e+00 -5.041044671088457108e-03 9.999004006385803223e-01 1.317392475903034210e-02 1.151504889130592346e-01 2.040940225124359131e-01 -1.186799164861440659e-02 9.788791537284851074e-01 3.364130020141601562e+01
9.770978689193725586e-01 9.480482898652553558e-03 -2.125759422779083252e-01 -3.639221906661987305e+00 -6.163563579320907593e-03 9.998486638069152832e-01 1.626072824001312256e-02 1.223257556557655334e-01 2.126979976892471313e-01 -1.457807980477809906e-02 9.770090579986572266e-01 3.462834930419921875e+01
9.755971431732177734e-01 1.175818964838981628e-02 -2.192500233650207520e-01 -3.902667760848999023e+00 -7.302932441234588623e-03 9.997501373291015625e-01 2.111982926726341248e-02 1.227478832006454468e-01 2.194436192512512207e-01 -1.900325901806354523e-02 9.754399657249450684e-01 3.581176757812500000e+01
9.740077853202819824e-01 1.318943873047828674e-02 -2.261272370815277100e-01 -4.118088722229003906e+00 -8.319332264363765717e-03 9.997125864028930664e-01 2.247647941112518311e-02 1.395923793315887451e-01 2.263587564229965210e-01 -2.001101896166801453e-02 9.738382697105407715e-01 3.674799728393554688e+01
9.725503325462341309e-01 1.415784750133752823e-02 -2.322585880756378174e-01 -4.347656726837158203e+00 -8.881234563887119293e-03 9.996783137321472168e-01 2.374868653714656830e-02 1.543895602226257324e-01 2.325201779603958130e-01 -2.103403024375438690e-02 9.723639488220214844e-01 3.772066497802734375e+01
9.710097908973693848e-01 1.354156434535980225e-02 -2.386530786752700806e-01 -4.595478534698486328e+00 -7.946801371872425079e-03 9.996707439422607422e-01 2.438968420028686523e-02 1.640839725732803345e-01 2.389048635959625244e-01 -2.178607694804668427e-02 9.707983732223510742e-01 3.875263977050781250e+01
9.697969555854797363e-01 1.459314487874507904e-02 -2.434739470481872559e-01 -4.883623600006103516e+00 -8.529283106327056885e-03 9.996268749237060547e-01 2.594123780727386475e-02 1.798315048217773438e-01 2.437617629766464233e-01 -2.308105863630771637e-02 9.695602655410766602e-01 3.991873931884765625e+01
9.681515693664550781e-01 1.635885052382946014e-02 -2.498270869255065918e-01 -5.126456260681152344e+00 -9.986228309571743011e-03 9.995919466018676758e-01 2.675442770123481750e-02 1.994933187961578369e-01 2.501629292964935303e-01 -2.340749278664588928e-02 9.679205417633056641e-01 4.086537933349609375e+01
9.666599631309509277e-01 1.653963886201381683e-02 -2.555258870124816895e-01 -5.392711639404296875e+00 -9.396879002451896667e-03 9.995307326316833496e-01 2.914880402386188507e-02 2.174335122108459473e-01 2.558881938457489014e-01 -2.577582374215126038e-02 9.663624763488769531e-01 4.189491271972656250e+01
9.653077721595764160e-01 1.693176850676536560e-02 -2.605623304843902588e-01 -5.702696323394775391e+00 -9.425994940102100372e-03 9.995044469833374023e-01 3.002879582345485687e-02 2.388869822025299072e-01 2.609417438507080078e-01 -2.653095871210098267e-02 9.649897217750549316e-01 4.306536102294921875e+01
9.634387493133544922e-01 1.643056981265544891e-02 -2.674216628074645996e-01 -6.024809837341308594e+00 -7.789711002260446548e-03 9.994135499000549316e-01 3.334060311317443848e-02 2.570270299911499023e-01 2.678127586841583252e-01 -3.003848530352115631e-02 9.630023837089538574e-01 4.423625183105468750e+01
9.620402455329895020e-01 1.804740168154239655e-02 -2.723074257373809814e-01 -6.317329883575439453e+00 -8.201662451028823853e-03 9.992721080780029297e-01 3.725167363882064819e-02 2.799607813358306885e-01 2.727816104888916016e-01 -3.360423445701599121e-02 9.614886641502380371e-01 4.527738952636718750e+01
9.604528546333312988e-01 1.909369416534900665e-02 -2.777845561504364014e-01 -6.608654022216796875e+00 -7.795944344252347946e-03 9.990988373756408691e-01 4.171872138977050781e-02 3.042628467082977295e-01 2.783308923244476318e-01 -3.790326789021492004e-02 9.597368240356445312e-01 4.629703521728515625e+01
9.584575295448303223e-01 2.104905433952808380e-02 -2.844548821449279785e-01 -6.884692668914794922e+00 -9.068857878446578979e-03 9.990178942680358887e-01 4.336797073483467102e-02 3.397765755653381348e-01 2.850884795188903809e-01 -3.898667544126510620e-02 9.577077031135559082e-01 4.723697662353515625e+01
9.558834433555603027e-01 2.230100519955158234e-02 -2.928960621356964111e-01 -7.178027629852294922e+00 -9.296249598264694214e-03 9.989110231399536133e-01 4.571776092052459717e-02 3.724102675914764404e-01 2.935967743396759033e-01 -4.097801074385643005e-02 9.550504088401794434e-01 4.819526290893554688e+01
9.556221365928649902e-01 2.150991186499595642e-02 -2.938065528869628906e-01 -7.466593742370605469e+00 -8.859249763190746307e-03 9.989779591560363770e-01 4.432098194956779480e-02 4.064433574676513672e-01 2.944597303867340088e-01 -3.975120186805725098e-02 9.548365473747253418e-01 4.915288162231445312e+01
9.554983377456665039e-01 2.227740734815597534e-02 -2.941519021987915039e-01 -7.765697479248046875e+00 -8.908197283744812012e-03 9.988685846328735352e-01 4.671190679073333740e-02 4.347409904003143311e-01 2.948598265647888184e-01 -4.201278090476989746e-02 9.546162486076354980e-01 5.013249588012695312e+01
9.551271200180053711e-01 2.214018628001213074e-02 -2.953653931617736816e-01 -8.059189796447753906e+00 -8.163094520568847656e-03 9.987910985946655273e-01 4.847077280282974243e-02 4.677402973175048828e-01 2.960816323757171631e-01 -4.388464987277984619e-02 9.541537761688232422e-01 5.109599304199218750e+01
9.551970362663269043e-01 2.410605736076831818e-02 -2.949851155281066895e-01 -8.365578651428222656e+00 -9.157361462712287903e-03 9.986073970794677734e-01 5.195300653576850891e-02 5.091680288314819336e-01 2.958268821239471436e-01 -4.692406952381134033e-02 9.540881514549255371e-01 5.209767150878906250e+01
9.549597501754760742e-01 2.379580028355121613e-02 -2.957773208618164062e-01 -8.693617820739746094e+00 -9.055496193468570709e-03 9.986520409584045410e-01 5.110617727041244507e-02 5.517185926437377930e-01 2.965949177742004395e-01 -4.612592980265617371e-02 9.538885951042175293e-01 5.317382049560546875e+01
9.556189179420471191e-01 2.284743450582027435e-02 -2.937161028385162354e-01 -8.992819786071777344e+00 -8.173106238245964050e-03 9.986604452133178711e-01 5.109154805541038513e-02 5.865709185600280762e-01 2.944901585578918457e-01 -4.642347246408462524e-02 9.545260667800903320e-01 5.414736175537109375e+01
9.552690386772155762e-01 2.330850251019001007e-02 -2.948158681392669678e-01 -9.330124855041503906e+00 -7.442048285156488419e-03 9.984681010246276855e-01 5.482605844736099243e-02 6.280395984649658203e-01 2.956423461437225342e-01 -5.017960816621780396e-02 9.539796710014343262e-01 5.525395202636718750e+01
9.550353288650512695e-01 2.499923296272754669e-02 -2.954337596893310547e-01 -9.682129859924316406e+00 -8.169467560946941376e-03 9.982793331146240234e-01 5.806391686201095581e-02 6.743438243865966797e-01 2.963771820068359375e-01 -5.303956568241119385e-02 9.535968899726867676e-01 5.640314102172851562e+01
9.534432291984558105e-01 2.573649585247039795e-02 -3.004699349403381348e-01 -1.003843498229980469e+01 -8.150563575327396393e-03 9.981868267059326172e-01 5.963553115725517273e-02 7.267521619796752930e-01 3.014601469039916992e-01 -5.441010743379592896e-02 9.519248604774475098e-01 5.754855346679687500e+01
9.527926445007324219e-01 2.777942456305027008e-02 -3.023459315299987793e-01 -1.038483428955078125e+01 -8.907624520361423492e-03 9.979344010353088379e-01 6.361876428127288818e-02 7.764735817909240723e-01 3.034889101982116699e-01 -5.792231857776641846e-02 9.510725736618041992e-01 5.864904785156250000e+01
9.520367980003356934e-01 2.945026569068431854e-02 -3.045608103275299072e-01 -1.073447704315185547e+01 -9.808667935431003571e-03 9.977830648422241211e-01 6.582171469926834106e-02 8.369919061660766602e-01 3.058242797851562500e-01 -5.967737734317779541e-02 9.502155780792236328e-01 5.975087738037109375e+01
9.515274167060852051e-01 2.789064124226570129e-02 -3.062945008277893066e-01 -1.108582019805908203e+01 -9.198223240673542023e-03 9.980148077011108398e-01 6.230233982205390930e-02 8.963806629180908203e-01 3.074242770671844482e-01 -5.646503716707229614e-02 9.498955011367797852e-01 6.084468841552734375e+01
9.507610201835632324e-01 2.768816426396369934e-02 -3.086836040019989014e-01 -1.144022464752197266e+01 -8.867705240845680237e-03 9.980237483978271484e-01 6.220715865492820740e-02 9.533168673515319824e-01 3.097961246967315674e-01 -5.640684440732002258e-02 9.491280913352966309e-01 6.195087814331054688e+01
9.474973082542419434e-01 3.042941167950630188e-02 -3.183106482028961182e-01 -1.174920463562011719e+01 -9.997569024562835693e-03 9.977940320968627930e-01 6.562638282775878906e-02 1.006302475929260254e+00 3.196056187152862549e-01 -5.899851396679878235e-02 9.457118511199951172e-01 6.285969543457031250e+01
9.457651376724243164e-01 3.185396268963813782e-02 -3.232836127281188965e-01 -1.213285923004150391e+01 -9.359089657664299011e-03 9.974394440650939941e-01 7.090012729167938232e-02 1.066240072250366211e+00 3.247144222259521484e-01 -6.402926146984100342e-02 9.436420202255249023e-01 6.400359344482421875e+01
9.445340037345886230e-01 3.140101209282875061e-02 -3.269069790840148926e-01 -1.250802421569824219e+01 -8.808308281004428864e-03 9.974824786186218262e-01 7.036302238702774048e-02 1.131871223449707031e+00 3.282935917377471924e-01 -6.358080357313156128e-02 9.424331188201904297e-01 6.509516143798828125e+01
9.443117976188659668e-01 3.049434721469879150e-02 -3.276337683200836182e-01 -1.292634773254394531e+01 -8.460903540253639221e-03 9.976174831390380859e-01 6.846642494201660156e-02 1.195331573486328125e+00 3.289411365985870361e-01 -6.188161671161651611e-02 9.423204064369201660e-01 6.629933166503906250e+01
9.440123438835144043e-01 2.912645228207111359e-02 -3.286197781562805176e-01 -1.331098461151123047e+01 -8.252045139670372009e-03 9.978680610656738281e-01 6.473827362060546875e-02 1.248982787132263184e+00 3.298048973083496094e-01 -5.840197578072547913e-02 9.422405362129211426e-01 6.741500091552734375e+01
9.436395764350891113e-01 3.037686273455619812e-02 -3.295760154724121094e-01 -1.369873046875000000e+01 -8.736008778214454651e-03 9.977182745933532715e-01 6.694618612527847290e-02 1.301833987236022949e+00 3.308577537536621094e-01 -6.029392033815383911e-02 9.417521357536315918e-01 6.853450012207031250e+01
9.412305951118469238e-01 3.166878968477249146e-02 -3.362747728824615479e-01 -1.407925128936767578e+01 -8.516728878021240234e-03 9.975033998489379883e-01 7.010179758071899414e-02 1.361504673957824707e+00 3.376554250717163086e-01 -6.311802566051483154e-02 9.391508102416992188e-01 6.960395812988281250e+01
9.401907920837402344e-01 3.344132378697395325e-02 -3.390007913112640381e-01 -1.445641517639160156e+01 -9.503875859081745148e-03 9.973572492599487305e-01 7.202767580747604370e-02 1.421770334243774414e+00 3.405137360095977783e-01 -6.449797004461288452e-02 9.380243420600891113e-01 7.065457916259765625e+01
9.391158819198608398e-01 3.452366217970848083e-02 -3.418596088886260986e-01 -1.483122158050537109e+01 -9.734011255204677582e-03 9.972131252288818359e-01 7.396612316370010376e-02 1.490890145301818848e+00 3.434606194496154785e-01 -6.613513082265853882e-02 9.368352293968200684e-01 7.169229125976562500e+01
9.383797645568847656e-01 3.449301421642303467e-02 -3.438781499862670898e-01 -1.523038291931152344e+01 -9.464698843657970428e-03 9.971985816955566406e-01 7.419735938310623169e-02 1.561413049697875977e+00 3.454742133617401123e-01 -6.637062877416610718e-02 9.360778927803039551e-01 7.278877258300781250e+01
9.371975064277648926e-01 3.426029533147811890e-02 -3.471105694770812988e-01 -1.563161277770996094e+01 -9.176750667393207550e-03 9.972417354583740234e-01 7.365181297063827515e-02 1.626878023147583008e+00 3.486765921115875244e-01 -6.584096699953079224e-02 9.349272251129150391e-01 7.387689971923828125e+01
9.361769556999206543e-01 3.274845331907272339e-02 -3.499984443187713623e-01 -1.603119277954101562e+01 -9.156941436231136322e-03 9.975850582122802734e-01 6.884832680225372314e-02 1.694836974143981934e+00 3.514080047607421875e-01 -6.124931946396827698e-02 9.342163205146789551e-01 7.495355224609375000e+01
9.360133409500122070e-01 3.436712548136711121e-02 -3.502808809280395508e-01 -1.643275070190429688e+01 -9.386848658323287964e-03 9.973048567771911621e-01 7.276515662670135498e-02 1.753821492195129395e+00 3.518376648426055908e-01 -6.482113897800445557e-02 9.338135123252868652e-01 7.602858734130859375e+01
9.350010752677917480e-01 3.604952991008758545e-02 -3.528060615062713623e-01 -1.683811569213867188e+01 -9.610593318939208984e-03 9.970303177833557129e-01 7.640604674816131592e-02 1.825303554534912109e+00 3.545129001140594482e-01 -6.804908066987991333e-02 9.325712323188781738e-01 7.711056518554687500e+01
9.344992041587829590e-01 3.624169155955314636e-02 -3.541135787963867188e-01 -1.725212287902832031e+01 -9.051375091075897217e-03 9.969010353088378906e-01 7.814113795757293701e-02 1.896443247795104980e+00 3.558483123779296875e-01 -6.981763243675231934e-02 9.319316744804382324e-01 7.820816040039062500e+01
9.330850839614868164e-01 3.583991527557373047e-02 -3.578636944293975830e-01 -1.766230201721191406e+01 -8.339750580489635468e-03 9.969108700752258301e-01 7.809527963399887085e-02 1.969658970832824707e+00 3.595573008060455322e-01 -6.988506019115447998e-02 9.305018782615661621e-01 7.928858184814453125e+01
9.320956468582153320e-01 3.747127577662467957e-02 -3.602669239044189453e-01 -1.807188796997070312e+01 -8.456717245280742645e-03 9.966145157814025879e-01 8.177799731492996216e-02 2.043923616409301758e+00 3.621117472648620605e-01 -7.317824661731719971e-02 9.292573332786560059e-01 8.036104583740234375e+01
9.309347867965698242e-01 3.997420519590377808e-02 -3.629892468452453613e-01 -1.845880317687988281e+01 -1.042180135846138000e-02 9.964939355850219727e-01 8.301071822643280029e-02 2.120541810989379883e+00 3.650350570678710938e-01 -7.349456101655960083e-02 9.280878901481628418e-01 8.135629272460937500e+01
9.293619990348815918e-01 3.876854851841926575e-02 -3.671266138553619385e-01 -1.884716606140136719e+01 -1.020450983196496964e-02 9.967880845069885254e-01 7.942847907543182373e-02 2.194967508316040039e+00 3.690269887447357178e-01 -7.007146626710891724e-02 9.267730116844177246e-01 8.233908081054687500e+01
9.284953474998474121e-01 3.863712400197982788e-02 -3.693265020847320557e-01 -1.927118873596191406e+01 -9.694198146462440491e-03 9.967551231384277344e-01 7.990408688783645630e-02 2.267473936080932617e+00 3.712156116962432861e-01 -7.061025500297546387e-02 9.258576035499572754e-01 8.341244506835937500e+01
9.273052215576171875e-01 3.900489583611488342e-02 -3.722662031650543213e-01 -1.971672248840332031e+01 -9.653495624661445618e-03 9.967167973518371582e-01 8.038618415594100952e-02 2.341172218322753906e+00 3.741796612739562988e-01 -7.094887644052505493e-02 9.246377348899841309e-01 8.452513122558593750e+01
9.259926676750183105e-01 4.096940532326698303e-02 -3.753100037574768066e-01 -2.008911705017089844e+01 -1.055314112454652786e-02 9.965147376060485840e-01 8.274345099925994873e-02 2.413199424743652344e+00 3.773921430110931396e-01 -7.265914976596832275e-02 9.231982231140136719e-01 8.545296478271484375e+01
9.242343306541442871e-01 4.350450634956359863e-02 -3.793371021747589111e-01 -2.047014236450195312e+01 -1.112383417785167694e-02 9.961338043212890625e-01 8.713945746421813965e-02 2.491768836975097656e+00 3.816617131233215332e-01 -7.631762325763702393e-02 9.211454987525939941e-01 8.638792419433593750e+01
9.230627417564392090e-01 4.545460268855094910e-02 -3.819521367549896240e-01 -2.088103485107421875e+01 -1.173444092273712158e-02 9.958583712577819824e-01 9.015441685914993286e-02 2.575744152069091797e+00 3.844684362411499023e-01 -7.873621582984924316e-02 9.197737574577331543e-01 8.738790130615234375e+01
9.207347631454467773e-01 4.343638941645622253e-02 -3.877616524696350098e-01 -2.124112892150878906e+01 -1.092287153005599976e-02 9.962639808654785156e-01 8.566343784332275391e-02 2.649966955184936523e+00 3.900341093540191650e-01 -7.463787496089935303e-02 9.177699685096740723e-01 8.823625183105468750e+01
9.181901812553405762e-01 4.855903983116149902e-02 -3.931504786014556885e-01 -2.158199691772460938e+01 -1.404027640819549561e-02 9.958238601684570312e-01 9.020607918500900269e-02 2.722606182098388672e+00 3.958891630172729492e-01 -7.730641961097717285e-02 9.150380492210388184e-01 8.901756286621093750e+01
9.162626862525939941e-01 5.076009407639503479e-02 -3.973469138145446777e-01 -2.192849731445312500e+01 -1.405626162886619568e-02 9.954018592834472656e-01 9.474696964025497437e-02 2.798636913299560547e+00 4.003294110298156738e-01 -8.122792840003967285e-02 9.127636551856994629e-01 8.981584167480468750e+01
9.149043560028076172e-01 5.470905825495719910e-02 -3.999441862106323242e-01 -2.236113548278808594e+01 -1.635843142867088318e-02 9.949840903282165527e-01 9.868423640727996826e-02 2.891236066818237305e+00 4.033372402191162109e-01 -8.374421298503875732e-02 9.112107753753662109e-01 9.081235504150390625e+01
9.135674238204956055e-01 5.474546924233436584e-02 -4.029837250709533691e-01 -2.278132629394531250e+01 -1.640713028609752655e-02 9.950525760650634766e-01 9.798297286033630371e-02 2.977840423583984375e+00 4.063543677330017090e-01 -8.290228247642517090e-02 9.099463820457458496e-01 9.176897430419921875e+01
9.121130704879760742e-01 5.537014827132225037e-02 -4.061800241470336914e-01 -2.321646308898925781e+01 -1.676753908395767212e-02 9.950457811355590820e-01 9.799074381589889526e-02 3.071537733078002930e+00 4.095937311649322510e-01 -8.256804198026657104e-02 9.085232615470886230e-01 9.275057983398437500e+01
9.103589653968811035e-01 5.488906055688858032e-02 -4.101609587669372559e-01 -2.364900970458984375e+01 -1.714388467371463776e-02 9.953154921531677246e-01 9.514505416154861450e-02 3.155283689498901367e+00 4.134622216224670410e-01 -7.958444207906723022e-02 9.070360064506530762e-01 9.370730590820312500e+01
9.088265299797058105e-01 5.611649155616760254e-02 -4.133805930614471436e-01 -2.399987411499023438e+01 -1.873343065381050110e-02 9.954013228416442871e-01 9.393991529941558838e-02 3.228875160217285156e+00 4.167514443397521973e-01 -7.763108611106872559e-02 9.056990146636962891e-01 9.447473144531250000e+01
9.068582057952880859e-01 5.820510536432266235e-02 -4.173950850963592529e-01 -2.441005134582519531e+01 -1.983703300356864929e-02 9.952140450477600098e-01 9.568177908658981323e-02 3.310457229614257812e+00 4.209668636322021484e-01 -7.848995923995971680e-02 9.036731719970703125e-01 9.537493896484375000e+01
9.050468802452087402e-01 6.008250638842582703e-02 -4.210444688796997070e-01 -2.486785316467285156e+01 -2.013065107166767120e-02 9.949132204055786133e-01 9.870129823684692383e-02 3.398868322372436523e+00 4.248331487178802490e-01 -8.085343986749649048e-02 9.016531705856323242e-01 9.635683441162109375e+01
9.028032422065734863e-01 6.081217527389526367e-02 -4.257303774356842041e-01 -2.533951187133789062e+01 -2.023450657725334167e-02 9.948616027832031250e-01 9.919860959053039551e-02 3.489195346832275391e+00 4.295755326747894287e-01 -8.094242215156555176e-02 8.993954658508300781e-01 9.735256195068359375e+01
9.010815620422363281e-01 6.097092479467391968e-02 -4.293399453163146973e-01 -2.575107192993164062e+01 -2.031364291906356812e-02 9.949140548706054688e-01 9.865497797727584839e-02 3.576302528381347656e+00 4.331716895103454590e-01 -8.017476648092269897e-02 8.977379202842712402e-01 9.822164916992187500e+01
8.999706506729125977e-01 6.165283173322677612e-02 -4.315669536590576172e-01 -2.620110130310058594e+01 -2.173095010221004486e-02 9.950627684593200684e-01 9.683588892221450806e-02 3.667875766754150391e+00 4.354066848754882812e-01 -7.777114212512969971e-02 8.968677520751953125e-01 9.917088317871093750e+01
8.991633057594299316e-01 6.178173795342445374e-02 -4.332281947135925293e-01 -2.665817070007324219e+01 -2.227115631103515625e-02 9.951612949371337891e-01 9.569399803876876831e-02 3.757212162017822266e+00 4.370443522930145264e-01 -7.639607787132263184e-02 8.961891531944274902e-01 1.001238479614257812e+02
8.992256522178649902e-01 6.049921363592147827e-02 -4.332799017429351807e-01 -2.708928298950195312e+01 -2.127900905907154083e-02 9.952678680419921875e-01 9.480763226747512817e-02 3.836018323898315430e+00 4.369656443595886230e-01 -7.603371888399124146e-02 8.962583541870117188e-01 1.010173797607421875e+02
8.975238800048828125e-01 6.044647097587585449e-02 -4.368014931678771973e-01 -2.755615615844726562e+01 -2.142272703349590302e-02 9.953673481941223145e-01 9.372447431087493896e-02 3.917585611343383789e+00 4.404435455799102783e-01 -7.476250082254409790e-02 8.946614861488342285e-01 1.019778289794921875e+02
8.951440453529357910e-01 5.926638841629028320e-02 -4.418177902698516846e-01 -2.802515983581542969e+01 -2.171769551932811737e-02 9.957434535026550293e-01 8.956996351480484009e-02 4.002804756164550781e+00 4.452459514141082764e-01 -7.058278471231460571e-02 8.926215171813964844e-01 1.029253463745117188e+02
8.928263187408447266e-01 5.748112499713897705e-02 -4.467162787914276123e-01 -2.847479629516601562e+01 -2.007025294005870819e-02 9.959148168563842773e-01 8.803576231002807617e-02 4.083884716033935547e+00 4.499520659446716309e-01 -6.963495910167694092e-02 8.903331756591796875e-01 1.038194732666015625e+02
8.913409709930419922e-01 5.567616969347000122e-02 -4.498997330665588379e-01 -2.890066337585449219e+01 -1.995350420475006104e-02 9.962857961654663086e-01 8.376079797744750977e-02 4.148136138916015625e+00 4.528924822807312012e-01 -6.568238139152526855e-02 8.891418576240539551e-01 1.046565399169921875e+02
8.874762654304504395e-01 5.535429716110229492e-02 -4.575151503086090088e-01 -2.927535438537597656e+01 -1.862016133964061737e-02 9.962562322616577148e-01 8.441701531410217285e-02 4.203394889831542969e+00 4.604754447937011719e-01 -6.639911979436874390e-02 8.851850032806396484e-01 1.053777389526367188e+02
8.837186098098754883e-01 5.742608010768890381e-02 -4.644804596900939941e-01 -2.966496086120605469e+01 -1.857249625027179718e-02 9.959646463394165039e-01 8.780010044574737549e-02 4.264197349548339844e+00 4.676484167575836182e-01 -6.896404176950454712e-02 8.812195658683776855e-01 1.061149063110351562e+02
8.826168775558471680e-01 5.820336937904357910e-02 -4.664742350578308105e-01 -3.020903587341308594e+01 -1.903622597455978394e-02 9.959166049957275391e-01 8.824486285448074341e-02 4.350999355316162109e+00 4.697058796882629395e-01 -6.900651752948760986e-02 8.801212906837463379e-01 1.071494293212890625e+02
8.812920451164245605e-01 5.820690095424652100e-02 -4.689719676971435547e-01 -3.066399955749511719e+01 -1.860074326395988464e-02 9.958888292312622070e-01 8.865105360746383667e-02 4.425448417663574219e+00 4.722042679786682129e-01 -6.940425932407379150e-02 8.787520527839660645e-01 1.080062408447265625e+02
8.755301833152770996e-01 5.718439444899559021e-02 -4.797658920288085938e-01 -3.110697174072265625e+01 -1.658492535352706909e-02 9.959429502487182617e-01 8.844257891178131104e-02 4.488413810729980469e+00 4.828772544860839844e-01 -6.947728246450424194e-02 8.729268908500671387e-01 1.088046035766601562e+02
8.636487722396850586e-01 5.803452059626579285e-02 -5.007407069206237793e-01 -3.154775428771972656e+01 -1.569402590394020081e-02 9.959645867347717285e-01 8.836138993501663208e-02 4.556580543518066406e+00 5.038482546806335449e-01 -6.845458596944808960e-02 8.610748052597045898e-01 1.095541381835937500e+02
8.491950631141662598e-01 5.802478641271591187e-02 -5.248802900314331055e-01 -3.199213981628417969e+01 -1.408717781305313110e-02 9.960801005363464355e-01 8.732376247644424438e-02 4.616817474365234375e+00 5.278899669647216797e-01 -6.676084548234939575e-02 8.466841578483581543e-01 1.102512664794921875e+02
8.355580568313598633e-01 5.599879845976829529e-02 -5.465394854545593262e-01 -3.257083511352539062e+01 -9.645152837038040161e-03 9.961334466934204102e-01 8.731875568628311157e-02 4.696622371673583984e+00 5.493162274360656738e-01 -6.768844276666641235e-02 8.328678607940673828e-01 1.111224441528320312e+02
8.229318261146545410e-01 5.388971045613288879e-02 -5.655773282051086426e-01 -3.315873718261718750e+01 -5.411193706095218658e-03 9.961892962455749512e-01 8.704604208469390869e-02 4.773164749145507812e+00 5.681132674217224121e-01 -6.857250630855560303e-02 8.200878500938415527e-01 1.119664764404296875e+02
8.144216537475585938e-01 5.331997573375701904e-02 -5.778173804283142090e-01 -3.379668045043945312e+01 -5.653550848364830017e-03 9.964509010314941406e-01 8.398209512233734131e-02 4.854481220245361328e+00 5.802449584007263184e-01 -6.513010710477828979e-02 8.118330240249633789e-01 1.128639450073242188e+02
8.048955798149108887e-01 5.330058187246322632e-02 -5.910166501998901367e-01 -3.446637725830078125e+01 -3.428638912737369537e-03 9.963587522506713867e-01 8.518671989440917969e-02 4.932251453399658203e+00 5.934055447578430176e-01 -6.654001772403717041e-02 8.021479249000549316e-01 1.137754974365234375e+02
7.939532995223999023e-01 5.357752367854118347e-02 -6.056122183799743652e-01 -3.516295242309570312e+01 -2.628308720886707306e-03 9.964023232460021973e-01 8.470433950424194336e-02 5.013587474822998047e+00 6.079720258712768555e-01 -6.565953791141510010e-02 7.912381291389465332e-01 1.146853179931640625e+02
7.860519886016845703e-01 5.396800488233566284e-02 -6.157989501953125000e-01 -3.583812713623046875e+01 -3.262557554990053177e-03 9.965296983718872070e-01 8.317023515701293945e-02 5.093328952789306641e+00 6.181508302688598633e-01 -6.336703151464462280e-02 7.835006117820739746e-01 1.155476531982421875e+02
7.807495594024658203e-01 5.390933901071548462e-02 -6.225130558013916016e-01 -3.659014892578125000e+01 -2.315624151378870010e-03 9.965137243270874023e-01 8.339332789182662964e-02 5.176826000213623047e+00 6.248388290405273438e-01 -6.366778165102005005e-02 7.781528234481811523e-01 1.164958801269531250e+02
