9.999996423721313477e-01 8.105224696919322014e-04 3.927441866835579276e-05 4.790804523508995771e-04 -8.105824235826730728e-04 9.999984502792358398e-01 1.551498309709131718e-03 -1.414066832512617111e-02 -3.801658749580383301e-05 -1.551529741846024990e-03 9.999988079071044922e-01 1.146543741226196289e+00
9.999990463256835938e-01 2.323189837625250220e-04 1.344339922070503235e-03 3.734425874426960945e-03 -2.373154129600152373e-04 9.999930858612060547e-01 3.717254148796200752e-03 -2.951818332076072693e-02 -1.343467039987444878e-03 -3.717569867148995399e-03 9.999921917915344238e-01 2.210060596466064453e+00
9.999919533729553223e-01 1.445445232093334198e-03 3.722317516803741455e-03 9.092979133129119873e-03 -1.470470335334539413e-03 9.999762773513793945e-01 6.728491280227899551e-03 -3.816005587577819824e-02 -3.712503239512443542e-03 -6.733912043273448944e-03 9.999704360961914062e-01 3.250630140304565430e+00
9.999862313270568848e-01 1.924806972965598106e-03 4.861385561525821686e-03 1.535714045166969299e-02 -1.953713828697800636e-03 9.999803900718688965e-01 5.948085337877273560e-03 -4.434264451265335083e-02 -4.849840886890888214e-03 -5.957503337413072586e-03 9.999704957008361816e-01 4.294453620910644531e+00
9.999914169311523438e-01 1.769187510944902897e-03 3.722419962286949158e-03 2.067656815052032471e-02 -1.787458197213709354e-03 9.999863505363464355e-01 4.910165444016456604e-03 -5.095688998699188232e-02 -3.713681595399975777e-03 -4.916779231280088425e-03 9.999809861183166504e-01 5.338643550872802734e+00
9.999911189079284668e-01 2.040468156337738037e-03 3.655773820355534554e-03 2.508336491882801056e-02 -2.053489210084080696e-03 9.999915361404418945e-01 3.561112564057111740e-03 -5.564237013459205627e-02 -3.648475743830204010e-03 -3.568589920178055763e-03 9.999869465827941895e-01 6.146915435791015625e+00
9.999821186065673828e-01 1.591311884112656116e-03 5.751023069024085999e-03 3.024651296436786652e-02 -1.631246996112167835e-03 9.999745488166809082e-01 6.945480592548847198e-03 -6.450732797384262085e-02 -5.739824380725622177e-03 -6.954739801585674286e-03 9.999592900276184082e-01 7.111188888549804688e+00
9.999809265136718750e-01 1.070231432095170021e-03 6.061064079403877258e-03 3.878979012370109558e-02 -1.131075085140764713e-03 9.999489188194274902e-01 1.004341989755630493e-02 -6.642764061689376831e-02 -6.050006020814180374e-03 -1.005008723586797714e-02 9.999311566352844238e-01 8.016522407531738281e+00
9.999725222587585449e-01 8.583185845054686069e-04 7.340336684137582779e-03 4.889844730496406555e-02 -9.502591565251350403e-04 9.999210834503173828e-01 1.253059413284063339e-02 -6.329970806837081909e-02 -7.329002022743225098e-03 -1.253722887486219406e-02 9.998944997787475586e-01 8.750005722045898438e+00
9.999576807022094727e-01 1.901646144688129425e-03 8.981012739241123199e-03 5.801041796803474426e-02 -2.052164636552333832e-03 9.998571872711181641e-01 1.677967049181461334e-02 -6.352017819881439209e-02 -8.947819471359252930e-03 -1.679739542305469513e-02 9.998188614845275879e-01 9.635387420654296875e+00
9.999490380287170410e-01 3.255202434957027435e-03 9.533446282148361206e-03 6.547249853610992432e-02 -3.406844334676861763e-03 9.998673796653747559e-01 1.593290828168392181e-02 -6.269138306379318237e-02 -9.480315260589122772e-03 -1.596458069980144501e-02 9.998275637626647949e-01 1.049639892578125000e+01
9.999217987060546875e-01 2.643180079758167267e-03 1.220424100756645203e-02 7.531192153692245483e-02 -2.808586927130818367e-03 9.999042749404907227e-01 1.355569250881671906e-02 -6.757589429616928101e-02 -1.216723956167697906e-02 -1.358891464769840240e-02 9.998335838317871094e-01 1.137711143493652344e+01
9.999298453330993652e-01 3.759846091270446777e-03 1.121144462376832962e-02 8.831866085529327393e-02 -3.866055980324745178e-03 9.999478459358215332e-01 9.466310963034629822e-03 -7.176060229539871216e-02 -1.117526553571224213e-02 -9.508995339274406433e-03 9.998922348022460938e-01 1.244677543640136719e+01
9.999102950096130371e-01 3.237281693145632744e-03 1.297948043793439865e-02 9.611397236585617065e-02 -3.335361601784825325e-03 9.999661445617675781e-01 7.541702128946781158e-03 -7.806339859962463379e-02 -1.295462250709533691e-02 -7.584321778267621994e-03 9.998872280120849609e-01 1.318129539489746094e+01
9.998661279678344727e-01 4.118667915463447571e-03 1.582461223006248474e-02 1.120436489582061768e-01 -4.243201110512018204e-03 9.999603629112243652e-01 7.843776606023311615e-03 -8.302392065525054932e-02 -1.579167507588863373e-02 -7.909879088401794434e-03 9.998438954353332520e-01 1.394433021545410156e+01
9.998453855514526367e-01 5.075715947896242142e-03 1.682866364717483521e-02 1.250299066305160522e-01 -5.227407440543174744e-03 9.999461770057678223e-01 8.981846272945404053e-03 -8.687330037355422974e-02 -1.678216457366943359e-02 -9.068433195352554321e-03 9.998179674148559570e-01 1.476128101348876953e+01
9.997994899749755859e-01 3.898955881595611572e-03 1.963531598448753357e-02 1.349201649427413940e-01 -4.046462010592222214e-03 9.999639987945556641e-01 7.477945648133754730e-03 -9.226476401090621948e-02 -1.960545033216476440e-02 -7.555904332548379898e-03 9.997791647911071777e-01 1.538433933258056641e+01
9.997626543045043945e-01 5.554713774472475052e-03 2.105875313282012939e-02 1.516017913818359375e-01 -5.739262327551841736e-03 9.999457001686096191e-01 8.712942712008953094e-03 -9.921429306268692017e-02 -2.100920863449573517e-02 -8.831742219626903534e-03 9.997401833534240723e-01 1.602507209777832031e+01
9.996228218078613281e-01 5.021315999329090118e-03 2.699567005038261414e-02 1.741405129432678223e-01 -5.291639827191829681e-03 9.999365806579589844e-01 9.951235726475715637e-03 -9.908316284418106079e-02 -2.694398537278175354e-02 -1.009033806622028351e-02 9.995859265327453613e-01 1.654487037658691406e+01
9.995871186256408691e-01 5.453473888337612152e-03 2.820613794028759003e-02 1.893239915370941162e-01 -5.717157851904630661e-03 9.999407529830932617e-01 9.276029653847217560e-03 -1.030081063508987427e-01 -2.815387398004531860e-02 -9.433463215827941895e-03 9.995589852333068848e-01 1.714463996887207031e+01
9.995548725128173828e-01 3.289856249466538429e-03 2.964890375733375549e-02 2.080909460783004761e-01 -3.538378514349460602e-03 9.999591112136840820e-01 8.333383128046989441e-03 -1.021786332130432129e-01 -2.962026931345462799e-02 -8.434586226940155029e-03 9.995255470275878906e-01 1.771424865722656250e+01
9.995610713958740234e-01 2.696434035897254944e-03 2.949986793100833893e-02 2.213658541440963745e-01 -2.943738596513867378e-03 9.999609589576721191e-01 8.342798799276351929e-03 -1.047430634498596191e-01 -2.947621233761310577e-02 -8.425979875028133392e-03 9.995298981666564941e-01 1.814914894104003906e+01
9.995130896568298340e-01 2.390980953350663185e-03 3.111012279987335205e-02 2.416771948337554932e-01 -2.543838694691658020e-03 9.999849796295166016e-01 4.874603357166051865e-03 -1.069807037711143494e-01 -3.109799325466156006e-02 -4.951372276991605759e-03 9.995039701461791992e-01 1.852657127380371094e+01
9.994062781333923340e-01 4.546358250081539154e-03 3.415010869503021240e-02 2.599259614944458008e-01 -4.641520325094461441e-03 9.999856352806091309e-01 2.707674633711576462e-03 -1.077804639935493469e-01 -3.413730114698410034e-02 -2.864580601453781128e-03 9.994129538536071777e-01 1.894562149047851562e+01
9.995576143264770508e-01 5.720529239624738693e-03 2.918439358472824097e-02 2.600964605808258057e-01 -5.794162396341562271e-03 9.999803304672241211e-01 2.438914030790328979e-03 -1.103871911764144897e-01 -2.916986122727394104e-02 -2.606938127428293228e-03 9.995709657669067383e-01 1.924101066589355469e+01
9.996253252029418945e-01 5.748079158365726471e-03 2.676176093518733978e-02 2.705647349357604980e-01 -5.709248594939708710e-03 9.999826550483703613e-01 -1.527405576780438423e-03 -1.128271967172622681e-01 -2.677006833255290985e-02 1.374039100483059883e-03 9.996405839920043945e-01 1.969322013854980469e+01
9.996863007545471191e-01 6.429850589483976364e-03 2.420758269727230072e-02 2.827945947647094727e-01 -6.349536124616861343e-03 9.999741911888122559e-01 -3.393462626263499260e-03 -1.127610504627227783e-01 -2.422876842319965363e-02 3.238686360418796539e-03 9.997010827064514160e-01 2.009184455871582031e+01
9.997581243515014648e-01 6.003066431730985641e-03 2.115961164236068726e-02 2.810494303703308105e-01 -6.007612682878971100e-03 9.999820590019226074e-01 1.510386355221271515e-04 -1.131782829761505127e-01 -2.115831710398197174e-02 -2.781250514090061188e-04 9.997760057449340820e-01 2.040391349792480469e+01
9.998907446861267090e-01 4.957489203661680222e-03 1.392725296318531036e-02 2.765660285949707031e-01 -5.009608808904886246e-03 9.999806880950927734e-01 3.709808923304080963e-03 -1.110692247748374939e-01 -1.390858739614486694e-02 -3.779178252443671227e-03 9.998960494995117188e-01 2.072573471069335938e+01
9.998375177383422852e-01 4.784562159329652786e-03 1.738240011036396027e-02 2.779734730720520020e-01 -4.866410046815872192e-03 9.999773502349853516e-01 4.669297952204942703e-03 -1.019412279129028320e-01 -1.735966093838214874e-02 -4.753133282065391541e-03 9.998379349708557129e-01 2.097858810424804688e+01
9.998231530189514160e-01 6.291635800153017044e-03 1.772769726812839508e-02 2.822999358177185059e-01 -6.393619813024997711e-03 9.999633431434631348e-01 5.701848305761814117e-03 -9.696848690509796143e-02 -1.769117079675197601e-02 -5.814187228679656982e-03 9.998264908790588379e-01 2.107493782043457031e+01
9.998599290847778320e-01 4.289030097424983978e-03 1.618383824825286865e-02 2.849207520484924316e-01 -4.423259757459163666e-03 9.999560713768005371e-01 8.267254568636417389e-03 -9.533464163541793823e-02 -1.614766754209995270e-02 -8.337684907019138336e-03 9.998347759246826172e-01 2.112042999267578125e+01
9.998679161071777344e-01 3.652693470939993858e-03 1.584352180361747742e-02 2.859332263469696045e-01 -3.756193676963448524e-03 9.999717473983764648e-01 6.507696118205785751e-03 -1.015084534883499146e-01 -1.581930182874202728e-02 -6.566350348293781281e-03 9.998532533645629883e-01 2.113417816162109375e+01
9.998017549514770508e-01 3.306208411231637001e-03 1.963946782052516937e-02 2.922335267066955566e-01 -3.426081035286188126e-03 9.999756217002868652e-01 6.073052529245615005e-03 -1.003946587443351746e-01 -1.961890794336795807e-02 -6.139136850833892822e-03 9.997885823249816895e-01 2.121388053894042969e+01
9.998900890350341797e-01 2.690946916118264198e-03 1.458871178328990936e-02 2.786314785480499268e-01 -2.797588240355253220e-03 9.999694228172302246e-01 7.294319570064544678e-03 -9.906487166881561279e-02 -1.456863805651664734e-02 -7.334332913160324097e-03 9.998668432235717773e-01 2.118349456787109375e+01
9.998084902763366699e-01 -4.993806360289454460e-04 1.957045309245586395e-02 2.893950343132019043e-01 3.926058416254818439e-04 9.999849796295166016e-01 5.459405016154050827e-03 -1.057358980178833008e-01 -1.957288384437561035e-02 -5.450675264000892639e-03 9.997934103012084961e-01 2.136375999450683594e+01
9.998641014099121094e-01 2.483180956915020943e-03 1.630727387964725494e-02 2.785343527793884277e-01 -2.558279549703001976e-03 9.999862313270568848e-01 4.586003255099058151e-03 -1.030218005180358887e-01 -1.629566028714179993e-02 -4.627096001058816910e-03 9.998563528060913086e-01 2.138022613525390625e+01
9.999241232872009277e-01 5.657309666275978088e-03 1.095742546021938324e-02 2.714086771011352539e-01 -5.679581314325332642e-03 9.999818801879882812e-01 2.002368215471506119e-03 -1.114687398076057434e-01 -1.094589941203594208e-02 -2.064444590359926224e-03 9.999378323554992676e-01 2.151418304443359375e+01
9.999451637268066406e-01 4.730296786874532700e-03 9.355891495943069458e-03 2.748566865921020508e-01 -4.757210146635770798e-03 9.999846220016479492e-01 2.856324193999171257e-03 -1.194847524166107178e-01 -9.342237375676631927e-03 -2.900670282542705536e-03 9.999520182609558105e-01 2.185601043701171875e+01
9.998808503150939941e-01 4.234120249748229980e-03 1.485645584762096405e-02 2.878965437412261963e-01 -4.237087909132242203e-03 9.999910593032836914e-01 1.683472655713558197e-04 -1.276830881834030151e-01 -1.485561020672321320e-02 -2.312699798494577408e-04 9.998894333839416504e-01 2.224451828002929688e+01
9.998028278350830078e-01 4.170622210949659348e-03 1.942241378128528595e-02 2.988595068454742432e-01 -4.125236067920923233e-03 9.999886751174926758e-01 -2.376109827309846878e-03 -1.312963068485260010e-01 -1.943210326135158539e-02 2.295523881912231445e-03 9.998083710670471191e-01 2.246224975585937500e+01
9.998282790184020996e-01 2.618310507386922836e-03 1.835493929684162140e-02 2.962227761745452881e-01 -2.524553565308451653e-03 9.999836683273315430e-01 -5.129179917275905609e-03 -1.349840462207794189e-01 -1.836806721985340118e-02 5.081963725388050079e-03 9.998182058334350586e-01 2.260184097290039062e+01
9.998742938041687012e-01 5.502790445461869240e-04 1.585931703448295593e-02 3.030548095703125000e-01 -4.749687504954636097e-04 9.999885559082031250e-01 -4.751902073621749878e-03 -1.446495354175567627e-01 -1.586174964904785156e-02 4.743773490190505981e-03 9.998627901077270508e-01 2.298422431945800781e+01
9.999696016311645508e-01 1.534861075924709439e-04 7.828870788216590881e-03 2.971035242080688477e-01 -1.338077709078788757e-04 9.999967813491821289e-01 -2.513372106477618217e-03 -1.507332324981689453e-01 -7.829234935343265533e-03 2.512249862775206566e-03 9.999660253524780273e-01 2.326094436645507812e+01
9.999891519546508789e-01 2.032028511166572571e-03 -4.259099252521991730e-03 2.858996093273162842e-01 -2.039917744696140289e-03 9.999961853027343750e-01 -1.850060652941465378e-03 -1.508287340402603149e-01 4.255315288901329041e-03 1.858729403465986252e-03 9.999890923500061035e-01 2.335169219970703125e+01
9.998268485069274902e-01 1.636921311728656292e-03 -1.855188980698585510e-02 2.639477849006652832e-01 -1.670255558565258980e-03 9.999970197677612305e-01 -1.781730446964502335e-03 -1.572883129119873047e-01 1.854890212416648865e-02 1.812409958802163601e-03 9.998261928558349609e-01 2.352179336547851562e+01
9.995951652526855469e-01 4.387101624161005020e-03 -2.812066860496997833e-02 2.478903383016586304e-01 -4.481118172407150269e-03 9.999845623970031738e-01 -3.281074576079845428e-03 -1.603002399206161499e-01 2.810581959784030914e-02 3.405774943530559540e-03 9.995989799499511719e-01 2.371026420593261719e+01
9.980849027633666992e-01 7.898200303316116333e-03 -6.135724484920501709e-02 2.051979899406433105e-01 -7.944992743432521820e-03 9.999682903289794922e-01 -5.186498165130615234e-04 -1.689815372228622437e-01 6.135116517543792725e-02 1.005155500024557114e-03 9.981155991554260254e-01 2.403689575195312500e+01
9.962560534477233887e-01 5.675341933965682983e-03 -8.626816421747207642e-02 1.584920883178710938e-01 -5.435083527117967606e-03 9.999806880950927734e-01 3.019627649337053299e-03 -1.644661575555801392e-01 8.628357946872711182e-02 -2.539432141929864883e-03 9.962672591209411621e-01 2.434936714172363281e+01
9.950483441352844238e-01 7.096923887729644775e-03 -9.914086759090423584e-02 1.422120481729507446e-01 -6.474098656326532364e-03 9.999573230743408203e-01 6.602607667446136475e-03 -1.615853160619735718e-01 9.918343275785446167e-02 -5.928053520619869232e-03 9.950514435768127441e-01 2.446218299865722656e+01
9.941709041595458984e-01 7.949713617563247681e-03 -1.075247526168823242e-01 1.126373931765556335e-01 -7.303483318537473679e-03 9.999529123306274414e-01 6.402594503015279770e-03 -1.552316695451736450e-01 1.075705215334892273e-01 -5.579954013228416443e-03 9.941817522048950195e-01 2.472254180908203125e+01
9.914212226867675781e-01 1.032303366810083389e-02 -1.302997171878814697e-01 6.707354635000228882e-02 -9.107141755521297455e-03 9.999093413352966309e-01 9.924022480845451355e-03 -1.529063433408737183e-01 1.303902864456176758e-01 -8.652215823531150818e-03 9.914249181747436523e-01 2.489468383789062500e+01
9.895855784416198730e-01 8.148725144565105438e-03 -1.437171697616577148e-01 2.702449262142181396e-02 -7.436357904225587845e-03 9.999573230743408203e-01 5.493212491273880005e-03 -1.505529880523681641e-01 1.437557190656661987e-01 -4.367256071418523788e-03 9.896035790443420410e-01 2.506913566589355469e+01
9.871798157691955566e-01 1.038117706775665283e-02 -1.592760384082794189e-01 -1.436342298984527588e-02 -8.927705697715282440e-03 9.999118447303771973e-01 9.838344529271125793e-03 -1.539381295442581177e-01 1.593640446662902832e-01 -8.290227502584457397e-03 9.871850609779357910e-01 2.522414016723632812e+01
9.894508123397827148e-01 9.758600965142250061e-03 -1.445421278476715088e-01 1.064301468431949615e-03 -8.709351532161235809e-03 9.999309778213500977e-01 7.890084758400917053e-03 -1.551068276166915894e-01 1.446090787649154663e-01 -6.547963712364435196e-03 9.894671440124511719e-01 2.522312355041503906e+01
9.905396699905395508e-01 9.924507699906826019e-03 -1.368690431118011475e-01 -1.950755715370178223e-02 -9.764361195266246796e-03 9.999507069587707520e-01 1.841315999627113342e-03 -1.615722775459289551e-01 1.368805021047592163e-01 -4.874416626989841461e-04 9.905874133110046387e-01 2.542645835876464844e+01
9.915065765380859375e-01 9.256748482584953308e-03 -1.297280490398406982e-01 -4.317196458578109741e-02 -9.067283011972904205e-03 9.999569058418273926e-01 2.050946932286024094e-03 -1.607793718576431274e-01 1.297413855791091919e-01 -8.572291117161512375e-04 9.915474653244018555e-01 2.562351417541503906e+01
9.925616383552551270e-01 7.426704745739698410e-03 -1.215175986289978027e-01 -5.931676551699638367e-02 -7.253802381455898285e-03 9.999720454216003418e-01 1.865062629804015160e-03 -1.689801514148712158e-01 1.215279921889305115e-01 -9.697048808448016644e-04 9.925875067710876465e-01 2.585537719726562500e+01
9.946285486221313477e-01 2.232062397524714470e-03 -1.034854799509048462e-01 -9.174470603466033936e-02 -2.099283272400498390e-03 9.999969005584716797e-01 1.391838770359754562e-03 -1.682971417903900146e-01 1.034882068634033203e-01 -1.167094334959983826e-03 9.946299195289611816e-01 2.623093795776367188e+01
9.951809048652648926e-01 1.798064797185361385e-03 -9.804053604602813721e-02 -1.170854568481445312e-01 -1.580314012244343758e-03 9.999962449073791504e-01 2.298509702086448669e-03 -1.682471036911010742e-01 9.804424643516540527e-02 -2.132474444806575775e-03 9.951796531677246094e-01 2.652487373352050781e+01
9.936608076095581055e-01 1.487137516960501671e-03 -1.124109923839569092e-01 -1.781631112098693848e-01 -1.342481467872858047e-03 9.999983310699462891e-01 1.362393843010067940e-03 -1.745594441890716553e-01 1.124127805233001709e-01 -1.202823361381888390e-03 9.936607480049133301e-01 2.689177131652832031e+01
9.918936491012573242e-01 3.513169940561056137e-03 -1.270235627889633179e-01 -2.368638068437576294e-01 -2.734455047175288200e-03 9.999765753746032715e-01 6.304283626377582550e-03 -1.762530356645584106e-01 1.270426660776138306e-01 -5.905815865844488144e-03 9.918795824050903320e-01 2.728351020812988281e+01
9.896163344383239746e-01 4.702051635831594467e-03 -1.436587572097778320e-01 -2.917947769165039062e-01 -3.151332959532737732e-03 9.999344944953918457e-01 1.102015469223260880e-02 -1.816951334476470947e-01 1.437010914087295532e-01 -1.045298669487237930e-02 9.895659089088439941e-01 2.749316978454589844e+01
9.855145215988159180e-01 4.548009019345045090e-03 -1.695312857627868652e-01 -3.698895871639251709e-01 -2.909704810008406639e-03 9.999468326568603516e-01 9.910971857607364655e-03 -1.777713000774383545e-01 1.695672720670700073e-01 -9.274099953472614288e-03 9.854749441146850586e-01 2.780964660644531250e+01
9.808816313743591309e-01 7.637377362698316574e-03 -1.944562941789627075e-01 -4.417546987533569336e-01 -5.219613667577505112e-03 9.999027848243713379e-01 1.294283848255872726e-02 -1.696634292602539062e-01 1.945361495018005371e-01 -1.168037857860326767e-02 9.808257222175598145e-01 2.805487632751464844e+01
9.752715229988098145e-01 9.245251305401325226e-03 -2.208175510168075562e-01 -5.146362185478210449e-01 -5.902234930545091629e-03 9.998580217361450195e-01 1.579431071877479553e-02 -1.676485091447830200e-01 2.209321111440658569e-01 -1.410039421170949936e-02 9.751871824264526367e-01 2.826029014587402344e+01
9.708414673805236816e-01 9.484186768531799316e-03 -2.395355999469757080e-01 -5.995256900787353516e-01 -5.789839196950197220e-03 9.998534321784973145e-01 1.612196490168571472e-02 -1.679749041795730591e-01 2.396532744169235229e-01 -1.426497008651494980e-02 9.707536697387695312e-01 2.850211715698242188e+01
9.680485725402832031e-01 1.053601317107677460e-02 -2.505421340465545654e-01 -6.780350208282470703e-01 -6.159620359539985657e-03 9.998147487640380859e-01 1.824548095464706421e-02 -1.618028432130813599e-01 2.506878077983856201e-01 -1.611924357712268829e-02 9.679337739944458008e-01 2.878198051452636719e+01
9.655069112777709961e-01 1.371347811073064804e-02 -2.600166797637939453e-01 -7.413798570632934570e-01 -8.438862860202789307e-03 9.997357726097106934e-01 2.139122597873210907e-02 -1.608237177133560181e-01 2.602411806583404541e-01 -1.845909655094146729e-02 9.653671383857727051e-01 2.900000572204589844e+01
9.619610905647277832e-01 1.461134664714336395e-02 -2.727960050106048584e-01 -8.624144792556762695e-01 -8.177031762897968292e-03 9.996615052223205566e-01 2.470859885215759277e-02 -1.527204811573028564e-01 2.730645239353179932e-01 -2.153801172971725464e-02 9.617545008659362793e-01 2.936852645874023438e+01
9.482979774475097656e-01 1.624402776360511780e-02 -3.169656693935394287e-01 -1.081818222999572754e+00 -8.414453826844692230e-03 9.996253848075866699e-01 2.605494484305381775e-02 -1.372591555118560791e-01 3.172699809074401855e-01 -2.204072102904319763e-02 9.480790495872497559e-01 2.992991638183593750e+01
9.361982941627502441e-01 1.852866262197494507e-02 -3.509836792945861816e-01 -1.288317203521728516e+00 -9.438625536859035492e-03 9.995750188827514648e-01 2.759202755987644196e-02 -1.307015419006347656e-01 3.513455390930175781e-01 -2.251876518130302429e-02 9.359748959541320801e-01 3.041735267639160156e+01
9.234802126884460449e-01 2.013994380831718445e-02 -3.831170797348022461e-01 -1.536349058151245117e+00 -9.987042285501956940e-03 9.995449781417846680e-01 2.847153693437576294e-02 -1.185776591300964355e-01 3.835159838199615479e-01 -2.246665395796298981e-02 9.232608079910278320e-01 3.097854995727539062e+01
9.134393930435180664e-01 1.998278312385082245e-02 -4.064840376377105713e-01 -1.764910459518432617e+00 -9.384952485561370850e-03 9.995627403259277344e-01 2.804894745349884033e-02 -1.106387302279472351e-01 4.068666100502014160e-01 -2.180613577365875244e-02 9.132271409034729004e-01 3.146223449707031250e+01
8.998696804046630859e-01 2.249502576887607574e-02 -4.355784654617309570e-01 -2.089585781097412109e+00 -9.384341537952423096e-03 9.994367957115173340e-01 3.222762420773506165e-02 -1.002196073532104492e-01 4.360578954219818115e-01 -2.491299994289875031e-02 8.995736241340637207e-01 3.209466934204101562e+01
8.933619260787963867e-01 2.283040992915630341e-02 -4.487574696540832520e-01 -2.446357011795043945e+00 -8.349083364009857178e-03 9.993796944618225098e-01 3.422221168875694275e-02 -8.612679690122604370e-02 4.492601752281188965e-01 -2.682606130838394165e-02 8.929979801177978516e-01 3.278709411621093750e+01
8.865924477577209473e-01 2.155007421970367432e-02 -4.620491266250610352e-01 -2.865202188491821289e+00 -6.948804482817649841e-03 9.994222521781921387e-01 3.327967599034309387e-02 -7.065650820732116699e-02 4.624990820884704590e-01 -2.629477903246879578e-02 8.862295746803283691e-01 3.357831192016601562e+01
8.767109513282775879e-01 2.153895236551761627e-02 -4.805349111557006836e-01 -3.241862773895263672e+00 -7.399942725896835327e-03 9.994829893112182617e-01 3.129884228110313416e-02 -5.618242174386978149e-02 4.809603393077850342e-01 -2.388406917452812195e-02 8.764168024063110352e-01 3.425524520874023438e+01
8.740074038505554199e-01 2.344092726707458496e-02 -4.853468537330627441e-01 -3.724760293960571289e+00 -8.624757640063762665e-03 9.994270205497741699e-01 3.273818641901016235e-02 -4.134792089462280273e-02 4.858359098434448242e-01 -2.442737668752670288e-02 8.737084865570068359e-01 3.511639785766601562e+01
8.680251836776733398e-01 2.444254234433174133e-02 -4.959180951118469238e-01 -4.214581012725830078e+00 -8.132149465382099152e-03 9.993537664413452148e-01 3.502153232693672180e-02 -2.301262319087982178e-02 4.964533448219299316e-01 -2.636665105819702148e-02 8.676627278327941895e-01 3.596310424804687500e+01
8.636298775672912598e-01 2.888160385191440582e-02 -5.032984018325805664e-01 -4.748552799224853516e+00 -1.048747450113296509e-02 9.991710782051086426e-01 3.934118151664733887e-02 1.676335930824279785e-03 5.040171742439270020e-01 -2.869787067174911499e-02 8.632165789604187012e-01 3.687082290649414062e+01
8.588169813156127930e-01 3.590483218431472778e-02 -5.110226869583129883e-01 -5.289948463439941406e+00 -1.545498240739107132e-02 9.989029765129089355e-01 4.421022534370422363e-02 3.482138365507125854e-02 5.120492577552795410e-01 -3.007063269615173340e-02 8.584294319152832031e-01 3.777630615234375000e+01
8.543261885643005371e-01 3.805802389979362488e-02 -5.183418989181518555e-01 -5.828148841857910156e+00 -1.529221795499324799e-02 9.987245798110961914e-01 4.812446236610412598e-02 6.423733383417129517e-02 5.195121169090270996e-01 -3.318737074732780457e-02 8.538182377815246582e-01 3.865346908569335938e+01
8.538119792938232422e-01 3.788051754236221313e-02 -5.192013382911682129e-01 -6.369547367095947266e+00 -1.635854132473468781e-02 9.988090991973876953e-01 4.597112536430358887e-02 1.000321134924888611e-01 5.203242897987365723e-01 -3.075729869306087494e-02 8.534146547317504883e-01 3.953790664672851562e+01
8.541713356971740723e-01 3.704970329999923706e-02 -5.186699628829956055e-01 -6.879644393920898438e+00 -1.695742458105087280e-02 9.989128708839416504e-01 4.342813044786453247e-02 1.256493330001831055e-01 5.197149515151977539e-01 -2.829973585903644562e-02 8.538709282875061035e-01 4.037104415893554688e+01
8.553862571716308594e-01 3.716344386339187622e-02 -5.166558027267456055e-01 -7.318539619445800781e+00 -1.707832887768745422e-02 9.989043474197387695e-01 4.357668384909629822e-02 1.494668573141098022e-01 5.177090167999267578e-01 -2.845125831663608551e-02 8.550835847854614258e-01 4.109537506103515625e+01
8.557266592979431152e-01 3.681596368551254272e-02 -5.161167979240417480e-01 -7.757961273193359375e+00 -1.687769219279289246e-02 9.989210367202758789e-01 4.327225312590599060e-02 1.712282598018646240e-01 5.171528458595275879e-01 -2.831833809614181519e-02 8.554245233535766602e-01 4.182519531250000000e+01
8.565495014190673828e-01 3.524469211697578430e-02 -5.148599743843078613e-01 -8.327001571655273438e+00 -1.628229208290576935e-02 9.990144371986389160e-01 4.129929468035697937e-02 1.982124149799346924e-01 5.158079862594604492e-01 -2.699176594614982605e-02 8.562790155410766602e-01 4.277299118041992188e+01
8.573772907257080078e-01 3.262550011277198792e-02 -5.136533975601196289e-01 -8.709984779357910156e+00 -1.537154614925384521e-02 9.991671442985534668e-01 3.780583664774894714e-02 2.188119739294052124e-01 5.144588947296142578e-01 -2.451819553971290588e-02 8.571645617485046387e-01 4.341886138916015625e+01
8.573619723320007324e-01 3.048545867204666138e-02 -5.138104557991027832e-01 -9.153878211975097656e+00 -1.499140728265047073e-02 9.993003010749816895e-01 3.427537530660629272e-02 2.339865565299987793e-01 5.144956111907958984e-01 -2.168364077806472778e-02 8.572188615798950195e-01 4.416135406494140625e+01
8.566998839378356934e-01 2.876105345785617828e-02 -5.150128602981567383e-01 -9.601701736450195312e+00 -1.518882438540458679e-02 9.994183182716369629e-01 3.054688312113285065e-02 2.512790262699127197e-01 5.155916213989257812e-01 -1.834705099463462830e-02 8.566380739212036133e-01 4.491071701049804688e+01
8.570136427879333496e-01 2.746171876788139343e-02 -5.145615935325622559e-01 -1.010767650604248047e+01 -1.601474359631538391e-02 9.995163679122924805e-01 2.667040191590785980e-02 2.628731131553649902e-01 5.150448679924011230e-01 -1.461630687117576599e-02 8.570386171340942383e-01 4.574880981445312500e+01
8.569799065589904785e-01 3.134863823652267456e-02 -5.143955945968627930e-01 -1.057817935943603516e+01 -1.804877631366252899e-02 9.993619322776794434e-01 3.083458729088306427e-02 2.800627350807189941e-01 5.150337219238281250e-01 -1.714039407670497894e-02 8.569985628128051758e-01 4.652671813964843750e+01
8.568655848503112793e-01 3.494292870163917542e-02 -5.143544077873229980e-01 -1.107035160064697266e+01 -1.857900246977806091e-02 9.991456270217895508e-01 3.692656755447387695e-02 2.976920604705810547e-01 5.152049660682678223e-01 -2.208489738404750824e-02 8.567824363708496094e-01 4.734683227539062500e+01
8.550883531570434570e-01 3.828684613108634949e-02 -5.170668959617614746e-01 -1.161696147918701172e+01 -1.946190930902957916e-02 9.989374876022338867e-01 4.178277030587196350e-02 3.201915323734283447e-01 5.181169509887695312e-01 -2.566483244299888611e-02 8.549246191978454590e-01 4.824253082275390625e+01
8.558668494224548340e-01 4.271797463297843933e-02 -5.154292583465576172e-01 -1.217470359802246094e+01 -2.169947139918804169e-02 9.986718297004699707e-01 4.673650115728378296e-02 3.578114211559295654e-01 5.167407989501953125e-01 -2.881566435098648071e-02 8.556567430496215820e-01 4.915938186645507812e+01
8.558657765388488770e-01 4.492839053273200989e-02 -5.152431130409240723e-01 -1.273328590393066406e+01 -2.185494638979434967e-02 9.984719157218933105e-01 5.076209455728530884e-02 3.925525248050689697e-01 5.167360305786132812e-01 -3.218491375446319580e-02 8.555395603179931641e-01 5.007961654663085938e+01
8.549923896789550781e-01 4.561887681484222412e-02 -5.166305899620056152e-01 -1.333791351318359375e+01 -2.149476297199726105e-02 9.983853697776794434e-01 5.258562043309211731e-02 4.311226010322570801e-01 5.181949138641357422e-01 -3.385543823242187500e-02 8.545921444892883301e-01 5.107870101928710938e+01
8.547985553741455078e-01 4.385169968008995056e-02 -5.171040892601013184e-01 -1.386576938629150391e+01 -2.196353487670421600e-02 9.985879659652709961e-01 4.837587848305702209e-02 4.681110680103302002e-01 5.184949040412902832e-01 -2.999418601393699646e-02 8.545544147491455078e-01 5.194730758666992188e+01
8.546818494796752930e-01 4.145209491252899170e-02 -5.174946784973144531e-01 -1.444784927368164062e+01 -2.145746164023876190e-02 9.987762570381164551e-01 4.456480965018272400e-02 4.991014599800109863e-01 5.187082886695861816e-01 -2.698460221290588379e-02 8.545252084732055664e-01 5.289811325073242188e+01
8.541541099548339844e-01 4.021431878209114075e-02 -5.184627175331115723e-01 -1.510371971130371094e+01 -2.253845892846584320e-02 9.989316463470458984e-01 4.035009443759918213e-02 5.318899154663085938e-01 5.195310711860656738e-01 -2.277984097599983215e-02 8.541477322578430176e-01 5.398834228515625000e+01
8.529191613197326660e-01 3.791108354926109314e-02 -5.206646323204040527e-01 -1.573905372619628906e+01 -2.255797758698463440e-02 9.991047978401184082e-01 3.579463064670562744e-02 5.595284104347229004e-01 5.215551853179931641e-01 -1.878478378057479858e-02 8.530106544494628906e-01 5.503527450561523438e+01
8.508403897285461426e-01 4.110177606344223022e-02 -5.238141417503356934e-01 -1.633900451660156250e+01 -2.643448114395141602e-02 9.990219473838806152e-01 3.545157983899116516e-02 5.810962915420532227e-01 5.247585773468017578e-01 -1.631687954068183899e-02 8.510946035385131836e-01 5.600892257690429688e+01
8.485242724418640137e-01 4.394244402647018433e-02 -5.273287296295166016e-01 -1.695646476745605469e+01 -2.831800468266010284e-02 9.988890886306762695e-01 3.767118602991104126e-02 6.078951954841613770e-01 5.283978581428527832e-01 -1.703201606869697571e-02 8.488258719444274902e-01 5.700045776367187500e+01
8.464465141296386719e-01 4.922329261898994446e-02 -5.301937460899353027e-01 -1.757624626159667969e+01 -3.195552527904510498e-02 9.986193776130676270e-01 4.169547185301780701e-02 6.370769739151000977e-01 5.315137505531311035e-01 -1.835036464035511017e-02 8.468507528305053711e-01 5.798423385620117188e+01
8.441035151481628418e-01 5.023190751671791077e-02 -5.338221788406372070e-01 -1.821440315246582031e+01 -3.372058272361755371e-02 9.986045956611633301e-01 4.064675793051719666e-02 6.715046167373657227e-01 5.351186990737915039e-01 -1.630927063524723053e-02 8.446193933486938477e-01 5.899353790283203125e+01
8.436411619186401367e-01 5.268147960305213928e-02 -5.343167185783386230e-01 -1.882995033264160156e+01 -3.504996001720428467e-02 9.984558224678039551e-01 4.310276359319686890e-02 6.994757652282714844e-01 5.357619524002075195e-01 -1.763547956943511963e-02 8.441848158836364746e-01 5.995505142211914062e+01
8.440702557563781738e-01 5.663035064935684204e-02 -5.332338809967041016e-01 -1.943573379516601562e+01 -3.765391185879707336e-02 9.982127547264099121e-01 4.640848562121391296e-02 7.355531454086303711e-01 5.349085927009582520e-01 -1.909367926418781281e-02 8.446940183639526367e-01 6.091029739379882812e+01
8.448143601417541504e-01 5.630521848797798157e-02 -5.320886969566345215e-01 -2.004018211364746094e+01 -3.751742467284202576e-02 9.982338547706604004e-01 4.606468230485916138e-02 7.726680040359497070e-01 5.337422490119934082e-01 -1.895350590348243713e-02 8.454346656799316406e-01 6.187067031860351562e+01
8.455753326416015625e-01 5.522205308079719543e-02 -5.309924483299255371e-01 -2.066005325317382812e+01 -3.772826865315437317e-02 9.983302950859069824e-01 4.374400526285171509e-02 8.099779486656188965e-01 5.325210094451904297e-01 -1.695542410016059875e-02 8.462467789649963379e-01 6.285713195800781250e+01
8.476873636245727539e-01 5.337851494550704956e-02 -5.278037786483764648e-01 -2.130386161804199219e+01 -3.815428912639617920e-02 9.984830021858215332e-01 3.970151394605636597e-02 8.444921374320983887e-01 5.291218757629394531e-01 -1.351649407297372818e-02 8.484379649162292480e-01 6.389225006103515625e+01
8.486799597740173340e-01 5.207596346735954285e-02 -5.263367295265197754e-01 -2.191592979431152344e+01 -3.847367316484451294e-02 9.985831379890441895e-01 3.676415607333183289e-02 8.697200417518615723e-01 5.275051593780517578e-01 -1.095089595764875412e-02 8.494809865951538086e-01 6.487466430664062500e+01
8.485662341117858887e-01 5.391576886177062988e-02 -5.263348817825317383e-01 -2.251158523559570312e+01 -4.075326770544052124e-02 9.984995126724243164e-01 3.657938167452812195e-02 8.955961465835571289e-01 5.275169014930725098e-01 -9.590166620910167694e-03 8.494901657104492188e-01 6.583123016357421875e+01
8.502236008644104004e-01 5.473522841930389404e-02 -5.235684514045715332e-01 -2.310088157653808594e+01 -4.181382805109024048e-02 9.984593391418457031e-01 3.647999465465545654e-02 9.183229207992553711e-01 5.247581005096435547e-01 -9.123756550252437592e-03 8.512022495269775391e-01 6.678307342529296875e+01
8.499359488487243652e-01 5.358509346842765808e-02 -5.241541266441345215e-01 -2.370834541320800781e+01 -4.224140942096710205e-02 9.985429048538208008e-01 3.358648717403411865e-02 9.412321448326110840e-01 5.251896381378173828e-01 -6.405356340110301971e-03 8.509608507156372070e-01 6.776099395751953125e+01
8.517130017280578613e-01 5.513624101877212524e-02 -5.210998058319091797e-01 -2.434562492370605469e+01 -4.455557465553283691e-02 9.984677433967590332e-01 3.282129764556884766e-02 9.605271816253662109e-01 5.221105813980102539e-01 -4.736428614705801010e-03 8.528643846511840820e-01 6.879161071777343750e+01
8.533042073249816895e-01 5.878524482250213623e-02 -5.180891752243041992e-01 -2.497488594055175781e+01 -4.731829464435577393e-02 9.982548356056213379e-01 3.533317893743515015e-02 9.864247441291809082e-01 5.192616581916809082e-01 -5.634862463921308517e-03 8.545964956283569336e-01 6.982144165039062500e+01
8.552559614181518555e-01 6.216613948345184326e-02 -5.144636034965515137e-01 -2.559737396240234375e+01 -4.879639670252799988e-02 9.980282783508300781e-01 3.947829455137252808e-02 1.009614944458007812e+00 5.159029960632324219e-01 -8.660089224576950073e-03 8.566030263900756836e-01 7.085079956054687500e+01
8.552608489990234375e-01 6.085931509733200073e-02 -5.146116614341735840e-01 -2.619234848022460938e+01 -4.885059967637062073e-02 9.981259703636169434e-01 3.685351833701133728e-02 1.031850337982177734e+00 5.158897638320922852e-01 -6.380298640578985214e-03 8.566309809684753418e-01 7.183782958984375000e+01
8.557453155517578125e-01 5.938927084207534790e-02 -5.139775276184082031e-01 -2.677981948852539062e+01 -5.053841322660446167e-02 9.982346296310424805e-01 3.120058588683605194e-02 1.049564123153686523e+00 5.149228572845458984e-01 -7.241577841341495514e-04 8.572359085083007812e-01 7.281364440917968750e+01
8.562102913856506348e-01 6.246850639581680298e-02 -5.128368735313415527e-01 -2.736104583740234375e+01 -5.407613515853881836e-02 9.980464577674865723e-01 3.128852695226669312e-02 1.069153666496276855e+00 5.137893557548522949e-01 9.426669566892087460e-04 8.579155206680297852e-01 7.378382110595703125e+01
8.579044342041015625e-01 6.540535390377044678e-02 -5.096294283866882324e-01 -2.796887397766113281e+01 -5.596295744180679321e-02 9.978585839271545410e-01 3.385679796338081360e-02 1.092174887657165527e+00 5.107523798942565918e-01 -5.255406722426414490e-04 8.597274422645568848e-01 7.480499267578125000e+01
8.590427041053771973e-01 6.758777797222137451e-02 -5.074225068092346191e-01 -2.854386138916015625e+01 -5.725481361150741577e-02 9.977115988731384277e-01 3.596368432044982910e-02 1.116128087043762207e+00 5.086919069290161133e-01 -1.841973396949470043e-03 8.609464168548583984e-01 7.577860260009765625e+01
8.613322973251342773e-01 6.720505654811859131e-02 -5.035774707794189453e-01 -2.913876152038574219e+01 -5.733866617083549500e-02 9.977382421493530273e-01 3.507982939481735229e-02 1.142888784408569336e+00 5.047959685325622559e-01 -1.340940827503800392e-03 8.632373809814453125e-01 7.679789733886718750e+01
8.630464076995849609e-01 6.708583235740661621e-02 -5.006501078605651855e-01 -2.974976730346679688e+01 -5.734469369053840637e-02 9.977462887763977051e-01 3.484170883893966675e-02 1.169600248336791992e+00 5.018590688705444336e-01 -1.360395457595586777e-03 8.649480342864990234e-01 7.785131072998046875e+01
8.642860054969787598e-01 6.797108799219131470e-02 -4.983870983123779297e-01 -3.031498908996582031e+01 -5.879264324903488159e-02 9.976873397827148438e-01 3.411049768328666687e-02 1.193130612373352051e+00 4.995528757572174072e-01 -1.797444419935345650e-04 8.662830591201782227e-01 7.883886718750000000e+01
8.655827641487121582e-01 6.919897347688674927e-02 -4.959616959095001221e-01 -3.086259269714355469e+01 -5.993186309933662415e-02 9.976028800010681152e-01 3.459360450506210327e-02 1.214216351509094238e+00 4.971665143966674805e-01 -2.197355788666754961e-04 8.676548004150390625e-01 7.980226898193359375e+01
8.672223687171936035e-01 6.987447291612625122e-02 -4.929937422275543213e-01 -3.141829490661621094e+01 -6.129351258277893066e-02 9.975551962852478027e-01 3.356743603944778442e-02 1.235809564590454102e+00 4.941338300704956055e-01 1.106864307075738907e-03 8.693848252296447754e-01 8.078408050537109375e+01
8.691061735153198242e-01 7.128818333148956299e-02 -4.894612729549407959e-01 -3.199743080139160156e+01 -6.246529519557952881e-02 9.974555373191833496e-01 3.435986116528511047e-02 1.260198950767517090e+00 4.906651377677917480e-01 7.119518704712390900e-04 8.713476657867431641e-01 8.181448364257812500e+01
8.702748417854309082e-01 7.091242820024490356e-02 -4.874350428581237793e-01 -3.259136199951171875e+01 -6.176753342151641846e-02 9.974825978279113770e-01 3.483372181653976440e-02 1.281961560249328613e+00 4.886779487133026123e-01 -2.072757342830300331e-04 8.724639415740966797e-01 8.287364196777343750e+01
8.720306754112243652e-01 6.877358257770538330e-02 -4.845951497554779053e-01 -3.318529891967773438e+01 -6.097827851772308350e-02 9.976308345794677734e-01 3.185277804732322693e-02 1.300870895385742188e+00 4.856374859809875488e-01 1.773155294358730316e-03 8.741582036018371582e-01 8.394053649902343750e+01
