9.999770522117614746e-01 3.365635406225919724e-03 -5.879743956029415131e-03 -3.329371660947799683e-02 -3.321402240544557571e-03 9.999662637710571289e-01 7.516590878367424011e-03 -2.898634970188140869e-02 5.904843099415302277e-03 -7.496889680624008179e-03 9.999544620513916016e-01 2.732553482055664062e+00
9.999634027481079102e-01 -2.494887216016650200e-03 -8.182123303413391113e-03 -3.746399283409118652e-02 2.544706221669912338e-03 9.999783039093017578e-01 6.083984859287738800e-03 -7.617544382810592651e-02 8.166765794157981873e-03 -6.104583851993083954e-03 9.999480247497558594e-01 5.602852821350097656e+00
9.997742772102355957e-01 -1.189902331680059433e-02 -1.760442927479743958e-02 -7.419693470001220703e-02 1.209320593625307083e-02 9.998667836189270020e-01 1.096517592668533325e-02 -1.137118563055992126e-01 1.747160777449607849e-02 -1.117559522390365601e-02 9.997848868370056152e-01 8.225040435791015625e+00
9.996088147163391113e-01 -1.295084413141012192e-02 -2.478940412402153015e-02 -1.119194626808166504e-01 1.334613375365734100e-02 9.997853636741638184e-01 1.584731787443161011e-02 -1.119857355952262878e-01 2.457884512841701508e-02 -1.617196202278137207e-02 9.995670914649963379e-01 1.096907138824462891e+01
9.994567036628723145e-01 -1.453230902552604675e-02 -2.958199381828308105e-02 -1.944211572408676147e-01 1.509892754256725311e-02 9.997050762176513672e-01 1.902167312800884247e-02 -1.274450272321701050e-01 2.929683588445186615e-02 -1.945799402892589569e-02 9.993813633918762207e-01 1.386800003051757812e+01
9.992116093635559082e-01 -1.696175150573253632e-02 -3.589405864477157593e-02 -2.847687602043151855e-01 1.801517419517040253e-02 9.994103312492370605e-01 2.923095971345901489e-02 -1.183269321918487549e-01 3.537708148360252380e-02 -2.985455468297004700e-02 9.989280700683593750e-01 1.660015296936035156e+01
9.987224340438842773e-01 -2.925065159797668457e-02 -4.120356589555740356e-02 -3.964030444622039795e-01 3.055243939161300659e-02 9.990421533584594727e-01 3.132660686969757080e-02 -1.097594350576400757e-01 4.024777188897132874e-02 -3.254545852541923523e-02 9.986596107482910156e-01 1.934944534301757812e+01
9.985322952270507812e-01 -2.775883488357067108e-02 -4.650330543518066406e-02 -5.156838297843933105e-01 2.955212816596031189e-02 9.988281130790710449e-01 3.832940012216567993e-02 -7.960210740566253662e-02 4.538483172655105591e-02 -3.964741900563240051e-02 9.981825351715087891e-01 2.215314865112304688e+01
9.981452822685241699e-01 -3.822595626115798950e-02 -4.737766832113265991e-02 -6.267661452293395996e-01 3.999594599008560181e-02 9.985148906707763672e-01 3.699141368269920349e-02 -1.133441925048828125e-02 4.589327797293663025e-02 -3.881772607564926147e-02 9.981918931007385254e-01 2.499081993103027344e+01
9.983630180358886719e-01 -3.926935419440269470e-02 -4.158245772123336792e-02 -7.449481487274169922e-01 4.082420468330383301e-02 9.984726309776306152e-01 3.722701594233512878e-02 1.682086288928985596e-02 4.005707055330276489e-02 -3.886364772915840149e-02 9.984413385391235352e-01 2.768382263183593750e+01
9.980761408805847168e-01 -4.988427460193634033e-02 -3.681649640202522278e-02 -8.498635292053222656e-01 5.126513168215751648e-02 9.979782700538635254e-01 3.756653144955635071e-02 7.369999587535858154e-02 3.486809134483337402e-02 -3.938166052103042603e-02 9.986156821250915527e-01 3.046395111083984375e+01
9.980506300926208496e-01 -4.841588065028190613e-02 -3.937862068414688110e-02 -9.795235395431518555e-01 4.986666887998580933e-02 9.980801343917846680e-01 3.673356771469116211e-02 9.863320738077163696e-02 3.752453625202178955e-02 -3.862564638257026672e-02 9.985489249229431152e-01 3.333536529541015625e+01
9.978312849998474121e-01 -4.858586192131042480e-02 -4.440660029649734497e-02 -1.109666705131530762e+00 5.037619546055793762e-02 9.979238510131835938e-01 4.012784734368324280e-02 1.415897607803344727e-01 4.236476495862007141e-02 -4.227786511182785034e-02 9.982072710990905762e-01 3.620027542114257812e+01
9.975225329399108887e-01 -5.059322342276573181e-02 -4.887620359659194946e-02 -1.266295313835144043e+00 5.251802876591682434e-02 9.978607892990112305e-01 3.893335908651351929e-02 2.081986218690872192e-01 4.680188745260238647e-02 -4.140380024909973145e-02 9.980456829071044922e-01 3.926901245117187500e+01
9.967723488807678223e-01 -5.929584428668022156e-02 -5.411700531840324402e-02 -1.430632591247558594e+00 6.135895848274230957e-02 9.974188804626464844e-01 3.729167208075523376e-02 2.671538293361663818e-01 5.176609009504318237e-02 -4.049188643693923950e-02 9.978379607200622559e-01 4.200550842285156250e+01
9.960685372352600098e-01 -6.533126533031463623e-02 -5.982599779963493347e-02 -1.568268179893493652e+00 6.772034615278244019e-02 9.969490170478820801e-01 3.881511464715003967e-02 3.168874979019165039e-01 5.710764229297637939e-02 -4.271396622061729431e-02 9.974538683891296387e-01 4.479036712646484375e+01
9.955642819404602051e-01 -7.462804019451141357e-02 -5.729069560766220093e-02 -1.739142298698425293e+00 7.698077708482742310e-02 9.962291717529296875e-01 4.001830518245697021e-02 3.807589411735534668e-01 5.408818274736404419e-02 -4.425109177827835083e-02 9.975551366806030273e-01 4.758787536621093750e+01
9.951413869857788086e-01 -7.314579933881759644e-02 -6.590241193771362305e-02 -1.894633650779724121e+00 7.564572244882583618e-02 9.964749813079833984e-01 3.626932948827743530e-02 4.661614298820495605e-01 6.301715970039367676e-02 -4.107835888862609863e-02 9.971666932106018066e-01 5.035612487792968750e+01
9.946861267089843750e-01 -7.879596203565597534e-02 -6.626099348068237305e-02 -2.061326265335083008e+00 8.104473352432250977e-02 9.961979985237121582e-01 3.196004033088684082e-02 5.242927074432373047e-01 6.349075585603713989e-02 -3.716032579541206360e-02 9.972903132438659668e-01 5.313246536254882812e+01
9.941418170928955078e-01 -8.418948948383331299e-02 -6.777969002723693848e-02 -2.234629392623901367e+00 8.646522462368011475e-02 9.957609772682189941e-01 3.136754408478736877e-02 5.808495283126831055e-01 6.485156714916229248e-02 -3.704438731074333191e-02 9.972071051597595215e-01 5.589497756958007812e+01
9.941480755805969238e-01 -8.781138062477111816e-02 -6.291766464710235596e-02 -2.400418758392333984e+00 8.995254337787628174e-02 9.954304695129394531e-01 3.204223886132240295e-02 6.150829195976257324e-01 5.981650575995445251e-02 -3.751434758305549622e-02 9.975042343139648438e-01 5.834291076660156250e+01
9.937875270843505859e-01 -8.996240049600601196e-02 -6.552081555128097534e-02 -2.583920478820800781e+00 9.253391623497009277e-02 9.950096607208251953e-01 3.732535615563392639e-02 6.542542576789855957e-01 6.183598935604095459e-02 -4.315638542175292969e-02 9.971529245376586914e-01 6.113493347167968750e+01
9.934511780738830566e-01 -9.458973258733749390e-02 -6.408835202455520630e-02 -2.725459575653076172e+00 9.705965965986251831e-02 9.946060180664062500e-01 3.658265992999076843e-02 7.185488939285278320e-01 6.028234213590621948e-02 -4.256349429488182068e-02 9.972735047340393066e-01 6.368793487548828125e+01
9.933928251266479492e-01 -9.335111081600189209e-02 -6.675382703542709351e-02 -2.894520759582519531e+00 9.614677727222442627e-02 9.945645332336425781e-01 3.996493667364120483e-02 7.837023735046386719e-01 6.266023963689804077e-02 -4.611906036734580994e-02 9.969688057899475098e-01 6.650634765625000000e+01
9.922208786010742188e-01 -9.912608563899993896e-02 -7.530988752841949463e-02 -3.084267616271972656e+00 1.025400981307029724e-01 9.938035011291503906e-01 4.289704933762550354e-02 8.664972782135009766e-01 7.059103250503540039e-02 -5.028564855456352234e-02 9.962370395660400391e-01 6.930433654785156250e+01
9.908613562583923340e-01 -1.035632342100143433e-01 -8.641897141933441162e-02 -3.322472095489501953e+00 1.078455001115798950e-01 9.930825233459472656e-01 4.643775150179862976e-02 9.272133111953735352e-01 8.101195096969604492e-02 -5.533329024910926819e-02 9.951759576797485352e-01 7.227303314208984375e+01
9.895303249359130859e-01 -1.072637662291526794e-01 -9.656015038490295410e-02 -3.525445938110351562e+00 1.126224547624588013e-01 9.922838211059570312e-01 5.185620486736297607e-02 1.013263821601867676e+00 9.025280177593231201e-02 -6.218815594911575317e-02 9.939753413200378418e-01 7.495092773437500000e+01
9.883902072906494141e-01 -1.097817197442054749e-01 -1.050353869795799255e-01 -3.771762371063232422e+00 1.154779121279716492e-01 9.920627474784851074e-01 4.976302385330200195e-02 1.120787739753723145e+00 9.873864054679870605e-02 -6.131457537412643433e-02 9.932225942611694336e-01 7.770308685302734375e+01
9.882887005805969238e-01 -1.127263456583023071e-01 -1.028489321470260620e-01 -4.045054912567138672e+00 1.185337603092193604e-01 9.915769696235656738e-01 5.220007523894309998e-02 1.196509599685668945e+00 9.609832614660263062e-02 -6.377983838319778442e-02 9.933263063430786133e-01 8.025661468505859375e+01
9.862256646156311035e-01 -1.230039596557617188e-01 -1.105831712484359741e-01 -4.328686714172363281e+00 1.294819712638854980e-01 9.901419281959533691e-01 5.341739580035209656e-02 1.303429365158081055e+00 1.029225066304206848e-01 -6.700016558170318604e-02 9.924302697181701660e-01 8.300968933105468750e+01
9.846690297126770020e-01 -1.270294040441513062e-01 -1.195412129163742065e-01 -4.623741626739501953e+00 1.342582255601882935e-01 9.894484877586364746e-01 5.446548759937286377e-02 1.405118346214294434e+00 1.113611683249473572e-01 -6.967990100383758545e-02 9.913341403007507324e-01 8.594057464599609375e+01
9.832439422607421875e-01 -1.286467760801315308e-01 -1.291548013687133789e-01 -4.948923587799072266e+00 1.372628062963485718e-01 9.887065291404724121e-01 6.015203148126602173e-02 1.502033948898315430e+00 1.199578493833541870e-01 -7.687230408191680908e-02 9.897983670234680176e-01 8.871981811523437500e+01
9.821185469627380371e-01 -1.388296186923980713e-01 -1.271581649780273438e-01 -5.309924125671386719e+00 1.481191217899322510e-01 9.867156744003295898e-01 6.672929972410202026e-02 1.623497962951660156e+00 1.162049770355224609e-01 -8.437066525220870972e-02 9.896352887153625488e-01 9.148439788818359375e+01
9.809437990188598633e-01 -1.416500806808471680e-01 -1.329820156097412109e-01 -5.699161529541015625e+00 1.520419120788574219e-01 9.857844710350036621e-01 7.149919122457504272e-02 1.743539094924926758e+00 1.209637671709060669e-01 -9.035556018352508545e-02 9.885360598564147949e-01 9.437665557861328125e+01
9.786593914031982422e-01 -1.480190604925155640e-01 -1.425338983535766602e-01 -6.023426532745361328e+00 1.597035080194473267e-01 9.843647480010986328e-01 7.430224865674972534e-02 1.875004291534423828e+00 1.293072253465652466e-01 -9.547979384660720825e-02 9.869970679283142090e-01 9.688945770263671875e+01
9.771540760993957520e-01 -1.483254730701446533e-01 -1.522143930196762085e-01 -6.430420875549316406e+00 1.615807414054870605e-01 9.837165474891662598e-01 7.869859039783477783e-02 2.050458192825317383e+00 1.380628347396850586e-01 -1.014956012368202209e-01 9.852092862129211426e-01 9.977479553222656250e+01
9.757364392280578613e-01 -1.502210497856140137e-01 -1.592853665351867676e-01 -6.833949565887451172e+00 1.647000908851623535e-01 9.829373359680175781e-01 8.190343528985977173e-02 2.224997758865356445e+00 1.442639529705047607e-01 -1.061505228281021118e-01 9.838292598724365234e-01 1.025047454833984375e+02
9.731668829917907715e-01 -1.549037247896194458e-01 -1.701495796442031860e-01 -7.297504425048828125e+00 1.709062308073043823e-01 9.817225933074951172e-01 8.373697102069854736e-02 2.382902622222900391e+00 1.540685594081878662e-01 -1.105697154998779297e-01 9.818539619445800781e-01 1.054027709960937500e+02
9.726378917694091797e-01 -1.545504927635192871e-01 -1.734631359577178955e-01 -7.807950019836425781e+00 1.719528734683990479e-01 9.809712767601013184e-01 9.015361219644546509e-02 2.576176166534423828e+00 1.562291234731674194e-01 -1.175143569707870483e-01 9.807052612304687500e-01 1.082770233154296875e+02
9.725456237792968750e-01 -1.513761729001998901e-01 -1.767484098672866821e-01 -8.309259414672851562e+00 1.704069375991821289e-01 9.804978966712951660e-01 9.790489822626113892e-02 2.790637493133544922e+00 1.584810465574264526e-01 -1.253361850976943970e-01 9.793746471405029297e-01 1.111128463745117188e+02
9.716725349426269531e-01 -1.579861491918563843e-01 -1.757628023624420166e-01 -8.788585662841796875e+00 1.776897460222244263e-01 9.787245988845825195e-01 1.025891229510307312e-01 3.026364088058471680e+00 1.558157801628112793e-01 -1.309143155813217163e-01 9.790725111961364746e-01 1.138434448242187500e+02
9.664534926414489746e-01 -1.679655015468597412e-01 -1.943062245845794678e-01 -9.258341789245605469e+00 1.906730681657791138e-01 9.760605096817016602e-01 1.046398207545280457e-01 3.236586332321166992e+00 1.720788478851318359e-01 -1.381785124540328979e-01 9.753439426422119141e-01 1.164960021972656250e+02
9.635354876518249512e-01 -1.734166741371154785e-01 -2.037786394357681274e-01 -9.857716560363769531e+00 1.979016065597534180e-01 9.744177460670471191e-01 1.065124124288558960e-01 3.507846117019653320e+00 1.800945699214935303e-01 -1.429566442966461182e-01 9.732058644294738770e-01 1.195802612304687500e+02
9.650329351425170898e-01 -1.644958406686782837e-01 -2.040891051292419434e-01 -1.039745426177978516e+01 1.892553865909576416e-01 9.759389162063598633e-01 1.082849800586700439e-01 3.761566400527954102e+00 1.813661307096481323e-01 -1.431235671043395996e-01 9.729451537132263184e-01 1.222592468261718750e+02
9.622246026992797852e-01 -1.752884387969970703e-01 -2.083210200071334839e-01 -1.096533584594726562e+01 2.007680535316467285e-01 9.736599922180175781e-01 1.080669909715652466e-01 3.990192890167236328e+00 1.838910132646560669e-01 -1.458089500665664673e-01 9.720720648765563965e-01 1.249917144775390625e+02
9.611312747001647949e-01 -1.798839867115020752e-01 -2.094477117061614990e-01 -1.154037570953369141e+01 2.052444964647293091e-01 9.729267954826354980e-01 1.062458381056785583e-01 4.228863716125488281e+00 1.846654415130615234e-01 -1.451042145490646362e-01 9.720307588577270508e-01 1.277208786010742188e+02
9.610132575035095215e-01 -1.713144630193710327e-01 -2.170365154743194580e-01 -1.209500694274902344e+01 1.996985077857971191e-01 9.729344248771667480e-01 1.162714809179306030e-01 4.461024761199951172e+00 1.912433952093124390e-01 -1.550803333520889282e-01 9.692143201828002930e-01 1.303779144287109375e+02
9.593873023986816406e-01 -1.811620146036148071e-01 -2.162322402000427246e-01 -1.267317485809326172e+01 2.086989283561706543e-01 9.715467095375061035e-01 1.119892448186874390e-01 4.735306262969970703e+00 1.897916197776794434e-01 -1.525685191154479980e-01 9.698981046676635742e-01 1.330903015136718750e+02
9.582480192184448242e-01 -1.849291622638702393e-01 -2.180869579315185547e-01 -1.331807327270507812e+01 2.126642018556594849e-01 9.707722067832946777e-01 1.112443432211875916e-01 5.028914451599121094e+00 1.911405026912689209e-01 -1.529790014028549194e-01 9.695685505867004395e-01 1.359536895751953125e+02
9.567927718162536621e-01 -1.879428327083587646e-01 -2.218671441078186035e-01 -1.393198966979980469e+01 2.176869213581085205e-01 9.688527584075927734e-01 1.180540919303894043e-01 5.297359466552734375e+00 1.927692443132400513e-01 -1.612509191036224365e-01 9.679042100906372070e-01 1.387248077392578125e+02
9.539165496826171875e-01 -1.982505917549133301e-01 -2.252552509307861328e-01 -1.452032852172851562e+01 2.288619726896286011e-01 9.661773443222045898e-01 1.188428774476051331e-01 5.565395832061767578e+00 1.940759271383285522e-01 -1.649186015129089355e-01 9.670246839523315430e-01 1.413002929687500000e+02
9.519518017768859863e-01 -2.027296870946884155e-01 -2.295394241809844971e-01 -1.513821697235107422e+01 2.346093803644180298e-01 9.645150899887084961e-01 1.211164146661758423e-01 5.844114780426025391e+00 1.968404054641723633e-01 -1.691491454839706421e-01 9.657343626022338867e-01 1.439173431396484375e+02
9.500169754028320312e-01 -2.063338160514831543e-01 -2.342946976423263550e-01 -1.569169235229492188e+01 2.393259406089782715e-01 9.632259011268615723e-01 1.221437379717826843e-01 6.094856739044189453e+00 2.004763931035995483e-01 -1.721114665269851685e-01 9.644621610641479492e-01 1.462902069091796875e+02
9.510538578033447266e-01 -2.089886963367462158e-01 -2.276404500007629395e-01 -1.627534294128417969e+01 2.413432300090789795e-01 9.623855352401733398e-01 1.247700303792953491e-01 6.376980781555175781e+00 1.930024027824401855e-01 -1.736025363206863403e-01 9.657186865806579590e-01 1.489430389404296875e+02
9.475386738777160645e-01 -2.214386016130447388e-01 -2.305111438035964966e-01 -1.689498329162597656e+01 2.545332908630371094e-01 9.589402079582214355e-01 1.250861734151840210e-01 6.687392711639404297e+00 1.933475285768508911e-01 -1.771967709064483643e-01 9.649966359138488770e-01 1.516360015869140625e+02
9.468832015991210938e-01 -2.216279506683349609e-01 -2.330089807510375977e-01 -1.754739189147949219e+01 2.558928728103637695e-01 9.581191539764404297e-01 1.285558342933654785e-01 7.018862724304199219e+00 1.947588324546813965e-01 -1.813527196645736694e-01 9.639401435852050781e-01 1.544042968750000000e+02
9.460274577140808105e-01 -2.236621677875518799e-01 -2.345359474420547485e-01 -1.819350814819335938e+01 2.583591938018798828e-01 9.573799967765808105e-01 1.291281580924987793e-01 7.354135990142822266e+00 1.956589818000793457e-01 -1.827533096075057983e-01 9.634932279586791992e-01 1.571535949707031250e+02
9.432918429374694824e-01 -2.203813344240188599e-01 -2.482586055994033813e-01 -1.885852622985839844e+01 2.577249407768249512e-01 9.575346708297729492e-01 1.292485594749450684e-01 7.673944473266601562e+00 2.092322856187820435e-01 -1.859015673398971558e-01 9.600327610969543457e-01 1.599305572509765625e+02
9.433192610740661621e-01 -2.146074920892715454e-01 -2.531643807888031006e-01 -1.950729751586914062e+01 2.537474632263183594e-01 9.580318927764892578e-01 1.333680599927902222e-01 7.959345340728759766e+00 2.139178067445755005e-01 -1.900485008955001831e-01 9.581863880157470703e-01 1.625076446533203125e+02
9.398271441459655762e-01 -2.154756635427474976e-01 -2.651320397853851318e-01 -2.015610313415527344e+01 2.582428753376007080e-01 9.561213254928588867e-01 1.383566111326217651e-01 8.259590148925781250e+00 2.236859351396560669e-01 -1.984997838735580444e-01 9.542341828346252441e-01 1.649812011718750000e+02
9.344569444656372070e-01 -2.201081812381744385e-01 -2.798973917961120605e-01 -2.089464569091796875e+01 2.656752467155456543e-01 9.543526768684387207e-01 1.364828795194625854e-01 8.580341339111328125e+00 2.370798736810684204e-01 -2.018992006778717041e-01 9.502790570259094238e-01 1.676286010742187500e+02
9.336811900138854980e-01 -2.199984937906265259e-01 -2.825596928596496582e-01 -2.164657211303710938e+01 2.660874426364898682e-01 9.542689919471740723e-01 1.362652629613876343e-01 8.918436050415039062e+00 2.396598160266876221e-01 -2.024139165878295898e-01 9.495220780372619629e-01 1.702743072509765625e+02
9.326424598693847656e-01 -2.155527323484420776e-01 -2.893352210521697998e-01 -2.243880653381347656e+01 2.628878355026245117e-01 9.552282691001892090e-01 1.357535570859909058e-01 9.224236488342285156e+00 2.471191287040710449e-01 -2.026722729206085205e-01 9.475528597831726074e-01 1.729732360839843750e+02
9.314099550247192383e-01 -2.218241244554519653e-01 -2.885645329952239990e-01 -2.328017044067382812e+01 2.692903578281402588e-01 9.533601999282836914e-01 1.363349407911300659e-01 9.569208145141601562e+00 2.448635548353195190e-01 -2.046913951635360718e-01 9.477043747901916504e-01 1.757777252197265625e+02
9.306221604347229004e-01 -2.199110537767410278e-01 -2.925429940223693848e-01 -2.408838844299316406e+01 2.687442600727081299e-01 9.532231092453002930e-01 1.383560597896575928e-01 9.903398513793945312e+00 2.484326809644699097e-01 -2.073764801025390625e-01 9.461905360221862793e-01 1.784830474853515625e+02
9.270113706588745117e-01 -2.328444570302963257e-01 -2.939952313899993896e-01 -2.479026794433593750e+01 2.811301350593566895e-01 9.502949118614196777e-01 1.338116377592086792e-01 1.023411560058593750e+01 2.482248395681381226e-01 -2.066958546638488770e-01 9.463939666748046875e-01 1.808452758789062500e+02
9.250524044036865234e-01 -2.324148714542388916e-01 -3.004349470138549805e-01 -2.564249801635742188e+01 2.836565971374511719e-01 9.487310051918029785e-01 1.394580751657485962e-01 1.055469608306884766e+01 2.526197731494903564e-01 -2.142264246940612793e-01 9.435521364212036133e-01 1.835783843994140625e+02
9.239661693572998047e-01 -2.359462231397628784e-01 -3.010244369506835938e-01 -2.643922996520996094e+01 2.852119207382202148e-01 9.494349956512451172e-01 1.312538087368011475e-01 1.088059902191162109e+01 2.548342347145080566e-01 -2.071298658847808838e-01 9.445406794548034668e-01 1.861216430664062500e+02
9.220868349075317383e-01 -2.435020804405212402e-01 -3.007698059082031250e-01 -2.724057197570800781e+01 2.945373058319091797e-01 9.457215666770935059e-01 1.373269855976104736e-01 1.119911003112792969e+01 2.510050237178802490e-01 -2.152153551578521729e-01 9.437580108642578125e-01 1.887244720458984375e+02
9.207853674888610840e-01 -2.468774467706680298e-01 -3.020029366016387939e-01 -2.800453186035156250e+01 2.980728447437286377e-01 9.447306394577026367e-01 1.365166902542114258e-01 1.152855491638183594e+01 2.516084611415863037e-01 -2.157214581966400146e-01 9.434817433357238770e-01 1.912037353515625000e+02
9.179682135581970215e-01 -2.465087473392486572e-01 -3.107537329196929932e-01 -2.882633590698242188e+01 2.996423542499542236e-01 9.442984461784362793e-01 1.360702961683273315e-01 1.183628082275390625e+01 2.599016726016998291e-01 -2.180231809616088867e-01 9.407004714012145996e-01 1.937819519042968750e+02
9.174436330795288086e-01 -2.482181638479232788e-01 -3.109419643878936768e-01 -2.963165473937988281e+01 3.004727959632873535e-01 9.445348381996154785e-01 1.325525492429733276e-01 1.215980434417724609e+01 2.607935070991516113e-01 -2.150391042232513428e-01 9.411404132843017578e-01 1.962967987060546875e+02
9.170438051223754883e-01 -2.475484758615493774e-01 -3.126507401466369629e-01 -3.050420188903808594e+01 3.014340400695800781e-01 9.435883164405822754e-01 1.370358467102050781e-01 1.250531196594238281e+01 2.610905170440673828e-01 -2.199114561080932617e-01 9.399314522743225098e-01 1.990372314453125000e+02
9.152778983116149902e-01 -2.580329179763793945e-01 -3.093308508396148682e-01 -3.136550712585449219e+01 3.107665777206420898e-01 9.408988952636718750e-01 1.346612125635147095e-01 1.286949634552001953e+01 2.563019692897796631e-01 -2.193821370601654053e-01 9.413719773292541504e-01 2.017542266845703125e+02
9.135417938232421875e-01 -2.621951103210449219e-01 -3.109585940837860107e-01 -3.214223098754882812e+01 3.169173896312713623e-01 9.380487203598022461e-01 1.401006728410720825e-01 1.322203826904296875e+01 2.549604773521423340e-01 -2.265360355377197266e-01 9.400410056114196777e-01 2.043000335693359375e+02
9.112443923950195312e-01 -2.650615870952606201e-01 -3.152398765087127686e-01 -3.302735519409179688e+01 3.219725191593170166e-01 9.357485175132751465e-01 1.439052075147628784e-01 1.357127094268798828e+01 2.568413615226745605e-01 -2.326314002275466919e-01 9.380382299423217773e-01 2.070359802246093750e+02
9.071775078773498535e-01 -2.716950476169586182e-01 -3.212645947933197021e-01 -3.397740936279296875e+01 3.311712443828582764e-01 9.320657849311828613e-01 1.468988806009292603e-01 1.397827911376953125e+01 2.595278918743133545e-01 -2.396569550037384033e-01 9.355267882347106934e-01 2.099720611572265625e+02
9.012591242790222168e-01 -2.732728123664855957e-01 -3.362351655960083008e-01 -3.486034393310546875e+01 3.398709595203399658e-01 9.272027015686035156e-01 1.574269235134124756e-01 1.434498882293701172e+01 2.687375247478485107e-01 -2.561590373516082764e-01 9.285274744033813477e-01 2.126065521240234375e+02
9.009516239166259766e-01 -2.760268449783325195e-01 -3.348067402839660645e-01 -3.572895050048828125e+01 3.413775563240051270e-01 9.271870851516723633e-01 1.542264372110366821e-01 1.472109031677246094e+01 2.678577303886413574e-01 -2.532460689544677734e-01 9.295801520347595215e-01 2.150448303222656250e+02
8.978617787361145020e-01 -2.807100415229797363e-01 -3.391847610473632812e-01 -3.660691070556640625e+01 3.472675383090972900e-01 9.250933527946472168e-01 1.536483913660049438e-01 1.510307598114013672e+01 2.706467807292938232e-01 -2.557429075241088867e-01 9.280875921249389648e-01 2.175691986083984375e+02
8.960598111152648926e-01 -2.860746681690216064e-01 -3.394675850868225098e-01 -3.759394073486328125e+01 3.532330393791198730e-01 9.226253032684326172e-01 1.548841148614883423e-01 1.551253795623779297e+01 2.688928246498107910e-01 -2.586966454982757568e-01 9.277787804603576660e-01 2.203152160644531250e+02
8.952713608741760254e-01 -2.815514206886291504e-01 -3.452796339988708496e-01 -3.847412109375000000e+01 3.521004915237426758e-01 9.219863414764404297e-01 1.611415594816207886e-01 1.586966991424560547e+01 2.729733288288116455e-01 -2.658386230468750000e-01 9.245626330375671387e-01 2.227967224121093750e+02
8.911673426628112793e-01 -2.879752516746520996e-01 -3.505581617355346680e-01 -3.936186981201171875e+01 3.595605790615081787e-01 9.195309281349182129e-01 1.586797684431076050e-01 1.626912879943847656e+01 2.766531109809875488e-01 -2.674572169780731201e-01 9.230007529258728027e-01 2.252315979003906250e+02
8.883227705955505371e-01 -2.899307012557983398e-01 -3.561220169067382812e-01 -4.034904479980468750e+01 3.627085089683532715e-01 9.186015129089355469e-01 1.568884551525115967e-01 1.667312622070312500e+01 2.816473245620727539e-01 -2.685361802577972412e-01 9.211751818656921387e-01 2.279843750000000000e+02
8.827111721038818359e-01 -2.958340048789978027e-01 -3.651072084903717041e-01 -4.129365539550781250e+01 3.718347251415252686e-01 9.147979021072387695e-01 1.577462404966354370e-01 1.704976081848144531e+01 2.873324751853942871e-01 -2.750039994716644287e-01 9.175039529800415039e-01 2.305417175292968750e+02
8.778303265571594238e-01 -3.010370433330535889e-01 -3.725459873676300049e-01 -4.233682250976562500e+01 3.771999180316925049e-01 9.138445258140563965e-01 1.503611057996749878e-01 1.746503829956054688e+01 2.951847612857818604e-01 -2.725159823894500732e-01 9.157519936561584473e-01 2.331985168457031250e+02
8.744811415672302246e-01 -3.050288558006286621e-01 -3.771472573280334473e-01 -4.334323883056640625e+01 3.828699588775634766e-01 9.114453792572021484e-01 1.505920290946960449e-01 1.781097984313964844e+01 2.978141307830810547e-01 -2.760883569717407227e-01 9.138286113739013672e-01 2.356907348632812500e+02
8.708030581474304199e-01 -3.045177757740020752e-01 -3.859674036502838135e-01 -4.446461105346679688e+01 3.870508670806884766e-01 9.087151288986206055e-01 1.562958806753158569e-01 1.823146438598632812e+01 3.031394779682159424e-01 -2.854920625686645508e-01 9.091762304306030273e-01 2.384772491455078125e+02
8.660619258880615234e-01 -3.101178407669067383e-01 -3.921269178390502930e-01 -4.553846359252929688e+01 3.946762382984161377e-01 9.055632948875427246e-01 1.555178165435791016e-01 1.862595748901367188e+01 3.068667948246002197e-01 -2.894513607025146484e-01 9.066704511642456055e-01 2.410275573730468750e+02
8.647860288619995117e-01 -3.122242689132690430e-01 -3.932696282863616943e-01 -4.655320739746093750e+01 3.998683989048004150e-01 9.019178748130798340e-01 1.632466018199920654e-01 1.900103569030761719e+01 3.037272393703460693e-01 -2.984296083450317383e-01 9.048149585723876953e-01 2.434703216552734375e+02
8.639984726905822754e-01 -3.146803379058837891e-01 -3.930430412292480469e-01 -4.772117233276367188e+01 4.017430841922760010e-01 9.014117121696472168e-01 1.614296585321426392e-01 1.945003890991210938e+01 3.034947812557220459e-01 -2.973774373531341553e-01 9.052392840385437012e-01 2.461732482910156250e+02
8.565069437026977539e-01 -3.243708014488220215e-01 -4.014715254306793213e-01 -4.876461410522460938e+01 4.141339957714080811e-01 8.961349725723266602e-01 1.594846397638320923e-01 1.985532951354980469e+01 3.080404102802276611e-01 -3.028628230094909668e-01 9.018790125846862793e-01 2.486086425781250000e+02
8.542065024375915527e-01 -3.322371840476989746e-01 -3.999370932579040527e-01 -4.979477310180664062e+01 4.223819971084594727e-01 8.919759988784790039e-01 1.611596643924713135e-01 2.023808479309082031e+01 3.031909763813018799e-01 -3.065899908542633057e-01 9.022628664970397949e-01 2.509662322998046875e+02
8.448367118835449219e-01 -3.381673097610473633e-01 -4.146007895469665527e-01 -5.091019058227539062e+01 4.326958656311035156e-01 8.876383304595947266e-01 1.577107161283493042e-01 2.062816619873046875e+01 3.146828413009643555e-01 -3.126360177993774414e-01 8.962331414222717285e-01 2.535427856445312500e+02
8.429665565490722656e-01 -3.400947749614715576e-01 -4.168249070644378662e-01 -5.206450271606445312e+01 4.367663860321044922e-01 8.850148320198059082e-01 1.611957550048828125e-01 2.102419471740722656e+01 3.140743076801300049e-01 -3.179379105567932129e-01 8.945799469947814941e-01 2.560003051757812500e+02
8.364635109901428223e-01 -3.578200936317443848e-01 -4.150826632976531982e-01 -5.320059204101562500e+01 4.517166912555694580e-01 8.790267705917358398e-01 1.525262892246246338e-01 2.140851211547851562e+01 3.102916777133941650e-01 -3.150826096534729004e-01 8.969072103500366211e-01 2.584322814941406250e+02
8.315045237541198730e-01 -3.618974685668945312e-01 -4.214622378349304199e-01 -5.433006286621093750e+01 4.591690301895141602e-01 8.747646212577819824e-01 1.547610759735107422e-01 2.177851676940917969e+01 3.126724660396575928e-01 -3.222071230411529541e-01 8.935429453849792480e-01 2.608969726562500000e+02
8.267086744308471680e-01 -3.693436682224273682e-01 -4.244267046451568604e-01 -5.554899597167968750e+01 4.669661223888397217e-01 8.712143898010253906e-01 1.514216214418411255e-01 2.218142127990722656e+01 3.138398826122283936e-01 -3.233746588230133057e-01 8.927115201950073242e-01 2.635733642578125000e+02
8.222462534904479980e-01 -3.738140165805816650e-01 -4.291552305221557617e-01 -5.669684219360351562e+01 4.736845195293426514e-01 8.674893379211425781e-01 1.519394367933273315e-01 2.253744506835937500e+01 3.154903352260589600e-01 -3.282159864902496338e-01 8.903598189353942871e-01 2.660641784667968750e+02
8.249331712722778320e-01 -3.729700148105621338e-01 -4.247101247310638428e-01 -5.795693206787109375e+01 4.729731380939483643e-01 8.669074177742004395e-01 1.573795080184936523e-01 2.296467399597167969e+01 3.094863891601562500e-01 -3.307042121887207031e-01 8.915455341339111328e-01 2.687468261718750000e+02
8.194533586502075195e-01 -3.779798746109008789e-01 -4.308451116085052490e-01 -5.913290786743164062e+01 4.807024002075195312e-01 8.626232147216796875e-01 1.575018167495727539e-01 2.333306884765625000e+01 3.121243417263031006e-01 -3.361738324165344238e-01 8.885753154754638672e-01 2.712618713378906250e+02
8.159806132316589355e-01 -3.793853223323822021e-01 -4.361679553985595703e-01 -6.028328704833984375e+01 4.867827296257019043e-01 8.579033017158508301e-01 1.644532233476638794e-01 2.371681594848632812e+01 3.117986917495727539e-01 -3.465098142623901367e-01 8.847107887268066406e-01 2.737102050781250000e+02
8.159070611000061035e-01 -3.725405931472778320e-01 -4.421642720699310303e-01 -6.145209884643554688e+01 4.859284758567810059e-01 8.562507033348083496e-01 1.752384901046752930e-01 2.411668395996093750e+01 3.133199214935302734e-01 -3.578386604785919189e-01 8.796492218971252441e-01 2.761683654785156250e+02
8.156442046165466309e-01 -3.748779296875000000e-01 -4.406712055206298828e-01 -6.260093307495117188e+01 4.880931973457336426e-01 8.548150062561035156e-01 1.762289255857467651e-01 2.450993919372558594e+01 3.106279075145721436e-01 -3.588288426399230957e-01 8.802004456520080566e-01 2.784766235351562500e+02
8.102095723152160645e-01 -3.763262331485748291e-01 -4.493762552738189697e-01 -6.381338500976562500e+01 4.944979548454284668e-01 8.504762053489685059e-01 1.793382167816162109e-01 2.495196723937988281e+01 3.146940469741821289e-01 -3.675172924995422363e-01 8.751567602157592773e-01 2.809749450683593750e+02
8.062348961830139160e-01 -3.843366801738739014e-01 -4.497449398040771484e-01 -6.487234497070312500e+01 5.038124322891235352e-01 8.445426225662231445e-01 1.814416199922561646e-01 2.534375000000000000e+01 3.100939989089965820e-01 -3.728718459606170654e-01 8.745335340499877930e-01 2.831271057128906250e+02
8.018452525138854980e-01 -3.861927688121795654e-01 -4.559597373008728027e-01 -6.610298919677734375e+01 5.101978778839111328e-01 8.397016525268554688e-01 1.860099136829376221e-01 2.581442832946777344e+01 3.110343217849731445e-01 -3.817810416221618652e-01 8.703456521034240723e-01 2.855341186523437500e+02
8.001613020896911621e-01 -3.850581943988800049e-01 -4.598608613014221191e-01 -6.738721466064453125e+01 5.129571557044982910e-01 8.366731405258178711e-01 1.919724196195602417e-01 2.630909538269042969e+01 3.108325302600860596e-01 -3.894979953765869141e-01 8.669919967651367188e-01 2.880035095214843750e+02
8.000835180282592773e-01 -3.839792609214782715e-01 -4.608971774578094482e-01 -6.874827575683593750e+01 5.137063264846801758e-01 8.353149294853210449e-01 1.958447545766830444e-01 2.684972763061523438e+01 3.097938299179077148e-01 -3.934581577777862549e-01 8.655744194984436035e-01 2.906178894042968750e+02
7.986973524093627930e-01 -3.819993138313293457e-01 -4.649289250373840332e-01 -6.999604797363281250e+01 5.146638751029968262e-01 8.340039253234863281e-01 1.988942772150039673e-01 2.734942436218261719e+01 3.117749392986297607e-01 -3.981386721134185791e-01 8.627181053161621094e-01 2.930050048828125000e+02
7.945662736892700195e-01 -3.868594169616699219e-01 -4.679787158966064453e-01 -7.122255706787109375e+01 5.226382613182067871e-01 8.280748128890991211e-01 2.028343081474304199e-01 2.782674026489257812e+01 3.090528845787048340e-01 -4.057490825653076172e-01 8.601479530334472656e-01 2.952677612304687500e+02
7.902469635009765625e-01 -3.878635168075561523e-01 -4.744170606136322021e-01 -7.251381683349609375e+01 5.277424454689025879e-01 8.242448568344116211e-01 2.052041143178939819e-01 2.836764144897460938e+01 3.114445209503173828e-01 -4.125321507453918457e-01 8.560490608215332031e-01 2.976930847167968750e+02
7.897930741310119629e-01 -3.888012468814849854e-01 -4.744052588939666748e-01 -7.374855804443359375e+01 5.298393368721008301e-01 8.221180438995361328e-01 2.083089500665664673e-01 2.887942314147949219e+01 3.090262413024902344e-01 -4.158797562122344971e-01 8.553053140640258789e-01 3.000409545898437500e+02
7.863475084304809570e-01 -3.860791325569152832e-01 -4.822866320610046387e-01 -7.499951934814453125e+01 5.318662524223327637e-01 8.202294707298278809e-01 2.105764150619506836e-01 2.940747451782226562e+01 3.142864406108856201e-01 -4.220984578132629395e-01 8.503277897834777832e-01 3.023556823730468750e+02
7.848590016365051270e-01 -3.876344859600067139e-01 -4.834622144699096680e-01 -7.632570648193359375e+01 5.340300202369689941e-01 8.188700675964355469e-01 2.103908956050872803e-01 2.995646667480468750e+01 3.143378198146820068e-01 -4.233107566833496094e-01 8.497059345245361328e-01 3.047026672363281250e+02
7.799416184425354004e-01 -3.981770873069763184e-01 -4.828519225120544434e-01 -7.757783508300781250e+01 5.438641905784606934e-01 8.129629492759704590e-01 2.080953419208526611e-01 3.048101043701171875e+01 3.096817135810852051e-01 -4.249083101749420166e-01 8.506177663803100586e-01 3.069938354492187500e+02
7.755277156829833984e-01 -3.968441784381866455e-01 -4.909901618957519531e-01 -7.882026672363281250e+01 5.464112162590026855e-01 8.114875555038452148e-01 2.071794420480728149e-01 3.097416305541992188e+01 3.162142336368560791e-01 -4.289561510086059570e-01 8.461711406707763672e-01 3.091908569335937500e+02
7.715036869049072266e-01 -4.024038910865783691e-01 -4.928012192249298096e-01 -8.008764648437500000e+01 5.529463887214660645e-01 8.072180747985839844e-01 2.065186053514480591e-01 3.148479652404785156e+01 3.146939277648925781e-01 -4.318227171897888184e-01 8.452793955802917480e-01 3.114371337890625000e+02
7.649843096733093262e-01 -4.144559800624847412e-01 -4.929758012294769287e-01 -8.143517303466796875e+01 5.640203952789306641e-01 8.006459474563598633e-01 2.021080553531646729e-01 3.198730468750000000e+01 3.109339773654937744e-01 -4.326580464839935303e-01 8.462430834770202637e-01 3.137898864746093750e+02
7.673413753509521484e-01 -4.076987206935882568e-01 -4.949433505535125732e-01 -8.267964172363281250e+01 5.604637861251831055e-01 8.014375567436218262e-01 2.087552547454833984e-01 3.245071411132812500e+01 3.115567266941070557e-01 -4.375844895839691162e-01 8.434764742851257324e-01 3.159552001953125000e+02
7.669196724891662598e-01 -4.081112146377563477e-01 -4.952569007873535156e-01 -8.400519561767578125e+01 5.615783929824829102e-01 8.002925515174865723e-01 2.101478725671768188e-01 3.297725296020507812e+01 3.105864822864532471e-01 -4.392922222614288330e-01 8.429464697837829590e-01 3.182991638183593750e+02
7.596395611763000488e-01 -4.175534844398498535e-01 -4.985947310924530029e-01 -8.532857513427734375e+01 5.752903819084167480e-01 7.889831662178039551e-01 2.157479226589202881e-01 3.350577926635742188e+01 3.032962977886199951e-01 -4.507275521755218506e-01 8.395572304725646973e-01 3.205928344726562500e+02
7.557186484336853027e-01 -4.239568412303924561e-01 -4.991489648818969727e-01 -8.665016174316406250e+01 5.822129845619201660e-01 7.839146852493286133e-01 2.156537920236587524e-01 3.401119995117187500e+01 2.998620271682739258e-01 -4.535847306251525879e-01 8.392519950866699219e-01 3.228598022460937500e+02
7.484568357467651367e-01 -4.270857274532318115e-01 -5.073557496070861816e-01 -8.804454803466796875e+01 5.907506942749023438e-01 7.770141363143920898e-01 2.174014598131179810e-01 3.458802032470703125e+01 3.013732731342315674e-01 -4.624364972114562988e-01 8.338626623153686523e-01 3.252857055664062500e+02
7.501091361045837402e-01 -4.313677251338958740e-01 -5.012564063072204590e-01 -8.950866699218750000e+01 5.941113829612731934e-01 7.724819183349609375e-01 2.242857962846755981e-01 3.518605804443359375e+01 2.904615700244903564e-01 -4.660410881042480469e-01 8.357260823249816895e-01 3.277515869140625000e+02
7.398594617843627930e-01 -4.336374104022979736e-01 -5.143601894378662109e-01 -9.097882843017578125e+01 6.022134423255920410e-01 7.677095532417297363e-01 2.190017402172088623e-01 3.579829406738281250e+01 2.999116182327270508e-01 -4.717852771282196045e-01 8.291392922401428223e-01 3.302279968261718750e+02
7.323271632194519043e-01 -4.452488720417022705e-01 -5.152186155319213867e-01 -9.240222167968750000e+01 6.139209866523742676e-01 7.590546011924743652e-01 2.166513949632644653e-01 3.635923767089843750e+01 2.946150302886962891e-01 -4.749633371829986572e-01 8.292237520217895508e-01 3.325557250976562500e+02
7.267857193946838379e-01 -4.516233801841735840e-01 -5.175120830535888672e-01 -9.381177520751953125e+01 6.218198537826538086e-01 7.526573538780212402e-01 2.164435684680938721e-01 3.693056488037109375e+01 2.917580306529998779e-01 -4.791074395179748535e-01 8.278487324714660645e-01 3.348764038085937500e+02
7.265995144844055176e-01 -4.444051086902618408e-01 -5.239819884300231934e-01 -9.528147888183593750e+01 6.175291538238525391e-01 7.567315697669982910e-01 2.145132273435592651e-01 3.750197601318359375e+01 3.011826872825622559e-01 -4.794394671916961670e-01 8.242735862731933594e-01 3.372981262207031250e+02
7.261769175529479980e-01 -4.520029127597808838e-01 -5.180349946022033691e-01 -9.658794403076171875e+01 6.223049163818359375e-01 7.524368166923522949e-01 2.158154696226119995e-01 3.801726531982421875e+01 2.922391295433044434e-01 -4.790960550308227539e-01 8.276855945587158203e-01 3.394254760742187500e+02
7.281188964843750000e-01 -4.538212120532989502e-01 -5.137012600898742676e-01 -9.799407958984375000e+01 6.233663558959960938e-01 7.500738501548767090e-01 2.209173440933227539e-01 3.858366775512695312e+01 2.850566208362579346e-01 -4.810782968997955322e-01 8.290395140647888184e-01 3.417607727050781250e+02
