9.999944567680358887e-01 3.305450081825256348e-03 4.368778609205037355e-04 1.935652457177639008e-02 -3.308678045868873596e-03 9.999656081199645996e-01 7.606962230056524277e-03 -5.382195115089416504e-02 -4.117184143979102373e-04 -7.608365733176469803e-03 9.999709725379943848e-01 2.847303628921508789e+00
9.999973177909851074e-01 2.072927076369524002e-03 -1.052272040396928787e-03 1.853424310684204102e-02 -2.065856475383043289e-03 9.999755620956420898e-01 6.676585879176855087e-03 -1.105868145823478699e-01 1.066086348146200180e-03 -6.674394477158784866e-03 9.999771714210510254e-01 5.673323631286621094e+00
9.999970793724060059e-01 -1.743771368637681007e-03 1.693761092610657215e-03 1.482849381864070892e-02 1.733748125843703747e-03 9.999810457229614258e-01 5.901230964809656143e-03 -1.130780428647994995e-01 -1.704019377939403057e-03 -5.898277740925550461e-03 9.999811649322509766e-01 8.609136581420898438e+00
9.998812079429626465e-01 -3.962964750826358795e-03 1.489455439150333405e-02 5.192866921424865723e-02 3.905358025804162025e-03 9.999847412109375000e-01 3.894720925018191338e-03 -1.598744243383407593e-01 -1.490976102650165558e-02 -3.836090676486492157e-03 9.998814463615417480e-01 1.121719932556152344e+01
9.997985363006591797e-01 -6.279809400439262390e-03 1.906054094433784485e-02 9.000080823898315430e-02 6.213475484400987625e-03 9.999744296073913574e-01 3.537387819960713387e-03 -1.953168362379074097e-01 -1.908226683735847473e-02 -3.418244421482086182e-03 9.998120069503784180e-01 1.408390235900878906e+01
9.998197555541992188e-01 -4.025931004434823990e-03 1.855049096047878265e-02 1.488669663667678833e-01 3.872104687616229057e-03 9.999579191207885742e-01 8.320758119225502014e-03 -2.269188165664672852e-01 -1.858320645987987518e-02 -8.247430436313152313e-03 9.997932314872741699e-01 1.653197860717773438e+01
9.996717572212219238e-01 -6.657740566879510880e-03 2.473704330623149872e-02 1.904200315475463867e-01 6.486688274890184402e-03 9.999545812606811523e-01 6.988630630075931549e-03 -2.488506734371185303e-01 -2.478244341909885406e-02 -6.825876422226428986e-03 9.996694922447204590e-01 1.943443107604980469e+01
9.995907545089721680e-01 -1.229010056704282761e-02 2.583091519773006439e-02 2.818015217781066895e-01 1.193300634622573853e-02 9.998317360877990723e-01 1.393330655992031097e-02 -2.492543607950210571e-01 -2.599780820310115814e-02 -1.361936330795288086e-02 9.995691180229187012e-01 2.222548675537109375e+01
9.997075796127319336e-01 -1.072952710092067719e-02 2.166767790913581848e-02 3.247274160385131836e-01 1.037918776273727417e-02 9.998146891593933105e-01 1.621706783771514893e-02 -2.444457560777664185e-01 -2.183765918016433716e-02 -1.598743349313735962e-02 9.996336102485656738e-01 2.478324508666992188e+01
9.997149705886840820e-01 -1.352563779801130295e-02 1.966995559632778168e-02 4.142289757728576660e-01 1.307729817926883698e-02 9.996557831764221191e-01 2.274595759809017181e-02 -2.486152201890945435e-01 -1.997083425521850586e-02 -2.248224243521690369e-02 9.995476603507995605e-01 2.734054565429687500e+01
9.996050000190734863e-01 -1.667978614568710327e-02 2.261618711054325104e-02 4.838955700397491455e-01 1.608428731560707092e-02 9.995257258415222168e-01 2.626187540590763092e-02 -2.164626717567443848e-01 -2.304349839687347412e-02 -2.588773705065250397e-02 9.993991255760192871e-01 3.007032775878906250e+01
9.996089339256286621e-01 -1.494027674198150635e-02 2.363482862710952759e-02 5.370192527770996094e-01 1.408322062343358994e-02 9.992517232894897461e-01 3.602256625890731812e-02 -1.637132614850997925e-01 -2.415532805025577545e-02 -3.567562624812126160e-02 9.990713000297546387e-01 3.296806716918945312e+01
9.994282126426696777e-01 -1.788626052439212799e-02 2.869110926985740662e-02 6.185473799705505371e-01 1.694541238248348236e-02 9.993213415145874023e-01 3.270698711276054382e-02 -1.398435086011886597e-01 -2.925664186477661133e-02 -3.220210969448089600e-02 9.990528821945190430e-01 3.556585311889648438e+01
9.994749426841735840e-01 -1.932222396135330200e-02 2.600688487291336060e-02 7.313300967216491699e-01 1.834799163043498993e-02 9.991396665573120117e-01 3.719191625714302063e-02 -1.041684001684188843e-01 -2.670314162969589233e-02 -3.669521957635879517e-02 9.989694952964782715e-01 3.833183670043945312e+01
9.993988275527954102e-01 -2.071652933955192566e-02 2.779718488454818726e-02 8.304198980331420898e-01 1.969060301780700684e-02 9.991327524185180664e-01 3.668727725744247437e-02 -5.506248772144317627e-02 -2.853311225771903992e-02 -3.611788153648376465e-02 9.989399313926696777e-01 4.083873748779296875e+01
9.991484284400939941e-01 -2.528718486428260803e-02 3.260163590312004089e-02 9.150857329368591309e-01 2.394615672528743744e-02 9.988766908645629883e-01 4.088820144534111023e-02 7.716730237007141113e-03 -3.359896317124366760e-02 -4.007270187139511108e-02 9.986315369606018066e-01 4.371123123168945312e+01
9.990738630294799805e-01 -3.023593686521053314e-02 3.061256371438503265e-02 1.029250502586364746e+00 2.894221246242523193e-02 9.987041950225830078e-01 4.185732826590538025e-02 7.652187347412109375e-02 -3.183849528431892395e-02 -4.093256965279579163e-02 9.986543655395507812e-01 4.660449218750000000e+01
9.982893466949462891e-01 -3.985562175512313843e-02 4.277682304382324219e-02 1.098551869392395020e+00 3.798546642065048218e-02 9.983232021331787109e-01 4.367589578032493591e-02 1.301111876964569092e-01 -4.444582760334014893e-02 -4.197628796100616455e-02 9.981294274330139160e-01 4.909709930419921875e+01
9.983102083206176758e-01 -4.302775487303733826e-02 3.905300423502922058e-02 1.200623750686645508e+00 4.092904552817344666e-02 9.977533221244812012e-01 5.303568765521049500e-02 1.972059607505798340e-01 -4.124727100133895874e-02 -5.134767666459083557e-02 9.978286027908325195e-01 5.158562469482421875e+01
9.981246590614318848e-01 -4.623606801033020020e-02 4.011444002389907837e-02 1.273225069046020508e+00 4.423299431800842285e-02 9.977958798408508301e-01 4.946143180131912231e-02 3.009986281394958496e-01 -4.231292754411697388e-02 -4.759430512785911560e-02 9.979700446128845215e-01 5.421909332275390625e+01
9.979728460311889648e-01 -5.329896137118339539e-02 3.477279841899871826e-02 1.409486532211303711e+00 5.135871097445487976e-02 9.971925020217895508e-01 5.448880046606063843e-02 3.621558547019958496e-01 -3.757936879992485046e-02 -5.259247124195098877e-02 9.979086518287658691e-01 5.689154434204101562e+01
9.983397722244262695e-01 -5.134717747569084167e-02 2.609344571828842163e-02 1.513844609260559082e+00 4.978486895561218262e-02 9.971114993095397949e-01 5.735687166452407837e-02 4.742077291011810303e-01 -2.896318212151527405e-02 -5.596260353922843933e-02 9.980126023292541504e-01 5.968259429931640625e+01
9.981551170349121094e-01 -4.869816824793815613e-02 3.625805303454399109e-02 1.620551586151123047e+00 4.645755514502525330e-02 9.971004724502563477e-01 6.026568263769149780e-02 5.837550759315490723e-01 -3.908775001764297485e-02 -5.847005546092987061e-02 9.975235462188720703e-01 6.266758728027343750e+01
9.983450174331665039e-01 -4.848932847380638123e-02 3.091540187597274780e-02 1.711168289184570312e+00 4.648644849658012390e-02 9.969611167907714844e-01 6.250771135091781616e-02 6.785976886749267578e-01 -3.385240584611892700e-02 -6.096713244915008545e-02 9.975654482841491699e-01 6.528901672363281250e+01
9.981253743171691895e-01 -5.543735250830650330e-02 2.592549100518226624e-02 1.783468723297119141e+00 5.370414629578590393e-02 9.965452551841735840e-01 6.334872543811798096e-02 8.046492338180541992e-01 -2.934780903160572052e-02 -6.183769181370735168e-02 9.976545572280883789e-01 6.795671844482421875e+01
9.978018999099731445e-01 -5.920797213912010193e-02 2.975770644843578339e-02 1.847973108291625977e+00 5.728127062320709229e-02 9.964378476142883301e-01 6.188946962356567383e-02 9.510215520858764648e-01 -3.331605345010757446e-02 -6.004889681935310364e-02 9.976391792297363281e-01 7.075586700439453125e+01
9.977458715438842773e-01 -6.070127710700035095e-02 2.860543131828308105e-02 1.936136841773986816e+00 5.860475450754165649e-02 9.958819746971130371e-01 6.917008012533187866e-02 1.098995804786682129e+00 -3.268634155392646790e-02 -6.733776628971099854e-02 9.971945881843566895e-01 7.339658355712890625e+01
9.979287385940551758e-01 -5.962402746081352234e-02 2.414199337363243103e-02 1.982961773872375488e+00 5.781346186995506287e-02 9.958847761154174805e-01 6.979265809059143066e-02 1.227590799331665039e+00 -2.820395864546298981e-02 -6.825238466262817383e-02 9.972692728042602539e-01 7.588946533203125000e+01
9.974755644798278809e-01 -6.694900244474411011e-02 2.366404235363006592e-02 2.020091772079467773e+00 6.509943306446075439e-02 9.952930808067321777e-01 7.178796827793121338e-02 1.359548807144165039e+00 -2.835878916084766388e-02 -7.006624341011047363e-02 9.971390962600708008e-01 7.820798492431640625e+01
9.966478347778320312e-01 -7.542447745800018311e-02 3.168524429202079773e-02 2.103877067565917969e+00 7.296957820653915405e-02 9.946910142898559570e-01 7.256058603525161743e-02 1.502817749977111816e+00 -3.698987141251564026e-02 -7.000529766082763672e-02 9.968605637550354004e-01 8.062532043457031250e+01
9.961836934089660645e-01 -7.884126156568527222e-02 3.744040802121162415e-02 2.217458486557006836e+00 7.592500001192092896e-02 9.943791031837463379e-01 7.379363477230072021e-02 1.662906169891357422e+00 -4.304794222116470337e-02 -7.066936790943145752e-02 9.965704679489135742e-01 8.320022583007812500e+01
9.961742758750915527e-01 -7.957886159420013428e-02 3.610657155513763428e-02 2.305125474929809570e+00 7.651858776807785034e-02 9.939000010490417480e-01 7.942037284374237061e-02 1.803585529327392578e+00 -4.220650717616081238e-02 -7.635372132062911987e-02 9.961870908737182617e-01 8.584967803955078125e+01
9.950070977210998535e-01 -9.604890644550323486e-02 2.711131237447261810e-02 2.394525289535522461e+00 9.387590736150741577e-02 9.929445981979370117e-01 7.244429737329483032e-02 1.950541734695434570e+00 -3.387822583317756653e-02 -6.953750550746917725e-02 9.970038533210754395e-01 8.838632202148437500e+01
9.941124916076660156e-01 -1.037738248705863953e-01 3.115868940949440002e-02 2.485885143280029297e+00 1.013442128896713257e-01 9.922839403152465820e-01 7.142697274684906006e-02 2.099752902984619141e+00 -3.833051770925521851e-02 -6.784871220588684082e-02 9.969589710235595703e-01 9.137725830078125000e+01
9.936287403106689453e-01 -1.073572039604187012e-01 3.429264202713966370e-02 2.569360971450805664e+00 1.048403680324554443e-01 9.921427369117736816e-01 6.827346235513687134e-02 2.270595073699951172e+00 -4.135284200310707092e-02 -6.424323469400405884e-02 9.970770478248596191e-01 9.424526214599609375e+01
9.937395453453063965e-01 -1.068701595067977905e-01 3.255878016352653503e-02 2.664810419082641602e+00 1.044378280639648438e-01 9.921365380287170410e-01 6.897684186697006226e-02 2.421880006790161133e+00 -3.967431932687759399e-02 -6.514465808868408203e-02 9.970867633819580078e-01 9.705141448974609375e+01
9.928858876228332520e-01 -1.140059232711791992e-01 3.434881195425987244e-02 2.753989696502685547e+00 1.110953912138938904e-01 9.908047914505004883e-01 7.722467184066772461e-02 2.549920558929443359e+00 -4.283703863620758057e-02 -7.285930961370468140e-02 9.964218139648437500e-01 9.990419769287109375e+01
9.931350350379943848e-01 -1.124903261661529541e-01 3.206565231084823608e-02 2.849468469619750977e+00 1.096759289503097534e-01 9.908194541931152344e-01 7.904388010501861572e-02 2.704788684844970703e+00 -4.066295176744461060e-02 -7.498443871736526489e-02 9.963551759719848633e-01 1.024189987182617188e+02
9.922954440116882324e-01 -1.181567832827568054e-01 3.725830465555191040e-02 2.956158161163330078e+00 1.149806678295135498e-01 9.902840852737426758e-01 7.821028679609298706e-02 2.913276672363281250e+00 -4.613738879561424255e-02 -7.332375645637512207e-02 9.962403178215026855e-01 1.050665664672851562e+02
9.915263652801513672e-01 -1.246787160634994507e-01 3.647167235612869263e-02 3.043672084808349609e+00 1.217089816927909851e-01 9.897529482841491699e-01 7.467318326234817505e-02 3.071563005447387695e+00 -4.540811106562614441e-02 -6.960152089595794678e-02 9.965407252311706543e-01 1.077435913085937500e+02
9.907712340354919434e-01 -1.300658881664276123e-01 3.813882172107696533e-02 3.146018981933593750e+00 1.267041265964508057e-01 9.886902570724487305e-01 8.023525774478912354e-02 3.203280210494995117e+00 -4.814336076378822327e-02 -7.466246187686920166e-02 9.960458874702453613e-01 1.102636947631835938e+02
9.897778034210205078e-01 -1.352055370807647705e-01 4.537320882081985474e-02 3.241725444793701172e+00 1.312010884284973145e-01 9.879631400108337402e-01 8.194658160209655762e-02 3.380616188049316406e+00 -5.590670183300971985e-02 -7.515591382980346680e-02 9.956032037734985352e-01 1.127987747192382812e+02
9.885472059249877930e-01 -1.459919065237045288e-01 3.821199387311935425e-02 3.344945192337036133e+00 1.423353105783462524e-01 9.861307144165039062e-01 8.536412566900253296e-02 3.535329341888427734e+00 -5.014450103044509888e-02 -7.894758135080337524e-02 9.956166148185729980e-01 1.151854400634765625e+02
9.884187579154968262e-01 -1.479142755270004272e-01 3.389735892415046692e-02 3.434422731399536133e+00 1.445579826831817627e-01 9.857375621795654297e-01 8.616645634174346924e-02 3.697540044784545898e+00 -4.615915566682815552e-02 -8.026844263076782227e-02 9.957037568092346191e-01 1.176826553344726562e+02
9.886153936386108398e-01 -1.459022015333175659e-01 3.676142171025276184e-02 3.511851787567138672e+00 1.419149339199066162e-01 9.853718280792236328e-01 9.435420483350753784e-02 3.881232738494873047e+00 -4.999016225337982178e-02 -8.806306123733520508e-02 9.948595762252807617e-01 1.200886230468750000e+02
9.882195591926574707e-01 -1.490397751331329346e-01 3.476421535015106201e-02 3.611261606216430664e+00 1.449482291936874390e-01 9.843860268592834473e-01 9.987178444862365723e-02 4.053873062133789062e+00 -4.910628125071525574e-02 -9.365627169609069824e-02 9.943926334381103516e-01 1.224866027832031250e+02
9.876999258995056152e-01 -1.513046324253082275e-01 3.943349793553352356e-02 3.727984905242919922e+00 1.468792110681533813e-01 9.843058586120605469e-01 9.782030433416366577e-02 4.283138275146484375e+00 -5.361529067158699036e-02 -9.082518517971038818e-02 9.944223761558532715e-01 1.251906890869140625e+02
9.866886138916015625e-01 -1.563443541526794434e-01 4.473467916250228882e-02 3.844936847686767578e+00 1.511047780513763428e-01 9.831253290176391602e-01 1.031123995780944824e-01 4.513858795166015625e+00 -6.010084599256515503e-02 -9.498024731874465942e-02 9.936630725860595703e-01 1.277743453979492188e+02
9.862176775932312012e-01 -1.617193222045898438e-01 3.493858128786087036e-02 3.957175731658935547e+00 1.571801453828811646e-01 9.817217588424682617e-01 1.073172539472579956e-01 4.761094093322753906e+00 -5.165524780750274658e-02 -1.003465652465820312e-01 9.936105608940124512e-01 1.304584808349609375e+02
9.860652089118957520e-01 -1.633754968643188477e-01 3.135221824049949646e-02 4.069236278533935547e+00 1.588738113641738892e-01 9.807242751121520996e-01 1.137509346008300781e-01 4.980825424194335938e+00 -4.933200031518936157e-02 -1.071848422288894653e-01 9.930143356323242188e-01 1.330819549560546875e+02
9.861017465591430664e-01 -1.631838381290435791e-01 3.119970858097076416e-02 4.159265041351318359e+00 1.587037146091461182e-01 9.807615876197814941e-01 1.136668696999549866e-01 5.219891071319580078e+00 -4.914806783199310303e-02 -1.071356460452079773e-01 9.930287599563598633e-01 1.356102905273437500e+02
9.856618642807006836e-01 -1.656820923089981079e-01 3.192523121833801270e-02 4.254107475280761719e+00 1.608647555112838745e-01 9.798370003700256348e-01 1.184998527169227600e-01 5.456037521362304688e+00 -5.091482400894165039e-02 -1.116651892662048340e-01 9.924405217170715332e-01 1.381455078125000000e+02
9.844552278518676758e-01 -1.716841012239456177e-01 3.703429549932479858e-02 4.353780269622802734e+00 1.666182726621627808e-01 9.796147942543029785e-01 1.122205555438995361e-01 5.724372386932373047e+00 -5.554582923650741577e-02 -1.043055653572082520e-01 9.929927587509155273e-01 1.408217315673828125e+02
9.830610156059265137e-01 -1.794567555189132690e-01 3.722029924392700195e-02 4.448260784149169922e+00 1.743966042995452881e-01 9.783867597579956055e-01 1.111102849245071411e-01 5.956750392913818359e+00 -5.635534599423408508e-02 -1.027371436357498169e-01 9.931106567382812500e-01 1.434506072998046875e+02
9.816480875015258789e-01 -1.882633417844772339e-01 3.038029931485652924e-02 4.541667938232421875e+00 1.837861835956573486e-01 9.764867424964904785e-01 1.126793473958969116e-01 6.191896438598632812e+00 -5.087935552000999451e-02 -1.050280332565307617e-01 9.931666851043701172e-01 1.458770599365234375e+02
9.809768795967102051e-01 -1.920054405927658081e-01 2.858946472406387329e-02 4.641719818115234375e+00 1.876496076583862305e-01 9.756417870521545410e-01 1.136268824338912964e-01 6.437088012695312500e+00 -4.971006140112876892e-02 -1.061005815863609314e-01 9.931119084358215332e-01 1.484893341064453125e+02
9.805068373680114746e-01 -1.941794455051422119e-01 2.999780327081680298e-02 4.734285831451416016e+00 1.894225180149078369e-01 9.747518301010131836e-01 1.182298064231872559e-01 6.712359428405761719e+00 -5.219821631908416748e-02 -1.102429106831550598e-01 9.925328493118286133e-01 1.510452270507812500e+02
9.794529676437377930e-01 -1.987326294183731079e-01 3.430067375302314758e-02 4.807425022125244141e+00 1.934258490800857544e-01 9.738575816154479980e-01 1.191142499446868896e-01 6.974120616912841797e+00 -5.707586556673049927e-02 -1.100321933627128601e-01 9.922876954078674316e-01 1.535919952392578125e+02
9.782120585441589355e-01 -2.041802257299423218e-01 3.756269440054893494e-02 4.919335365295410156e+00 1.983256042003631592e-01 9.725517630577087402e-01 1.216976270079612732e-01 7.259885787963867188e+00 -6.137992441654205322e-02 -1.115964651107788086e-01 9.918559789657592773e-01 1.562268981933593750e+02
9.796967506408691406e-01 -1.978197246789932251e-01 3.257189691066741943e-02 5.038486480712890625e+00 1.924304366111755371e-01 9.734356999397277832e-01 1.240719035267829895e-01 7.534057140350341797e+00 -5.625052750110626221e-02 -1.152850389480590820e-01 9.917382597923278809e-01 1.588577728271484375e+02
9.782121181488037109e-01 -2.048880010843276978e-01 3.348433226346969604e-02 5.147706031799316406e+00 1.990697383880615234e-01 9.714840054512023926e-01 1.288041174411773682e-01 7.820741653442382812e+00 -5.891992151737213135e-02 -1.193320676684379578e-01 9.911043643951416016e-01 1.613721923828125000e+02
9.778417944908142090e-01 -2.070352137088775635e-01 3.100102208554744720e-02 5.217661857604980469e+00 2.015760540962219238e-01 9.711440801620483398e-01 1.274623870849609375e-01 8.116356849670410156e+00 -5.649567395448684692e-02 -1.183890178799629211e-01 9.913586378097534180e-01 1.639683074951171875e+02
9.774737358093261719e-01 -2.082858681678771973e-01 3.407646343111991882e-02 5.311713695526123047e+00 2.023860961198806763e-01 9.708259105682373047e-01 1.285974681377410889e-01 8.365249633789062500e+00 -5.986736342310905457e-02 -1.188040897250175476e-01 9.911110401153564453e-01 1.661836090087890625e+02
9.764062166213989258e-01 -2.134396582841873169e-01 3.276547789573669434e-02 5.418678283691406250e+00 2.077635377645492554e-01 9.699166417121887207e-01 1.268711984157562256e-01 8.636435508728027344e+00 -5.885914340615272522e-02 -1.170703992247581482e-01 9.913776516914367676e-01 1.686048889160156250e+02
9.740752577781677246e-01 -2.232095897197723389e-01 3.679872676730155945e-02 5.478453636169433594e+00 2.171137183904647827e-01 9.680972695350646973e-01 1.250980645418167114e-01 8.857427597045898438e+00 -6.354784965515136719e-02 -1.138654649257659912e-01 9.914614558219909668e-01 1.707457885742187500e+02
9.733561277389526367e-01 -2.267962247133255005e-01 3.377371281385421753e-02 5.583671569824218750e+00 2.210129797458648682e-01 9.671915769577026367e-01 1.252754777669906616e-01 9.153182983398437500e+00 -6.107766926288604736e-02 -1.144732758402824402e-01 9.915467500686645508e-01 1.734035491943359375e+02
9.721889495849609375e-01 -2.320751547813415527e-01 3.144965693354606628e-02 5.678525447845458984e+00 2.263846397399902344e-01 9.656433463096618652e-01 1.276052445173263550e-01 9.387201309204101562e+00 -5.998317524790763855e-02 -1.169367507100105286e-01 9.913260936737060547e-01 1.756088714599609375e+02
9.710928201675415039e-01 -2.368568032979965210e-01 2.961346693336963654e-02 5.737772941589355469e+00 2.311413437128067017e-01 9.640491008758544922e-01 1.310846209526062012e-01 9.646569252014160156e+00 -5.959713831543922424e-02 -1.204504966735839844e-01 9.909285902976989746e-01 1.778990936279296875e+02
9.725303649902343750e-01 -2.317099124193191528e-01 2.224008925259113312e-02 5.821526527404785156e+00 2.268341034650802612e-01 9.648223519325256348e-01 1.329067051410675049e-01 9.931588172912597656e+00 -5.225355923175811768e-02 -1.242110580205917358e-01 9.908787608146667480e-01 1.802658538818359375e+02
9.728419184684753418e-01 -2.304427176713943481e-01 2.177921868860721588e-02 5.892336845397949219e+00 2.252998799085617065e-01 9.642896056175231934e-01 1.392321586608886719e-01 1.022878360748291016e+01 -5.308653786778450012e-02 -1.305440813302993774e-01 9.900199770927429199e-01 1.827545928955078125e+02
9.714615941047668457e-01 -2.361187487840652466e-01 2.257877588272094727e-02 5.968773841857910156e+00 2.306822389364242554e-01 9.626488685607910156e-01 1.417493820190429688e-01 1.051431274414062500e+01 -5.520514771342277527e-02 -1.324956119060516357e-01 9.896447658538818359e-01 1.850944213867187500e+02
9.709933996200561523e-01 -2.384590357542037964e-01 1.756619289517402649e-02 6.030868530273437500e+00 2.336004525423049927e-01 9.617489576339721680e-01 1.430728137493133545e-01 1.082261657714843750e+01 -5.101130157709121704e-02 -1.348193436861038208e-01 9.895559549331665039e-01 1.874330749511718750e+02
9.697434902191162109e-01 -2.440824657678604126e-01 4.559124819934368134e-03 6.078602313995361328e+00 2.409698069095611572e-01 9.600357413291931152e-01 1.423549205064773560e-01 1.110793685913085938e+01 -3.912329301238059998e-02 -1.369492113590240479e-01 9.898048639297485352e-01 1.897477874755859375e+02
9.691093564033508301e-01 -2.465202361345291138e-01 7.363809272646903992e-03 6.095071315765380859e+00 2.430091649293899536e-01 9.595526456832885742e-01 1.421447396278381348e-01 1.142798614501953125e+01 -4.210755228996276855e-02 -1.359643936157226562e-01 9.898182153701782227e-01 1.920960845947265625e+02
9.680782556533813477e-01 -2.506445646286010742e-01 1.090906560420989990e-03 6.100579738616943359e+00 2.478927820920944214e-01 9.580749869346618652e-01 1.436710804700851440e-01 1.172771930694580078e+01 -3.705558553338050842e-02 -1.388144940137863159e-01 9.896246194839477539e-01 1.944641571044921875e+02
9.673815965652465820e-01 -2.533015608787536621e-01 -3.257095813751220703e-03 6.081506729125976562e+00 2.510648965835571289e-01 9.569679498672485352e-01 1.455285698175430298e-01 1.202133178710937500e+01 -3.374571725726127625e-02 -1.415994763374328613e-01 9.893484115600585938e-01 1.967291259765625000e+02
9.657874107360839844e-01 -2.592727243900299072e-01 -5.636955611407756805e-03 6.104767322540283203e+00 2.569852173328399658e-01 9.538948535919189453e-01 1.550582945346832275e-01 1.232518768310546875e+01 -3.482536599040031433e-02 -1.512020379304885864e-01 9.878889918327331543e-01 1.991056671142578125e+02
9.636304378509521484e-01 -2.671997547149658203e-01 -4.500347655266523361e-03 6.100712776184082031e+00 2.646417617797851562e-01 9.517924189567565918e-01 1.550990939140319824e-01 1.265212535858154297e+01 -3.715908899903297424e-02 -1.506492495536804199e-01 9.878883957862854004e-01 2.013366851806640625e+02
9.633070230484008789e-01 -2.683972418308258057e-01 -1.400120789185166359e-03 6.112676143646240234e+00 2.650032937526702881e-01 9.502719044685363770e-01 1.635732948780059814e-01 1.296640205383300781e+01 -4.257217794656753540e-02 -1.579424142837524414e-01 9.865298867225646973e-01 2.035597534179687500e+02
9.614707827568054199e-01 -2.748740911483764648e-01 -4.199989605695009232e-03 6.104235649108886719e+00 2.716309726238250732e-01 9.475530982017517090e-01 1.684024631977081299e-01 1.327297973632812500e+01 -4.230981320142745972e-02 -1.630549728870391846e-01 9.857090711593627930e-01 2.057755584716796875e+02
9.619232416152954102e-01 -2.733185589313507080e-01 -1.644184812903404236e-04 6.108438491821289062e+00 2.692357897758483887e-01 9.474498629570007324e-01 1.727733463048934937e-01 1.357390689849853516e+01 -4.706643521785736084e-02 -1.662390530109405518e-01 9.849612712860107422e-01 2.078297424316406250e+02
9.617173671722412109e-01 -2.739943265914916992e-01 5.112651735544204712e-03 6.124666213989257812e+00 2.688825130462646484e-01 9.470493197441101074e-01 1.754980683326721191e-01 1.394203567504882812e+01 -5.292746424674987793e-02 -1.674049496650695801e-01 9.844661355018615723e-01 2.100900878906250000e+02
9.601688981056213379e-01 -2.793390154838562012e-01 6.682236678898334503e-03 6.152131080627441406e+00 2.739294469356536865e-01 9.457528591156005859e-01 1.746821701526641846e-01 1.429958820343017578e+01 -5.511534586548805237e-02 -1.658940315246582031e-01 9.846018552780151367e-01 2.122826995849609375e+02
9.594768881797790527e-01 -2.816747128963470459e-01 7.916435599327087402e-03 6.189595222473144531e+00 2.760856151580810547e-01 9.453182220458984375e-01 1.736374199390411377e-01 1.466776180267333984e+01 -5.639287829399108887e-02 -1.644155830144882202e-01 9.847774505615234375e-01 2.146036987304687500e+02
9.585296511650085449e-01 -2.849853634834289551e-01 1.868399325758218765e-03 6.201054573059082031e+00 2.800989747047424316e-01 9.432632923126220703e-01 1.783217936754226685e-01 1.504712867736816406e+01 -5.258154869079589844e-02 -1.704035103321075439e-01 9.839701056480407715e-01 2.169824523925781250e+02
9.558689594268798828e-01 -2.937864363193511963e-01 1.811139867641031742e-03 6.219637870788574219e+00 2.887684106826782227e-01 9.406412839889526367e-01 1.783438473939895630e-01 1.543327140808105469e+01 -5.409869179129600525e-02 -1.699504852294921875e-01 9.839662313461303711e-01 2.193600921630859375e+02
9.558272957801818848e-01 -2.939255833625793457e-01 1.132291043177247047e-03 6.211853504180908203e+00 2.886418700218200684e-01 9.393578767776489258e-01 1.851823627948760986e-01 1.585836124420166016e+01 -5.549351871013641357e-02 -1.766756623983383179e-01 9.827032089233398438e-01 2.218153228759765625e+02
9.545888304710388184e-01 -2.978900969028472900e-01 4.585769493132829666e-03 6.240118026733398438e+00 2.919978201389312744e-01 9.385401010513305664e-01 1.840642541646957397e-01 1.630613899230957031e+01 -5.913489684462547302e-02 -1.743667721748352051e-01 9.829031825065612793e-01 2.243404846191406250e+02
9.544332623481750488e-01 -2.982604801654815674e-01 9.857986122369766235e-03 6.244567871093750000e+00 2.915352284908294678e-01 9.389505386352539062e-01 1.826988607645034790e-01 1.675002098083496094e+01 -6.374806165695190430e-02 -1.715000420808792114e-01 9.831191897392272949e-01 2.269892730712890625e+02
9.534744620323181152e-01 -3.013889193534851074e-01 7.117334753274917603e-03 6.267462730407714844e+00 2.953390181064605713e-01 9.385519623756408691e-01 1.785912811756134033e-01 1.712666702270507812e+01 -6.050546839833259583e-02 -1.681803017854690552e-01 9.838973283767700195e-01 2.293632965087890625e+02
9.525316953659057617e-01 -3.044082224369049072e-01 -4.307564813643693924e-03 6.272734642028808594e+00 3.001348972320556641e-01 9.366007447242736816e-01 1.808253973722457886e-01 1.750110435485839844e+01 -5.101031064987182617e-02 -1.735348552465438843e-01 9.835054874420166016e-01 2.317858581542968750e+02
9.509964585304260254e-01 -3.091990947723388672e-01 -1.098967622965574265e-03 6.253799438476562500e+00 3.041683435440063477e-01 9.348726272583007812e-01 1.830148398876190186e-01 1.795599174499511719e+01 -5.556066706776618958e-02 -1.743808239698410034e-01 9.831092357635498047e-01 2.344227905273437500e+02
9.508137702941894531e-01 -3.096372485160827637e-01 -8.800248615443706512e-03 6.232029438018798828e+00 3.060525953769683838e-01 9.346637129783630371e-01 1.809284090995788574e-01 1.839325714111328125e+01 -4.779694229364395142e-02 -1.747226566076278687e-01 9.834566116333007812e-01 2.368840332031250000e+02
9.507131576538085938e-01 -3.097948133945465088e-01 -1.308601163327693939e-02 6.212721347808837891e+00 3.068180084228515625e-01 9.338030219078063965e-01 1.840492784976959229e-01 1.880367088317871094e+01 -4.479779303073883057e-02 -1.789931952953338623e-01 9.828296303749084473e-01 2.393987274169921875e+02
9.476639628410339355e-01 -3.189638555049896240e-01 -1.395222265273332596e-02 6.220587253570556641e+00 3.162291049957275391e-01 9.317280650138854980e-01 1.785540729761123657e-01 1.921258544921875000e+01 -4.395265504717826843e-02 -1.736214458942413330e-01 9.838309288024902344e-01 2.418098602294921875e+02
9.461733102798461914e-01 -3.233614861965179443e-01 -1.389675959944725037e-02 6.203462600708007812e+00 3.204601705074310303e-01 9.299319982528686523e-01 1.803641915321350098e-01 1.962986183166503906e+01 -4.539982974529266357e-02 -1.751092076301574707e-01 9.835014939308166504e-01 2.444486541748046875e+02
9.434282779693603516e-01 -3.307482898235321045e-01 -2.341542765498161316e-02 6.166303634643554688e+00 3.292420804500579834e-01 9.260833263397216797e-01 1.843063086271286011e-01 2.004380226135253906e+01 -3.927439451217651367e-02 -1.815892010927200317e-01 9.825897216796875000e-01 2.469537811279296875e+02
9.407777786254882812e-01 -3.379527330398559570e-01 -2.692109160125255585e-02 6.103332519531250000e+00 3.368073105812072754e-01 9.226120114326477051e-01 1.880091875791549683e-01 2.050148773193359375e+01 -3.870053216814994812e-02 -1.859421581029891968e-01 9.817981123924255371e-01 2.496740264892578125e+02
9.352725744247436523e-01 -3.525865674018859863e-01 -3.078154474496841431e-02 6.032661914825439453e+00 3.518681526184082031e-01 9.169374704360961914e-01 1.881862729787826538e-01 2.097907066345214844e+01 -3.812723234295845032e-02 -1.868365854024887085e-01 9.816507697105407715e-01 2.523846588134765625e+02
9.345349669456481934e-01 -3.539971709251403809e-01 -3.646860271692276001e-02 5.952926158905029297e+00 3.543670773506164551e-01 9.162760972976684570e-01 1.867131888866424561e-01 2.143597602844238281e+01 -3.268065676093101501e-02 -1.874133497476577759e-01 9.817371964454650879e-01 2.549823150634765625e+02
9.342177510261535645e-01 -3.553113937377929688e-01 -3.147507458925247192e-02 5.867274284362792969e+00 3.546676635742187500e-01 9.158515930175781250e-01 1.882193833589553833e-01 2.191756057739257812e+01 -3.805001825094223022e-02 -1.870011389255523682e-01 9.816223978996276855e-01 2.576705932617187500e+02
9.305487871170043945e-01 -3.648202121257781982e-01 -3.138225898146629333e-02 5.779648780822753906e+00 3.639377057552337646e-01 9.120346307754516602e-01 1.890551894903182983e-01 2.238583183288574219e+01 -4.034947603940963745e-02 -1.873463243246078491e-01 9.814647436141967773e-01 2.603482055664062500e+02
9.282246232032775879e-01 -3.710267543792724609e-01 -2.716471254825592041e-02 5.703285694122314453e+00 3.691063225269317627e-01 9.093753099441528320e-01 1.918248236179351807e-01 2.286638832092285156e+01 -4.646925628185272217e-02 -1.880832612514495850e-01 9.810530543327331543e-01 2.631981201171875000e+02
9.280947446823120117e-01 -3.714241385459899902e-01 -2.615394257009029388e-02 5.631885051727294922e+00 3.691602051258087158e-01 9.087202548980712891e-01 1.948022842407226562e-01 2.338687896728515625e+01 -4.858769103884696960e-02 -1.904500424861907959e-01 9.804936647415161133e-01 2.660533752441406250e+02
9.249416589736938477e-01 -3.798618912696838379e-01 -1.369687449187040329e-02 5.564016342163085938e+00 3.752486109733581543e-01 9.067779779434204102e-01 1.922028958797454834e-01 2.386125183105468750e+01 -6.059056892991065979e-02 -1.829162687063217163e-01 9.812595844268798828e-01 2.685520019531250000e+02
9.241431951522827148e-01 -3.818532526493072510e-01 -1.213119551539421082e-02 5.543086051940917969e+00 3.766797482967376709e-01 9.053995609283447266e-01 1.958665698766708374e-01 2.432498741149902344e+01 -6.380874663591384888e-02 -1.855783760547637939e-01 9.805555343627929688e-01 2.711142883300781250e+02
9.228315949440002441e-01 -3.849758505821228027e-01 -1.323218643665313721e-02 5.557889938354492188e+00 3.795391917228698730e-01 9.028562307357788086e-01 2.019907683134078979e-01 2.475189399719238281e+01 -6.581484526395797729e-02 -1.914256513118743896e-01 9.792980551719665527e-01 2.735605163574218750e+02
9.178784489631652832e-01 -3.966912031173706055e-01 -1.161483302712440491e-02 5.511031627655029297e+00 3.903644382953643799e-01 8.971913456916809082e-01 2.065498679876327515e-01 2.532816505432128906e+01 -7.151583582162857056e-02 -1.941217482089996338e-01 9.783670902252197266e-01 2.765137329101562500e+02
9.178112745285034180e-01 -3.969805538654327393e-01 -5.340098403394222260e-03 5.523706912994384766e+00 3.894560933113098145e-01 8.976390957832336426e-01 2.063189446926116943e-01 2.589334487915039062e+01 -7.711118459701538086e-02 -1.914416402578353882e-01 9.784701466560363770e-01 2.792835083007812500e+02
9.142898321151733398e-01 -4.050593376159667969e-01 8.665476925671100616e-04 5.556034564971923828e+00 3.957333862781524658e-01 8.936914205551147461e-01 2.114477604627609253e-01 2.641742706298828125e+01 -8.642337471246719360e-02 -1.929816454648971558e-01 9.773887991905212402e-01 2.819131164550781250e+02
9.116936922073364258e-01 -4.107955396175384521e-01 7.835185155272483826e-03 5.579555034637451172e+00 3.996284902095794678e-01 8.910174965858459473e-01 2.153701931238174438e-01 2.689180374145507812e+01 -9.545446932315826416e-02 -1.932205110788345337e-01 9.765009284019470215e-01 2.843861694335937500e+02
9.096567034721374512e-01 -4.152971208095550537e-01 7.264731451869010925e-03 5.609552383422851562e+00 4.040459990501403809e-01 8.887955546379089355e-01 2.163069248199462891e-01 2.734614753723144531e+01 -9.628858417272567749e-02 -1.938297748565673828e-01 9.762982726097106934e-01 2.865995788574218750e+02
9.047359824180603027e-01 -4.258705079555511475e-01 9.320869110524654388e-03 5.646893978118896484e+00 4.136026799678802490e-01 8.834870457649230957e-01 2.199610173702239990e-01 2.784794425964355469e+01 -1.019098535180091858e-01 -1.951515227556228638e-01 9.754640460014343262e-01 2.890920104980468750e+02
9.019489884376525879e-01 -4.316191673278808594e-01 1.388172805309295654e-02 5.694004058837890625e+00 4.176822304725646973e-01 8.800866603851318359e-01 2.258061617612838745e-01 2.844285202026367188e+01 -1.096794679760932922e-01 -1.978674978017807007e-01 9.740732908248901367e-01 2.917032470703125000e+02
8.997071981430053711e-01 -4.363745748996734619e-01 1.019611582159996033e-02 5.775322914123535156e+00 4.223235547542572021e-01 8.761648535728454590e-01 2.323301434516906738e-01 2.901988792419433594e+01 -1.103165224194526672e-01 -2.047230750322341919e-01 9.725834727287292480e-01 2.943359375000000000e+02
8.986161351203918457e-01 -4.386386275291442871e-01 9.217886254191398621e-03 5.810861110687255859e+00 4.242278635501861572e-01 8.740673661231994629e-01 2.367197871208190918e-01 2.964156341552734375e+01 -1.118915751576423645e-01 -2.088097482919692993e-01 9.715341925621032715e-01 2.971051330566406250e+02
8.979188203811645508e-01 -4.401471018791198730e-01 3.482501488178968430e-03 5.840965747833251953e+00 4.269602596759796143e-01 8.728848099708557129e-01 2.361701428890228271e-01 3.018220901489257812e+01 -1.069895103573799133e-01 -2.105747312307357788e-01 9.717054367065429688e-01 2.994982910156250000e+02
8.969518542289733887e-01 -4.420950412750244141e-01 5.393073894083499908e-03 5.871283531188964844e+00 4.281188845634460449e-01 8.715122938156127930e-01 2.391229718923568726e-01 3.077087974548339844e+01 -1.104152947664260864e-01 -2.121729254722595215e-01 9.709742665290832520e-01 3.020601501464843750e+02
8.960215449333190918e-01 -4.439625144004821777e-01 -6.520310882478952408e-03 5.895985603332519531e+00 4.328977763652801514e-01 8.702360987663269043e-01 2.351336330175399780e-01 3.134775924682617188e+01 -9.871637821197509766e-02 -2.135074287652969360e-01 9.719411730766296387e-01 3.045513916015625000e+02
8.954354524612426758e-01 -4.451890587806701660e-01 -1.362714450806379318e-03 5.894401073455810547e+00 4.325170814990997314e-01 8.692134022712707520e-01 2.395751476287841797e-01 3.201131439208984375e+01 -1.054718121886253357e-01 -2.151134759187698364e-01 9.708768725395202637e-01 3.073519897460937500e+02
8.933411240577697754e-01 -4.493530690670013428e-01 -4.822269082069396973e-03 5.896390914916992188e+00 4.365274012088775635e-01 8.651940226554870605e-01 2.467435300350189209e-01 3.271759796142578125e+01 -1.067028418183326721e-01 -2.225311994552612305e-01 9.690688252449035645e-01 3.103264465332031250e+02
8.926513195037841797e-01 -4.507391750812530518e-01 2.755017485469579697e-03 5.893079757690429688e+00 4.357450604438781738e-01 8.644874691963195801e-01 2.505733370780944824e-01 3.339593887329101562e+01 -1.153249815106391907e-01 -2.224741578102111816e-01 9.680936932563781738e-01 3.131266174316406250e+02
8.934515714645385742e-01 -4.491327404975891113e-01 -4.886905197054147720e-03 5.930537700653076172e+00 4.358591437339782715e-01 8.643152117729187012e-01 2.509689629077911377e-01 3.401530456542968750e+01 -1.084946170449256897e-01 -2.263586223125457764e-01 9.679828286170959473e-01 3.158110351562500000e+02
8.897458910942077637e-01 -4.564524590969085693e-01 -1.796590862795710564e-03 5.940576076507568359e+00 4.420238733291625977e-01 8.606247901916503906e-01 2.528621256351470947e-01 3.470404815673828125e+01 -1.138734146952629089e-01 -2.257771790027618408e-01 9.675006866455078125e-01 3.187320861816406250e+02
8.856419920921325684e-01 -4.643631875514984131e-01 2.229553647339344025e-03 5.979341030120849609e+00 4.482412636280059814e-01 8.561278581619262695e-01 2.571464180946350098e-01 3.539371871948242188e+01 -1.213181838393211365e-01 -2.267402857542037964e-01 9.663699269294738770e-01 3.214110107421875000e+02
8.801044821739196777e-01 -4.747281372547149658e-01 7.017915137112140656e-03 6.037965297698974609e+00 4.575570821762084961e-01 8.520299792289733887e-01 2.543341219425201416e-01 3.605146789550781250e+01 -1.267191022634506226e-01 -2.206294834613800049e-01 9.670910239219665527e-01 3.241141967773437500e+02
8.771650791168212891e-01 -4.801716208457946777e-01 4.064877517521381378e-03 6.081030368804931641e+00 4.630715548992156982e-01 8.481059670448303223e-01 2.574498951435089111e-01 3.674805831909179688e+01 -1.270676255226135254e-01 -2.239437103271484375e-01 9.662831425666809082e-01 3.269370727539062500e+02
8.763601779937744141e-01 -4.815732538700103760e-01 8.942333981394767761e-03 6.130239009857177734e+00 4.628445506095886230e-01 8.471249341964721680e-01 2.610625326633453369e-01 3.747339630126953125e+01 -1.332960575819015503e-01 -2.246458530426025391e-01 9.652805924415588379e-01 3.298229980468750000e+02
8.758226037025451660e-01 -4.825013875961303711e-01 1.127446070313453674e-02 6.174783229827880859e+00 4.627801775932312012e-01 8.461972475051879883e-01 2.641667425632476807e-01 3.814498519897460938e+01 -1.370012760162353516e-01 -2.261455655097961426e-01 9.644112586975097656e-01 3.323891296386718750e+02
8.743754625320434570e-01 -4.848527908325195312e-01 1.962786540389060974e-02 6.222208023071289062e+00 4.635156095027923584e-01 8.464981317520141602e-01 2.619038820266723633e-01 3.879558944702148438e+01 -1.435998231172561646e-01 -2.199044674634933472e-01 9.648944735527038574e-01 3.349611511230468750e+02
8.733642101287841797e-01 -4.868344962596893311e-01 1.506916247308254242e-02 6.299543380737304688e+00 4.664430618286132812e-01 8.448887467384338379e-01 2.619033455848693848e-01 3.956643676757812500e+01 -1.402353942394256592e-01 -2.217080593109130859e-01 9.649766087532043457e-01 3.379765014648437500e+02
