9.999579787254333496e-01 -6.850154139101505280e-03 -6.091856863349676132e-03 -1.959068002179265022e-03 6.839865818619728088e-03 9.999751448631286621e-01 -1.708146417513489723e-03 -4.578657820820808411e-02 6.103406194597482681e-03 1.666407100856304169e-03 9.999799728393554688e-01 1.992631673812866211e+00
9.999389648437500000e-01 -4.897633567452430725e-03 -9.905106388032436371e-03 -2.851848863065242767e-02 4.966213367879390717e-03 9.999638199806213379e-01 6.911010481417179108e-03 -6.806648522615432739e-02 9.870899841189384460e-03 -6.959779188036918640e-03 9.999270439147949219e-01 4.154954433441162109e+00
9.998834133148193359e-01 -6.663053762167692184e-03 -1.374264061450958252e-02 -4.207498580217361450e-02 6.811712402850389481e-03 9.999185204505920410e-01 1.079907175153493881e-02 -9.671454131603240967e-02 1.366956438869237900e-02 -1.089142262935638428e-02 9.998472332954406738e-01 6.253202915191650391e+00
9.998874664306640625e-01 -1.108119450509548187e-02 -1.011444721370935440e-02 -9.417657554149627686e-02 1.127019152045249939e-02 9.997592568397521973e-01 1.882432587444782257e-02 -1.203149259090423584e-01 9.903416037559509277e-03 -1.893619820475578308e-02 9.997715950012207031e-01 8.554212570190429688e+00
9.996535181999206543e-01 -2.339895814657211304e-02 -1.205931697040796280e-02 -1.272140741348266602e-01 2.358979545533657074e-02 9.995946884155273438e-01 1.593363657593727112e-02 -1.266740709543228149e-01 1.168159954249858856e-02 -1.621259190142154694e-02 9.998002648353576660e-01 1.093809413909912109e+01
9.994593262672424316e-01 -2.301982603967189789e-02 -2.348035946488380432e-02 -1.434368491172790527e-01 2.343682758510112762e-02 9.995695948600769043e-01 1.764201931655406952e-02 -1.175788044929504395e-01 2.306413650512695312e-02 -1.818278431892395020e-02 9.995685815811157227e-01 1.317444133758544922e+01
9.993464350700378418e-01 -2.520372718572616577e-02 -2.591579221189022064e-02 -2.023401856422424316e-01 2.560301683843135834e-02 9.995566606521606445e-01 1.519270054996013641e-02 -1.112083941698074341e-01 2.552139014005661011e-02 -1.584629155695438385e-02 9.995486140251159668e-01 1.526883888244628906e+01
9.991399049758911133e-01 -3.365583717823028564e-02 -2.422475069761276245e-02 -2.654119729995727539e-01 3.406032919883728027e-02 9.992837905883789062e-01 1.648330129683017731e-02 -1.172723695635795593e-01 2.365264110267162323e-02 -1.729422621428966522e-02 9.995705485343933105e-01 1.753537559509277344e+01
9.989800453186035156e-01 -3.540109097957611084e-02 -2.803222648799419403e-02 -3.460513651371002197e-01 3.584860265254974365e-02 9.992350339889526367e-01 1.562599651515483856e-02 -1.282157152891159058e-01 2.745760604739189148e-02 -1.661497540771961212e-02 9.994847774505615234e-01 1.980250930786132812e+01
9.989307522773742676e-01 -3.816113248467445374e-02 -2.609999850392341614e-02 -3.969026803970336914e-01 3.867257758975028992e-02 9.990639686584472656e-01 1.937995664775371552e-02 -1.382466703653335571e-01 2.533600851893424988e-02 -2.036859095096588135e-02 9.994713068008422852e-01 2.202849960327148438e+01
9.983136057853698730e-01 -5.186206102371215820e-02 -2.608583495020866394e-02 -4.365316033363342285e-01 5.250047147274017334e-02 9.983223676681518555e-01 2.441474795341491699e-02 -1.411137580871582031e-01 2.477587759494781494e-02 -2.574309334158897400e-02 9.993613362312316895e-01 2.441975975036621094e+01
9.980297088623046875e-01 -5.680722743272781372e-02 -2.664313279092311859e-02 -4.981265664100646973e-01 5.741196870803833008e-02 9.980967044830322266e-01 2.251012064516544342e-02 -1.352183073759078979e-01 2.531369030475616455e-02 -2.399540506303310394e-02 9.993913769721984863e-01 2.669038963317871094e+01
9.981049895286560059e-01 -5.791870877146720886e-02 -2.078886702656745911e-02 -5.288469195365905762e-01 5.841673165559768677e-02 9.979987144470214844e-01 2.420660294592380524e-02 -1.252484619617462158e-01 1.934525370597839355e-02 -2.537515200674533844e-02 9.994906187057495117e-01 2.914177703857421875e+01
9.977439641952514648e-01 -6.482489407062530518e-02 -1.746566966176033020e-02 -5.771282911300659180e-01 6.527128815650939941e-02 9.975200295448303223e-01 2.633167617022991180e-02 -1.111577451229095459e-01 1.571541465818881989e-02 -2.741227857768535614e-02 9.995004534721374512e-01 3.121537780761718750e+01
9.974850416183471680e-01 -6.911052018404006958e-02 -1.573677919805049896e-02 -6.178144812583923340e-01 6.946825236082077026e-02 9.973085522651672363e-01 2.344990521669387817e-02 -9.908697009086608887e-02 1.407379657030105591e-02 -2.448413893580436707e-02 9.996008872985839844e-01 3.349357604980468750e+01
9.975331425666809082e-01 -6.944654136896133423e-02 -1.025522686541080475e-02 -6.474647521972656250e-01 6.965518742799758911e-02 9.973367452621459961e-01 2.162415906786918640e-02 -6.159278005361557007e-02 8.726201020181179047e-03 -2.228514663875102997e-02 9.997133016586303711e-01 3.571781158447265625e+01
9.970536828041076660e-01 -7.527033984661102295e-02 -1.479322370141744614e-02 -6.728794574737548828e-01 7.570987939834594727e-02 9.966220855712890625e-01 3.181912377476692200e-02 -6.273854523897171021e-02 1.234822534024715424e-02 -3.284536302089691162e-02 9.993838667869567871e-01 3.781399917602539062e+01
9.967381954193115234e-01 -8.020755648612976074e-02 -8.950177580118179321e-03 -6.895035505294799805e-01 8.044552803039550781e-02 9.962924718856811523e-01 3.049375675618648529e-02 -3.156957030296325684e-02 6.471175700426101685e-03 -3.111428953707218170e-02 9.994946122169494629e-01 3.992752838134765625e+01
9.961940050125122070e-01 -8.698103576898574829e-02 5.681466311216354370e-03 -6.851991415023803711e-01 8.674480766057968140e-02 9.956703186035156250e-01 3.340752050280570984e-02 -1.482207700610160828e-02 -8.562671020627021790e-03 -3.278752788901329041e-02 9.994254112243652344e-01 4.207187271118164062e+01
9.957799315452575684e-01 -9.147398918867111206e-02 7.443946786224842072e-03 -6.675645709037780762e-01 9.114748239517211914e-02 9.951767921447753906e-01 3.626962378621101379e-02 2.944271266460418701e-02 -1.072575151920318604e-02 -3.543805703520774841e-02 9.993140697479248047e-01 4.409527969360351562e+01
9.952022433280944824e-01 -9.655740112066268921e-02 1.580133289098739624e-02 -6.550942659378051758e-01 9.591349214315414429e-02 9.946866631507873535e-01 3.740585967898368835e-02 4.828958958387374878e-02 -1.932916417717933655e-02 -3.571083024144172668e-02 9.991749525070190430e-01 4.584224319458007812e+01
9.947226643562316895e-01 -1.019380316138267517e-01 1.166538894176483154e-02 -6.231539249420166016e-01 1.013629809021949768e-01 9.939503669738769531e-01 4.228952527046203613e-02 1.127724200487136841e-01 -1.590570807456970215e-02 -4.088389873504638672e-02 9.990369677543640137e-01 4.771356582641601562e+01
9.943821430206298828e-01 -1.058366298675537109e-01 1.814262941479682922e-03 -6.203968524932861328e-01 1.056282892823219299e-01 9.932471513748168945e-01 4.799020662903785706e-02 1.530605554580688477e-01 -6.881119683384895325e-03 -4.752895236015319824e-02 9.988458156585693359e-01 4.953360366821289062e+01
9.945362210273742676e-01 -1.043688133358955383e-01 2.292627468705177307e-03 -6.506896615028381348e-01 1.041226983070373535e-01 9.932945370674133301e-01 5.024541541934013367e-02 2.166211009025573730e-01 -7.521294988691806793e-03 -4.973215982317924500e-02 9.987338781356811523e-01 5.135951232910156250e+01
9.941437244415283203e-01 -1.072119623422622681e-01 -1.357351616024971008e-02 -6.782673001289367676e-01 1.077797189354896545e-01 9.928064942359924316e-01 5.214378237724304199e-02 2.776710987091064453e-01 7.885441184043884277e-03 -5.330134928226470947e-02 9.985469579696655273e-01 5.317551040649414062e+01
9.936928749084472656e-01 -1.107891052961349487e-01 -1.733652688562870026e-02 -7.276898026466369629e-01 1.115338206291198730e-01 9.924801588058471680e-01 5.043431743979454041e-02 3.432856798171997070e-01 1.161858439445495605e-02 -5.204981938004493713e-02 9.985765218734741211e-01 5.488192749023437500e+01
9.936560988426208496e-01 -1.082665696740150452e-01 -3.043458051979541779e-02 -7.731108665466308594e-01 1.097819879651069641e-01 9.925125837326049805e-01 5.354372039437294006e-02 4.134733676910400391e-01 2.440969832241535187e-02 -5.654519423842430115e-02 9.981012344360351562e-01 5.657315063476562500e+01
9.927623271942138672e-01 -1.152340099215507507e-01 -3.383028134703636169e-02 -8.253924250602722168e-01 1.169286519289016724e-01 9.917080402374267578e-01 5.331992730498313904e-02 4.706806838512420654e-01 2.740548178553581238e-02 -5.688972026109695435e-02 9.980039000511169434e-01 5.809207534790039062e+01
9.924512505531311035e-01 -1.187143325805664062e-01 -3.078742697834968567e-02 -8.881127834320068359e-01 1.202973201870918274e-01 9.911560416221618652e-01 5.602162331342697144e-02 5.201661586761474609e-01 2.386456541717052460e-02 -5.930235236883163452e-02 9.979543685913085938e-01 5.971344757080078125e+01
9.923169016838073730e-01 -1.159823983907699585e-01 -4.307819530367851257e-02 -9.439324140548706055e-01 1.182783022522926331e-01 9.914429783821105957e-01 5.523888021707534790e-02 5.678777098655700684e-01 3.630281612277030945e-02 -5.990966781973838806e-02 9.975430369377136230e-01 6.108007812500000000e+01
9.914976954460144043e-01 -1.210897266864776611e-01 -4.764515534043312073e-02 -1.006658315658569336e+00 1.238648667931556702e-01 9.904600381851196289e-01 6.038703024387359619e-02 6.261313557624816895e-01 3.987834975123405457e-02 -6.577513366937637329e-02 9.970368742942810059e-01 6.244216918945312500e+01
9.911282658576965332e-01 -1.190542653203010559e-01 -5.908671766519546509e-02 -1.099786281585693359e+00 1.226996034383773804e-01 9.904764890670776367e-01 6.245973706245422363e-02 7.108721137046813965e-01 5.108787119388580322e-02 -6.915549933910369873e-02 9.962964653968811035e-01 6.385859680175781250e+01
9.899787902832031250e-01 -1.233883425593376160e-01 -6.868515908718109131e-02 -1.195533275604248047e+00 1.273155063390731812e-01 9.902762770652770996e-01 5.606805533170700073e-02 7.720350027084350586e-01 6.109909340739250183e-02 -6.425084918737411499e-02 9.960611462593078613e-01 6.531529235839843750e+01
9.893509745597839355e-01 -1.258778572082519531e-01 -7.307377457618713379e-02 -1.287422895431518555e+00 1.300512850284576416e-01 9.899547696113586426e-01 5.546346306800842285e-02 8.307744860649108887e-01 6.535806506872177124e-02 -6.437614560127258301e-02 9.957826733589172363e-01 6.660950469970703125e+01
9.899119138717651367e-01 -1.263081878423690796e-01 -6.419594585895538330e-02 -1.363645434379577637e+00 1.301381736993789673e-01 9.897119402885437012e-01 5.945149436593055725e-02 8.887958526611328125e-01 5.602623894810676575e-02 -6.720604747533798218e-02 9.961643815040588379e-01 6.791968536376953125e+01
9.896107912063598633e-01 -1.272888928651809692e-01 -6.684733927249908447e-02 -1.450625777244567871e+00 1.314843744039535522e-01 9.893379211425781250e-01 6.262847781181335449e-02 9.485633373260498047e-01 5.816265568137168884e-02 -7.076716423034667969e-02 9.957952499389648438e-01 6.922077941894531250e+01
9.899191856384277344e-01 -1.272809952497482300e-01 -6.212923303246498108e-02 -1.541914939880371094e+00 1.312074065208435059e-01 9.892977476119995117e-01 6.383212655782699585e-02 1.005574107170104980e+00 5.333964899182319641e-02 -7.134042680263519287e-02 9.960243701934814453e-01 7.045005035400390625e+01
9.894866943359375000e-01 -1.292684227228164673e-01 -6.485586613416671753e-02 -1.634842872619628906e+00 1.334408819675445557e-01 9.889395236968994141e-01 6.474764645099639893e-02 1.066110014915466309e+00 5.576865002512931824e-02 -7.272132486104965210e-02 9.957914352416992188e-01 7.180942535400390625e+01
9.906245470046997070e-01 -1.286049634218215942e-01 -4.608951881527900696e-02 -1.719403862953186035e+00 1.313851028680801392e-01 9.892985224723815918e-01 6.345398724079132080e-02 1.130010128021240234e+00 3.743576258420944214e-02 -6.891452521085739136e-02 9.969195127487182617e-01 7.308785247802734375e+01
9.906687736511230469e-01 -1.309278756380081177e-01 -3.786427527666091919e-02 -1.748100161552429199e+00 1.333255171775817871e-01 9.886071085929870605e-01 6.985870748758316040e-02 1.210509300231933594e+00 2.828641608357429504e-02 -7.425508648157119751e-02 9.968376159667968750e-01 7.444778442382812500e+01
9.899839758872985840e-01 -1.376926004886627197e-01 -3.119113110005855560e-02 -1.801243662834167480e+00 1.396506428718566895e-01 9.874971508979797363e-01 7.312317937612533569e-02 1.308283329010009766e+00 2.073261328041553497e-02 -7.674661278724670410e-02 9.968345761299133301e-01 7.613779449462890625e+01
9.891051054000854492e-01 -1.419024914503097534e-01 -3.918239846825599670e-02 -1.868365526199340820e+00 1.444861888885498047e-01 9.867563247680664062e-01 7.372674345970153809e-02 1.408522009849548340e+00 2.820144593715667725e-02 -7.858478277921676636e-02 9.965080022811889648e-01 7.785871124267578125e+01
9.884540438652038574e-01 -1.456587612628936768e-01 -4.174349457025527954e-02 -1.953601956367492676e+00 1.484477370977401733e-01 9.861388206481933594e-01 7.411834597587585449e-02 1.506437659263610840e+00 3.036886267364025116e-02 -7.945927977561950684e-02 9.963749647140502930e-01 7.954157257080078125e+01
9.871497154235839844e-01 -1.489322185516357422e-01 -5.792306363582611084e-02 -2.053754806518554688e+00 1.527429819107055664e-01 9.859156608581542969e-01 6.811694055795669556e-02 1.572317719459533691e+00 4.696240276098251343e-02 -7.608893513679504395e-02 9.959940314292907715e-01 8.096733856201171875e+01
9.849714040756225586e-01 -1.524796485900878906e-01 -8.112788945436477661e-02 -2.196400165557861328e+00 1.577407866716384888e-01 9.854732155799865723e-01 6.293128430843353271e-02 1.617138504981994629e+00 7.035356014966964722e-02 -7.478266954421997070e-02 9.947145581245422363e-01 8.237074279785156250e+01
9.792459011077880859e-01 -1.559856683015823364e-01 -1.294077634811401367e-01 -2.391195297241210938e+00 1.644435971975326538e-01 9.847142696380615234e-01 5.741030350327491760e-02 1.681124925613403320e+00 1.184743940830230713e-01 -7.749906182289123535e-02 9.899277091026306152e-01 8.359211730957031250e+01
9.684747457504272461e-01 -1.533626466989517212e-01 -1.963083148002624512e-01 -2.661036968231201172e+00 1.667051166296005249e-01 9.845677018165588379e-01 5.325148999691009521e-02 1.725257515907287598e+00 1.851119101047515869e-01 -8.429829031229019165e-02 9.790948033332824707e-01 8.482823181152343750e+01
9.538365006446838379e-01 -1.553779244422912598e-01 -2.570099830627441406e-01 -3.015952110290527344e+00 1.720115989446640015e-01 9.841378331184387207e-01 4.341295361518859863e-02 1.762944102287292480e+00 2.461876869201660156e-01 -8.561752736568450928e-02 9.654328227043151855e-01 8.602915191650390625e+01
9.319700598716735840e-01 -1.594455391168594360e-01 -3.255908489227294922e-01 -3.393864631652832031e+00 1.782255023717880249e-01 9.835773110389709473e-01 2.848273888230323792e-02 1.792977094650268555e+00 3.157021403312683105e-01 -8.457362651824951172e-02 9.450813531875610352e-01 8.700693511962890625e+01
9.076238274574279785e-01 -1.597961485385894775e-01 -3.881812095642089844e-01 -3.980003356933593750e+00 1.798056066036224365e-01 9.835796952247619629e-01 1.551727857440710068e-02 1.800041437149047852e+00 3.793273568153381348e-01 -8.388099074363708496e-02 9.214521050453186035e-01 8.829959106445312500e+01
8.955162763595581055e-01 -1.619882583618164062e-01 -4.145006835460662842e-01 -4.488808155059814453e+00 1.830098628997802734e-01 9.830470681190490723e-01 1.120900083333253860e-02 1.796558380126953125e+00 4.056577682495117188e-01 -8.589553833007812500e-02 9.099795818328857422e-01 8.934106445312500000e+01
8.423126339912414551e-01 -1.564849466085433960e-01 -5.157734155654907227e-01 -5.061242103576660156e+00 1.816944032907485962e-01 9.833536148071289062e-01 -1.622059382498264313e-03 1.768606305122375488e+00 5.074412822723388672e-01 -9.234684705734252930e-02 8.567231297492980957e-01 9.027494049072265625e+01
8.084051012992858887e-01 -1.474889218807220459e-01 -5.698495507240295410e-01 -5.770320892333984375e+00 1.745429039001464844e-01 9.846229553222656250e-01 -7.229401730000972748e-03 1.736747264862060547e+00 5.621529817581176758e-01 -9.361888468265533447e-02 8.217168450355529785e-01 9.125990295410156250e+01
7.747997641563415527e-01 -1.441844403743743896e-01 -6.155456304550170898e-01 -6.631807327270507812e+00 1.751514971256256104e-01 9.844892024993896484e-01 -1.013855263590812683e-02 1.685337781906127930e+00 6.074596047401428223e-01 -9.995836019515991211e-02 7.880356311798095703e-01 9.235783386230468750e+01
7.574579715728759766e-01 -1.448023170232772827e-01 -6.366238594055175781e-01 -7.469105720520019531e+00 1.787896454334259033e-01 9.838252067565917969e-01 -1.104983221739530563e-02 1.643241405487060547e+00 6.279263496398925781e-01 -1.054519265890121460e-01 7.710949182510375977e-01 9.334630584716796875e+01
7.394438385963439941e-01 -1.442884206771850586e-01 -6.575742363929748535e-01 -8.376985549926757812e+00 1.830777972936630249e-01 9.830492138862609863e-01 -9.834527969360351562e-03 1.621482372283935547e+00 6.478465795516967773e-01 -1.131151169538497925e-01 7.533252239227294922e-01 9.437961578369140625e+01
7.168594002723693848e-01 -1.459862142801284790e-01 -6.817630529403686523e-01 -9.266953468322753906e+00 1.887664496898651123e-01 9.819513559341430664e-01 -1.178183779120445251e-02 1.591904878616333008e+00 6.711778640747070312e-01 -1.202480196952819824e-01 7.314778566360473633e-01 9.526661682128906250e+01
7.153433561325073242e-01 -1.486266553401947021e-01 -6.827841997146606445e-01 -1.014946556091308594e+01 1.910938620567321777e-01 9.814797639846801758e-01 -1.343968883156776428e-02 1.558923244476318359e+00 6.721361279487609863e-01 -1.208618134260177612e-01 7.304961681365966797e-01 9.621971893310546875e+01
7.897008061408996582e-01 -1.472024023532867432e-01 -5.955706834793090820e-01 -1.090570926666259766e+01 1.915572136640548706e-01 9.814149141311645508e-01 1.142795663326978683e-02 1.545283555984497070e+00 5.828195810317993164e-01 -1.231104433536529541e-01 8.032212853431701660e-01 9.720022583007812500e+01
8.218348026275634766e-01 -1.477720886468887329e-01 -5.502283573150634766e-01 -1.162221813201904297e+01 1.894092857837677002e-01 9.817094802856445312e-01 1.925348117947578430e-02 1.551768422126770020e+00 5.373191237449645996e-01 -1.200414672493934631e-01 8.347918391227722168e-01 9.835334014892578125e+01
8.831250071525573730e-01 -1.569236069917678833e-01 -4.421147704124450684e-01 -1.218512153625488281e+01 1.947740763425827026e-01 9.799813032150268555e-01 4.122819751501083374e-02 1.610162377357482910e+00 4.267944693565368652e-01 -1.225220784544944763e-01 8.960101008415222168e-01 9.960378265380859375e+01
9.025270342826843262e-01 -1.586496084928512573e-01 -4.003441929817199707e-01 -1.271671581268310547e+01 1.930949091911315918e-01 9.800572395324707031e-01 4.692864418029785156e-02 1.658085107803344727e+00 3.849149942398071289e-01 -1.196587383747100830e-01 9.151619672775268555e-01 1.008763732910156250e+02
9.307888150215148926e-01 -1.678800731897354126e-01 -3.247288465499877930e-01 -1.310518836975097656e+01 1.967865228652954102e-01 9.787250161170959473e-01 5.807365849614143372e-02 1.733312845230102539e+00 3.080708682537078857e-01 -1.179564967751502991e-01 9.440221190452575684e-01 1.021219177246093750e+02
9.481869935989379883e-01 -1.691306680440902710e-01 -2.689546942710876465e-01 -1.344384384155273438e+01 1.946855634450912476e-01 9.782804846763610840e-01 7.116811722517013550e-02 1.812977671623229980e+00 2.510765194892883301e-01 -1.198422014713287354e-01 9.605194330215454102e-01 1.034244766235351562e+02
9.656030535697937012e-01 -1.717077195644378662e-01 -1.952629238367080688e-01 -1.365215492248535156e+01 1.917421370744705200e-01 9.774315357208251953e-01 8.867101371288299561e-02 1.915154814720153809e+00 1.756307780742645264e-01 -1.230610460042953491e-01 9.767338633537292480e-01 1.046144714355468750e+02
9.754292964935302734e-01 -1.770278364419937134e-01 -1.311463415622711182e-01 -1.375883293151855469e+01 1.907325536012649536e-01 9.764830470085144043e-01 1.005085781216621399e-01 2.019295215606689453e+00 1.102695390582084656e-01 -1.230527982115745544e-01 9.862544536590576172e-01 1.058108139038085938e+02
9.731453657150268555e-01 -1.771741360425949097e-01 -1.469623744487762451e-01 -1.396486091613769531e+01 1.929148286581039429e-01 9.760289192199707031e-01 1.007535457611083984e-01 2.136703252792358398e+00 1.255887895822525024e-01 -1.263989806175231934e-01 9.839968681335449219e-01 1.071859588623046875e+02
9.723353981971740723e-01 -1.771349161863327026e-01 -1.522743850946426392e-01 -1.416947841644287109e+01 1.938853412866592407e-01 9.755830168724060059e-01 1.031799167394638062e-01 2.258210897445678711e+00 1.302797347307205200e-01 -1.298491656780242920e-01 9.829371571540832520e-01 1.085442276000976562e+02
9.762455224990844727e-01 -1.763956099748611450e-01 -1.258161067962646484e-01 -1.431062602996826172e+01 1.905873864889144897e-01 9.753285050392150879e-01 1.114032715559005737e-01 2.405064344406127930e+00 1.030611842870712280e-01 -1.327358037233352661e-01 9.857782125473022461e-01 1.098926620483398438e+02
9.731870293617248535e-01 -1.783382594585418701e-01 -1.452683210372924805e-01 -1.450182056427001953e+01 1.946169584989547729e-01 9.750514626502990723e-01 1.067653372883796692e-01 2.523897647857666016e+00 1.226039379835128784e-01 -1.321742236614227295e-01 9.836143851280212402e-01 1.111190032958984375e+02
9.665709733963012695e-01 -1.789833754301071167e-01 -1.835917383432388306e-01 -1.479892539978027344e+01 1.995590627193450928e-01 9.747317433357238770e-01 1.003701686859130859e-01 2.636429548263549805e+00 1.609882712364196777e-01 -1.336521804332733154e-01 9.778644442558288574e-01 1.125135879516601562e+02
9.610875844955444336e-01 -1.793891042470932007e-01 -2.100730985403060913e-01 -1.510858154296875000e+01 2.028125822544097900e-01 9.745316505432128906e-01 9.568186104297637939e-02 2.747288227081298828e+00 1.875587701797485352e-01 -1.345639973878860474e-01 9.729919433593750000e-01 1.138607406616210938e+02
9.698392748832702637e-01 -1.874681860208511353e-01 -1.557814478874206543e-01 -1.528508377075195312e+01 2.050381153821945190e-01 9.730491042137145996e-01 1.055205613374710083e-01 2.886150598526000977e+00 1.318014711141586304e-01 -1.342790126800537109e-01 9.821388125419616699e-01 1.151589050292968750e+02
9.708468317985534668e-01 -1.878562122583389282e-01 -1.488855928182601929e-01 -1.551325511932373047e+01 2.048237919807434082e-01 9.728029966354370117e-01 1.081723272800445557e-01 3.034922122955322266e+00 1.245157495141029358e-01 -1.355139613151550293e-01 9.829195737838745117e-01 1.166921157836914062e+02
9.689458012580871582e-01 -1.920226812362670898e-01 -1.557940244674682617e-01 -1.579613113403320312e+01 2.101983726024627686e-01 9.714567661285400391e-01 1.099461242556571960e-01 3.202970981597900391e+00 1.302352398633956909e-01 -1.392793655395507812e-01 9.816512465476989746e-01 1.184060058593750000e+02
9.653287529945373535e-01 -1.967890560626983643e-01 -1.715079247951507568e-01 -1.615098762512207031e+01 2.164446711540222168e-01 9.706879854202270508e-01 1.044811680912971497e-01 3.393898248672485352e+00 1.459201425313949585e-01 -1.379805207252502441e-01 9.796263575553894043e-01 1.204257888793945312e+02
9.612986445426940918e-01 -1.984313428401947021e-01 -1.911290735006332397e-01 -1.655915641784667969e+01 2.207648158073425293e-01 9.698221087455749512e-01 1.034780442714691162e-01 3.587935924530029297e+00 1.648281216621398926e-01 -1.416677534580230713e-01 9.760947823524475098e-01 1.224731750488281250e+02
9.602968096733093262e-01 -2.003787457942962646e-01 -1.941103339195251465e-01 -1.698022079467773438e+01 2.240037918090820312e-01 9.685451984405517578e-01 1.083615571260452271e-01 3.753425598144531250e+00 1.662915050983428955e-01 -1.475405693054199219e-01 9.749759435653686523e-01 1.246054534912109375e+02
9.597646594047546387e-01 -2.027581781148910522e-01 -1.942711174488067627e-01 -1.738359642028808594e+01 2.265823632478713989e-01 9.678433537483215332e-01 1.092671602964401245e-01 3.935860157012939453e+00 1.658693999052047729e-01 -1.488890200853347778e-01 9.748428463935852051e-01 1.267012405395507812e+02
9.601114988327026367e-01 -2.093684226274490356e-01 -1.853407323360443115e-01 -1.779546928405761719e+01 2.320576459169387817e-01 9.664147496223449707e-01 1.104146987199783325e-01 4.132133007049560547e+00 1.559988707304000854e-01 -1.490200012922286987e-01 9.764509797096252441e-01 1.287467803955078125e+02
9.568964242935180664e-01 -2.121454030275344849e-01 -1.983530819416046143e-01 -1.823792648315429688e+01 2.371698617935180664e-01 9.649814367294311523e-01 1.120753064751625061e-01 4.357439994812011719e+00 1.676309704780578613e-01 -1.542876660823822021e-01 9.737012982368469238e-01 1.311127014160156250e+02
9.551573395729064941e-01 -2.225978523492813110e-01 -1.952563822269439697e-01 -1.868713569641113281e+01 2.480483651161193848e-01 9.616434574127197266e-01 1.171040534973144531e-01 4.562511920928955078e+00 1.617001295089721680e-01 -1.602856516838073730e-01 9.737353920936584473e-01 1.333983764648437500e+02
9.543792605400085449e-01 -2.283987104892730713e-01 -1.923400610685348511e-01 -1.918295097351074219e+01 2.535559237003326416e-01 9.600906372070312500e-01 1.180457398295402527e-01 4.833696365356445312e+00 1.577026098966598511e-01 -1.614292114973068237e-01 9.742019772529602051e-01 1.358908691406250000e+02
9.529960751533508301e-01 -2.366008907556533813e-01 -1.892587691545486450e-01 -1.961331176757812500e+01 2.617160379886627197e-01 9.575601816177368164e-01 1.207587644457817078e-01 5.062159538269042969e+00 1.526552438735961914e-01 -1.646145284175872803e-01 9.744729399681091309e-01 1.381367340087890625e+02
9.538385272026062012e-01 -2.392596602439880371e-01 -1.815135776996612549e-01 -2.001288795471191406e+01 2.632841765880584717e-01 9.569551944732666016e-01 1.221381351351737976e-01 5.294154167175292969e+00 1.444778144359588623e-01 -1.642895787954330444e-01 9.757736921310424805e-01 1.402084655761718750e+02
9.533982872962951660e-01 -2.481040954589843750e-01 -1.716872453689575195e-01 -2.041589355468750000e+01 2.707574665546417236e-01 9.546244740486145020e-01 1.240241527557373047e-01 5.552592277526855469e+00 1.331261396408081055e-01 -1.647298783063888550e-01 9.773129820823669434e-01 1.424293518066406250e+02
9.553714990615844727e-01 -2.433035522699356079e-01 -1.675382107496261597e-01 -2.075761985778808594e+01 2.666959166526794434e-01 9.542823433876037598e-01 1.349740326404571533e-01 5.775402069091796875e+00 1.270392835140228271e-01 -1.736319661140441895e-01 9.765818119049072266e-01 1.446082611083984375e+02
9.550604820251464844e-01 -2.481612116098403931e-01 -1.620984375476837158e-01 -2.111190032958984375e+01 2.707588672637939453e-01 9.529352188110351562e-01 1.363953799009323120e-01 6.025550842285156250e+00 1.206214576959609985e-01 -1.741552948951721191e-01 9.773020744323730469e-01 1.467150115966796875e+02
9.562364816665649414e-01 -2.479836195707321167e-01 -1.552943736314773560e-01 -2.138972091674804688e+01 2.700971662998199463e-01 9.522168636322021484e-01 1.425839960575103760e-01 6.279202461242675781e+00 1.125156134366989136e-01 -1.782884448766708374e-01 9.775236248970031738e-01 1.486647338867187500e+02
9.552711844444274902e-01 -2.508036494255065918e-01 -1.567002385854721069e-01 -2.168728446960449219e+01 2.734687626361846924e-01 9.508515596389770508e-01 1.452436894178390503e-01 6.542609691619873047e+00 1.125712171196937561e-01 -1.815995872020721436e-01 9.769075512886047363e-01 1.505868072509765625e+02
9.564470648765563965e-01 -2.521007955074310303e-01 -1.471550762653350830e-01 -2.201302909851074219e+01 2.733768820762634277e-01 9.503347277641296387e-01 1.487567275762557983e-01 6.827584266662597656e+00 1.023450866341590881e-01 -1.825065761804580688e-01 9.778629541397094727e-01 1.526585083007812500e+02
9.564783573150634766e-01 -2.547323405742645264e-01 -1.423412412405014038e-01 -2.227857971191406250e+01 2.755310833454132080e-01 9.490212798118591309e-01 1.531042009592056274e-01 7.081368446350097656e+00 9.608448296785354614e-02 -1.856601238250732422e-01 9.779044985771179199e-01 1.544762878417968750e+02
9.557178616523742676e-01 -2.594413459300994873e-01 -1.389026343822479248e-01 -2.255226516723632812e+01 2.795114517211914062e-01 9.479326009750366211e-01 1.526327580213546753e-01 7.364158630371093750e+00 9.207129478454589844e-02 -1.846985667943954468e-01 9.784724712371826172e-01 1.565610656738281250e+02
9.551803469657897949e-01 -2.606417536735534668e-01 -1.403453499078750610e-01 -2.282078361511230469e+01 2.811152040958404541e-01 9.472154974937438965e-01 1.541324257850646973e-01 7.656170368194580078e+00 9.276413172483444214e-02 -1.866773217916488647e-01 9.780314564704895020e-01 1.586884307861328125e+02
9.555276036262512207e-01 -2.622860968112945557e-01 -1.348090767860412598e-01 -2.307709884643554688e+01 2.823272645473480225e-01 9.456732273101806641e-01 1.612241566181182861e-01 7.938019752502441406e+00 8.519867062568664551e-02 -1.921142488718032837e-01 9.776668548583984375e-01 1.607233276367187500e+02
9.577182531356811523e-01 -2.571249604225158691e-01 -1.290849894285202026e-01 -2.335996437072753906e+01 2.764572501182556152e-01 9.466838836669921875e-01 1.654107570648193359e-01 8.235215187072753906e+00 7.967165857553482056e-02 -1.941032111644744873e-01 9.777399897575378418e-01 1.628395538330078125e+02
9.570929408073425293e-01 -2.590673863887786865e-01 -1.298367083072662354e-01 -2.364272880554199219e+01 2.788674235343933105e-01 9.452298283576965332e-01 1.696267873048782349e-01 8.560385704040527344e+00 7.878097146749496460e-02 -1.985556483268737793e-01 9.769177436828613281e-01 1.649891815185546875e+02
9.576246738433837891e-01 -2.544568479061126709e-01 -1.349336951971054077e-01 -2.389541244506835938e+01 2.759116590023040771e-01 9.448744058609008789e-01 1.763088554143905640e-01 8.858936309814453125e+00 8.263260871171951294e-02 -2.060672789812088013e-01 9.750421047210693359e-01 1.670376129150390625e+02
9.575806260108947754e-01 -2.563759386539459229e-01 -1.315714418888092041e-01 -2.415425682067871094e+01 2.774856388568878174e-01 9.435181021690368652e-01 1.810386031866073608e-01 9.193686485290527344e+00 7.772630453109741211e-02 -2.098680436611175537e-01 9.746347665786743164e-01 1.690880126953125000e+02
9.560378789901733398e-01 -2.623620033264160156e-01 -1.309894323348999023e-01 -2.438921165466308594e+01 2.832188308238983154e-01 9.419134259223937988e-01 1.805154085159301758e-01 9.501340866088867188e+00 7.602053880691528320e-02 -2.096780389547348022e-01 9.748101830482482910e-01 1.709448242187500000e+02
9.557686448097229004e-01 -2.644379734992980957e-01 -1.287607252597808838e-01 -2.465551185607910156e+01 2.851429581642150879e-01 9.404200911521911621e-01 1.852109432220458984e-01 9.837843894958496094e+00 7.211259007453918457e-02 -2.137338072061538696e-01 9.742261767387390137e-01 1.728719024658203125e+02
9.566733241081237793e-01 -2.636168897151947021e-01 -1.236234605312347412e-01 -2.491793251037597656e+01 2.833471298217773438e-01 9.406292438507080078e-01 1.868972480297088623e-01 1.019087791442871094e+01 6.701481342315673828e-02 -2.138277292251586914e-01 9.745694994926452637e-01 1.748194885253906250e+02
9.557420611381530762e-01 -2.698841691017150879e-01 -1.171336621046066284e-01 -2.513718223571777344e+01 2.885255515575408936e-01 9.376614689826965332e-01 1.937613487243652344e-01 1.053560543060302734e+01 5.753886327147483826e-02 -2.189816832542419434e-01 9.740304350852966309e-01 1.766993865966796875e+02
9.533727765083312988e-01 -2.802566289901733398e-01 -1.119694784283638000e-01 -2.538215446472167969e+01 2.979255914688110352e-01 9.332028627395629883e-01 2.009281963109970093e-01 1.092769622802734375e+01 4.817905649542808533e-02 -2.249177992343902588e-01 9.731853008270263672e-01 1.789384002685546875e+02
9.512530565261840820e-01 -2.891044318675994873e-01 -1.074100509285926819e-01 -2.561659431457519531e+01 3.054405450820922852e-01 9.313380718231201172e-01 1.982800066471099854e-01 1.136076068878173828e+01 4.271173104643821716e-02 -2.214215993881225586e-01 9.742417931556701660e-01 1.812109069824218750e+02
9.513536691665649414e-01 -2.889220714569091797e-01 -1.070091873407363892e-01 -2.583597183227539062e+01 3.053547739982604980e-01 9.304519891738891602e-01 2.025265544652938843e-01 1.176751422882080078e+01 4.105281457304954529e-02 -2.253498733043670654e-01 9.734120368957519531e-01 1.832959289550781250e+02
9.495272636413574219e-01 -2.964447438716888428e-01 -1.025630757212638855e-01 -2.612123680114746094e+01 3.118243515491485596e-01 9.275782704353332520e-01 2.058239281177520752e-01 1.224218750000000000e+01 3.412016108632087708e-02 -2.274168133735656738e-01 9.731990098953247070e-01 1.858963623046875000e+02
9.484252333641052246e-01 -3.015203475952148438e-01 -9.785524010658264160e-02 -2.633744049072265625e+01 3.158000707626342773e-01 9.255391955375671387e-01 2.089185863733291626e-01 1.269996452331542969e+01 2.757595665752887726e-02 -2.290461063385009766e-01 9.730243086814880371e-01 1.883390808105468750e+02
9.479035735130310059e-01 -3.035272955894470215e-01 -9.669828414916992188e-02 -2.653685951232910156e+01 3.176577687263488770e-01 9.234308004379272461e-01 2.153335362672805786e-01 1.318909549713134766e+01 2.393488027155399323e-02 -2.348321527242660522e-01 9.717406630516052246e-01 1.907811126708984375e+02
9.468793272972106934e-01 -3.067745268344879150e-01 -9.648573398590087891e-02 -2.675483322143554688e+01 3.209080696105957031e-01 9.208679795265197754e-01 2.214035987854003906e-01 1.367832279205322266e+01 2.092994935810565948e-02 -2.406053096055984497e-01 9.703967571258544922e-01 1.931453857421875000e+02
9.450541138648986816e-01 -3.142134845256805420e-01 -9.023939818143844604e-02 -2.695879745483398438e+01 3.266264498233795166e-01 9.191235303878784180e-01 2.202874273061752319e-01 1.420400428771972656e+01 1.372418738901615143e-02 -2.376578897237777710e-01 9.712513685226440430e-01 1.955765686035156250e+02
9.449344873428344727e-01 -3.160915970802307129e-01 -8.476696908473968506e-02 -2.714045524597167969e+01 3.271866738796234131e-01 9.179705381393432617e-01 2.242284417152404785e-01 1.468150138854980469e+01 6.937175523489713669e-03 -2.396155893802642822e-01 9.708424806594848633e-01 1.978348388671875000e+02
9.447515010833740234e-01 -3.175762891769409180e-01 -8.118187636137008667e-02 -2.730445098876953125e+01 3.277799785137176514e-01 9.170479774475097656e-01 2.271182835102081299e-01 1.514239501953125000e+01 2.320610918104648590e-03 -2.411799281835556030e-01 9.704770445823669434e-01 2.000428466796875000e+02
9.436190724372863770e-01 -3.223053514957427979e-01 -7.551717758178710938e-02 -2.746669578552246094e+01 3.309959769248962402e-01 9.151742458343505859e-01 2.299936115741729736e-01 1.564211940765380859e+01 -5.016476381570100784e-03 -2.420220524072647095e-01 9.702571630477905273e-01 2.022878875732421875e+02
9.408599138259887695e-01 -3.298427760601043701e-01 -7.737514376640319824e-02 -2.763621330261230469e+01 3.387420177459716797e-01 9.117494225502014160e-01 2.323060929775238037e-01 1.613454246520996094e+01 -6.077428348362445831e-03 -2.447775155305862427e-01 9.695596098899841309e-01 2.045072326660156250e+02
9.385140538215637207e-01 -3.366888165473937988e-01 -7.637071609497070312e-02 -2.778715896606445312e+01 3.450607955455780029e-01 9.076262116432189941e-01 2.390542775392532349e-01 1.664966583251953125e+01 -1.117052417248487473e-02 -2.507081627845764160e-01 9.679976701736450195e-01 2.068125915527343750e+02
9.376673698425292969e-01 -3.375768363475799561e-01 -8.259656280279159546e-02 -2.793111038208007812e+01 3.474718928337097168e-01 9.061276912689208984e-01 2.412367314100265503e-01 1.717685508728027344e+01 -6.592585705220699310e-03 -2.548996210098266602e-01 9.669444561004638672e-01 2.091099548339843750e+02
9.366717934608459473e-01 -3.393774628639221191e-01 -8.642514050006866455e-02 -2.812106132507324219e+01 3.501679003238677979e-01 9.038217067718505859e-01 2.459434568881988525e-01 1.775035476684570312e+01 -5.354439839720726013e-03 -2.606314420700073242e-01 9.654229283332824707e-01 2.115310211181640625e+02
9.329798817634582520e-01 -3.461871445178985596e-01 -9.850616753101348877e-02 -2.831283950805664062e+01 3.599022328853607178e-01 9.006266593933105469e-01 2.436010092496871948e-01 1.830512428283691406e+01 4.386049229651689529e-03 -2.627272605895996094e-01 9.648596048355102539e-01 2.139858551025390625e+02
9.318190217018127441e-01 -3.494653403759002686e-01 -9.791661053895950317e-02 -2.852687644958496094e+01 3.629134297370910645e-01 8.992549777030944824e-01 2.442004084587097168e-01 1.886327171325683594e+01 2.712725428864359856e-03 -2.630856931209564209e-01 9.647680521011352539e-01 2.162011718750000000e+02
9.309883117675781250e-01 -3.513006567955017090e-01 -9.924197942018508911e-02 -2.875747871398925781e+01 3.650405704975128174e-01 8.977769017219543457e-01 2.464578896760940552e-01 1.946452140808105469e+01 2.516651991754770279e-03 -2.656766176223754883e-01 9.640582799911499023e-01 2.186343383789062500e+02
9.284509420394897461e-01 -3.566113412380218506e-01 -1.039598956704139709e-01 -2.895457839965820312e+01 3.714337050914764404e-01 8.943194150924682617e-01 2.494579702615737915e-01 2.000207901000976562e+01 4.014122765511274338e-03 -2.702235281467437744e-01 9.627885818481445312e-01 2.208270263671875000e+02
9.296699166297912598e-01 -3.554781675338745117e-01 -9.669330716133117676e-02 -2.920605087280273438e+01 3.683832287788391113e-01 8.950389623641967773e-01 2.513931095600128174e-01 2.059348297119140625e+01 -2.820181194692850113e-03 -2.693326473236083984e-01 9.630424380302429199e-01 2.232575073242187500e+02
9.272979497909545898e-01 -3.604096770286560059e-01 -1.011128574609756470e-01 -2.941853713989257812e+01 3.743203580379486084e-01 8.915568590164184570e-01 2.549708783626556396e-01 2.114000320434570312e+01 -1.745808403939008713e-03 -2.742824554443359375e-01 9.616469740867614746e-01 2.255623626708984375e+02
9.255124926567077637e-01 -3.641869425773620605e-01 -1.038984358310699463e-01 -2.961185646057128906e+01 3.787105083465576172e-01 8.883324265480041504e-01 2.596987783908843994e-01 2.165819358825683594e+01 -2.282259752973914146e-03 -2.797017991542816162e-01 9.600836038589477539e-01 2.276333007812500000e+02
9.232685565948486328e-01 -3.683710992336273193e-01 -1.089876145124435425e-01 -2.981965065002441406e+01 3.841553926467895508e-01 8.851416110992431641e-01 2.625804841518402100e-01 2.220262145996093750e+01 -2.573011443018913269e-04 -2.843003869056701660e-01 9.587346315383911133e-01 2.297612457275390625e+02
9.223010540008544922e-01 -3.698385953903198242e-01 -1.121631413698196411e-01 -3.002174949645996094e+01 3.864691555500030518e-01 8.838114738464355469e-01 2.636633515357971191e-01 2.275148963928222656e+01 1.618478796444833279e-03 -2.865244746208190918e-01 9.580709934234619141e-01 2.318735961914062500e+02
9.198639988899230957e-01 -3.718540668487548828e-01 -1.248001828789710999e-01 -3.026476287841796875e+01 3.920113444328308105e-01 8.823640942573547363e-01 2.603078186511993408e-01 2.331348419189453125e+01 1.332296896725893021e-02 -2.883707582950592041e-01 9.574255347251892090e-01 2.341328887939453125e+02
9.179376363754272461e-01 -3.774789869785308838e-01 -1.220670938491821289e-01 -3.049221992492675781e+01 3.965969979763031006e-01 8.809368610382080078e-01 2.581871747970581055e-01 2.381138420104980469e+01 1.007346343249082565e-02 -2.854110598564147949e-01 9.583516716957092285e-01 2.361007232666015625e+02
9.185215830802917480e-01 -3.750710487365722656e-01 -1.250600963830947876e-01 -3.074534034729003906e+01 3.951669931411743164e-01 8.810691833496093750e-01 2.599223852157592773e-01 2.437158012390136719e+01 1.269754208624362946e-02 -2.881638407707214355e-01 9.574962854385375977e-01 2.383422546386718750e+02
9.167761802673339844e-01 -3.790068328380584717e-01 -1.259979754686355591e-01 -3.105958938598632812e+01 3.992422819137573242e-01 8.785209059715270996e-01 2.623091936111450195e-01 2.494778060913085938e+01 1.127518527209758759e-02 -2.907824218273162842e-01 9.567221403121948242e-01 2.407406158447265625e+02
