9.999932050704956055e-01 -8.249233360402286053e-04 -3.600735915824770927e-03 -2.115668728947639465e-03 8.254572167061269283e-04 9.999996423721313477e-01 1.467419060645624995e-04 -1.396763604134321213e-02 3.600613446906208992e-03 -1.497137272963300347e-04 9.999935030937194824e-01 8.716151118278503418e-01
9.999659657478332520e-01 -1.769087684806436300e-04 -8.254042826592922211e-03 -1.029033679515123367e-02 1.777642319211736321e-04 9.999999403953552246e-01 1.028849728754721582e-04 -2.970381453633308411e-02 8.254024200141429901e-03 -1.043487209244631231e-04 9.999659061431884766e-01 1.782065391540527344e+00
9.999100565910339355e-01 1.456133031751960516e-04 -1.341689936816692352e-02 -2.309326454997062683e-02 -1.304427132708951831e-04 9.999992847442626953e-01 1.131481956690549850e-03 -4.398806765675544739e-02 1.341705583035945892e-02 -1.129629672504961491e-03 9.999092817306518555e-01 2.653405904769897461e+00
9.998717904090881348e-01 1.311448722844943404e-04 -1.601539179682731628e-02 -3.733608871698379517e-02 -9.151236008619889617e-05 9.999968409538269043e-01 2.475238405168056488e-03 -6.258780509233474731e-02 1.601566746830940247e-02 -2.473454922437667847e-03 9.998686313629150391e-01 3.584695577621459961e+00
9.997842907905578613e-01 -7.223474094644188881e-04 -2.075992710888385773e-02 -5.714074149727821350e-02 7.842875784263014793e-04 9.999951720237731934e-01 2.975541399791836739e-03 -7.550023496150970459e-02 2.075767889618873596e-02 -2.991181798279285431e-03 9.997799992561340332e-01 4.439195156097412109e+00
9.997252225875854492e-01 -8.660741150379180908e-04 -2.342665567994117737e-02 -7.694987207651138306e-02 8.944522705860435963e-04 9.999988079071044922e-01 1.200852217152714729e-03 -8.795386552810668945e-02 2.342558838427066803e-02 -1.221477054059505463e-03 9.997248053550720215e-01 5.318741798400878906e+00
9.996197223663330078e-01 -7.444130023941397667e-04 -2.756717428565025330e-02 -1.045874804258346558e-01 7.926113321445882320e-04 9.999980926513671875e-01 1.737443497404456139e-03 -1.047046780586242676e-01 2.756582945585250854e-02 -1.758633530698716640e-03 9.996184110641479492e-01 6.203906536102294922e+00
9.994975328445434570e-01 4.048072441946715117e-04 -3.169583901762962341e-02 -1.341881453990936279e-01 -3.430439974181354046e-04 9.999979734420776367e-01 1.953973434865474701e-03 -1.181285753846168518e-01 3.169656544923782349e-02 -1.942118280567228794e-03 9.994955658912658691e-01 7.074279785156250000e+00
9.993547797203063965e-01 -2.165935584343969822e-04 -3.591763228178024292e-02 -1.674749106168746948e-01 2.756300964392721653e-04 9.999985694885253906e-01 1.638672314584255219e-03 -1.344676017761230469e-01 3.591722995042800903e-02 -1.647515455260872841e-03 9.993532896041870117e-01 7.950523376464843750e+00
9.992308020591735840e-01 1.038516871631145477e-03 -3.920348361134529114e-02 -2.024874836206436157e-01 -9.720714879222214222e-04 9.999980330467224121e-01 1.713857403956353664e-03 -1.517692655324935913e-01 3.920518606901168823e-02 -1.674430095590651035e-03 9.992296099662780762e-01 8.822818756103515625e+00
9.992756247520446777e-01 4.953283932991325855e-04 -3.805321082472801208e-02 -2.378178238868713379e-01 -4.414302529767155647e-04 9.999988675117492676e-01 1.424725283868610859e-03 -1.705994904041290283e-01 3.805387392640113831e-02 -1.406894996762275696e-03 9.992744922637939453e-01 9.753632545471191406e+00
9.993095993995666504e-01 1.341262948699295521e-03 -3.712919354438781738e-02 -2.735099196434020996e-01 -1.332685234956443310e-03 9.999990463256835938e-01 2.557104453444480896e-04 -1.896435022354125977e-01 3.712949901819229126e-02 -2.060524420812726021e-04 9.993101954460144043e-01 1.066773414611816406e+01
9.993014931678771973e-01 8.773889276199042797e-04 -3.736073896288871765e-02 -3.094992339611053467e-01 -8.966125897131860256e-04 9.999994635581970215e-01 -4.978496581315994263e-04 -2.097173631191253662e-01 3.736028075218200684e-02 5.309996777214109898e-04 9.993014931678771973e-01 1.162362194061279297e+01
9.992967247962951660e-01 1.432967605069279671e-03 -3.747118264436721802e-02 -3.459990918636322021e-01 -1.533656846731901169e-03 9.999952316284179688e-01 -2.658567391335964203e-03 -2.282807677984237671e-01 3.746719285845756531e-02 2.714165020734071732e-03 9.992939829826354980e-01 1.257457542419433594e+01
9.993681311607360840e-01 1.810028334148228168e-03 -3.549856320023536682e-02 -3.788689672946929932e-01 -1.881685457192361355e-03 9.999961853027343750e-01 -1.985347829759120941e-03 -2.473345547914505005e-01 3.549483418464660645e-02 2.050890121608972549e-03 9.993675947189331055e-01 1.347059822082519531e+01
9.992701411247253418e-01 1.456993282772600651e-03 -3.817364946007728577e-02 -4.117670059204101562e-01 -1.574060763232409954e-03 9.999940991401672363e-01 -3.036875044927000999e-03 -2.626750171184539795e-01 3.816899657249450684e-02 3.094745567068457603e-03 9.992663860321044922e-01 1.433195686340332031e+01
9.992266297340393066e-01 5.641926545649766922e-04 -3.931910917162895203e-02 -4.473287761211395264e-01 -6.883496535010635853e-04 9.999946951866149902e-01 -3.144249320030212402e-03 -2.822691798210144043e-01 3.931712731719017029e-02 3.168882103636860847e-03 9.992216229438781738e-01 1.522758197784423828e+01
9.992818832397460938e-01 9.333054185844957829e-04 -3.788084536790847778e-02 -4.822050333023071289e-01 -1.074199914000928402e-03 9.999924302101135254e-01 -3.699277294799685478e-03 -3.035055398941040039e-01 3.787710890173912048e-02 3.737311577424407005e-03 9.992752671241760254e-01 1.616773796081542969e+01
9.993189573287963867e-01 8.659632876515388489e-04 -3.689238056540489197e-02 -5.172503590583801270e-01 -1.095524872653186321e-03 9.999800324440002441e-01 -6.202762015163898468e-03 -3.255088925361633301e-01 3.688627853989601135e-02 6.238952744752168655e-03 9.992998242378234863e-01 1.709202766418457031e+01
9.993849396705627441e-01 -4.646232264349237084e-05 -3.506954386830329895e-02 -5.502868890762329102e-01 -2.422141551505774260e-04 9.999659657478332520e-01 -8.227327838540077209e-03 -3.499924838542938232e-01 3.506874293088912964e-02 8.230760693550109863e-03 9.993508458137512207e-01 1.802541351318359375e+01
9.993945956230163574e-01 2.504968142602592707e-05 -3.479215130209922791e-02 -5.823756456375122070e-01 -3.735809586942195892e-04 9.999496340751647949e-01 -1.001114305108785629e-02 -3.771522045135498047e-01 3.479015827178955078e-02 1.001807861030101776e-02 9.993442893028259277e-01 1.892957496643066406e+01
9.993911385536193848e-01 2.109287073835730553e-03 -3.482613712549209595e-02 -6.148257851600646973e-01 -2.519327681511640549e-03 9.999278187751770020e-01 -1.173434499651193619e-02 -4.062296152114868164e-01 3.479887917637825012e-02 1.181493792682886124e-02 9.993243217468261719e-01 1.982224082946777344e+01
9.993716478347778320e-01 2.367836888879537582e-03 -3.536458685994148254e-02 -6.509869098663330078e-01 -2.791179576888680458e-03 9.999248385429382324e-01 -1.192633155733346939e-02 -4.360194802284240723e-01 3.533369675278663635e-02 1.201754622161388397e-02 9.993031024932861328e-01 2.073069953918457031e+01
9.993718266487121582e-01 2.036479068920016289e-03 -3.538135066628456116e-02 -6.852793693542480469e-01 -2.475731773301959038e-03 9.999201893806457520e-01 -1.237552240490913391e-02 -4.674211740493774414e-01 3.535333275794982910e-02 1.245534326881170273e-02 9.992970228195190430e-01 2.168372726440429688e+01
9.991344213485717773e-01 3.205896820873022079e-03 -4.147333279252052307e-02 -7.223867177963256836e-01 -3.740453394129872322e-03 9.999106526374816895e-01 -1.281805895268917084e-02 -4.948949217796325684e-01 4.142854362726211548e-02 1.296209637075662613e-02 9.990571141242980957e-01 2.256231498718261719e+01
9.991778731346130371e-01 4.248626995831727982e-03 -4.031699523329734802e-02 -7.720589637756347656e-01 -4.802019335329532623e-03 9.998952746391296387e-01 -1.363921351730823517e-02 -5.355865359306335449e-01 4.025483503937721252e-02 1.382160745561122894e-02 9.990935921669006348e-01 2.368835449218750000e+01
9.992042183876037598e-01 3.488420508801937103e-03 -3.973413631319999695e-02 -8.190813660621643066e-01 -4.067979287356138229e-03 9.998861551284790039e-01 -1.451448444277048111e-02 -5.764458179473876953e-01 3.967899084091186523e-02 1.466457452625036240e-02 9.991046190261840820e-01 2.479415130615234375e+01
9.991727471351623535e-01 3.395583014935255051e-03 -4.052607715129852295e-02 -8.681794404983520508e-01 -3.999862819910049438e-03 9.998816251754760742e-01 -1.483920309692621231e-02 -6.185362935066223145e-01 4.047090187668800354e-02 1.498902868479490280e-02 9.990680217742919922e-01 2.590895271301269531e+01
9.991705417633056641e-01 3.862382378429174423e-03 -4.053819552063941956e-02 -9.171750545501708984e-01 -4.487074911594390869e-03 9.998721480369567871e-01 -1.533039100468158722e-02 -6.614969968795776367e-01 4.047381132841110229e-02 1.549957599490880966e-02 9.990600943565368652e-01 2.703741264343261719e+01
9.991151690483093262e-01 4.685300402343273163e-03 -4.179605096578598022e-02 -9.673176407814025879e-01 -5.317113827913999557e-03 9.998728632926940918e-01 -1.501832529902458191e-02 -7.036583423614501953e-01 4.172037914395332336e-02 1.522727496922016144e-02 9.990130066871643066e-01 2.818876457214355469e+01
9.991363286972045898e-01 4.688730463385581970e-03 -4.128811135888099670e-02 -1.017073512077331543e+00 -5.390048027038574219e-03 9.998426437377929688e-01 -1.689112372696399689e-02 -7.466161847114562988e-01 4.120242595672607422e-02 1.709908433258533478e-02 9.990041851997375488e-01 2.932684898376464844e+01
9.991697072982788086e-01 5.273004528135061264e-03 -4.040224477648735046e-02 -1.066270828247070312e+00 -6.040579173713922501e-03 9.998030066490173340e-01 -1.889995858073234558e-02 -7.918764352798461914e-01 4.029463231563568115e-02 1.912832260131835938e-02 9.990044236183166504e-01 3.047568893432617188e+01
9.991443157196044922e-01 6.198413204401731491e-03 -4.089478403329849243e-02 -1.112459897994995117e+00 -7.029262837022542953e-03 9.997710585594177246e-01 -2.020446769893169403e-02 -8.383240103721618652e-01 4.076018929481506348e-02 2.047464624047279358e-02 9.989588856697082520e-01 3.161277008056640625e+01
9.991603493690490723e-01 5.405086558312177658e-03 -4.061449319124221802e-02 -1.149898290634155273e+00 -6.214020308107137680e-03 9.997842311859130859e-01 -1.981769874691963196e-02 -8.727656006813049316e-01 4.049861803650856018e-02 2.005344443023204803e-02 9.989780783653259277e-01 3.249647521972656250e+01
9.991423487663269043e-01 6.455937400460243225e-03 -4.090216755867004395e-02 -1.200637578964233398e+00 -7.243374828249216080e-03 9.997906088829040527e-01 -1.913298666477203369e-02 -9.207293987274169922e-01 4.077008739113807678e-02 1.941285468637943268e-02 9.989796876907348633e-01 3.366223526000976562e+01
9.991593956947326660e-01 6.614180281758308411e-03 -4.045866429805755615e-02 -1.248192071914672852e+00 -7.420544978231191635e-03 9.997760653495788574e-01 -1.981310173869132996e-02 -9.655442237854003906e-01 4.031856358051300049e-02 2.009668201208114624e-02 9.989844560623168945e-01 3.479179000854492188e+01
9.991404414176940918e-01 6.523711606860160828e-03 -4.093776643276214600e-02 -1.294353246688842773e+00 -7.389459758996963501e-03 9.997513294219970703e-01 -2.103245817124843597e-02 -1.010986566543579102e+00 4.079038649797439575e-02 2.131689712405204773e-02 9.989400506019592285e-01 3.590306472778320312e+01
9.990338683128356934e-01 7.474050391465425491e-03 -4.330823943018913269e-02 -1.343124389648437500e+00 -8.457504212856292725e-03 9.997093081474304199e-01 -2.256978489458560944e-02 -1.057608604431152344e+00 4.312697425484657288e-02 2.291426621377468109e-02 9.988065361976623535e-01 3.698397827148437500e+01
9.988312721252441406e-01 7.864401675760746002e-03 -4.768950119614601135e-02 -1.394695401191711426e+00 -8.953378535807132721e-03 9.997028708457946777e-01 -2.266435511410236359e-02 -1.105239629745483398e+00 4.749710112810134888e-02 2.306485734879970551e-02 9.986048340797424316e-01 3.804624557495117188e+01
9.985576868057250977e-01 8.635840378701686859e-03 -5.299080163240432739e-02 -1.447306275367736816e+00 -9.845044463872909546e-03 9.996958971023559570e-01 -2.260076440870761871e-02 -1.149639248847961426e+00 5.277952179312705994e-02 2.308987081050872803e-02 9.983389973640441895e-01 3.909294891357421875e+01
9.983921051025390625e-01 7.695375010371208191e-03 -5.616033449769020081e-02 -1.505511164665222168e+00 -9.059928357601165771e-03 9.996687173843383789e-01 -2.408349327743053436e-02 -1.195353746414184570e+00 5.595640838146209717e-02 2.455358393490314484e-02 9.981310367584228516e-01 4.015715026855468750e+01
9.982458949089050293e-01 8.329719305038452148e-03 -5.861488729715347290e-02 -1.572068214416503906e+00 -9.829290211200714111e-03 9.996303319931030273e-01 -2.534186094999313354e-02 -1.245276927947998047e+00 5.838213860988616943e-02 2.587355673313140869e-02 9.979587197303771973e-01 4.125478744506835938e+01
9.979449510574340820e-01 8.729124441742897034e-03 -6.347877532243728638e-02 -1.643098354339599609e+00 -1.028988882899284363e-02 9.996515512466430664e-01 -2.430201880633831024e-02 -1.293581485748291016e+00 6.324452906847000122e-02 2.490527369081974030e-02 9.976869821548461914e-01 4.233887863159179688e+01
9.979440569877624512e-01 7.501836866140365601e-03 -6.365034729242324829e-02 -1.719556093215942383e+00 -9.087128564715385437e-03 9.996545910835266113e-01 -2.465346828103065491e-02 -1.347563982009887695e+00 6.344343721866607666e-02 2.518118917942047119e-02 9.976674318313598633e-01 4.347342300415039062e+01
9.979503750801086426e-01 7.335116155445575714e-03 -6.357144564390182495e-02 -1.790114641189575195e+00 -9.032932110130786896e-03 9.996088743209838867e-01 -2.646112442016601562e-02 -1.399152040481567383e+00 6.335251033306121826e-02 2.698113210499286652e-02 9.976261854171752930e-01 4.459889602661132812e+01
9.980311393737792969e-01 6.984699051827192307e-03 -6.233071163296699524e-02 -1.850830554962158203e+00 -8.690663613379001617e-03 9.995936751365661621e-01 -2.714058756828308105e-02 -1.444651365280151367e+00 6.211584061384201050e-02 2.762885205447673798e-02 9.976862072944641113e-01 4.552759552001953125e+01
9.980266094207763672e-01 7.328246254473924637e-03 -6.236394867300987244e-02 -1.909020423889160156e+00 -9.196438826620578766e-03 9.995157122611999512e-01 -2.972218394279479980e-02 -1.489585638046264648e+00 6.211595982313156128e-02 3.023706190288066864e-02 9.976105690002441406e-01 4.642748260498046875e+01
9.980930685997009277e-01 7.465362083166837692e-03 -6.127385795116424561e-02 -1.982491135597229004e+00 -9.306569583714008331e-03 9.995118379592895508e-01 -2.981866151094436646e-02 -1.549325346946716309e+00 6.102136150002479553e-02 3.033205680549144745e-02 9.976752400398254395e-01 4.756140518188476562e+01
9.981834292411804199e-01 7.496051024645566940e-03 -5.977973341941833496e-02 -2.040117979049682617e+00 -9.288283064961433411e-03 9.995138049125671387e-01 -2.975931204855442047e-02 -1.596503853797912598e+00 5.952760949730873108e-02 3.026051074266433716e-02 9.977676272392272949e-01 4.847243881225585938e+01
9.982175230979919434e-01 9.696622379124164581e-03 -5.888795852661132812e-02 -2.094406127929687500e+00 -1.151307765394449234e-02 9.994657635688781738e-01 -3.058543428778648376e-02 -1.641972661018371582e+00 5.855993553996086121e-02 3.120890259742736816e-02 9.977957010269165039e-01 4.938874053955078125e+01
9.981597661972045898e-01 9.410202503204345703e-03 -5.990498140454292297e-02 -2.150086164474487305e+00 -1.125284098088741302e-02 9.994714260101318359e-01 -3.049669228494167328e-02 -1.687927246093750000e+00 5.958635360002517700e-02 3.111467696726322174e-02 9.977378845214843750e-01 5.031612396240234375e+01
9.982065558433532715e-01 1.175908371806144714e-02 -5.869907513260841370e-02 -2.199978351593017578e+00 -1.362927071750164032e-02 9.994087815284729004e-01 -3.156256303191184998e-02 -1.732629537582397461e+00 5.829324573278427124e-02 3.230598568916320801e-02 9.977763891220092773e-01 5.120807647705078125e+01
9.981368780136108398e-01 1.280882675200700760e-02 -5.965708196163177490e-02 -2.268853187561035156e+00 -1.473008096218109131e-02 9.993831515312194824e-01 -3.187730535864830017e-02 -1.791897296905517578e+00 5.921199545264244080e-02 3.269667178392410278e-02 9.977095127105712891e-01 5.233324432373046875e+01
9.981704354286193848e-01 1.292697619646787643e-02 -5.906809121370315552e-02 -2.338297367095947266e+00 -1.483875792473554611e-02 9.993762373924255371e-01 -3.204254433512687683e-02 -1.854595541954040527e+00 5.861705914139747620e-02 3.286042064428329468e-02 9.977392554283142090e-01 5.346059036254882812e+01
9.982492923736572266e-01 1.298274006694555283e-02 -5.770768225193023682e-02 -2.395467996597290039e+00 -1.489631086587905884e-02 9.993489980697631836e-01 -3.285418823361396790e-02 -1.905300259590148926e+00 5.724360793828964233e-02 3.365630283951759338e-02 9.977924823760986328e-01 5.439742279052734375e+01
9.982283711433410645e-01 1.230978034436702728e-02 -5.821417272090911865e-02 -2.461928367614746094e+00 -1.418918836861848831e-02 9.993875622749328613e-01 -3.198198974132537842e-02 -1.967053532600402832e+00 5.778486654162406921e-02 3.275134041905403137e-02 9.977913498878479004e-01 5.552286911010742188e+01
9.982984066009521484e-01 1.092039793729782104e-02 -5.728316307067871094e-02 -2.517820119857788086e+00 -1.273568719625473022e-02 9.994249343872070312e-01 -3.142099827527999878e-02 -2.016169548034667969e+00 5.690713226795196533e-02 3.209707140922546387e-02 9.978630542755126953e-01 5.643753814697265625e+01
9.983379840850830078e-01 9.809739887714385986e-03 -5.679147318005561829e-02 -2.574532508850097656e+00 -1.157316099852323532e-02 9.994582533836364746e-01 -3.080563433468341827e-02 -2.064345598220825195e+00 5.645855143666267395e-02 3.141169250011444092e-02 9.979103803634643555e-01 5.738286972045898438e+01
9.984629154205322266e-01 8.682950399816036224e-03 -5.474113300442695618e-02 -2.629767894744873047e+00 -1.043955329805612564e-02 9.994368553161621094e-01 -3.188540786504745483e-02 -2.113961935043334961e+00 5.443348735570907593e-02 3.240786492824554443e-02 9.979910254478454590e-01 5.831327819824218750e+01
9.984979629516601562e-01 7.883817888796329498e-03 -5.422074720263481140e-02 -2.689122676849365234e+00 -9.649553336203098297e-03 9.994288086891174316e-01 -3.238134831190109253e-02 -2.169308662414550781e+00 5.393453687429428101e-02 3.285590931773185730e-02 9.980034828186035156e-01 5.934160614013671875e+01
9.985672831535339355e-01 7.683438714593648911e-03 -5.295788869261741638e-02 -2.741072893142700195e+00 -9.508951567113399506e-03 9.993659853935241699e-01 -3.430570662021636963e-02 -2.220762968063354492e+00 5.266077443957328796e-02 3.476012498140335083e-02 9.980069994926452637e-01 6.027539062500000000e+01
9.985043406486511230e-01 7.808819878846406937e-03 -5.411395430564880371e-02 -2.791773080825805664e+00 -9.704781696200370789e-03 9.993448257446289062e-01 -3.486271575093269348e-02 -2.270013570785522461e+00 5.380631610751152039e-02 3.533573076128959656e-02 9.979256987571716309e-01 6.120067596435546875e+01
9.984585642814636230e-01 7.048892322927713394e-03 -5.505440756678581238e-02 -2.841547489166259766e+00 -8.948408998548984528e-03 9.993702173233032227e-01 -3.433255478739738464e-02 -2.319886684417724609e+00 5.477778613567352295e-02 3.477227687835693359e-02 9.978926181793212891e-01 6.211559677124023438e+01
9.984473586082458496e-01 5.732356104999780655e-03 -5.541003122925758362e-02 -2.894777059555053711e+00 -7.695780135691165924e-03 9.993474483489990234e-01 -3.528623655438423157e-02 -2.369322061538696289e+00 5.517166107892990112e-02 3.565786406397819519e-02 9.978396296501159668e-01 6.303488159179687500e+01
9.984742999076843262e-01 6.177799310535192490e-03 -5.487391725182533264e-02 -2.944825649261474609e+00 -8.079967461526393890e-03 9.993715286254882812e-01 -3.451037034392356873e-02 -2.416843652725219727e+00 5.462628602981567383e-02 3.490109369158744812e-02 9.978964328765869141e-01 6.390375137329101562e+01
9.985041022300720215e-01 6.454585585743188858e-03 -5.429616197943687439e-02 -2.998708248138427734e+00 -8.359184488654136658e-03 9.993548393249511719e-01 -3.492428362369537354e-02 -2.468047380447387695e+00 5.403576791286468506e-02 3.532591089606285095e-02 9.979136586189270020e-01 6.481381988525390625e+01
9.985495209693908691e-01 6.616705562919378281e-03 -5.343400686979293823e-02 -3.046384096145629883e+00 -8.557413704693317413e-03 9.993087649345397949e-01 -3.617295622825622559e-02 -2.517639398574829102e+00 5.315778031945228577e-02 3.657774999737739563e-02 9.979157447814941406e-01 6.572523498535156250e+01
9.985346794128417969e-01 7.590827532112598419e-03 -5.358094349503517151e-02 -3.107504606246948242e+00 -9.617814794182777405e-03 9.992436170578002930e-01 -3.767445310950279236e-02 -2.582577228546142578e+00 5.325448513031005859e-02 3.813458979129791260e-02 9.978523254394531250e-01 6.685752868652343750e+01
9.985553622245788574e-01 6.366399582475423813e-03 -5.335443094372749329e-02 -3.172022819519042969e+00 -8.414198644459247589e-03 9.992328286170959473e-01 -3.824468702077865601e-02 -2.650493860244750977e+00 5.307006835937500000e-02 3.863838315010070801e-02 9.978427886962890625e-01 6.797984313964843750e+01
9.984554052352905273e-01 6.843874230980873108e-03 -5.513604730367660522e-02 -3.222378730773925781e+00 -8.951776660978794098e-03 9.992346763610839844e-01 -3.807507827877998352e-02 -2.703038454055786133e+00 5.483331531286239624e-02 3.850984945893287659e-02 9.977524280548095703e-01 6.889498138427734375e+01
9.985474348068237305e-01 7.183181121945381165e-03 -5.339854583144187927e-02 -3.273021459579467773e+00 -9.346627630293369293e-03 9.991406798362731934e-01 -4.037637636065483093e-02 -2.757335186004638672e+00 5.306267365813255310e-02 4.081684350967407227e-02 9.977564215660095215e-01 6.980899810791015625e+01
9.986070990562438965e-01 7.940620183944702148e-03 -5.216204375028610229e-02 -3.325413465499877930e+00 -1.012867037206888199e-02 9.990737438201904297e-01 -4.181764647364616394e-02 -2.815159797668457031e+00 5.178171768784523010e-02 4.228774458169937134e-02 9.977625012397766113e-01 7.073918914794921875e+01
9.986504912376403809e-01 7.812640629708766937e-03 -5.134464800357818604e-02 -3.369519233703613281e+00 -9.954662062227725983e-03 9.990847110748291016e-01 -4.159605130553245544e-02 -2.866956472396850586e+00 5.097272619605064392e-02 4.205104708671569824e-02 9.978141784667968750e-01 7.158745574951171875e+01
9.987971186637878418e-01 6.786418613046407700e-03 -4.856240376830101013e-02 -3.413144826889038086e+00 -8.935837075114250183e-03 9.989833235740661621e-01 -4.418167099356651306e-02 -2.920794010162353516e+00 4.821323975920677185e-02 4.456248506903648376e-02 9.978423118591308594e-01 7.244720458984375000e+01
9.988552927970886230e-01 6.105100270360708237e-03 -4.744325950741767883e-02 -3.457937717437744141e+00 -8.217448368668556213e-03 9.989773035049438477e-01 -4.445697367191314697e-02 -2.980117797851562500e+00 4.712336882948875427e-02 4.479596018791198730e-02 9.978839159011840820e-01 7.335441589355468750e+01
9.988282918930053711e-01 6.731352303177118301e-03 -4.792353510856628418e-02 -3.502906799316406250e+00 -8.917519822716712952e-03 9.989219903945922852e-01 -4.555117338895797729e-02 -3.040021419525146484e+00 4.756529256701469421e-02 4.592518135905265808e-02 9.978116154670715332e-01 7.426563262939453125e+01
9.987972378730773926e-01 5.794618278741836548e-03 -4.868831858038902283e-02 -3.548563003540039062e+00 -8.071384392678737640e-03 9.988762736320495605e-01 -4.669635370373725891e-02 -3.102111577987670898e+00 4.836305975914001465e-02 4.703319072723388672e-02 9.977216720581054688e-01 7.520186614990234375e+01
9.988819360733032227e-01 5.871821660548448563e-03 -4.690998420119285583e-02 -3.590182542800903320e+00 -8.177330717444419861e-03 9.987597465515136719e-01 -4.910780861973762512e-02 -3.161047697067260742e+00 4.656349122524261475e-02 4.943651333451271057e-02 9.976910948753356934e-01 7.606845855712890625e+01
9.989336729049682617e-01 5.643334705382585526e-03 -4.582398384809494019e-02 -3.639248132705688477e+00 -8.024362847208976746e-03 9.986175298690795898e-01 -5.194379761815071106e-02 -3.234691143035888672e+00 4.546753689646720886e-02 5.225612968206405640e-02 9.975979328155517578e-01 7.711533355712890625e+01
9.990144371986389160e-01 5.270222201943397522e-03 -4.407433047890663147e-02 -3.677989721298217773e+00 -7.669646292924880981e-03 9.984868168830871582e-01 -5.444983020424842834e-02 -3.299115896224975586e+00 4.372071474790573120e-02 5.473421514034271240e-02 9.975431561470031738e-01 7.797820281982421875e+01
9.989998340606689453e-01 5.196730606257915497e-03 -4.441223666071891785e-02 -3.718985557556152344e+00 -7.665371522307395935e-03 9.984236955642700195e-01 -5.559654533863067627e-02 -3.366094589233398438e+00 4.405334591865539551e-02 5.588138848543167114e-02 9.974648952484130859e-01 7.887714385986328125e+01
9.990378618240356445e-01 4.938611760735511780e-03 -4.357865825295448303e-02 -3.762171506881713867e+00 -7.396026980131864548e-03 9.983800649642944336e-01 -5.641065910458564758e-02 -3.437810659408569336e+00 4.322950914502143860e-02 5.667870491743087769e-02 9.974559545516967773e-01 7.978811645507812500e+01
9.990313649177551270e-01 5.130758043378591537e-03 -4.370589554309844971e-02 -3.806561946868896484e+00 -7.582257967442274094e-03 9.983955621719360352e-01 -5.611116439104080200e-02 -3.512046098709106445e+00 4.334791749715805054e-02 5.638821423053741455e-02 9.974672794342041016e-01 8.072998809814453125e+01
9.990117549896240234e-01 5.502413026988506317e-03 -4.410598054528236389e-02 -3.849467515945434570e+00 -7.997431792318820953e-03 9.983651041984558105e-01 -5.659355223178863525e-02 -3.583021163940429688e+00 4.372250661253929138e-02 5.689037218689918518e-02 9.974224567413330078e-01 8.166056823730468750e+01
9.989858269691467285e-01 5.932814907282590866e-03 -4.463443905115127563e-02 -3.889477729797363281e+00 -8.449289947748184204e-03 9.983720779418945312e-01 -5.640413239598274231e-02 -3.647904157638549805e+00 4.422717913985252380e-02 5.672406777739524841e-02 9.974096417427062988e-01 8.251502990722656250e+01
9.990211129188537598e-01 6.402328610420227051e-03 -4.377179220318794250e-02 -3.941509485244750977e+00 -8.870447054505348206e-03 9.983671307563781738e-01 -5.642655864357948303e-02 -3.736868143081665039e+00 4.333909600973129272e-02 5.675960332155227661e-02 9.974465966224670410e-01 8.363319396972656250e+01
9.989948272705078125e-01 6.636134814471006393e-03 -4.433287680149078369e-02 -3.993237495422363281e+00 -9.142593480646610260e-03 9.983561635017395020e-01 -5.657605454325675964e-02 -3.825068473815917969e+00 4.388459399342536926e-02 5.692451074719429016e-02 9.974133372306823730e-01 8.475667572021484375e+01
9.990305304527282715e-01 6.010774523019790649e-03 -4.361242428421974182e-02 -4.043478965759277344e+00 -8.503963239490985870e-03 9.983257651329040527e-01 -5.720867961645126343e-02 -3.913223743438720703e+00 4.319557920098304749e-02 5.752410739660263062e-02 9.974089860916137695e-01 8.586511993408203125e+01
9.990541934967041016e-01 7.271482609212398529e-03 -4.287249967455863953e-02 -4.094202995300292969e+00 -9.783403016626834869e-03 9.982289075851440430e-01 -5.867506563663482666e-02 -4.005026817321777344e+00 4.236995428800582886e-02 5.903901904821395874e-02 9.973558783531188965e-01 8.700330352783203125e+01
9.991463422775268555e-01 8.763645775616168976e-03 -4.037234559655189514e-02 -4.141719818115234375e+00 -1.116605754941701889e-02 9.981553554534912109e-01 -5.967075005173683167e-02 -4.098360061645507812e+00 3.977498039603233337e-02 6.007062643766403198e-02 9.974011182785034180e-01 8.813699340820312500e+01
9.996128678321838379e-01 8.315165527164936066e-03 -2.655275724828243256e-02 -4.181957721710205078e+00 -9.856246411800384521e-03 9.982416033744812012e-01 -5.844558402895927429e-02 -4.197049617767333984e+00 2.602012455463409424e-02 5.868468806147575378e-02 9.979371428489685059e-01 8.939182281494140625e+01
9.999058842658996582e-01 7.581565063446760178e-03 -1.143658719956874847e-02 -4.188426971435546875e+00 -8.239720016717910767e-03 9.982445836067199707e-01 -5.864442512392997742e-02 -4.272837162017822266e+00 1.097193639725446701e-02 5.873315781354904175e-02 9.982132315635681152e-01 9.033007812500000000e+01
9.999648332595825195e-01 6.884428206831216812e-03 4.787257872521877289e-03 -4.173573970794677734e+00 -6.603458896279335022e-03 9.983851313591003418e-01 -5.641617625951766968e-02 -4.321933746337890625e+00 -5.167881026864051819e-03 5.638259649276733398e-02 9.983956813812255859e-01 9.097579956054687500e+01
9.997954964637756348e-01 6.039087194949388504e-03 1.929692924022674561e-02 -4.148694038391113281e+00 -4.933284595608711243e-03 9.983704090118408203e-01 -5.684658885002136230e-02 -4.385079383850097656e+00 -1.960874721407890320e-02 5.673978477716445923e-02 9.981962442398071289e-01 9.182733154296875000e+01
9.994392395019531250e-01 5.936447996646165848e-03 3.295036405324935913e-02 -4.116820335388183594e+00 -4.037100356072187424e-03 9.983420372009277344e-01 -5.741249769926071167e-02 -4.438684940338134766e+00 -3.323652595281600952e-02 5.724730342626571655e-02 9.978064298629760742e-01 9.251396942138671875e+01
9.983446002006530762e-01 7.856464013457298279e-03 5.697469785809516907e-02 -4.071088790893554688e+00 -4.462779499590396881e-03 9.982209801673889160e-01 -5.944897606968879700e-02 -4.488885402679443359e+00 -5.734037235379219055e-02 5.909631773829460144e-02 9.966038465499877930e-01 9.313893890380859375e+01
9.964802861213684082e-01 7.654254790395498276e-03 8.347634226083755493e-02 -4.005858898162841797e+00 -2.638195641338825226e-03 9.981923699378967285e-01 -6.003500521183013916e-02 -4.532484531402587891e+00 -8.378496021032333374e-02 5.960348621010780334e-02 9.946994781494140625e-01 9.362813568115234375e+01
9.952498674392700195e-01 7.699606474488973618e-03 9.704773128032684326e-02 -3.935858249664306641e+00 -1.718869665637612343e-03 9.981014728546142578e-01 -6.156025454401969910e-02 -4.579877853393554688e+00 -9.733745455741882324e-02 6.110103800892829895e-02 9.933738708496093750e-01 9.421620941162109375e+01
9.921426177024841309e-01 7.006227970123291016e-03 1.249148175120353699e-01 -3.838800430297851562e+00 7.723922608420252800e-04 9.980683326721191406e-01 -6.211446970701217651e-02 -4.629986286163330078e+00 -1.251086890697479248e-01 6.172291189432144165e-02 9.902210235595703125e-01 9.480261993408203125e+01
9.886406064033508301e-01 8.208701387047767639e-03 1.500739455223083496e-01 -3.740710973739624023e+00 1.057428307831287384e-03 9.981024861335754395e-01 -6.155992299318313599e-02 -4.677742481231689453e+00 -1.502944827079772949e-01 6.101934984326362610e-02 9.867562055587768555e-01 9.531512451171875000e+01
9.881097078323364258e-01 6.791375111788511276e-03 1.535999476909637451e-01 -3.661234617233276367e+00 3.008473664522171021e-03 9.979783296585083008e-01 -6.347882747650146484e-02 -4.723088741302490234e+00 -1.537204980850219727e-01 6.318616122007369995e-02 9.860918521881103516e-01 9.580566406250000000e+01
9.877555370330810547e-01 5.255975294858217239e-03 1.559205204248428345e-01 -3.623459577560424805e+00 4.672473762184381485e-03 9.979869723320007324e-01 -6.324154138565063477e-02 -4.742140293121337891e+00 -1.559390127658843994e-01 6.319573521614074707e-02 9.857428669929504395e-01 9.602484130859375000e+01
9.849543571472167969e-01 4.098373465240001678e-03 1.727654635906219482e-01 -3.568518638610839844e+00 7.296987809240818024e-03 9.978405237197875977e-01 -6.527187675237655640e-02 -4.766928195953369141e+00 -1.726598590612411499e-01 6.555049866437911987e-02 9.827977418899536133e-01 9.626126098632812500e+01
9.841765761375427246e-01 5.618734285235404968e-03 1.771006733179092407e-01 -3.536871433258056641e+00 6.701847538352012634e-03 9.976011514663696289e-01 -6.889335066080093384e-02 -4.785167694091796875e+00 -1.770628988742828369e-01 6.899013370275497437e-02 9.817784428596496582e-01 9.640600585937500000e+01
9.835254549980163574e-01 7.475765887647867203e-03 1.806143373250961304e-01 -3.483041048049926758e+00 5.310291890054941177e-03 9.975180625915527344e-01 -7.020493596792221069e-02 -4.812201023101806641e+00 -1.806908845901489258e-01 7.000747323036193848e-02 9.810451269149780273e-01 9.666481781005859375e+01
9.818453192710876465e-01 5.616968031972646713e-03 1.895992457866668701e-01 -3.413267135620117188e+00 8.118226192891597748e-03 9.974008202552795410e-01 -7.158894091844558716e-02 -4.840856075286865234e+00 -1.895085275173187256e-01 7.182849943637847900e-02 9.792482256889343262e-01 9.692257690429687500e+01
9.797490239143371582e-01 3.976183012127876282e-03 2.001891434192657471e-01 -3.290975809097290039e+00 1.054423023015260696e-02 9.973905682563781738e-01 -7.141498476266860962e-02 -4.891436576843261719e+00 -1.999506950378417969e-01 7.207962870597839355e-02 9.771510362625122070e-01 9.746524810791015625e+01
9.748380184173583984e-01 3.456105012446641922e-03 2.228864580392837524e-01 -3.212605953216552734e+00 1.367203611880540848e-02 9.970698952674865723e-01 -7.525801658630371094e-02 -4.921831130981445312e+00 -2.224934697151184082e-01 7.641172409057617188e-02 9.719350934028625488e-01 9.772788238525390625e+01
9.707642197608947754e-01 2.679946832358837128e-03 2.400187402963638306e-01 -3.125631332397460938e+00 1.526489667594432831e-02 9.972238540649414062e-01 -7.287398725748062134e-02 -4.945728302001953125e+00 -2.395476996898651123e-01 7.440736889839172363e-02 9.680290818214416504e-01 9.796517944335937500e+01
9.686070084571838379e-01 3.712156321853399277e-04 2.485951930284500122e-01 -3.064340353012084961e+00 1.973140425980091095e-02 9.967287182807922363e-01 -7.836818695068359375e-02 -4.972311019897460938e+00 -2.478110492229461670e-01 8.081316947937011719e-02 9.654319286346435547e-01 9.817104339599609375e+01
9.630377888679504395e-01 -2.058965852484107018e-03 2.693571150302886963e-01 -2.973930358886718750e+00 2.411776781082153320e-02 9.966130852699279785e-01 -7.861051708459854126e-02 -5.004850864410400391e+00 -2.682829499244689941e-01 8.220126479864120483e-02 9.598265886306762695e-01 9.844116210937500000e+01
9.587950110435485840e-01 -6.110111717134714127e-04 2.840969264507293701e-01 -2.879703998565673828e+00 2.457129023969173431e-02 9.964283108711242676e-01 -8.078222721815109253e-02 -5.037448883056640625e+00 -2.830328345298767090e-01 8.443430811166763306e-02 9.553864002227783203e-01 9.872893524169921875e+01
9.536682963371276855e-01 4.340166691690683365e-03 3.008278608322143555e-01 -2.797583818435668945e+00 2.269468829035758972e-02 9.960087537765502930e-01 -8.631526678800582886e-02 -5.069165229797363281e+00 -3.000018000602722168e-01 8.914342522621154785e-02 9.497643113136291504e-01 9.895410156250000000e+01
9.485775232315063477e-01 2.577688777819275856e-03 3.165334761142730713e-01 -2.699279546737670898e+00 2.605937421321868896e-02 9.959359765052795410e-01 -8.620427548885345459e-02 -5.100710391998291016e+00 -3.154693245887756348e-01 9.002019464969635010e-02 9.446561932563781738e-01 9.918871307373046875e+01
9.424039721488952637e-01 2.429026411846280098e-03 3.344670236110687256e-01 -2.612231254577636719e+00 2.889778651297092438e-02 9.956426024436950684e-01 -8.865392953157424927e-02 -5.123477935791015625e+00 -3.332249820232391357e-01 9.321326762437820435e-02 9.382282495498657227e-01 9.936415100097656250e+01
9.381266236305236816e-01 3.570402972400188446e-03 3.462730646133422852e-01 -2.509876728057861328e+00 2.831401489675045013e-02 9.958072900772094727e-01 -8.697627484798431396e-02 -5.146008968353271484e+00 -3.451318740844726562e-01 9.139923751354217529e-02 9.340932369232177734e-01 9.960757446289062500e+01
9.320536851882934570e-01 3.326551057398319244e-03 3.623042404651641846e-01 -2.410259246826171875e+00 3.115655854344367981e-02 9.955173134803771973e-01 -8.929290622472763062e-02 -5.173786640167236328e+00 -3.609772920608520508e-01 9.451402723789215088e-02 9.277728796005249023e-01 9.983413696289062500e+01
9.228825569152832031e-01 2.022595610469579697e-03 3.850757777690887451e-01 -2.241358757019042969e+00 3.491925820708274841e-02 9.954260587692260742e-01 -8.891675621271133423e-02 -5.214390277862548828e+00 -3.834944963455200195e-01 9.550636261701583862e-02 9.185916185379028320e-01 1.001793441772460938e+02
9.142485260963439941e-01 2.181154675781726837e-03 4.051475524902343750e-01 -2.113666534423828125e+00 3.711479157209396362e-02 9.953292012214660645e-01 -8.911094814538955688e-02 -5.242386341094970703e+00 -4.034497737884521484e-01 9.650659561157226562e-02 9.098982810974121094e-01 1.004164428710937500e+02
9.065866470336914062e-01 -8.648115908727049828e-05 4.220192432403564453e-01 -1.999210238456726074e+00 4.183726012706756592e-02 9.950914978981018066e-01 -8.967129886150360107e-02 -5.269316196441650391e+00 -4.199402928352355957e-01 9.895101189613342285e-02 9.021413326263427734e-01 1.006205596923828125e+02
8.976632356643676758e-01 1.327395788393914700e-03 4.406794607639312744e-01 -1.830149292945861816e+00 4.357074946165084839e-02 9.948275685310363770e-01 -9.175004810094833374e-02 -5.312472343444824219e+00 -4.385221898555755615e-01 1.015614643692970276e-01 8.929634690284729004e-01 1.009188308715820312e+02
8.889926671981811523e-01 -2.961677964776754379e-04 4.579207897186279297e-01 -1.673189520835876465e+00 4.853861033916473389e-02 9.944263100624084473e-01 -9.358805418014526367e-02 -5.347206592559814453e+00 -4.553411006927490234e-01 1.054260134696960449e-01 8.840531706809997559e-01 1.011894607543945312e+02
8.820063471794128418e-01 3.783003194257616997e-04 4.712368547916412354e-01 -1.313314914703369141e+00 5.008761212229728699e-02 9.942587614059448242e-01 -9.454624354839324951e-02 -5.430780410766601562e+00 -4.685675203800201416e-01 1.069935932755470276e-01 8.769247531890869141e-01 1.018436889648437500e+02
8.752751350402832031e-01 2.033022930845618248e-03 4.836206138134002686e-01 -9.679600596427917480e-01 5.140367895364761353e-02 9.939346313476562500e-01 -9.721051901578903198e-02 -5.512105941772460938e+00 -4.808853268623352051e-01 1.099459081888198853e-01 8.698628544807434082e-01 1.024499969482421875e+02
8.682206273078918457e-01 -1.047166530042886734e-03 4.961768388748168945e-01 -5.891833305358886719e-01 5.634113773703575134e-02 9.937372207641601562e-01 -9.648956358432769775e-02 -5.597959995269775391e+00 -4.929687678813934326e-01 1.117294728755950928e-01 8.628432154655456543e-01 1.030972290039062500e+02
8.611498475074768066e-01 -1.737960497848689556e-03 5.083479285240173340e-01 -1.982981562614440918e-01 5.897186324000358582e-02 9.935833215713500977e-01 -9.650234133005142212e-02 -5.684537410736083984e+00 -5.049187541007995605e-01 1.130812689661979675e-01 8.557276725769042969e-01 1.037366714477539062e+02
8.508256077766418457e-01 -1.162941567599773407e-03 5.254466533660888672e-01 1.983329653739929199e-01 6.111146882176399231e-02 9.934294223785400391e-01 -9.675551950931549072e-02 -5.770002365112304688e+00 -5.218821167945861816e-01 1.144329607486724854e-01 8.453072309494018555e-01 1.043593902587890625e+02
8.420937657356262207e-01 1.323129399679601192e-03 5.393292903900146484e-01 5.961098670959472656e-01 5.970996245741844177e-02 9.936200380325317383e-01 -9.566704183816909790e-02 -5.856147766113281250e+00 -5.360155105590820312e-01 1.127640157938003540e-01 8.366431593894958496e-01 1.049615402221679688e+02
8.356065154075622559e-01 -1.736924634315073490e-03 5.493254661560058594e-01 8.923973441123962402e-01 6.443689763545989990e-02 9.934004545211791992e-01 -9.487707167863845825e-02 -5.914638519287109375e+00 -5.455359220504760742e-01 1.146768033504486084e-01 8.302047848701477051e-01 1.053912429809570312e+02
8.290596008300781250e-01 -2.949017100036144257e-03 5.591523051261901855e-01 1.199295043945312500e+00 6.660598516464233398e-02 9.933862686157226562e-01 -9.351795166730880737e-02 -5.974527835845947266e+00 -5.551789999008178711e-01 1.147749200463294983e-01 8.237737417221069336e-01 1.058250885009765625e+02
8.187825679779052734e-01 -1.233126968145370483e-03 5.741021633148193359e-01 1.608680009841918945e+00 6.740181148052215576e-02 9.932875633239746094e-01 -9.399466961622238159e-02 -6.051104545593261719e+00 -5.701331496238708496e-01 1.156568080186843872e-01 8.133706450462341309e-01 1.063798675537109375e+02
