9.999550580978393555e-01 2.708821790292859077e-03 -9.082501754164695740e-03 -1.458189170807600021e-02 -2.736056922003626823e-03 9.999917745590209961e-01 -2.987019252032041550e-03 -1.337580382823944092e-02 9.074334055185317993e-03 3.011739812791347504e-03 9.999542832374572754e-01 8.446539044380187988e-01
9.998985528945922852e-01 2.958268858492374420e-03 -1.393367350101470947e-02 -2.286256849765777588e-02 -3.068104386329650879e-03 9.999643564224243164e-01 -7.867296226322650909e-03 -2.934955060482025146e-02 1.390990149229764938e-02 7.909253239631652832e-03 9.998719692230224609e-01 1.421032071113586426e+00
9.998000264167785645e-01 3.638543188571929932e-03 -1.966555416584014893e-02 -4.195039346814155579e-02 -3.844706108793616295e-03 9.999380111694335938e-01 -1.045521162450313568e-02 -4.312882199883460999e-02 1.962629146873950958e-02 1.052873488515615463e-02 9.997519254684448242e-01 2.112008571624755859e+00
9.997006058692932129e-01 2.197016496211290359e-03 -2.436981722712516785e-02 -6.267352402210235596e-02 -2.559391781687736511e-03 9.998865127563476562e-01 -1.484796777367591858e-02 -6.163737177848815918e-02 2.433443069458007812e-02 1.490589883178472519e-02 9.995927214622497559e-01 2.803273677825927734e+00
9.994817376136779785e-01 1.718336250633001328e-03 -3.214468061923980713e-02 -8.816210925579071045e-02 -2.367140026763081551e-03 9.997940659523010254e-01 -2.015597745776176453e-02 -8.109555393457412720e-02 3.210342675447463989e-02 2.022162638604640961e-02 9.992799162864685059e-01 3.451406478881835938e+00
9.992542266845703125e-01 2.191857667639851570e-03 -3.855125233530998230e-02 -1.211416050791740417e-01 -3.067534416913986206e-03 9.997383356094360352e-01 -2.266946062445640564e-02 -1.032716333866119385e-01 3.849147632718086243e-02 2.277081646025180817e-02 9.989993572235107422e-01 4.139718055725097656e+00
9.989700317382812500e-01 2.564499620348215103e-03 -4.530214890837669373e-02 -1.569461822509765625e-01 -3.592576598748564720e-03 9.997375607490539551e-01 -2.262637577950954437e-02 -1.260843127965927124e-01 4.523223638534545898e-02 2.276582829654216766e-02 9.987169504165649414e-01 4.807929992675781250e+00
9.985194206237792969e-01 1.348521676845848560e-03 -5.438091605901718140e-02 -1.999133527278900146e-01 -2.597592305392026901e-03 9.997343420982360840e-01 -2.290428429841995239e-02 -1.510644257068634033e-01 5.433558300137519836e-02 2.301163412630558014e-02 9.982573986053466797e-01 5.490940093994140625e+00
9.982191920280456543e-01 1.776607357896864414e-03 -5.962663516402244568e-02 -2.533721327781677246e-01 -3.406999865546822548e-03 9.996228218078613281e-01 -2.725231647491455078e-02 -1.839040368795394897e-01 5.955572798848152161e-02 2.740693651139736176e-02 9.978485703468322754e-01 6.341757774353027344e+00
9.978311061859130859e-01 3.789096081163734198e-04 -6.582561135292053223e-02 -3.160859346389770508e-01 -2.391114830970764160e-03 9.995322227478027344e-01 -3.049210086464881897e-02 -2.260115146636962891e-01 6.578326225280761719e-02 3.058336116373538971e-02 9.973650574684143066e-01 7.240732669830322266e+00
9.973414540290832520e-01 -1.439533662050962448e-04 -7.287023216485977173e-02 -3.813856244087219238e-01 -2.207052661105990410e-03 9.994797110557556152e-01 -3.218084946274757385e-02 -2.594273388385772705e-01 7.283694297075271606e-02 3.225612267851829529e-02 9.968219995498657227e-01 8.065622329711914062e+00
9.969749450683593750e-01 -2.563361776992678642e-04 -7.772412151098251343e-02 -4.431365430355072021e-01 -2.312326803803443909e-03 9.994542002677917480e-01 -3.295617178082466125e-02 -2.918309569358825684e-01 7.769013941287994385e-02 3.303619846701622009e-02 9.964299798011779785e-01 8.808791160583496094e+00
9.966102838516235352e-01 1.458957791328430176e-03 -8.225562423467636108e-02 -5.122587680816650391e-01 -3.910758998245000839e-03 9.995526075363159180e-01 -2.965343184769153595e-02 -3.247991204261779785e-01 8.217556029558181763e-02 2.987459301948547363e-02 9.961699843406677246e-01 9.590310096740722656e+00
9.961686134338378906e-01 3.018187824636697769e-03 -8.740219473838806152e-02 -5.811903476715087891e-01 -5.349000915884971619e-03 9.996359944343566895e-01 -2.644539065659046173e-02 -3.498179316520690918e-01 8.729056268930435181e-02 2.681158110499382019e-02 9.958219528198242188e-01 1.032465362548828125e+01
9.954978823661804199e-01 3.951460123062133789e-03 -9.470176696777343750e-02 -6.564852595329284668e-01 -6.310536060482263565e-03 9.996768832206726074e-01 -2.462374605238437653e-02 -3.709370493888854980e-01 9.457386285066604614e-02 2.511050924658775330e-02 9.952010512351989746e-01 1.104045009613037109e+01
9.948711991310119629e-01 5.153072415851056576e-04 -1.011488512158393860e-01 -7.461243867874145508e-01 -3.089263802394270897e-03 9.996753931045532227e-01 -2.529192715883255005e-02 -4.063034951686859131e-01 1.011029705405235291e-01 2.547468617558479309e-02 9.945496916770935059e-01 1.189780902862548828e+01
9.939687848091125488e-01 1.824941136874258518e-04 -1.096633151173591614e-01 -8.392114639282226562e-01 -3.717837622389197350e-03 9.994799494743347168e-01 -3.203417360782623291e-02 -4.397469758987426758e-01 1.096004173159599304e-01 3.224867954850196838e-02 9.934523105621337891e-01 1.272819995880126953e+01
9.931121468544006348e-01 -3.334880457259714603e-04 -1.171669438481330872e-01 -9.467926621437072754e-01 -3.885705955326557159e-03 9.993522167205810547e-01 -3.577943146228790283e-02 -4.844210743904113770e-01 1.171029508113861084e-01 3.598826751112937927e-02 9.924674034118652344e-01 1.357730007171630859e+01
9.924873113632202148e-01 3.217202320229262114e-04 -1.223471611738204956e-01 -1.060451626777648926e+00 -4.747314378619194031e-03 9.993448257446289062e-01 -3.588225319981575012e-02 -5.330799221992492676e-01 1.222554445266723633e-01 3.619350865483283997e-02 9.918383955955505371e-01 1.449031257629394531e+01
9.917746186256408691e-01 2.244028961285948753e-03 -1.279767751693725586e-01 -1.175249218940734863e+00 -6.391999777406454086e-03 9.994671344757080078e-01 -3.201006352901458740e-02 -5.654047131538391113e-01 1.278367489576339722e-01 3.256481140851974487e-02 9.912602901458740234e-01 1.534039497375488281e+01
9.909378290176391602e-01 2.511936007067561150e-03 -1.342975050210952759e-01 -1.301895380020141602e+00 -6.450705230236053467e-03 9.995615482330322266e-01 -2.890129387378692627e-02 -6.076672077178955078e-01 1.341660171747207642e-01 2.950571849942207336e-02 9.905193448066711426e-01 1.626362991333007812e+01
9.913937449455261230e-01 3.135421779006719589e-03 -1.308758407831192017e-01 -1.452947974205017090e+00 -6.320136133581399918e-03 9.996938109397888184e-01 -2.392524667084217072e-02 -6.544764041900634766e-01 1.307607591152191162e-01 2.454651519656181335e-02 9.911098480224609375e-01 1.736334991455078125e+01
9.912084341049194336e-01 2.057867590337991714e-03 -1.322934031486511230e-01 -1.583127379417419434e+00 -5.560184828937053680e-03 9.996436834335327148e-01 -2.610955387353897095e-02 -6.968646049499511719e-01 1.321925371885299683e-01 2.661560475826263428e-02 9.908665418624877930e-01 1.832666015625000000e+01
9.900988936424255371e-01 2.203284995630383492e-03 -1.403540074825286865e-01 -1.716412425041198730e+00 -6.313370075076818466e-03 9.995640516281127930e-01 -2.884481661021709442e-02 -7.351153492927551270e-01 1.402292549610137939e-01 2.944534830749034882e-02 9.896810054779052734e-01 1.924072837829589844e+01
9.891111254692077637e-01 2.360223792493343353e-03 -1.471513360738754272e-01 -1.854990720748901367e+00 -7.083827629685401917e-03 9.994760751724243164e-01 -3.158415853977203369e-02 -7.823229432106018066e-01 1.469996869564056396e-01 3.228265792131423950e-02 9.886094927787780762e-01 2.013092613220214844e+01
9.891268014907836914e-01 1.010837499052286148e-03 -1.470611244440078735e-01 -2.000025749206542969e+00 -6.114896852523088455e-03 9.993943572044372559e-01 -3.425874561071395874e-02 -8.324197530746459961e-01 1.469374150037765503e-01 3.478552401065826416e-02 9.885338544845581055e-01 2.108787727355957031e+01
9.885789155960083008e-01 9.195093298330903053e-04 -1.507004052400588989e-01 -2.123833656311035156e+00 -6.316395010799169540e-03 9.993556141853332520e-01 -3.533689677715301514e-02 -8.704807758331298828e-01 1.505707800388336182e-01 3.588521480560302734e-02 9.879475831985473633e-01 2.191314697265625000e+01
9.879463911056518555e-01 8.164324681274592876e-04 -1.547935009002685547e-01 -2.256533861160278320e+00 -7.023538462817668915e-03 9.991927742958068848e-01 -3.955624252557754517e-02 -9.165431261062622070e-01 1.546362340450286865e-01 4.016666486859321594e-02 9.871545433998107910e-01 2.273835754394531250e+01
9.881349205970764160e-01 5.074726068414747715e-04 -1.535867899656295776e-01 -2.408157825469970703e+00 -6.701045669615268707e-03 9.991848468780517578e-01 -3.981085494160652161e-02 -9.739276766777038574e-01 1.534413844347000122e-01 4.036770388484001160e-02 9.873327612876892090e-01 2.370287513732910156e+01
9.881846308708190918e-01 -2.739778137765824795e-04 -1.532673835754394531e-01 -2.547851085662841797e+00 -5.973830353468656540e-03 9.991697669029235840e-01 -4.030172526836395264e-02 -1.030215978622436523e+00 1.531511843204498291e-01 4.074115306138992310e-02 9.873624444007873535e-01 2.462318038940429688e+01
9.885636568069458008e-01 -3.257223870605230331e-04 -1.508036106824874878e-01 -2.688382148742675781e+00 -6.026939023286104202e-03 9.991134405136108398e-01 -4.166603833436965942e-02 -1.079852700233459473e+00 1.506835073232650757e-01 4.209842532873153687e-02 9.876851439476013184e-01 2.556153678894042969e+01
9.887982606887817383e-01 1.782027538865804672e-05 -1.492578089237213135e-01 -2.830381155014038086e+00 -6.820431444793939590e-03 9.989608526229858398e-01 -4.506412521004676819e-02 -1.139697313308715820e+00 1.491019278764724731e-01 4.557734355330467224e-02 9.877707362174987793e-01 2.650158691406250000e+01
9.888749122619628906e-01 4.620177205651998520e-04 -1.487482637166976929e-01 -2.968793630599975586e+00 -7.688913960009813309e-03 9.988171458244323730e-01 -4.801297932863235474e-02 -1.198403954505920410e+00 1.485501527786254883e-01 4.862255975604057312e-02 9.877086877822875977e-01 2.741192626953125000e+01
9.890229701995849609e-01 2.504237054381519556e-04 -1.477611362934112549e-01 -3.103063106536865234e+00 -7.782984990626573563e-03 9.986987113952636719e-01 -5.040160194039344788e-02 -1.256957650184631348e+00 1.475562602281570435e-01 5.099838227033615112e-02 9.877378940582275391e-01 2.833373069763183594e+01
9.890385270118713379e-01 -6.326084258034825325e-04 -1.476558148860931396e-01 -3.260695457458496094e+00 -7.109070662409067154e-03 9.986271262168884277e-01 -5.189656838774681091e-02 -1.332483530044555664e+00 1.474859565496444702e-01 5.237741768360137939e-02 9.876762032508850098e-01 2.936490821838378906e+01
9.890750646591186523e-01 -1.034596003592014313e-03 -1.474086940288543701e-01 -3.425205707550048828e+00 -6.680096033960580826e-03 9.986335635185241699e-01 -5.183034390211105347e-02 -1.409332156181335449e+00 1.472609192132949829e-01 5.224882438778877258e-02 9.877165555953979492e-01 3.044109535217285156e+01
9.891528487205505371e-01 -1.030850224196910858e-03 -1.468858867883682251e-01 -3.587820768356323242e+00 -7.024797610938549042e-03 9.984992146492004395e-01 -5.431322380900382996e-02 -1.486026167869567871e+00 1.467214673757553101e-01 5.475594475865364075e-02 9.876610636711120605e-01 3.152772903442382812e+01
9.892882108688354492e-01 -6.191231659613549709e-04 -1.459738910198211670e-01 -3.741443872451782227e+00 -7.145932875573635101e-03 9.985867142677307129e-01 -5.266406759619712830e-02 -1.561981320381164551e+00 1.458002328872680664e-01 5.314308404922485352e-02 9.878855347633361816e-01 3.256826400756835938e+01
9.895784258842468262e-01 -2.388130669714882970e-04 -1.439942717552185059e-01 -3.873020887374877930e+00 -7.610555738210678101e-03 9.985141754150390625e-01 -5.395801365375518799e-02 -1.622553348541259766e+00 1.437932401895523071e-01 5.449158698320388794e-02 9.881062507629394531e-01 3.348336791992187500e+01
9.897931218147277832e-01 -1.639047171920537949e-03 -1.425013244152069092e-01 -4.021172046661376953e+00 -6.624768022447824478e-03 9.983236193656921387e-01 -5.749697983264923096e-02 -1.696422696113586426e+00 1.423567086458206177e-01 5.785418301820755005e-02 9.881230592727661133e-01 3.452208328247070312e+01
9.901472926139831543e-01 -3.970436286181211472e-03 -1.399725824594497681e-01 -4.123256206512451172e+00 -4.257061053067445755e-03 9.982823133468627930e-01 -5.843058973550796509e-02 -1.751474976539611816e+00 1.399641782045364380e-01 5.845079198479652405e-02 9.884296655654907227e-01 3.525302886962890625e+01
9.903845787048339844e-01 -4.205004777759313583e-03 -1.382765173912048340e-01 -4.254644393920898438e+00 -3.647740930318832397e-03 9.983965754508972168e-01 -5.648735538125038147e-02 -1.822580814361572266e+00 1.382923573255538940e-01 5.644863098859786987e-02 9.887813329696655273e-01 3.618702316284179688e+01
9.905994534492492676e-01 -4.370614886283874512e-03 -1.367230415344238281e-01 -4.369894981384277344e+00 -3.792120842263102531e-03 9.982278347015380859e-01 -5.938493832945823669e-02 -1.883227229118347168e+00 1.367403268814086914e-01 5.934518948197364807e-02 9.888275861740112305e-01 3.704146194458007812e+01
9.907601475715637207e-01 -5.094434134662151337e-03 -1.355283558368682861e-01 -4.508483409881591797e+00 -3.202718915417790413e-03 9.981366991996765137e-01 -6.093200668692588806e-02 -1.959916591644287109e+00 1.355862766504287720e-01 6.080309301614761353e-02 9.888979196548461914e-01 3.807509613037109375e+01
9.909227490425109863e-01 -5.722995847463607788e-03 -1.343091279268264771e-01 -4.647723197937011719e+00 -2.403867896646261215e-03 9.981792569160461426e-01 -6.026819348335266113e-02 -2.043281316757202148e+00 1.344095468521118164e-01 6.004401668906211853e-02 9.891048669815063477e-01 3.911930465698242188e+01
9.914520382881164551e-01 -6.056279409676790237e-03 -1.303294301033020020e-01 -4.794192314147949219e+00 -1.871089916676282883e-03 9.981592893600463867e-01 -6.061695888638496399e-02 -2.133365154266357422e+00 1.304566860198974609e-01 6.034269183874130249e-02 9.896157979965209961e-01 4.024116516113281250e+01
9.915214180946350098e-01 -6.522934418171644211e-03 -1.297777742147445679e-01 -4.926665782928466797e+00 -1.334888511337339878e-03 9.981751441955566406e-01 -6.036894768476486206e-02 -2.212305545806884766e+00 1.299347728490829468e-01 6.003037095069885254e-02 9.897034764289855957e-01 4.124639129638671875e+01
9.914867281913757324e-01 -7.118674926459789276e-03 -1.300116628408432007e-01 -5.064000606536865234e+00 -1.029161503538489342e-03 9.980446100234985352e-01 -6.249517574906349182e-02 -2.296839475631713867e+00 1.302023530006408691e-01 6.209696829319000244e-02 9.895407557487487793e-01 4.228635406494140625e+01
9.919071793556213379e-01 -7.100359071046113968e-03 -1.267648190259933472e-01 -5.202452659606933594e+00 -8.617165731266140938e-04 9.980354309082031250e-01 -6.264434009790420532e-02 -2.380996942520141602e+00 1.269606053829193115e-01 6.224663928151130676e-02 9.899525046348571777e-01 4.338550949096679688e+01
9.921314120292663574e-01 -6.871588528156280518e-03 -1.250102669000625610e-01 -5.340670585632324219e+00 -9.656877955421805382e-04 9.980428218841552734e-01 -6.252427399158477783e-02 -2.469855785369873047e+00 1.251952499151229858e-01 6.215304508805274963e-02 9.901831746101379395e-01 4.447868347167968750e+01
9.924573898315429688e-01 -6.792551837861537933e-03 -1.223996132612228394e-01 -5.473615169525146484e+00 -9.490721276961266994e-04 9.980078935623168945e-01 -6.307930499315261841e-02 -2.559416532516479492e+00 1.225842610001564026e-01 6.271971762180328369e-02 9.904741048812866211e-01 4.555144882202148438e+01
9.927030205726623535e-01 -7.871505804359912872e-03 -1.203254759311676025e-01 -5.611449718475341797e+00 -1.325364428339526057e-04 9.977951049804687500e-01 -6.636723875999450684e-02 -2.656103610992431641e+00 1.205825880169868469e-01 6.589893251657485962e-02 9.905133843421936035e-01 4.669173431396484375e+01
9.926922321319580078e-01 -8.644626475870609283e-03 -1.203614249825477600e-01 -5.743885517120361328e+00 2.449188032187521458e-04 9.975728392601013184e-01 -6.962750852108001709e-02 -2.745805740356445312e+00 1.206712126731872559e-01 6.908923387527465820e-02 9.902851581573486328e-01 4.778197860717773438e+01
9.927466511726379395e-01 -9.237886406481266022e-03 -1.198675334453582764e-01 -5.877408504486083984e+00 4.509925202000886202e-04 9.973224401473999023e-01 -7.312557101249694824e-02 -2.845128536224365234e+00 1.202221289277076721e-01 7.254112511873245239e-02 9.900929331779479980e-01 4.886697387695312500e+01
9.926751255989074707e-01 -9.287803433835506439e-03 -1.204547286033630371e-01 -6.010880947113037109e+00 7.179695239756256342e-05 9.970855712890625000e-01 -7.628936320543289185e-02 -2.943362712860107422e+00 1.208122447133064270e-01 7.572192698717117310e-02 9.897828698158264160e-01 4.995125961303710938e+01
9.929522275924682617e-01 -1.032901462167501450e-02 -1.180622726678848267e-01 -6.138965606689453125e+00 1.177467405796051025e-03 9.970052838325500488e-01 -7.732246071100234985e-02 -3.047533512115478516e+00 1.185073927044868469e-01 7.663851976394653320e-02 9.899910092353820801e-01 5.103248214721679688e+01
9.930831789970397949e-01 -1.049122400581836700e-02 -1.169416606426239014e-01 -6.266605854034423828e+00 1.247894018888473511e-03 9.968866109848022461e-01 -7.883632928133010864e-02 -3.148056507110595703e+00 1.174046918749809265e-01 7.814512401819229126e-02 9.900045990943908691e-01 5.211531829833984375e+01
9.931555390357971191e-01 -1.039120648056268692e-02 -1.163342595100402832e-01 -6.398591518402099609e+00 1.047602039761841297e-03 9.967867732048034668e-01 -8.009110391139984131e-02 -3.252997398376464844e+00 1.167927160859107971e-01 7.942107319831848145e-02 9.899754524230957031e-01 5.324652099609375000e+01
9.931698441505432129e-01 -1.171466801315546036e-02 -1.160866096615791321e-01 -6.527290344238281250e+00 2.043293556198477745e-03 9.965403676033020020e-01 -8.308241516351699829e-02 -3.362234592437744141e+00 1.166583076119422913e-01 8.227777481079101562e-02 9.897580146789550781e-01 5.431337738037109375e+01
9.932163953781127930e-01 -1.178632397204637527e-02 -1.156802773475646973e-01 -6.651480197906494141e+00 1.860782387666404247e-03 9.963330626487731934e-01 -8.553661406040191650e-02 -3.473014831542968750e+00 1.162642687559127808e-01 8.474113792181015015e-02 9.895965456962585449e-01 5.536223983764648438e+01
9.931946992874145508e-01 -1.126418728381395340e-02 -1.159184351563453674e-01 -6.769974231719970703e+00 9.102462208829820156e-04 9.960319995880126953e-01 -8.898838609457015991e-02 -3.580815553665161133e+00 1.164608746767044067e-01 8.827729523181915283e-02 9.892642498016357422e-01 5.638988113403320312e+01
9.934305548667907715e-01 -1.220992486923933029e-02 -1.137819737195968628e-01 -6.890566825866699219e+00 1.601894618943333626e-03 9.956777095794677734e-01 -9.285948425531387329e-02 -3.691496372222900391e+00 1.144239977002143860e-01 9.206719696521759033e-02 9.891564846038818359e-01 5.742935180664062500e+01
9.934377670288085938e-01 -1.327863428741693497e-02 -1.135989278554916382e-01 -7.011850833892822266e+00 2.501965034753084183e-03 9.955227375030517578e-01 -9.448673576116561890e-02 -3.813869237899780273e+00 1.143449917435646057e-01 9.358249604701995850e-02 9.890233874320983887e-01 5.849747848510742188e+01
9.933742284774780273e-01 -1.534395758062601089e-02 -1.138937845826148987e-01 -7.130128383636474609e+00 3.993904218077659607e-03 9.950572252273559570e-01 -9.922077506780624390e-02 -3.929699420928955078e+00 1.148533001542091370e-01 9.810851514339447021e-02 9.885257482528686523e-01 5.953596496582031250e+01
9.934937953948974609e-01 -1.422197744250297546e-02 -1.129931136965751648e-01 -7.251330852508544922e+00 3.288189880549907684e-03 9.953401684761047363e-01 -9.636750817298889160e-02 -4.050469875335693359e+00 1.138371452689170837e-01 9.536901116371154785e-02 9.889113306999206543e-01 6.057387542724609375e+01
9.937585592269897461e-01 -1.413894910365343094e-02 -1.106512919068336487e-01 -7.367418766021728516e+00 3.801127662882208824e-03 9.956506490707397461e-01 -9.308527410030364990e-02 -4.170240402221679688e+00 1.114861816167831421e-01 9.208372235298156738e-02 9.894903898239135742e-01 6.162288665771484375e+01
9.936669468879699707e-01 -1.256529707461595535e-02 -1.116591989994049072e-01 -7.483814716339111328e+00 2.362338593229651451e-03 9.958440065383911133e-01 -9.104178845882415771e-02 -4.280483722686767578e+00 1.123391389846801758e-01 9.020146727561950684e-02 9.895672202110290527e-01 6.266667175292968750e+01
9.939031004905700684e-01 -1.242218911647796631e-02 -1.095533743500709534e-01 -7.602848052978515625e+00 1.978084910660982132e-03 9.954816699028015137e-01 -9.493084251880645752e-02 -4.395424365997314453e+00 1.102376356720924377e-01 9.413538128137588501e-02 9.894371628761291504e-01 6.373119354248046875e+01
9.942516684532165527e-01 -1.273468323051929474e-02 -1.063063517212867737e-01 -7.713885784149169922e+00 2.321178792044520378e-03 9.952314496040344238e-01 -9.751140326261520386e-02 -4.516261577606201172e+00 1.070412099361419678e-01 9.670414030551910400e-02 9.895404577255249023e-01 6.476954650878906250e+01
9.942942857742309570e-01 -1.334166061133146286e-02 -1.058320775628089905e-01 -7.832192897796630859e+00 2.484393771737813950e-03 9.947744011878967285e-01 -1.020643785595893860e-01 -4.641802310943603516e+00 1.066407635807991028e-01 1.012191250920295715e-01 9.891321063041687012e-01 6.586679077148437500e+01
9.942030310630798340e-01 -1.287418324500322342e-02 -1.067433729767799377e-01 -7.950203895568847656e+00 1.720024505630135536e-03 9.945823550224304199e-01 -1.039347201585769653e-01 -4.771483898162841797e+00 1.075031608343124390e-01 1.031486392021179199e-01 9.888393282890319824e-01 6.695763397216796875e+01
9.942890405654907227e-01 -1.399177592247724533e-02 -1.057973429560661316e-01 -8.064519882202148438e+00 2.646742854267358780e-03 9.942958354949951172e-01 -1.066217571496963501e-01 -4.904364109039306641e+00 1.066856980323791504e-01 1.057328507304191589e-01 9.886549115180969238e-01 6.802717590332031250e+01
9.942497014999389648e-01 -1.438442245125770569e-02 -1.061141118407249451e-01 -8.171542167663574219e+00 2.570120384916663170e-03 9.938567876815795898e-01 -1.106419712305068970e-01 -5.031009674072265625e+00 1.070537567138671875e-01 1.097330451011657715e-01 9.881791472434997559e-01 6.901497650146484375e+01
9.944879412651062012e-01 -1.459788810461759567e-02 -1.038271859288215637e-01 -8.289434432983398438e+00 3.427574411034584045e-03 9.942572116851806641e-01 -1.069597750902175903e-01 -5.174636363983154297e+00 1.047923192381858826e-01 1.060143560171127319e-01 9.888272881507873535e-01 7.013631439208984375e+01
9.942603707313537598e-01 -1.616859249770641327e-02 -1.057559773325920105e-01 -8.406051635742187500e+00 4.300819244235754013e-03 9.937552809715270996e-01 -1.114967316389083862e-01 -5.310392379760742188e+00 1.068983078002929688e-01 1.104019805788993835e-01 9.881214499473571777e-01 7.123053741455078125e+01
9.942092299461364746e-01 -1.546839997172355652e-02 -1.063397601246833801e-01 -8.519821166992187500e+00 3.318556584417819977e-03 9.935328364372253418e-01 -1.134945154190063477e-01 -5.444799423217773438e+00 1.074076220393180847e-01 1.124844402074813843e-01 9.878312945365905762e-01 7.224469757080078125e+01
9.942850470542907715e-01 -1.615387201309204102e-02 -1.055259034037590027e-01 -8.627469062805175781e+00 3.595740301534533501e-03 9.929917454719543457e-01 -1.181267052888870239e-01 -5.576461315155029297e+00 1.066945567727088928e-01 1.170722097158432007e-01 9.873753786087036133e-01 7.324657440185546875e+01
9.943293333053588867e-01 -1.635759137570858002e-02 -1.050764247775077820e-01 -8.738139152526855469e+00 3.400833811610937119e-03 9.924845099449157715e-01 -1.223210990428924561e-01 -5.719423294067382812e+00 1.062875911593437195e-01 1.212701573967933655e-01 9.869124889373779297e-01 7.428578948974609375e+01
9.944902062416076660e-01 -1.702320575714111328e-02 -1.034352406859397888e-01 -8.849267005920410156e+00 3.881060751155018806e-03 9.920286536216735840e-01 -1.259511560201644897e-01 -5.872779369354248047e+00 1.047547981142997742e-01 1.248557940125465393e-01 9.866292476654052734e-01 7.533553314208984375e+01
9.946582913398742676e-01 -1.821820251643657684e-02 -1.015991270542144775e-01 -8.954792022705078125e+00 5.184125155210494995e-03 9.918755888938903809e-01 -1.271045655012130737e-01 -6.022970676422119141e+00 1.030892878770828247e-01 1.258989572525024414e-01 9.866721630096435547e-01 7.638217163085937500e+01
9.947619438171386719e-01 -1.858916878700256348e-02 -1.005115956068038940e-01 -9.062576293945312500e+00 5.318632815033197403e-03 9.914052486419677734e-01 -1.307170540094375610e-01 -6.175679206848144531e+00 1.020776256918907166e-01 1.294978260993957520e-01 9.863114953041076660e-01 7.741998291015625000e+01
9.948353767395019531e-01 -1.810131967067718506e-02 -9.987140446901321411e-02 -9.170709609985351562e+00 4.709817003458738327e-03 9.911414384841918945e-01 -1.327249705791473389e-01 -6.338272571563720703e+00 1.013891771435737610e-01 1.315691918134689331e-01 9.861083626747131348e-01 7.848525238037109375e+01
9.949253201484680176e-01 -1.714383065700531006e-02 -9.914170950651168823e-02 -9.275268554687500000e+00 3.490524599328637123e-03 9.906640648841857910e-01 -1.362788826227188110e-01 -6.493036746978759766e+00 1.005524620413780212e-01 1.352413147687911987e-01 9.856972098350524902e-01 7.951055145263671875e+01
9.949601888656616211e-01 -1.710627228021621704e-02 -9.879764169454574585e-02 -9.383791923522949219e+00 3.236163640394806862e-03 9.903044104576110840e-01 -1.388749629259109497e-01 -6.662167072296142578e+00 1.002153456211090088e-01 1.378554105758666992e-01 9.853693842887878418e-01 8.056975555419921875e+01
9.950236678123474121e-01 -1.755564287304878235e-02 -9.807740151882171631e-02 -9.491135597229003906e+00 3.909244202077388763e-03 9.904754757881164551e-01 -1.376321017742156982e-01 -6.829905033111572266e+00 9.955945611000061035e-02 1.365638524293899536e-01 9.856156706809997559e-01 8.162110900878906250e+01
9.951030015945434570e-01 -1.759990304708480835e-02 -9.726115316152572632e-02 -9.598171234130859375e+00 3.957964014261960983e-03 9.903250336647033691e-01 -1.387090235948562622e-01 -6.998794555664062500e+00 9.876139461994171143e-02 1.376448869705200195e-01 9.855455756187438965e-01 8.268048095703125000e+01
9.951410293579101562e-01 -1.626995950937271118e-02 -9.710384160280227661e-02 -9.702795028686523438e+00 2.714844653382897377e-03 9.904111027717590332e-01 -1.381227970123291016e-01 -7.165070533752441406e+00 9.841994941234588623e-02 1.371881216764450073e-01 9.856434464454650879e-01 8.371534729003906250e+01
9.952598810195922852e-01 -1.679540053009986877e-02 -9.578745812177658081e-02 -9.806623458862304688e+00 3.049326129257678986e-03 9.898786544799804688e-01 -1.418818086385726929e-01 -7.336297988891601562e+00 9.720088541507720947e-02 1.409172713756561279e-01 9.852382540702819824e-01 8.477537536621093750e+01
9.951955676078796387e-01 -1.672088541090488434e-02 -9.646645933389663696e-02 -9.909383773803710938e+00 2.630242845043540001e-03 9.895183444023132324e-01 -1.443815678358078003e-01 -7.507481098175048828e+00 9.786947816610336304e-02 1.434342563152313232e-01 9.848087430000305176e-01 8.580619049072265625e+01
9.953483939170837402e-01 -1.713497750461101532e-02 -9.480245411396026611e-02 -1.001104927062988281e+01 2.827296731993556023e-03 9.888269305229187012e-01 -1.490398496389389038e-01 -7.680471897125244141e+00 9.629698097705841064e-02 1.480786353349685669e-01 9.842761754989624023e-01 8.683205413818359375e+01
9.956106543540954590e-01 -1.614493131637573242e-02 -9.218577295541763306e-02 -1.010705661773681641e+01 1.846697181463241577e-03 9.882050156593322754e-01 -1.531242132186889648e-01 -7.859159946441650391e+00 9.357058256864547729e-02 1.522819697856903076e-01 9.838976860046386719e-01 8.788526916503906250e+01
9.957612752914428711e-01 -1.745980046689510345e-02 -9.030036628246307373e-02 -1.020432949066162109e+01 3.422074951231479645e-03 9.881691336631774902e-01 -1.533286124467849731e-01 -8.042860031127929688e+00 9.190908074378967285e-02 1.523697823286056519e-01 9.840406775474548340e-01 8.892910766601562500e+01
9.959390759468078613e-01 -1.826427504420280457e-02 -8.815447986125946045e-02 -1.029598903656005859e+01 4.919937811791896820e-03 9.887830018997192383e-01 -1.492767035961151123e-01 -8.217241287231445312e+00 8.989203721284866333e-02 1.482368856668472290e-01 9.848579168319702148e-01 8.994283294677734375e+01
9.960182309150695801e-01 -1.771939918398857117e-02 -8.736810833215713501e-02 -1.038744831085205078e+01 4.493266809731721878e-03 9.887795448303222656e-01 -1.493127197027206421e-01 -8.385229110717773438e+00 8.903349190950393677e-02 1.483257114887237549e-01 9.849225282669067383e-01 9.096267700195312500e+01
9.959547519683837891e-01 -1.676316186785697937e-02 -8.827637135982513428e-02 -1.048053359985351562e+01 3.287704428657889366e-03 9.885839223861694336e-01 -1.506332308053970337e-01 -8.550887107849121094e+00 8.979365229606628418e-02 1.497337222099304199e-01 9.846404194831848145e-01 9.197091674804687500e+01
9.959397315979003906e-01 -1.751485653221607208e-02 -8.830023556947708130e-02 -1.057434368133544922e+01 3.896629437804222107e-03 9.883577227592468262e-01 -1.520959138870239258e-01 -8.725790023803710938e+00 8.993612229824066162e-02 1.511343568563461304e-01 9.844133853912353516e-01 9.298138427734375000e+01
9.959619045257568359e-01 -1.675385423004627228e-02 -8.819793909788131714e-02 -1.065969467163085938e+01 2.889038063585758209e-03 9.879043698310852051e-01 -1.550354361534118652e-01 -8.879379272460937500e+00 8.972853422164916992e-02 1.541546434164047241e-01 9.839639067649841309e-01 9.388034820556640625e+01
9.960209727287292480e-01 -1.671611145138740540e-02 -8.753544092178344727e-02 -1.074967193603515625e+01 3.005487844347953796e-03 9.879921674728393555e-01 -1.544726341962814331e-01 -9.047702789306640625e+00 8.906647562980651855e-02 1.535949409008026123e-01 9.841115474700927734e-01 9.484186553955078125e+01
9.959415197372436523e-01 -1.634270139038562775e-02 -8.850456774234771729e-02 -1.082174491882324219e+01 2.238586079329252243e-03 9.875691533088684082e-01 -1.571672260761260986e-01 -9.183315277099609375e+00 8.997287601232528687e-02 1.563313007354736328e-01 9.835980534553527832e-01 9.566767883300781250e+01
9.959568977355957031e-01 -1.609592512249946594e-02 -8.837658166885375977e-02 -1.089342117309570312e+01 1.918353023938834667e-03 9.874024987220764160e-01 -1.582153141498565674e-01 -9.322439193725585938e+00 8.980983495712280273e-02 1.574061661958694458e-01 9.834414720535278320e-01 9.645235443115234375e+01
9.957994222640991211e-01 -1.468097232282161713e-02 -9.037488698959350586e-02 -1.096999454498291016e+01 1.056073233485221863e-04 9.872445464134216309e-01 -1.592092216014862061e-01 -9.458744049072265625e+00 9.155942499637603760e-02 1.585309654474258423e-01 9.830994009971618652e-01 9.725817108154296875e+01
9.955117702484130859e-01 -1.592916250228881836e-02 -9.328513592481613159e-02 -1.106136608123779297e+01 5.655677523463964462e-04 9.867157340049743652e-01 -1.624534577131271362e-01 -9.616115570068359375e+00 9.463363140821456909e-02 1.616716384887695312e-01 9.822964668273925781e-01 9.813648223876953125e+01
9.955301880836486816e-01 -1.737692020833492279e-02 -9.282934665679931641e-02 -1.113679599761962891e+01 1.605732832103967667e-03 9.858990311622619629e-01 -1.673317849636077881e-01 -9.761615753173828125e+00 9.442804753780364990e-02 1.664348542690277100e-01 9.815204739570617676e-01 9.891493988037109375e+01
9.955539107322692871e-01 -1.548437308520078659e-02 -9.290950000286102295e-02 -1.120917797088623047e+01 -4.994564224034547806e-04 9.855129122734069824e-01 -1.695978939533233643e-01 -9.900341033935546875e+00 9.418959915637969971e-02 1.688903123140335083e-01 9.811239242553710938e-01 9.968228912353515625e+01
9.955315589904785156e-01 -1.335328351706266403e-02 -9.347806125879287720e-02 -1.128261661529541016e+01 -2.986192004755139351e-03 9.850031137466430664e-01 -1.725094020366668701e-01 -1.004242420196533203e+01 9.437970817089080811e-02 1.720177680253982544e-01 9.805621504783630371e-01 1.004343338012695312e+02
9.952677488327026367e-01 -1.045131590217351913e-02 -9.660442173480987549e-02 -1.135657024383544922e+01 -6.810821592807769775e-03 9.842497706413269043e-01 -1.766509562730789185e-01 -1.018449401855468750e+01 9.692907333374023438e-02 1.764730215072631836e-01 9.795212149620056152e-01 1.011842498779296875e+02
9.953585267066955566e-01 -1.037104055285453796e-02 -9.567387402057647705e-02 -1.143164443969726562e+01 -7.076683919876813889e-03 9.835960865020751953e-01 -1.802448332309722900e-01 -1.033288764953613281e+01 9.597373753786087036e-02 1.800853312015533447e-01 9.789576530456542969e-01 1.019586944580078125e+02
9.952569007873535156e-01 -1.234178338199853897e-02 -9.649340063333511353e-02 -1.149430370330810547e+01 -5.791318137198686600e-03 9.826428890228271484e-01 -1.854156255722045898e-01 -1.046108055114746094e+01 9.710687398910522461e-02 1.850950419902801514e-01 9.779109954833984375e-01 1.025979309082031250e+02
9.954397678375244141e-01 -1.296220812946557999e-02 -9.450539946556091309e-02 -1.154375362396240234e+01 -5.184482317417860031e-03 9.819081425666809082e-01 -1.892856061458587646e-01 -1.057092571258544922e+01 9.524913132190704346e-02 1.889124065637588501e-01 9.773635864257812500e-01 1.031434173583984375e+02
9.956852793693542480e-01 -1.308828312903642654e-02 -9.186436235904693604e-02 -1.160772228240966797e+01 -4.092536866664886475e-03 9.828448891639709473e-01 -1.843870878219604492e-01 -1.071522617340087891e+01 9.270168095827102661e-02 1.839675009250640869e-01 9.785510301589965820e-01 1.038394622802734375e+02
9.957752823829650879e-01 -1.358687784522771835e-02 -9.081093966960906982e-02 -1.166547966003417969e+01 -3.523007500916719437e-03 9.826100468635559082e-01 -1.856461018323898315e-01 -1.084403991699218750e+01 9.175405651330947876e-02 1.851817667484283447e-01 9.784112572669982910e-01 1.044769439697265625e+02
9.961225986480712891e-01 -1.304550282657146454e-02 -8.700161427259445190e-02 -1.172081089019775391e+01 -3.255933523178100586e-03 9.827995896339416504e-01 -1.846447587013244629e-01 -1.097284221649169922e+01 8.791391551494598389e-02 1.842121332883834839e-01 9.789467453956604004e-01 1.051181488037109375e+02
9.973642826080322266e-01 -1.398052461445331573e-02 -7.119469344615936279e-02 -1.175711917877197266e+01 3.052921965718269348e-04 9.820592999458312988e-01 -1.885700970888137817e-01 -1.110878467559814453e+01 7.255370169878005981e-02 1.880514025688171387e-01 9.794754981994628906e-01 1.057726058959960938e+02
9.980360865592956543e-01 -1.444842945784330368e-02 -6.094836816191673279e-02 -1.178122711181640625e+01 2.705544233322143555e-03 9.820681214332580566e-01 -1.885051876306533813e-01 -1.121625995635986328e+01 6.257902085781097412e-02 1.879701465368270874e-01 9.801788926124572754e-01 1.062741088867187500e+02
9.988483190536499023e-01 -1.342454366385936737e-02 -4.605803266167640686e-02 -1.180099296569824219e+01 4.416038282215595245e-03 9.817027449607849121e-01 -1.903669387102127075e-01 -1.134087562561035156e+01 4.777084290981292725e-02 1.899443566799163818e-01 9.806317687034606934e-01 1.068845062255859375e+02
9.992882609367370605e-01 -1.343555003404617310e-02 -3.524211049079895020e-02 -1.181866359710693359e+01 6.505180615931749344e-03 9.817932248115539551e-01 -1.898396760225296021e-01 -1.146896362304687500e+01 3.715102002024650574e-02 1.894753426313400269e-01 9.811821579933166504e-01 1.074807205200195312e+02
9.996592402458190918e-01 -1.349911559373140335e-02 -2.233201824128627777e-02 -1.181728935241699219e+01 9.061453863978385925e-03 9.821189641952514648e-01 -1.880411505699157715e-01 -1.157376575469970703e+01 2.447103708982467651e-02 1.877747476100921631e-01 9.819069504737854004e-01 1.079939422607421875e+02
9.997513890266418457e-01 -1.956987567245960236e-02 -1.065745670348405838e-02 -1.181875228881835938e+01 1.718361675739288330e-02 9.815508127212524414e-01 -1.904257684946060181e-01 -1.171156787872314453e+01 1.418739650398492813e-02 1.901953816413879395e-01 9.816434979438781738e-01 1.086422882080078125e+02
9.997954368591308594e-01 -2.009009383618831635e-02 -2.194780856370925903e-03 -1.181192111968994141e+01 1.930523663759231567e-02 9.815306067466735840e-01 -1.903265416622161865e-01 -1.185124397277832031e+01 5.977871827781200409e-03 1.902453303337097168e-01 9.817181229591369629e-01 1.092926177978515625e+02
9.995586276054382324e-01 -2.345924451947212219e-02 1.821045577526092529e-02 -1.179141521453857422e+01 2.653514035046100616e-02 9.808526039123535156e-01 -1.929332464933395386e-01 -1.194823837280273438e+01 -1.333576813340187073e-02 1.933313906192779541e-01 9.810426831245422363e-01 1.097394409179687500e+02
9.992442131042480469e-01 -2.377327345311641693e-02 3.074532002210617065e-02 -1.177904415130615234e+01 2.925303764641284943e-02 9.809038639068603516e-01 -1.922785639762878418e-01 -1.200433254241943359e+01 -2.558718249201774597e-02 1.930327117443084717e-01 9.808584451675415039e-01 1.099879226684570312e+02
9.984841942787170410e-01 -2.633794583380222321e-02 4.832232743501663208e-02 -1.175774288177490234e+01 3.522065281867980957e-02 9.804975390434265137e-01 -1.933475285768508911e-01 -1.205471515655517578e+01 -4.228762164711952209e-02 1.947564929723739624e-01 9.799394011497497559e-01 1.102446975708007812e+02
9.976440668106079102e-01 -2.822492457926273346e-02 6.252256780862808228e-02 -1.174177837371826172e+01 4.011273384094238281e-02 9.793952107429504395e-01 -1.979270428419113159e-01 -1.211388301849365234e+01 -5.564791709184646606e-02 1.999687850475311279e-01 9.782205224037170410e-01 1.105301513671875000e+02
9.954268932342529297e-01 -3.048038296401500702e-02 9.053014963865280151e-02 -1.170074653625488281e+01 4.806194081902503967e-02 9.788393378257751465e-01 -1.989036947488784790e-01 -1.215851116180419922e+01 -8.255191147327423096e-02 2.023452222347259521e-01 9.758285284042358398e-01 1.107247467041015625e+02
9.916993379592895508e-01 -2.944238111376762390e-02 1.251598298549652100e-01 -1.161679363250732422e+01 5.402602627873420715e-02 9.787448644638061523e-01 -1.978352814912796021e-01 -1.225899982452392578e+01 -1.166749075055122375e-01 2.029550969600677490e-01 9.722118973731994629e-01 1.112073059082031250e+02
9.861226677894592285e-01 -2.701960690319538116e-02 1.638033241033554077e-01 -1.150031661987304688e+01 5.915460735559463501e-02 9.790933132171630859e-01 -1.946176290512084961e-01 -1.236575222015380859e+01 -1.551203727722167969e-01 2.016066312789916992e-01 9.671050906181335449e-01 1.117230758666992188e+02
9.777970314025878906e-01 -2.891286462545394897e-02 2.075485587120056152e-01 -1.138177299499511719e+01 6.917165219783782959e-02 9.794531464576721191e-01 -1.894355714321136475e-01 -1.245076370239257812e+01 -1.978071182966232300e-01 1.995860934257507324e-01 9.597070217132568359e-01 1.121428833007812500e+02
9.717446565628051758e-01 -3.234773501753807068e-02 2.338063567876815796e-01 -1.128481578826904297e+01 7.648321241140365601e-02 9.802713990211486816e-01 -1.822560429573059082e-01 -1.250965118408203125e+01 -2.232983112335205078e-01 1.949886679649353027e-01 9.550482630729675293e-01 1.124579544067382812e+02
9.634509682655334473e-01 -3.107475489377975464e-02 2.660753130912780762e-01 -1.119746303558349609e+01 8.039691299200057983e-02 9.810032248497009277e-01 -1.765442788600921631e-01 -1.254191207885742188e+01 -2.555348873138427734e-01 1.914834678173065186e-01 9.476475715637207031e-01 1.126611557006835938e+02
9.543445706367492676e-01 -3.376401960849761963e-02 2.967928647994995117e-01 -1.111337471008300781e+01 8.783718198537826538e-02 9.813824892044067383e-01 -1.707976907491683960e-01 -1.256781673431396484e+01 -2.855007648468017578e-01 1.890693455934524536e-01 9.395435452461242676e-01 1.128142395019531250e+02
9.458746910095214844e-01 -3.158152103424072266e-02 3.229912817478179932e-01 -1.104215431213378906e+01 8.986850082874298096e-02 9.818217754364013672e-01 -1.671776473522186279e-01 -1.258446216583251953e+01 -3.118405044078826904e-01 1.871559023857116699e-01 9.315192103385925293e-01 1.129475784301757812e+02
