9.992726445198059082e-01 1.841379795223474503e-03 -3.808924928307533264e-02 -4.506777226924896240e-02 -1.867041457444429398e-03 9.999980330467224121e-01 -6.381914718076586723e-04 -1.390640065073966980e-02 3.808799758553504944e-02 7.088389247655868530e-04 9.992741346359252930e-01 1.088996291160583496e+00
9.970097541809082031e-01 2.396142575889825821e-03 -7.723830640316009521e-02 -1.489041000604629517e-01 -2.413094276562333107e-03 9.999969601631164551e-01 -1.261581201106309891e-04 -3.095675446093082428e-02 7.723778486251831055e-02 3.121617191936820745e-04 9.970125555992126465e-01 2.315110445022583008e+00
9.939884543418884277e-01 2.327595604583621025e-03 -1.094597131013870239e-01 -2.842622697353363037e-01 -2.327403053641319275e-03 9.999970793724060059e-01 1.295113033847883344e-04 -4.794142022728919983e-02 1.094597205519676208e-01 1.260216376977041364e-04 9.939910769462585449e-01 3.487914085388183594e+00
9.880844354629516602e-01 3.005961887538433075e-03 -1.538829505443572998e-01 -4.703035354614257812e-01 -3.099523950368165970e-03 9.999948740005493164e-01 -3.681119414977729321e-04 -5.971694737672805786e-02 1.538810878992080688e-01 8.406867273151874542e-04 9.880888462066650391e-01 4.574753284454345703e+00
9.810354113578796387e-01 4.481423646211624146e-03 -1.937761455774307251e-01 -7.158288359642028809e-01 -4.606266506016254425e-03 9.999890923500061035e-01 -1.937149791046977043e-04 -7.302000373601913452e-02 1.937732100486755371e-01 1.082623028196394444e-03 9.810455441474914551e-01 5.760866641998291016e+00
9.725694656372070312e-01 4.522339440882205963e-03 -2.325681447982788086e-01 -9.815772175788879395e-01 -4.716719966381788254e-03 9.999885559082031250e-01 -2.797087654471397400e-04 -9.058241546154022217e-02 2.325642704963684082e-01 1.368992147035896778e-03 9.725798368453979492e-01 6.826652526855468750e+00
9.529274106025695801e-01 9.658790193498134613e-03 -3.030440211296081543e-01 -1.345987439155578613e+00 -1.063664816319942474e-02 9.999418258666992188e-01 -1.576432492583990097e-03 -1.015540882945060730e-01 3.030112683773040771e-01 4.725593607872724533e-03 9.529749751091003418e-01 7.863553524017333984e+00
9.276529550552368164e-01 1.278114505112171173e-02 -3.732239305973052979e-01 -1.735479116439819336e+00 -1.415865682065486908e-02 9.998989105224609375e-01 -9.497538558207452297e-04 -1.247251108288764954e-01 3.731741905212402344e-01 6.165385246276855469e-03 9.277404546737670898e-01 8.710183143615722656e+00
8.985304236412048340e-01 1.197122130542993546e-02 -4.387472569942474365e-01 -2.254915714263916016e+00 -1.381734479218721390e-02 9.999035596847534180e-01 -1.014803070574998856e-03 -1.393643915653228760e-01 4.386929869651794434e-01 6.974149029701948166e-03 8.986094594001770020e-01 9.731797218322753906e+00
8.669844269752502441e-01 1.540024671703577042e-02 -4.980964362621307373e-01 -2.805891275405883789e+00 -1.691705174744129181e-02 9.998552799224853516e-01 1.467976951971650124e-03 -1.553907394409179688e-01 4.980472326278686523e-01 7.153608370572328568e-03 8.671197891235351562e-01 1.064641094207763672e+01
8.356544971466064453e-01 1.564724743366241455e-02 -5.490317940711975098e-01 -3.488485813140869141e+00 -1.585905440151691437e-02 9.998641014099121094e-01 4.357544705271720886e-03 -1.600748747587203979e-01 5.490257740020751953e-01 5.065720994025468826e-03 8.357894420623779297e-01 1.166598796844482422e+01
8.055363297462463379e-01 1.738156378269195557e-02 -5.922906994819641113e-01 -4.108134746551513672e+00 -1.683557406067848206e-02 9.998368024826049805e-01 6.444574333727359772e-03 -1.730309873819351196e-01 5.923065543174743652e-01 4.780215211212635040e-03 8.056977391242980957e-01 1.247635555267333984e+01
7.614759802818298340e-01 2.027727663516998291e-02 -6.478751897811889648e-01 -4.782118797302246094e+00 -2.018036320805549622e-02 9.997669458389282227e-01 7.571965456008911133e-03 -1.738765835762023926e-01 6.478782296180725098e-01 7.308488711714744568e-03 7.617079615592956543e-01 1.321473598480224609e+01
7.370464801788330078e-01 2.296006865799427032e-02 -6.754512786865234375e-01 -5.523351192474365234e+00 -2.089977636933326721e-02 9.997183680534362793e-01 1.117696240544319153e-02 -1.781659722328186035e-01 6.755181550979614258e-01 5.878843367099761963e-03 7.373189330101013184e-01 1.400045299530029297e+01
7.095139622688293457e-01 2.382618375122547150e-02 -7.042877078056335449e-01 -6.425409793853759766e+00 -2.211581170558929443e-02 9.996880292892456055e-01 1.153970044106245041e-02 -1.750212460756301880e-01 7.043434977531433105e-01 7.388320751488208771e-03 7.098197340965270996e-01 1.489976692199707031e+01
6.988741755485534668e-01 2.693628519773483276e-02 -7.147364616394042969e-01 -7.213478088378906250e+00 -2.351900562644004822e-02 9.996148943901062012e-01 1.467545330524444580e-02 -1.708693206310272217e-01 7.148571610450744629e-01 6.553597748279571533e-03 6.992386579513549805e-01 1.566730880737304688e+01
6.876165270805358887e-01 3.087832592427730560e-02 -7.254164218902587891e-01 -7.943924903869628906e+00 -2.687019668519496918e-02 9.994922876358032227e-01 1.707467995584011078e-02 -1.702430844306945801e-01 7.255760431289672852e-01 7.751243654638528824e-03 6.880972385406494141e-01 1.634147453308105469e+01
6.639661788940429688e-01 3.043093159794807434e-02 -7.471423745155334473e-01 -8.668647766113281250e+00 -2.645959891378879547e-02 9.995011091232299805e-01 1.719547249376773834e-02 -1.650445610284805298e-01 7.472936511039733887e-01 8.351869881153106689e-03 6.644402742385864258e-01 1.696933364868164062e+01
6.375131607055664062e-01 2.997943386435508728e-02 -7.698552012443542480e-01 -9.377323150634765625e+00 -2.606216631829738617e-02 9.995089769363403320e-01 1.734058186411857605e-02 -1.669843941926956177e-01 7.699978351593017578e-01 9.009241126477718353e-03 6.379815936088562012e-01 1.752864837646484375e+01
6.107038259506225586e-01 3.097274899482727051e-02 -7.912523746490478516e-01 -1.003856468200683594e+01 -2.553547546267509460e-02 9.994843602180480957e-01 1.941500231623649597e-02 -1.729103624820709229e-01 7.914465665817260742e-01 8.348185569047927856e-03 6.111799478530883789e-01 1.800909996032714844e+01
5.907718539237976074e-01 3.262764215469360352e-02 -8.061779141426086426e-01 -1.058265686035156250e+01 -2.887525036931037903e-02 9.993959069252014160e-01 1.928761042654514313e-02 -1.759473681449890137e-01 8.063210248947143555e-01 1.188401039689779282e-02 5.913572311401367188e-01 1.838263320922851562e+01
5.714988708496093750e-01 3.455498814582824707e-02 -8.198742270469665527e-01 -1.114467716217041016e+01 -2.967569045722484589e-02 9.993287324905395508e-01 2.143276482820510864e-02 -1.774516105651855469e-01 8.200653195381164551e-01 1.208153273910284042e-02 5.721408128738403320e-01 1.874645996093750000e+01
5.684266090393066406e-01 3.442572802305221558e-02 -8.220126032829284668e-01 -1.163995170593261719e+01 -3.081471659243106842e-02 9.993129372596740723e-01 2.054246515035629272e-02 -1.766961514949798584e-01 8.221558928489685059e-01 1.365320384502410889e-02 5.690971016883850098e-01 1.909214210510253906e+01
5.537997484207153320e-01 3.690567612648010254e-02 -8.318307995796203613e-01 -1.218459033966064453e+01 -3.319875523447990417e-02 9.992004632949829102e-01 2.222892455756664276e-02 -1.764146685600280762e-01 8.319870233535766602e-01 1.530537754297256470e-02 5.545823574066162109e-01 1.943402290344238281e+01
5.142503976821899414e-01 3.960197046399116516e-02 -8.567244410514831543e-01 -1.277567958831787109e+01 -3.803332522511482239e-02 9.990025162696838379e-01 2.334917336702346802e-02 -1.763363480567932129e-01 8.567954897880554199e-01 2.057676576077938080e-02 5.152438282966613770e-01 1.974408340454101562e+01
4.821739494800567627e-01 3.990707919001579285e-02 -8.751652240753173828e-01 -1.342402362823486328e+01 -3.850876167416572571e-02 9.989607334136962891e-01 2.433560229837894440e-02 -1.748104393482208252e-01 8.752278089523315430e-01 2.196754701435565948e-02 4.832097589969635010e-01 2.006852531433105469e+01
4.231044650077819824e-01 4.336832463741302490e-02 -9.050415158271789551e-01 -1.393942451477050781e+01 -4.234896972775459290e-02 9.987075924873352051e-01 2.805863134562969208e-02 -1.768037676811218262e-01 9.050896763801574707e-01 2.645585872232913971e-02 4.243943691253662109e-01 2.023767662048339844e+01
3.771346807479858398e-01 4.473435133695602417e-02 -9.250764846801757812e-01 -1.450807857513427734e+01 -4.242388904094696045e-02 9.986175298690795898e-01 3.099525719881057739e-02 -1.832414269447326660e-01 9.251852631568908691e-01 2.755597047507762909e-02 3.785111904144287109e-01 2.042622947692871094e+01
3.284939825534820557e-01 4.622760415077209473e-02 -9.433730840682983398e-01 -1.505052375793457031e+01 -4.445850104093551636e-02 9.984498620033264160e-01 3.344550728797912598e-02 -1.840900480747222900e-01 9.434580802917480469e-01 3.095432929694652557e-02 3.300400376319885254e-01 2.056606101989746094e+01
2.830198407173156738e-01 5.035057663917541504e-02 -9.577904343605041504e-01 -1.557516288757324219e+01 -4.862273111939430237e-02 9.980888962745666504e-01 3.810138255357742310e-02 -1.905980706214904785e-01 9.578796625137329102e-01 3.578697144985198975e-02 2.849271297454833984e-01 2.067450141906738281e+01
2.680566310882568359e-01 5.179651826620101929e-02 -9.620086550712585449e-01 -1.582106590270996094e+01 -4.896656423807144165e-02 9.979941844940185547e-01 4.008986800909042358e-02 -2.000359594821929932e-01 9.621568322181701660e-01 3.635994344949722290e-02 2.700552344322204590e-01 2.072547149658203125e+01
2.514261305332183838e-01 5.185826867818832397e-02 -9.664851427078247070e-01 -1.612072181701660156e+01 -4.814887419342994690e-02 9.979960322380065918e-01 4.102334007620811462e-02 -2.159779220819473267e-01 9.666770100593566895e-01 3.622086718678474426e-02 2.534191310405731201e-01 2.078431129455566406e+01
2.511560916900634766e-01 5.109411105513572693e-02 -9.665960669517517090e-01 -1.663745117187500000e+01 -4.878494143486022949e-02 9.980035424232482910e-01 4.007823020219802856e-02 -2.171436995267868042e-01 9.667153358459472656e-01 3.708947077393531799e-02 2.531472444534301758e-01 2.091694068908691406e+01
2.386093139648437500e-01 5.279546976089477539e-02 -9.696783423423767090e-01 -1.728007507324218750e+01 -4.901009052991867065e-02 9.979019761085510254e-01 4.227219521999359131e-02 -2.074310779571533203e-01 9.698770642280578613e-01 3.743752464652061462e-02 2.406961768865585327e-01 2.106487846374511719e+01
2.148946374654769897e-01 5.081430822610855103e-02 -9.753133654594421387e-01 -1.790145683288574219e+01 -4.744060337543487549e-02 9.980083107948303223e-01 4.154395312070846558e-02 -1.949648857116699219e-01 9.754832386970520020e-01 3.734191507101058960e-02 2.168772369623184204e-01 2.118536376953125000e+01
1.892559975385665894e-01 5.182977765798568726e-02 -9.805579185485839844e-01 -1.850355720520019531e+01 -4.618020728230476379e-02 9.979693293571472168e-01 4.383692890405654907e-02 -1.868788003921508789e-01 9.808401465415954590e-01 3.698599338531494141e-02 1.912651062011718750e-01 2.127964019775390625e+01
1.533671617507934570e-01 5.164397135376930237e-02 -9.868177771568298340e-01 -1.928342056274414062e+01 -4.652384668588638306e-02 9.979019165039062500e-01 4.499349743127822876e-02 -1.616390049457550049e-01 9.870722889900207520e-01 3.901006653904914856e-02 1.554479151964187622e-01 2.137540245056152344e+01
1.179719716310501099e-01 5.252263695001602173e-02 -9.916257858276367188e-01 -2.005793571472167969e+01 -4.746844992041587830e-02 9.977554678916931152e-01 4.720005393028259277e-02 -1.421157270669937134e-01 9.918804168701171875e-01 4.150269553065299988e-02 1.202001571655273438e-01 2.144421195983886719e+01
9.130278229713439941e-02 5.255044251680374146e-02 -9.944344758987426758e-01 -2.103404235839843750e+01 -4.700924083590507507e-02 9.977192878723144531e-01 4.840791970491409302e-02 -1.087519377470016479e-01 9.947116374969482422e-01 4.232787713408470154e-02 9.356468915939331055e-02 2.152234458923339844e+01
5.481999740004539490e-02 5.355353653430938721e-02 -9.970578551292419434e-01 -2.243840026855468750e+01 -4.739658161997795105e-02 9.975730776786804199e-01 5.097524821758270264e-02 -5.583477765321731567e-02 9.973692893981933594e-01 4.446272179484367371e-02 5.722494795918464661e-02 2.160176658630371094e+01
1.214424148201942444e-02 5.520839616656303406e-02 -9.983996748924255371e-01 -2.397247695922851562e+01 -4.665983840823173523e-02 9.974166154861450195e-01 5.458647012710571289e-02 1.020342111587524414e-02 9.988355040550231934e-01 4.592231661081314087e-02 1.468857005238533020e-02 2.162891960144042969e+01
-1.681581512093544006e-02 5.538896098732948303e-02 -9.983218908309936523e-01 -2.515168952941894531e+01 -4.739475250244140625e-02 9.972962141036987305e-01 5.613037198781967163e-02 6.441551446914672852e-02 9.987331032752990723e-01 4.825916513800621033e-02 -1.414555869996547699e-02 2.160279083251953125e+01
-5.061932653188705444e-02 5.575227737426757812e-02 -9.971592426300048828e-01 -2.625775337219238281e+01 -4.633305966854095459e-02 9.972327947616577148e-01 5.810840800404548645e-02 1.177432090044021606e-01 9.976410269737243652e-01 4.914292320609092712e-02 -4.789648950099945068e-02 2.153899002075195312e+01
-7.389491796493530273e-02 5.545401573181152344e-02 -9.957216382026672363e-01 -2.728101539611816406e+01 -4.658708721399307251e-02 9.971690177917480469e-01 5.899196118116378784e-02 1.673963963985443115e-01 9.961755871772766113e-01 5.074705183506011963e-02 -7.110272347927093506e-02 2.145520782470703125e+01
-9.920640289783477783e-02 5.466981604695320129e-02 -9.935625195503234863e-01 -2.853971290588378906e+01 -4.694310203194618225e-02 9.971189498901367188e-01 5.955273658037185669e-02 2.233591526746749878e-01 9.939572811126708984e-01 5.254899337887763977e-02 -9.635469317436218262e-02 2.132637405395507812e+01
-1.160797998309135437e-01 5.502206459641456604e-02 -9.917132854461669922e-01 -3.020701599121093750e+01 -4.572817683219909668e-02 9.971078038215637207e-01 6.067383661866188049e-02 2.983613014221191406e-01 9.921850562095642090e-01 5.239231884479522705e-02 -1.132285147905349731e-01 2.113130569458007812e+01
-1.316236853599548340e-01 5.467836931347846985e-02 -9.897891879081726074e-01 -3.187726402282714844e+01 -4.459298774600028992e-02 9.971384406089782715e-01 6.101440265774726868e-02 3.769891262054443359e-01 9.902945756912231445e-01 5.216866731643676758e-02 -1.288092732429504395e-01 2.091439247131347656e+01
-1.336621046066284180e-01 5.511811003088951111e-02 -9.894915223121643066e-01 -3.369918823242187500e+01 -4.425757378339767456e-02 9.971222281455993652e-01 6.152154505252838135e-02 4.601195752620697021e-01 9.900364875793457031e-01 5.201566964387893677e-02 -1.308385580778121948e-01 2.067162895202636719e+01
-1.344297975301742554e-01 5.505183711647987366e-02 -9.893912076950073242e-01 -3.549690628051757812e+01 -4.359123483300209045e-02 9.971586465835571289e-01 6.140681356191635132e-02 5.377039909362792969e-01 9.899621009826660156e-01 5.138377100229263306e-02 -1.316485553979873657e-01 2.043123245239257812e+01
-1.259659230709075928e-01 5.581534281373023987e-02 -9.904616475105285645e-01 -3.724867630004882812e+01 -4.440369457006454468e-02 9.970962405204772949e-01 6.183642521500587463e-02 6.161236166954040527e-01 9.910385012626647949e-01 5.176952108740806580e-02 -1.231222450733184814e-01 2.020670127868652344e+01
-1.274547874927520752e-01 5.511961504817008972e-02 -9.903100728988647461e-01 -3.908402633666992188e+01 -4.446111992001533508e-02 9.971316456794738770e-01 6.122151017189025879e-02 6.955398917198181152e-01 9.908455014228820801e-01 5.183335021138191223e-02 -1.246390342712402344e-01 1.997336769104003906e+01
-1.291505694389343262e-01 5.501815676689147949e-02 -9.900959730148315430e-01 -4.086365509033203125e+01 -4.286390915513038635e-02 9.972148537635803223e-01 6.100502982735633850e-02 7.734249234199523926e-01 9.906963109970092773e-01 5.031829699873924255e-02 -1.264330893754959106e-01 1.974595832824707031e+01
-1.303672641515731812e-01 5.570881068706512451e-02 -9.898979067802429199e-01 -4.279675292968750000e+01 -4.375195503234863281e-02 9.971225261688232422e-01 6.187743321061134338e-02 8.561536073684692383e-01 9.904980659484863281e-01 5.137683451175689697e-02 -1.275552809238433838e-01 1.949222946166992188e+01
-1.326757222414016724e-01 5.598403140902519226e-02 -9.895756244659423828e-01 -4.477351379394531250e+01 -4.357893392443656921e-02 9.971066713333129883e-01 6.225287914276123047e-02 9.442309737205505371e-01 9.901991486549377441e-01 5.138416215777397156e-02 -1.298526525497436523e-01 1.922953605651855469e+01
-1.341837495565414429e-01 5.611654371023178101e-02 -9.893646836280822754e-01 -4.668709945678710938e+01 -4.389012604951858521e-02 9.970771074295043945e-01 6.250666081905364990e-02 1.033602476119995117e+00 9.899821281433105469e-01 5.181079357862472534e-02 -1.313291192054748535e-01 1.897327995300292969e+01
-1.359287798404693604e-01 5.786793306469917297e-02 -9.890254735946655273e-01 -4.869932174682617188e+01 -4.483916237950325012e-02 9.969083666801452637e-01 6.449176371097564697e-02 1.127265095710754395e+00 9.897014498710632324e-01 5.311346054077148438e-02 -1.329143345355987549e-01 1.869529724121093750e+01
-1.375029832124710083e-01 5.861913785338401794e-02 -9.887636303901672363e-01 -5.075766372680664062e+01 -4.269633442163467407e-02 9.969666004180908203e-01 6.504311412572860718e-02 1.225713610649108887e+00 9.895788431167602539e-01 5.116028711199760437e-02 -1.345835924148559570e-01 1.840606880187988281e+01
-1.372495740652084351e-01 5.831770226359367371e-02 -9.888166785240173340e-01 -5.292894363403320312e+01 -4.490141198039054871e-02 9.968709349632263184e-01 6.502519547939300537e-02 1.331860780715942383e+00 9.895164370536804199e-01 5.332402884960174561e-02 -1.342020928859710693e-01 1.810366058349609375e+01
-1.387068927288055420e-01 5.938367918133735657e-02 -9.885498285293579102e-01 -5.488111114501953125e+01 -4.484278336167335510e-02 9.967981576919555664e-01 6.617128849029541016e-02 1.425973057746887207e+00 9.893158674240112305e-01 5.350781604647636414e-02 -1.356003731489181519e-01 1.783528137207031250e+01
-1.399115771055221558e-01 5.916381254792213440e-02 -9.883932471275329590e-01 -5.677458572387695312e+01 -4.504493996500968933e-02 9.967975616455078125e-01 6.604327261447906494e-02 1.517847657203674316e+00 9.891369938850402832e-01 5.376241356134414673e-02 -1.367990076541900635e-01 1.756844139099121094e+01
-1.433414369821548462e-01 5.895040184259414673e-02 -9.879143834114074707e-01 -5.871770858764648438e+01 -4.520803689956665039e-02 9.967904090881347656e-01 6.603957712650299072e-02 1.617260932922363281e+00 9.886383414268493652e-01 5.412796512246131897e-02 -1.402168720960617065e-01 1.729125976562500000e+01
-1.402601003646850586e-01 5.958570167422294617e-02 -9.883184432983398438e-01 -6.078633499145507812e+01 -4.560358822345733643e-02 9.967374205589294434e-01 6.656531989574432373e-02 1.719679474830627441e+00 9.890620708465576172e-01 5.440742522478103638e-02 -1.370856910943984985e-01 1.699784088134765625e+01
-1.391528695821762085e-01 5.886408314108848572e-02 -9.885181784629821777e-01 -6.287712860107421875e+01 -4.579805210232734680e-02 9.967791438102722168e-01 6.580302864313125610e-02 1.821804642677307129e+00 9.892094731330871582e-01 5.442898720502853394e-02 -1.360093355178833008e-01 1.670428276062011719e+01
-1.340354830026626587e-01 5.891789123415946960e-02 -9.892218708992004395e-01 -6.504973602294921875e+01 -4.534550011157989502e-02 9.968188405036926270e-01 6.551456451416015625e-02 1.925849437713623047e+00 9.899366497993469238e-01 5.363814160227775574e-02 -1.309379488229751587e-01 1.640897178649902344e+01
-1.308242827653884888e-01 5.871541798114776611e-02 -9.896636605262756348e-01 -6.705188751220703125e+01 -4.540665820240974426e-02 9.968402981758117676e-01 6.514360755681991577e-02 2.025844097137451172e+00 9.903632998466491699e-01 5.345980077981948853e-02 -1.277453601360321045e-01 1.614639472961425781e+01
-1.311786919832229614e-01 5.972754210233688354e-02 -9.895561337471008301e-01 -6.893946075439453125e+01 -4.530275985598564148e-02 9.967774748802185059e-01 6.616895645856857300e-02 2.118642330169677734e+00 9.903211593627929688e-01 5.350970476865768433e-02 -1.280506700277328491e-01 1.589302349090576172e+01
-1.306010335683822632e-01 6.007730960845947266e-02 -9.896113872528076172e-01 -7.106646728515625000e+01 -4.396203905344009399e-02 9.968276619911193848e-01 6.631721556186676025e-02 2.223435163497924805e+00 9.904578924179077148e-01 5.216655135154724121e-02 -1.275461167097091675e-01 1.561702346801757812e+01
-1.320221424102783203e-01 6.087311729788780212e-02 -9.893741607666015625e-01 -7.316769409179687500e+01 -4.425878822803497314e-02 9.967532157897949219e-01 6.723307073116302490e-02 2.330822467803955078e+00 9.902562499046325684e-01 5.266486853361129761e-02 -1.288998275995254517e-01 1.534135437011718750e+01
-1.322457194328308105e-01 6.030286103487014771e-02 -9.893792271614074707e-01 -7.491419219970703125e+01 -4.567548260092735291e-02 9.967147111892700195e-01 6.685524433851242065e-02 2.421109676361083984e+00 9.901620149612426758e-01 5.403180420398712158e-02 -1.290574222803115845e-01 1.510908889770507812e+01
-1.320105195045471191e-01 6.057012081146240234e-02 -9.893943667411804199e-01 -7.687461090087890625e+01 -4.579304158687591553e-02 9.966911077499389648e-01 6.712687760591506958e-02 2.521704196929931641e+00 9.901880025863647461e-01 5.416901037096977234e-02 -1.288005709648132324e-01 1.485088062286376953e+01
-1.329104602336883545e-01 6.163942441344261169e-02 -9.892078042030334473e-01 -7.880954742431640625e+01 -4.704257473349571228e-02 9.965451955795288086e-01 6.841736286878585815e-02 2.618463516235351562e+00 9.900090098381042480e-01 5.562844127416610718e-02 -1.295521855354309082e-01 1.459700202941894531e+01
-1.346385329961776733e-01 6.212756782770156860e-02 -9.889435172080993652e-01 -8.088809967041015625e+01 -4.673339799046516418e-02 9.965219497680664062e-01 6.896618753671646118e-02 2.724633216857910156e+00 9.897901415824890137e-01 5.550236999988555908e-02 -1.312673985958099365e-01 1.431361961364746094e+01
-1.327007263898849487e-01 6.273023039102554321e-02 -9.891673326492309570e-01 -8.296222686767578125e+01 -4.609325900673866272e-02 9.965230226516723633e-01 6.938036531209945679e-02 2.839662075042724609e+00 9.900817871093750000e-01 5.480094254016876221e-02 -1.293484568595886230e-01 1.403537368774414062e+01
-1.335778832435607910e-01 6.313541531562805176e-02 -9.890235066413879395e-01 -8.511953735351562500e+01 -4.525060951709747314e-02 9.965374469757080078e-01 6.972672790288925171e-02 2.954624652862548828e+00 9.900026917457580566e-01 5.406802520155906677e-02 -1.302590072154998779e-01 1.374676704406738281e+01
-1.371981352567672729e-01 6.340350210666656494e-02 -9.885106086730957031e-01 -8.698482513427734375e+01 -4.438697174191474915e-02 9.965515732765197754e-01 7.007993012666702271e-02 3.055310487747192383e+00 9.895465970039367676e-01 5.349198356270790100e-02 -1.339112967252731323e-01 1.349495029449462891e+01
-1.398244798183441162e-01 6.374973803758621216e-02 -9.881202578544616699e-01 -8.880815124511718750e+01 -4.546830430626869202e-02 9.964574575424194336e-01 7.072175294160842896e-02 3.154364347457885742e+00 9.891297221183776855e-01 5.481695011258125305e-02 -1.364311128854751587e-01 1.323966217041015625e+01
-1.408312320709228516e-01 6.410315632820129395e-02 -9.879543781280517578e-01 -9.044163513183593750e+01 -4.611564800143241882e-02 9.963918924331665039e-01 7.122443616390228271e-02 3.245378494262695312e+00 9.889569282531738281e-01 5.559094995260238647e-02 -1.373675018548965454e-01 1.300870513916015625e+01
-1.423446685075759888e-01 6.442616879940032959e-02 -9.877163767814636230e-01 -9.222476196289062500e+01 -4.589580744504928589e-02 9.963747262954711914e-01 7.160530984401702881e-02 3.341524124145507812e+00 9.887504577636718750e-01 5.552485212683677673e-02 -1.388723105192184448e-01 1.275617504119873047e+01
-1.409858167171478271e-01 6.376602500677108765e-02 -9.879540205001831055e-01 -9.422805023193359375e+01 -4.685699567198753357e-02 9.963735938072204590e-01 7.099628448486328125e-02 3.450103521347045898e+00 9.889000058174133301e-01 5.630221217870712280e-02 -1.374872475862503052e-01 1.247242069244384766e+01
-1.408760100603103638e-01 6.307784467935562134e-02 -9.880141019821166992e-01 -9.603778839111328125e+01 -4.688176885247230530e-02 9.964221119880676270e-01 7.029937207698822021e-02 3.552379131317138672e+00 9.889144897460937500e-01 5.622345209121704102e-02 -1.374153494834899902e-01 1.221463775634765625e+01
-1.411355286836624146e-01 6.172922253608703613e-02 -9.880622029304504395e-01 -9.795540618896484375e+01 -4.643852636218070984e-02 9.965411424636840820e-01 6.889235228300094604e-02 3.657302856445312500e+00 9.888983964920043945e-01 5.560742691159248352e-02 -1.377813220024108887e-01 1.194539546966552734e+01
-1.429741233587265015e-01 6.220543757081031799e-02 -9.877678751945495605e-01 -9.961719512939453125e+01 -4.609000310301780701e-02 9.965201616287231445e-01 6.942798197269439697e-02 3.747490644454956055e+00 9.886505007743835449e-01 5.545275658369064331e-02 -1.396101266145706177e-01 1.170620441436767578e+01
-1.447920203208923340e-01 6.206903234124183655e-02 -9.875115752220153809e-01 -1.013901977539062500e+02 -4.666392505168914795e-02 9.964901804924011230e-01 6.947544962167739868e-02 3.843507289886474609e+00 9.883589744567871094e-01 5.614078789949417114e-02 -1.413880288600921631e-01 1.144903850555419922e+01
-1.484439224004745483e-01 6.420603394508361816e-02 -9.868324995040893555e-01 -1.032112503051757812e+02 -4.633245244622230530e-02 9.963412880897521973e-01 7.179430872201919556e-02 3.943979501724243164e+00 9.878326654434204102e-01 5.637992545962333679e-02 -1.449265778064727783e-01 1.117573070526123047e+01
-1.461721211671829224e-01 6.490346044301986694e-02 -9.871259927749633789e-01 -1.052066345214843750e+02 -4.663165286183357239e-02 9.962826967239379883e-01 7.241073250770568848e-02 4.056199550628662109e+00 9.881573319435119629e-01 5.661588162183761597e-02 -1.426028162240982056e-01 1.088347530364990234e+01
-1.423631310462951660e-01 6.491823494434356689e-02 -9.876815080642700195e-01 -1.072436370849609375e+02 -4.551030322909355164e-02 9.963607788085937500e-01 7.204858213663101196e-02 4.173322677612304688e+00 9.887655377388000488e-01 5.520688369870185852e-02 -1.388912349939346313e-01 1.059020042419433594e+01
-1.397451609373092651e-01 6.483071297407150269e-02 -9.880610704421997070e-01 -1.093098678588867188e+02 -4.504908621311187744e-02 9.964032769203186035e-01 7.174962759017944336e-02 4.289310455322265625e+00 9.891600608825683594e-01 5.453804507851600647e-02 -1.363226175308227539e-01 1.030039215087890625e+01
-1.403196305036544800e-01 6.408435851335525513e-02 -9.880283474922180176e-01 -1.112726669311523438e+02 -4.560308158397674561e-02 9.964242577552795410e-01 7.110556215047836304e-02 4.397601604461669922e+00 9.890533685684204102e-01 5.503478646278381348e-02 -1.368960887193679810e-01 1.002574539184570312e+01
-1.395718604326248169e-01 6.431652605533599854e-02 -9.881191849708557129e-01 -1.133351974487304688e+02 -4.686544090509414673e-02 9.963395595550537109e-01 7.147145271301269531e-02 4.504993438720703125e+00 9.891001582145690918e-01 5.628419294953346252e-02 -1.360473930835723877e-01 9.735962867736816406e+00
-1.391101479530334473e-01 6.518691778182983398e-02 -9.881272315979003906e-01 -1.154409027099609375e+02 -4.953020438551902771e-02 9.961225986480712891e-01 7.268742471933364868e-02 4.621863365173339844e+00 9.890353083610534668e-01 5.905384942889213562e-02 -1.353427022695541382e-01 9.443078994750976562e+00
-1.378685235977172852e-01 6.622983515262603760e-02 -9.882318377494812012e-01 -1.175351486206054688e+02 -4.885971546173095703e-02 9.960906505584716797e-01 7.357306778430938721e-02 4.742654800415039062e+00 9.892424941062927246e-01 5.842826887965202332e-02 -1.340942382812500000e-01 9.152973175048828125e+00
-1.394046992063522339e-01 6.588856130838394165e-02 -9.880391359329223633e-01 -1.194891815185546875e+02 -4.879055544734001160e-02 9.961133599281311035e-01 7.331109046936035156e-02 4.854823589324951172e+00 9.890305995941162109e-01 5.842702835798263550e-02 -1.356488168239593506e-01 8.881545066833496094e+00
-1.388579308986663818e-01 6.583924591541290283e-02 -9.881194233894348145e-01 -1.213609085083007812e+02 -4.966272786259651184e-02 9.960675239562988281e-01 7.334792613983154297e-02 4.961572170257568359e+00 9.890640974044799805e-01 5.925778672099113464e-02 -1.350427716970443726e-01 8.622149467468261719e+00
-1.393318474292755127e-01 6.717324256896972656e-02 -9.879628419876098633e-01 -1.233002624511718750e+02 -5.035533383488655090e-02 9.959235787391662598e-01 7.481619715690612793e-02 5.067582130432128906e+00 9.889624118804931641e-01 6.017363071441650391e-02 -1.353819668292999268e-01 8.354528427124023438e+00
-1.428356468677520752e-01 6.911723315715789795e-02 -9.873282313346862793e-01 -1.254857330322265625e+02 -5.097934231162071228e-02 9.957191348075866699e-01 7.707988470792770386e-02 5.200360298156738281e+00 9.884304404258728027e-01 6.134327501058578491e-02 -1.387012749910354614e-01 8.042662620544433594e+00
-1.433105319738388062e-01 6.832593679428100586e-02 -9.873145222663879395e-01 -1.273756332397460938e+02 -5.182455107569694519e-02 9.957255125045776367e-01 7.643058896064758301e-02 5.311556339263916016e+00 9.883177280426025391e-01 6.212060526013374329e-02 -1.391576528549194336e-01 7.775098800659179688e+00
-1.442738622426986694e-01 6.833191961050033569e-02 -9.871737957000732422e-01 -1.292894134521484375e+02 -5.101432651281356812e-02 9.957710504531860352e-01 7.638284564018249512e-02 5.424866199493408203e+00 9.882197380065917969e-01 6.138021871447563171e-02 -1.401784867048263550e-01 7.501019477844238281e+00
-1.462052464485168457e-01 6.912166625261306763e-02 -9.868345260620117188e-01 -1.312312316894531250e+02 -5.106780678033828735e-02 9.956968426704406738e-01 7.730856537818908691e-02 5.542722225189208984e+00 9.879330396652221680e-01 6.169857084751129150e-02 -1.420468688011169434e-01 7.218144416809082031e+00
-1.446470022201538086e-01 6.820677220821380615e-02 -9.871277809143066406e-01 -1.331614532470703125e+02 -5.149284005165100098e-02 9.957490563392639160e-01 7.634803652763366699e-02 5.658047199249267578e+00 9.881403446197509766e-01 6.187371537089347839e-02 -1.405206173658370972e-01 6.938510417938232422e+00
-1.468186825513839722e-01 6.853888183832168579e-02 -9.867841005325317383e-01 -1.349560394287109375e+02 -5.032034963369369507e-02 9.957856535911560059e-01 7.665117084980010986e-02 5.764622688293457031e+00 9.878804087638854980e-01 6.090933457016944885e-02 -1.427517086267471313e-01 6.679495334625244141e+00
-1.454603672027587891e-01 6.856425106525421143e-02 -9.869834780693054199e-01 -1.365888214111328125e+02 -4.923887550830841064e-02 9.958561658859252930e-01 7.643753290176391602e-02 5.864986419677734375e+00 9.881358146667480469e-01 5.971677601337432861e-02 -1.414822340011596680e-01 6.441431045532226562e+00
-1.447687596082687378e-01 6.850206851959228516e-02 -9.870894551277160645e-01 -1.380183563232421875e+02 -5.010815337300300598e-02 9.958114027976989746e-01 7.645649462938308716e-02 5.947541236877441406e+00 9.881936907768249512e-01 6.052993237972259521e-02 -1.407305151224136353e-01 6.232663631439208984e+00
-1.438429057598114014e-01 6.875343620777130127e-02 -9.872073531150817871e-01 -1.392781372070312500e+02 -4.915802553296089172e-02 9.958539605140686035e-01 7.651845365762710571e-02 6.020958900451660156e+00 9.883765578269958496e-01 5.953598767518997192e-02 -1.398674100637435913e-01 6.051670074462890625e+00
-1.426057517528533936e-01 6.852039694786071777e-02 -9.874030351638793945e-01 -1.407819976806640625e+02 -5.103833228349685669e-02 9.957628846168518066e-01 7.647188752889633179e-02 6.108137607574462891e+00 9.884604811668395996e-01 6.130092591047286987e-02 -1.385050266981124878e-01 5.837326049804687500e+00
-1.426323652267456055e-01 6.908546388149261475e-02 -9.873600006103515625e-01 -1.420675354003906250e+02 -5.127274245023727417e-02 9.957044720649719238e-01 7.707624882459640503e-02 6.183587074279785156e+00 9.884445071220397949e-01 6.161840632557868958e-02 -1.384782940149307251e-01 5.654673576354980469e+00
-1.421256065368652344e-01 6.846597790718078613e-02 -9.874765276908874512e-01 -1.435364990234375000e+02 -5.118900910019874573e-02 9.957605004310607910e-01 7.640793919563293457e-02 6.275090217590332031e+00 9.885219335556030273e-01 6.140732392668724060e-02 -1.380192488431930542e-01 5.445599555969238281e+00
-1.429252028465270996e-01 6.858036667108535767e-02 -9.873535037040710449e-01 -1.450126495361328125e+02 -5.167094990611076355e-02 9.957178235054016113e-01 7.664066553115844727e-02 6.362139701843261719e+00 9.883819818496704102e-01 6.197110936045646667e-02 -1.387705355882644653e-01 5.233660221099853516e+00
-1.359076946973800659e-01 6.811717897653579712e-02 -9.883759021759033203e-01 -1.464551696777343750e+02 -5.208289995789527893e-02 9.957616925239562988e-01 7.578755170106887817e-02 6.451105117797851562e+00 9.893497824668884277e-01 6.177732348442077637e-02 -1.317849010229110718e-01 5.038699626922607422e+00
-1.279343962669372559e-01 6.833994388580322266e-02 -9.894241094589233398e-01 -1.478863372802734375e+02 -5.256889015436172485e-02 9.957523345947265625e-01 7.557393610477447510e-02 6.534868717193603516e+00 9.903867244720458984e-01 6.168116256594657898e-02 -1.237993836402893066e-01 4.855528354644775391e+00
-1.207067668437957764e-01 6.826854497194290161e-02 -9.903367757797241211e-01 -1.492995452880859375e+02 -5.318504944443702698e-02 9.957537055015563965e-01 7.512403279542922974e-02 6.616366863250732422e+00 9.912607073783874512e-01 6.173882260918617249e-02 -1.165642961859703064e-01 4.685361862182617188e+00
-1.145307421684265137e-01 6.883303076028823853e-02 -9.910309314727783203e-01 -1.508939666748046875e+02 -5.445724353194236755e-02 9.956604838371276855e-01 7.544768601655960083e-02 6.711130142211914062e+00 9.919242262840270996e-01 6.260963529348373413e-02 -1.102862209081649780e-01 4.502213954925537109e+00
-1.061031073331832886e-01 6.904162466526031494e-02 -9.919540882110595703e-01 -1.524828186035156250e+02 -5.497887730598449707e-02 9.956520795822143555e-01 7.517939060926437378e-02 6.804740428924560547e+00 9.928323626518249512e-01 6.251302361488342285e-02 -1.018468886613845825e-01 4.334466934204101562e+00
-9.826827794313430786e-02 6.904058903455734253e-02 -9.927608966827392578e-01 -1.539031066894531250e+02 -5.599899962544441223e-02 9.956251382827758789e-01 7.478245347738265991e-02 6.887115001678466797e+00 9.935814142227172852e-01 6.294209510087966919e-02 -9.397310763597488403e-02 4.198770999908447266e+00
-9.131445735692977905e-02 6.854551285505294800e-02 -9.934589266777038574e-01 -1.554904022216796875e+02 -5.612904578447341919e-02 9.956868290901184082e-01 7.385798543691635132e-02 6.979387760162353516e+00 9.942373037338256836e-01 6.250594556331634521e-02 -8.707414567470550537e-02 4.055808067321777344e+00
-6.969760358333587646e-02 6.907301396131515503e-02 -9.951726794242858887e-01 -1.571877899169921875e+02 -5.577713623642921448e-02 9.957683682441711426e-01 7.302037626504898071e-02 7.078207015991210938e+00 9.960058927536010742e-01 6.059696897864341736e-02 -6.555090099573135376e-02 3.934924125671386719e+00
-4.829005897045135498e-02 6.994134932756423950e-02 -9.963803291320800781e-01 -1.589286193847656250e+02 -5.624501407146453857e-02 9.957709908485412598e-01 7.262415438890457153e-02 7.174165248870849609e+00 9.972467422485351562e-01 5.954819545149803162e-02 -4.415289312601089478e-02 3.846840858459472656e+00
-3.206281363964080811e-02 7.015880942344665527e-02 -9.970191121101379395e-01 -1.605356597900390625e+02 -5.603146180510520935e-02 9.958372116088867188e-01 7.187718152999877930e-02 7.266540050506591797e+00 9.979122281074523926e-01 5.816876515746116638e-02 -2.799913845956325531e-02 3.798805713653564453e+00
-8.679345250129699707e-03 6.782644242048263550e-02 -9.976580739021301270e-01 -1.621346435546875000e+02 -5.619576945900917053e-02 9.960859417915344238e-01 6.820809096097946167e-02 7.352437019348144531e+00 9.983802437782287598e-01 5.665589496493339539e-02 -4.834692925214767456e-03 3.783630609512329102e+00
1.295716781169176102e-02 6.723150610923767090e-02 -9.976519346237182617e-01 -1.636554870605468750e+02 -5.693821236491203308e-02 9.961664080619812012e-01 6.639155000448226929e-02 7.429137229919433594e+00 9.982917904853820801e-01 5.594399571418762207e-02 1.673467457294464111e-02 3.801939964294433594e+00
4.443803429603576660e-02 6.891268491744995117e-02 -9.966310858726501465e-01 -1.649901733398437500e+02 -5.802996456623077393e-02 9.961102008819580078e-01 6.628885865211486816e-02 7.494806766510009766e+00 9.973234534263610840e-01 5.488844588398933411e-02 4.826334118843078613e-02 3.862680435180664062e+00
7.756678760051727295e-02 6.854440271854400635e-02 -9.946266412734985352e-01 -1.664225616455078125e+02 -5.881019681692123413e-02 9.962098002433776855e-01 6.406679004430770874e-02 7.560657501220703125e+00 9.952492713928222656e-01 5.352446436882019043e-02 8.130309730768203735e-02 3.976914644241333008e+00
1.287821084260940552e-01 6.841342151165008545e-02 -9.893087148666381836e-01 -1.673243255615234375e+02 -6.009078398346900940e-02 9.963211417198181152e-01 6.107574701309204102e-02 7.594650745391845703e+00 9.898487925529479980e-01 5.158260837197303772e-02 1.324186176061630249e-01 4.121680259704589844e+00
1.950655281543731689e-01 6.946337968111038208e-02 -9.783257246017456055e-01 -1.680179443359375000e+02 -6.410121172666549683e-02 9.962575435638427734e-01 5.795526877045631409e-02 7.614683151245117188e+00 9.786913990974426270e-01 5.140652507543563843e-02 1.987875401973724365e-01 4.310508728027343750e+00
2.619450092315673828e-01 6.871269643306732178e-02 -9.626319408416748047e-01 -1.685623321533203125e+02 -7.051867246627807617e-02 9.961569309234619141e-01 5.191626772284507751e-02 7.635164737701416016e+00 9.625011086463928223e-01 5.428406223654747009e-02 2.657833099365234375e-01 4.514183998107910156e+00
3.315986096858978271e-01 6.921106576919555664e-02 -9.408767223358154297e-01 -1.693027954101562500e+02 -7.499997317790985107e-02 9.960812330245971680e-01 4.683886095881462097e-02 7.653793334960937500e+00 9.404328465461730957e-01 5.503377318382263184e-02 3.354895114898681641e-01 4.807199001312255859e+00
3.882049918174743652e-01 6.771134585142135620e-02 -9.190804362297058105e-01 -1.701076812744140625e+02 -7.850899547338485718e-02 9.960998296737670898e-01 4.022425413131713867e-02 7.668985366821289062e+00 9.182209968566894531e-01 5.654056742787361145e-02 3.920065164566040039e-01 5.182592391967773438e+00
4.539731442928314209e-01 6.393444538116455078e-02 -8.887167572975158691e-01 -1.709829864501953125e+02 -7.857117801904678345e-02 9.964074492454528809e-01 3.154571354389190674e-02 7.683046340942382812e+00 8.875423669815063477e-01 5.550635233521461487e-02 4.573654532432556152e-01 5.657567501068115234e+00
4.967899024486541748e-01 6.420235335826873779e-02 -8.654909133911132812e-01 -1.718510742187500000e+02 -7.859102636575698853e-02 9.964886903762817383e-01 2.880833297967910767e-02 7.694684505462646484e+00 8.643030524253845215e-01 5.370786041021347046e-02 5.000911951065063477e-01 6.169243812561035156e+00
5.437348484992980957e-01 6.195794045925140381e-02 -8.369649052619934082e-01 -1.726202392578125000e+02 -8.032072335481643677e-02 9.965332150459289551e-01 2.158948406577110291e-02 7.690052509307861328e+00 8.354026675224304199e-01 5.548639968037605286e-02 5.468264222145080566e-01 6.698150157928466797e+00
5.778580904006958008e-01 6.052593141794204712e-02 -8.138877153396606445e-01 -1.730724029541015625e+02 -8.075104653835296631e-02 9.965909719467163086e-01 1.677950285375118256e-02 7.683359146118164062e+00 8.121305704116821289e-01 5.602584034204483032e-02 5.807757973670959473e-01 7.059405803680419922e+00
6.000199913978576660e-01 5.919354781508445740e-02 -7.977898716926574707e-01 -1.736280212402343750e+02 -8.140090852975845337e-02 9.965981245040893555e-01 1.272224821150302887e-02 7.674922466278076172e+00 7.958308458328247070e-01 5.730694904923439026e-02 6.027973890304565430e-01 7.494695663452148438e+00
