9.999796152114868164e-01 -5.092567764222621918e-03 -3.854041686281561852e-03 -1.280688215047121048e-03 5.095269531011581421e-03 9.999867677688598633e-01 6.915758131071925163e-04 -3.817551583051681519e-02 3.850468667224049568e-03 -7.111991290003061295e-04 9.999923110008239746e-01 1.967755794525146484e+00
9.999623894691467285e-01 -8.016319945454597473e-03 -3.319273702800273895e-03 -1.288213394582271576e-02 8.025982417166233063e-03 9.999635219573974609e-01 2.907870803028345108e-03 -7.874859869480133057e-02 3.295842092484235764e-03 -2.934401854872703552e-03 9.999902248382568359e-01 4.239170074462890625e+00
9.999259114265441895e-01 -1.113304309546947479e-02 -4.935708362609148026e-03 -1.167377457022666931e-03 1.117553096264600754e-02 9.998999834060668945e-01 8.665945380926132202e-03 -1.026190891861915588e-01 4.838736262172460556e-03 -8.720461279153823853e-03 9.999502301216125488e-01 6.113611698150634766e+00
9.999109506607055664e-01 -1.120431628078222275e-02 -7.251050323247909546e-03 -2.487408183515071869e-02 1.129084825515747070e-02 9.998642206192016602e-01 1.200482808053493500e-02 -1.337891072034835815e-01 7.115559652447700500e-03 -1.208562962710857391e-02 9.999015927314758301e-01 8.222505569458007812e+00
9.999035596847534180e-01 -1.170095987617969513e-02 -7.482039742171764374e-03 -1.928954198956489563e-02 1.181992888450622559e-02 9.998012185096740723e-01 1.605923473834991455e-02 -1.443230062723159790e-01 7.292643655091524124e-03 -1.614612340927124023e-02 9.998430013656616211e-01 1.027789878845214844e+01
9.997218251228332520e-01 -1.663109660148620605e-02 -1.672221347689628601e-02 -2.031817287206649780e-02 1.694601029157638550e-02 9.996783733367919922e-01 1.887001283466815948e-02 -1.307432800531387329e-01 1.640300452709197998e-02 -1.914813742041587830e-02 9.996820092201232910e-01 1.240794372558593750e+01
9.993699789047241211e-01 -2.342060767114162445e-02 -2.666636183857917786e-02 -1.008603051304817200e-01 2.395809814333915710e-02 9.995124936103820801e-01 2.001807093620300293e-02 -1.489438116550445557e-01 2.618452534079551697e-02 -2.064433321356773376e-02 9.994438290596008301e-01 1.464750194549560547e+01
9.990527033805847168e-01 -3.392642363905906677e-02 -2.725341357290744781e-02 -1.790012121200561523e-01 3.445903956890106201e-02 9.992193579673767090e-01 1.931685395538806915e-02 -1.351487338542938232e-01 2.657678723335266113e-02 -2.023767866194248199e-02 9.994418025016784668e-01 1.659430885314941406e+01
9.988968968391418457e-01 -3.771917149424552917e-02 -2.796941064298152924e-02 -2.731314897537231445e-01 3.828631341457366943e-02 9.990659952163696289e-01 2.002627961337566376e-02 -1.376351714134216309e-01 2.718791738152503967e-02 -2.107503265142440796e-02 9.994080066680908203e-01 1.884061431884765625e+01
9.984700083732604980e-01 -4.612434655427932739e-02 -3.050128929316997528e-02 -3.410798907279968262e-01 4.674455523490905762e-02 9.987077116966247559e-01 1.994303800165653229e-02 -1.310533881187438965e-01 2.954201586544513702e-02 -2.133829332888126373e-02 9.993355870246887207e-01 2.102353477478027344e+01
9.979364275932312012e-01 -5.461359024047851562e-02 -3.376948460936546326e-02 -3.956634998321533203e-01 5.524408444762229919e-02 9.983100891113281250e-01 1.802754402160644531e-02 -1.210527718067169189e-01 3.272786736488342285e-02 -1.985590904951095581e-02 9.992669224739074707e-01 2.324722290039062500e+01
9.978500008583068848e-01 -5.740598961710929871e-02 -3.162330389022827148e-02 -4.710271358489990234e-01 5.806232616305351257e-02 9.981076717376708984e-01 2.024224400520324707e-02 -1.257809847593307495e-01 3.040143474936485291e-02 -2.203484810888767242e-02 9.992946982383728027e-01 2.536310195922851562e+01
9.970697760581970215e-01 -6.570394337177276611e-02 -3.917795419692993164e-02 -5.439098477363586426e-01 6.651371717453002930e-02 9.975903034210205078e-01 1.973570138216018677e-02 -1.248647347092628479e-01 3.778682649135589600e-02 -2.228374779224395752e-02 9.990372061729431152e-01 2.734025192260742188e+01
9.962831735610961914e-01 -7.224512845277786255e-02 -4.690919816493988037e-02 -6.301025152206420898e-01 7.339417934417724609e-02 9.970319271087646484e-01 2.325113862752914429e-02 -1.167720258235931396e-01 4.509017616510391235e-02 -2.660758793354034424e-02 9.986284375190734863e-01 2.941856956481933594e+01
9.959633350372314453e-01 -7.418635487556457520e-02 -5.053189396858215332e-02 -7.268168330192565918e-01 7.533381879329681396e-02 9.969331622123718262e-01 2.119227498769760132e-02 -1.232604086399078369e-01 4.880473017692565918e-02 -2.491349726915359497e-02 9.984974861145019531e-01 3.164258003234863281e+01
9.959805607795715332e-01 -7.213442772626876831e-02 -5.309704318642616272e-02 -8.555749058723449707e-01 7.342052459716796875e-02 9.970431327819824219e-01 2.268087491393089294e-02 -1.256265044212341309e-01 5.130395665764808655e-02 -2.648813091218471527e-02 9.983316659927368164e-01 3.384289550781250000e+01
9.950811266899108887e-01 -7.567848265171051025e-02 -6.392309069633483887e-02 -9.759740829467773438e-01 7.775815576314926147e-02 9.964995980262756348e-01 3.069495782256126404e-02 -9.622997045516967773e-02 6.137637048959732056e-02 -3.551452606916427612e-02 9.974825978279113770e-01 3.606252288818359375e+01
9.944598674774169922e-01 -7.817002385854721069e-02 -7.027691602706909180e-02 -1.122092366218566895e+00 8.067905902862548828e-02 9.961736798286437988e-01 3.359842672944068909e-02 -7.725846767425537109e-02 6.738161295652389526e-02 -3.908217698335647583e-02 9.969614744186401367e-01 3.836121368408203125e+01
9.939943552017211914e-01 -8.075162023305892944e-02 -7.385324686765670776e-02 -1.313984751701354980e+00 8.357827365398406982e-02 9.958500862121582031e-01 3.601524606347084045e-02 -1.815819740295410156e-02 7.063846290111541748e-02 -4.197148978710174561e-02 9.966185092926025391e-01 4.086733245849609375e+01
9.928246736526489258e-01 -9.145554155111312866e-02 -7.703874260187149048e-02 -1.477099776268005371e+00 9.488327056169509888e-02 9.945990443229675293e-01 4.206813126802444458e-02 4.944231361150741577e-03 7.277528941631317139e-02 -4.907597601413726807e-02 9.961401224136352539e-01 4.323517608642578125e+01
9.922220110893249512e-01 -9.517378360033035278e-02 -8.023256063461303711e-02 -1.662683725357055664e+00 9.891214221715927124e-02 9.941239356994628906e-01 4.397596418857574463e-02 8.891125023365020752e-02 7.557573914527893066e-02 -5.156990885734558105e-02 9.958055019378662109e-01 4.573315811157226562e+01
9.921995401382446289e-01 -9.514517337083816528e-02 -8.054407685995101929e-02 -1.872951269149780273e+00 9.917603433132171631e-02 9.939302206039428711e-01 4.761116206645965576e-02 1.477477699518203735e-01 7.552520185708999634e-02 -5.522782728075981140e-02 9.956131577491760254e-01 4.822708511352539062e+01
9.918562769889831543e-01 -1.019600182771682739e-01 -7.632297277450561523e-02 -2.055631637573242188e+00 1.060597747564315796e-01 9.930130839347839355e-01 5.173382535576820374e-02 2.077375948429107666e-01 7.051490247249603271e-02 -5.940732359886169434e-02 9.957399964332580566e-01 5.052050018310546875e+01
9.913612008094787598e-01 -1.040641292929649353e-01 -7.983402162790298462e-02 -2.258544683456420898e+00 1.085858494043350220e-01 9.925892949104309082e-01 5.454976856708526611e-02 2.839932739734649658e-01 7.356568425893783569e-02 -6.274738162755966187e-02 9.953143596649169922e-01 5.305823135375976562e+01
9.904382228851318359e-01 -1.043041273951530457e-01 -9.029138088226318359e-02 -2.479558229446411133e+00 1.098422259092330933e-01 9.922143220901489258e-01 5.869851261377334595e-02 3.737508058547973633e-01 8.346585929393768311e-02 -6.805507838726043701e-02 9.941840171813964844e-01 5.549604797363281250e+01
9.895947575569152832e-01 -1.070763915777206421e-01 -9.610687941312789917e-02 -2.649579763412475586e+00 1.132298484444618225e-01 9.916930794715881348e-01 6.102397665381431580e-02 4.687151908874511719e-01 8.877426385879516602e-02 -7.127119600772857666e-02 9.934986233711242676e-01 5.763449096679687500e+01
9.890170097351074219e-01 -1.093607470393180847e-01 -9.942469745874404907e-02 -2.863024711608886719e+00 1.161809936165809631e-01 9.910595417022705078e-01 6.559784710407257080e-02 5.664108395576477051e-01 9.136192500591278076e-02 -7.642866671085357666e-02 9.928804636001586914e-01 5.986905670166015625e+01
9.890341162681579590e-01 -1.127308309078216553e-01 -9.540946036577224731e-02 -3.068962097167968750e+00 1.188800409436225891e-01 9.910076260566711426e-01 6.141296774148941040e-02 6.642416119575500488e-01 8.762832731008529663e-02 -7.208182662725448608e-02 9.935418367385864258e-01 6.202666854858398438e+01
9.879120588302612305e-01 -1.144669651985168457e-01 -1.045309454202651978e-01 -3.281141042709350586e+00 1.214669793844223022e-01 9.905791282653808594e-01 6.323673576116561890e-02 7.583652734756469727e-01 9.630762040615081787e-02 -7.516941428184509277e-02 9.925090670585632324e-01 6.422186279296875000e+01
9.872107505798339844e-01 -1.188606768846511841e-01 -1.062391400337219238e-01 -3.555092334747314453e+00 1.266353726387023926e-01 9.894985556602478027e-01 6.968634575605392456e-02 8.566953539848327637e-01 9.684047102928161621e-02 -8.224876970052719116e-02 9.918956160545349121e-01 6.659725189208984375e+01
9.862859845161437988e-01 -1.210985183715820312e-01 -1.121372580528259277e-01 -3.796687841415405273e+00 1.296011805534362793e-01 9.889559149742126465e-01 7.190136611461639404e-02 1.003596544265747070e+00 1.021916121244430542e-01 -8.544845134019851685e-02 9.910879731178283691e-01 6.902746582031250000e+01
9.852684140205383301e-01 -1.291244179010391235e-01 -1.121274828910827637e-01 -4.064766883850097656e+00 1.375677883625030518e-01 9.879357218742370605e-01 7.112147659063339233e-02 1.120978116989135742e+00 1.015911698341369629e-01 -8.549889922142028809e-02 9.911453723907470703e-01 7.135438537597656250e+01
9.834235310554504395e-01 -1.364917904138565063e-01 -1.193640232086181641e-01 -4.306035518646240234e+00 1.456656903028488159e-01 9.867244362831115723e-01 7.180863618850708008e-02 1.257209420204162598e+00 1.079780533909797668e-01 -8.800556510686874390e-02 9.902503490447998047e-01 7.373736572265625000e+01
9.829964041709899902e-01 -1.430742144584655762e-01 -1.150980219244956970e-01 -4.579258441925048828e+00 1.515243053436279297e-01 9.860894083976745605e-01 6.832400709390640259e-02 1.403730511665344238e+00 1.037214770913124084e-01 -8.460241556167602539e-02 9.910017251968383789e-01 7.617291259765625000e+01
9.821769595146179199e-01 -1.512556374073028564e-01 -1.115788668394088745e-01 -4.835113048553466797e+00 1.593763828277587891e-01 9.848862290382385254e-01 6.781126558780670166e-02 1.523600101470947266e+00 9.963559359312057495e-02 -8.438572287559509277e-02 9.914392828941345215e-01 7.864624786376953125e+01
9.813827276229858398e-01 -1.562064439058303833e-01 -1.117455363273620605e-01 -5.099404335021972656e+00 1.641279757022857666e-01 9.842587709426879883e-01 6.554970890283584595e-02 1.640342712402343750e+00 9.974718093872070312e-02 -8.266994357109069824e-02 9.915726184844970703e-01 8.106712341308593750e+01
9.801797270774841309e-01 -1.603356897830963135e-01 -1.163603141903877258e-01 -5.374274253845214844e+00 1.687337160110473633e-01 9.834320545196533203e-01 6.626137346029281616e-02 1.752153277397155762e+00 1.038083434104919434e-01 -8.458200097084045410e-02 9.909943342208862305e-01 8.357762145996093750e+01
9.794895648956298828e-01 -1.651675701141357422e-01 -1.154095306992530823e-01 -5.658732891082763672e+00 1.734401583671569824e-01 9.826516509056091309e-01 6.568545848131179810e-02 1.851757645606994629e+00 1.025581881403923035e-01 -8.435491472482681274e-02 9.911438226699829102e-01 8.594763946533203125e+01
9.792069792747497559e-01 -1.686884909868240356e-01 -1.126827001571655273e-01 -5.925786495208740234e+00 1.775020509958267212e-01 9.813848137855529785e-01 7.333000749349594116e-02 1.998116135597229004e+00 9.821509569883346558e-02 -9.180671721696853638e-02 9.909214377403259277e-01 8.833952331542968750e+01
9.768801927566528320e-01 -1.717499792575836182e-01 -1.273050904273986816e-01 -6.184655189514160156e+00 1.823539733886718750e-01 9.802245497703552246e-01 7.685910910367965698e-02 2.132592678070068359e+00 1.115869507193565369e-01 -9.829679131507873535e-02 9.888812303543090820e-01 9.072459411621093750e+01
9.755140542984008789e-01 -1.786559522151947021e-01 -1.282726973295211792e-01 -6.570796966552734375e+00 1.901162117719650269e-01 9.782133102416992188e-01 8.339679241180419922e-02 2.308170557022094727e+00 1.105786412954330444e-01 -1.057415306568145752e-01 9.882262349128723145e-01 9.343550872802734375e+01
9.735711216926574707e-01 -1.892614811658859253e-01 -1.278234273195266724e-01 -6.916035652160644531e+00 2.009919583797454834e-01 9.758076667785644531e-01 8.603496104478836060e-02 2.497844696044921875e+00 1.084479093551635742e-01 -1.094527095556259155e-01 9.880583286285400391e-01 9.617974090576171875e+01
9.725184440612792969e-01 -1.896878927946090698e-01 -1.350026279687881470e-01 -7.245775699615478516e+00 2.024141848087310791e-01 9.753676652908325195e-01 8.767395466566085815e-02 2.684384584426879883e+00 1.150464564561843872e-01 -1.125910729169845581e-01 9.869588017463684082e-01 9.877804565429687500e+01
9.701927304267883301e-01 -1.946220695972442627e-01 -1.443869918584823608e-01 -7.619050502777099609e+00 2.085252702236175537e-01 9.740270972251892090e-01 8.825365453958511353e-02 2.882564306259155273e+00 1.234606802463531494e-01 -1.157314851880073547e-01 9.855778813362121582e-01 1.014860229492187500e+02
9.696828126907348633e-01 -2.002280950546264648e-01 -1.400831043720245361e-01 -7.991357803344726562e+00 2.136593163013458252e-01 9.729030728340148926e-01 8.837173134088516235e-02 3.060791492462158203e+00 1.185927391052246094e-01 -1.156226992607116699e-01 9.861881732940673828e-01 1.041103820800781250e+02
9.686427712440490723e-01 -2.022916227579116821e-01 -1.442518085241317749e-01 -8.302319526672363281e+00 2.165342569351196289e-01 9.720358848571777344e-01 9.088125079870223999e-02 3.208661556243896484e+00 1.218333691358566284e-01 -1.192670091986656189e-01 9.853588342666625977e-01 1.064981842041015625e+02
9.704694151878356934e-01 -1.921953260898590088e-01 -1.457719057798385620e-01 -8.661695480346679688e+00 2.076995670795440674e-01 9.730924367904663086e-01 9.976149350404739380e-02 3.372864007949829102e+00 1.226757913827896118e-01 -1.270923167467117310e-01 9.842754602432250977e-01 1.090273590087890625e+02
9.695011973381042480e-01 -1.972229629755020142e-01 -1.454989463090896606e-01 -9.037431716918945312e+00 2.128988802433013916e-01 9.718058109283447266e-01 1.013303846120834351e-01 3.578039884567260742e+00 1.214119791984558105e-01 -1.292165666818618774e-01 9.841555953025817871e-01 1.115671463012695312e+02
9.682791829109191895e-01 -1.976400017738342285e-01 -1.528830975294113159e-01 -9.400061607360839844e+00 2.145784646272659302e-01 9.712082743644714355e-01 1.034936159849166870e-01 3.774231672286987305e+00 1.280267983675003052e-01 -1.330162137746810913e-01 9.828101396560668945e-01 1.141436309814453125e+02
9.679574370384216309e-01 -1.994815617799758911e-01 -1.525282412767410278e-01 -9.787192344665527344e+00 2.166239321231842041e-01 9.705491065979003906e-01 1.053987517952919006e-01 3.980618953704833984e+00 1.270110011100769043e-01 -1.350628584623336792e-01 9.826627969741821289e-01 1.166379241943359375e+02
9.646170735359191895e-01 -2.032523155212402344e-01 -1.679335236549377441e-01 -1.012859153747558594e+01 2.234105467796325684e-01 9.683528542518615723e-01 1.112695634365081787e-01 4.172624588012695312e+00 1.400030702352523804e-01 -1.448507457971572876e-01 9.794985055923461914e-01 1.188320770263671875e+02
9.642751812934875488e-01 -2.035808265209197998e-01 -1.694917827844619751e-01 -1.053473663330078125e+01 2.243543267250061035e-01 9.678262472152709961e-01 1.139210239052772522e-01 4.390946865081787109e+00 1.408464014530181885e-01 -1.478775441646575928e-01 9.789251685142517090e-01 1.212840423583984375e+02
9.637807607650756836e-01 -2.012606114149093628e-01 -1.749856770038604736e-01 -1.097180175781250000e+01 2.236917912960052490e-01 9.673079252243041992e-01 1.194904446601867676e-01 4.605611801147460938e+00 1.452162265777587891e-01 -1.543055772781372070e-01 9.772931933403015137e-01 1.237428131103515625e+02
9.622530341148376465e-01 -2.026048451662063599e-01 -1.817131340503692627e-01 -1.138439464569091797e+01 2.269253879785537720e-01 9.658920168876647949e-01 1.247320696711540222e-01 4.859912872314453125e+00 1.502438634634017944e-01 -1.612592637538909912e-01 9.754087328910827637e-01 1.261081771850585938e+02
9.598468542098999023e-01 -2.053901851177215576e-01 -1.910709887742996216e-01 -1.184095287322998047e+01 2.323730140924453735e-01 9.637107253074645996e-01 1.313962787389755249e-01 5.122589111328125000e+00 1.571495831012725830e-01 -1.705201715230941772e-01 9.727419018745422363e-01 1.285309906005859375e+02
9.576411843299865723e-01 -2.091327458620071411e-01 -1.979547888040542603e-01 -1.228037071228027344e+01 2.374692559242248535e-01 9.623734354972839355e-01 1.320845484733581543e-01 5.381157398223876953e+00 1.628831475973129272e-01 -1.734979152679443359e-01 9.712710380554199219e-01 1.308000946044921875e+02
9.566270112991333008e-01 -2.120602279901504517e-01 -1.997360289096832275e-01 -1.271952724456787109e+01 2.412518411874771118e-01 9.610037803649902344e-01 1.351661682128906250e-01 5.655122280120849609e+00 1.632836163043975830e-01 -1.774904280900955200e-01 9.704821109771728516e-01 1.331413269042968750e+02
9.546176195144653320e-01 -2.181669175624847412e-01 -2.027498483657836914e-01 -1.317609786987304688e+01 2.481119036674499512e-01 9.591161012649536133e-01 1.361520737409591675e-01 5.960410118103027344e+00 1.647566705942153931e-01 -1.802779436111450195e-01 9.697190523147583008e-01 1.354353179931640625e+02
9.528369903564453125e-01 -2.230053395032882690e-01 -2.058384716510772705e-01 -1.364500808715820312e+01 2.539207935333251953e-01 9.572885632514953613e-01 1.382873803377151489e-01 6.241651535034179688e+00 1.662078946828842163e-01 -1.840321272611618042e-01 9.687657356262207031e-01 1.376270599365234375e+02
9.511451125144958496e-01 -2.295058220624923706e-01 -2.065168768167495728e-01 -1.413075733184814453e+01 2.613141536712646484e-01 9.546644687652587891e-01 1.425878256559371948e-01 6.538954734802246094e+00 1.644294857978820801e-01 -1.895876228809356689e-01 9.679976105690002441e-01 1.399983215332031250e+02
9.503243565559387207e-01 -2.264113873243331909e-01 -2.135898321866989136e-01 -1.461917495727539062e+01 2.606876492500305176e-01 9.539006352424621582e-01 1.487150192260742188e-01 6.832875728607177734e+00 1.700725704431533813e-01 -1.970078647136688232e-01 9.655377268791198730e-01 1.422654418945312500e+02
9.501200318336486816e-01 -2.293298542499542236e-01 -2.113740891218185425e-01 -1.508897876739501953e+01 2.641482651233673096e-01 9.520394206047058105e-01 1.544259041547775269e-01 7.138140678405761719e+00 1.658218652009963989e-01 -2.025573551654815674e-01 9.651287794113159180e-01 1.444777374267578125e+02
9.502743482589721680e-01 -2.259236276149749756e-01 -2.143281698226928711e-01 -1.557271194458007812e+01 2.618962526321411133e-01 9.521564245223999023e-01 1.575097441673278809e-01 7.439055919647216797e+00 1.684886366128921509e-01 -2.058093100786209106e-01 9.639782309532165527e-01 1.466994171142578125e+02
9.483336806297302246e-01 -2.304161489009857178e-01 -2.181079089641571045e-01 -1.604786109924316406e+01 2.669743001461029053e-01 9.509651064872741699e-01 1.561756432056427002e-01 7.773284912109375000e+00 1.714274734258651733e-01 -2.063359171152114868e-01 9.633473157882690430e-01 1.489099121093750000e+02
9.467531442642211914e-01 -2.359260767698287964e-01 -2.190817594528198242e-01 -1.655941772460937500e+01 2.723568081855773926e-01 9.497611522674560547e-01 1.541952639818191528e-01 8.108086585998535156e+00 1.716965138912200928e-01 -2.056533396244049072e-01 9.634453654289245605e-01 1.512437438964843750e+02
9.463664293289184570e-01 -2.415870130062103271e-01 -2.145362347364425659e-01 -1.706460189819335938e+01 2.778049111366271973e-01 9.474675059318542480e-01 1.585257947444915771e-01 8.422028541564941406e+00 1.649681776762008667e-01 -2.096227854490280151e-01 9.637654423713684082e-01 1.534181518554687500e+02
9.428318142890930176e-01 -2.492485791444778442e-01 -2.212304174900054932e-01 -1.758530616760253906e+01 2.872968912124633789e-01 9.442991018295288086e-01 1.605001688003540039e-01 8.763463973999023438e+00 1.689030975103378296e-01 -2.148835361003875732e-01 9.619235396385192871e-01 1.557108001708984375e+02
9.421066641807556152e-01 -2.487029880285263062e-01 -2.249030917882919312e-01 -1.812931632995605469e+01 2.881065607070922852e-01 9.435423016548156738e-01 1.634722203016281128e-01 9.133900642395019531e+00 1.715493947267532349e-01 -2.188043743371963501e-01 9.605703949928283691e-01 1.581455841064453125e+02
9.422595500946044922e-01 -2.533608973026275635e-01 -2.189853936433792114e-01 -1.867124938964843750e+01 2.912148833274841309e-01 9.427973628044128418e-01 1.622580736875534058e-01 9.482865333557128906e+00 1.653488427400588989e-01 -2.166611105203628540e-01 9.621422886848449707e-01 1.605096740722656250e+02
9.408780336380004883e-01 -2.559374570846557617e-01 -2.219095826148986816e-01 -1.913182258605957031e+01 2.948772311210632324e-01 9.412361979484558105e-01 1.646887809038162231e-01 9.820401191711425781e+00 1.667191684246063232e-01 -2.203882336616516113e-01 9.610586762428283691e-01 1.626109466552734375e+02
9.381688237190246582e-01 -2.637396752834320068e-01 -2.242317646741867065e-01 -1.968928527832031250e+01 3.027385473251342773e-01 9.392156600952148438e-01 1.619374305009841919e-01 1.019182300567626953e+01 1.678925305604934692e-01 -2.198083400726318359e-01 9.609872102737426758e-01 1.650693817138671875e+02
9.376902580261230469e-01 -2.650850415229797363e-01 -2.246467024087905884e-01 -2.023350715637207031e+01 3.045640587806701660e-01 9.382434487342834473e-01 1.641357690095901489e-01 1.055673503875732422e+01 1.672632098197937012e-01 -2.223279327154159546e-01 9.605172276496887207e-01 1.674333038330078125e+02
9.340846538543701172e-01 -2.702658772468566895e-01 -2.333269566297531128e-01 -2.076342964172363281e+01 3.111909329891204834e-01 9.366298913955688477e-01 1.608886122703552246e-01 1.088636493682861328e+01 1.750581711530685425e-01 -2.228929102420806885e-01 9.589960575103759766e-01 1.696507568359375000e+02
9.321007132530212402e-01 -2.747031748294830322e-01 -2.360626459121704102e-01 -2.128989982604980469e+01 3.162086606025695801e-01 9.350156784057617188e-01 1.604940891265869141e-01 1.119970226287841797e+01 1.766338944435119629e-01 -2.242418229579925537e-01 9.583925008773803711e-01 1.717992706298828125e+02
9.293109178543090820e-01 -2.813530266284942627e-01 -2.392088472843170166e-01 -2.181348991394042969e+01 3.238914906978607178e-01 9.321318864822387695e-01 1.619416475296020508e-01 1.154022121429443359e+01 1.774112731218338013e-01 -2.279719412326812744e-01 9.573683738708496094e-01 1.739234313964843750e+02
9.263817667961120605e-01 -2.855623364448547363e-01 -2.454998046159744263e-01 -2.233321762084960938e+01 3.298968374729156494e-01 9.297782182693481445e-01 1.633436977863311768e-01 1.186043453216552734e+01 1.816154271364212036e-01 -2.323083281517028809e-01 9.555358886718750000e-01 1.759955444335937500e+02
9.249702095985412598e-01 -2.953389883041381836e-01 -2.391739040613174438e-01 -2.289350318908691406e+01 3.381366729736328125e-01 9.268372058868408203e-01 1.632087677717208862e-01 1.221691036224365234e+01 1.734732240438461304e-01 -2.318368107080459595e-01 9.571619033813476562e-01 1.781481323242187500e+02
9.233720302581787109e-01 -3.004754781723022461e-01 -2.389515340328216553e-01 -2.336607360839843750e+01 3.450123667716979980e-01 9.224736690521240234e-01 1.732321977615356445e-01 1.248106956481933594e+01 1.683743447065353394e-01 -2.423990964889526367e-01 9.554542899131774902e-01 1.799762268066406250e+02
9.220905303955078125e-01 -3.058030307292938232e-01 -2.371342778205871582e-01 -2.387336730957031250e+01 3.495995402336120605e-01 9.210399985313415527e-01 1.716565787792205811e-01 1.285451126098632812e+01 1.659169644117355347e-01 -2.411850541830062866e-01 9.561911225318908691e-01 1.820455780029296875e+02
9.231766462326049805e-01 -3.053267896175384521e-01 -2.334940880537033081e-01 -2.438153457641601562e+01 3.493338823318481445e-01 9.198762774467468262e-01 1.783088594675064087e-01 1.323008441925048828e+01 1.603430956602096558e-01 -2.461780905723571777e-01 9.558695554733276367e-01 1.841979980468750000e+02
9.198699593544006348e-01 -3.093726336956024170e-01 -2.410952597856521606e-01 -2.486483764648437500e+01 3.559088706970214844e-01 9.167031049728393555e-01 1.816172003746032715e-01 1.354680442810058594e+01 1.648252606391906738e-01 -2.528722584247589111e-01 9.533564448356628418e-01 1.861567077636718750e+02
9.188861250877380371e-01 -3.115849792957305908e-01 -2.419961839914321899e-01 -2.538769340515136719e+01 3.594725131988525391e-01 9.139946699142456055e-01 1.881323456764221191e-01 1.389740085601806641e+01 1.625638604164123535e-01 -2.598633170127868652e-01 9.518635869026184082e-01 1.882909393310546875e+02
9.177829027175903320e-01 -3.136974573135375977e-01 -2.434490323066711426e-01 -2.588026809692382812e+01 3.623292744159698486e-01 9.124299287796020508e-01 1.902355849742889404e-01 1.425916671752929688e+01 1.624536216259002686e-01 -2.628038227558135986e-01 9.510747790336608887e-01 1.903091583251953125e+02
9.169591665267944336e-01 -3.115516602993011475e-01 -2.492395788431167603e-01 -2.641726112365722656e+01 3.624368309974670410e-01 9.116190671920776367e-01 1.938832849264144897e-01 1.464664173126220703e+01 1.668067574501037598e-01 -2.681168019771575928e-01 9.488356709480285645e-01 1.923849487304687500e+02
9.159042239189147949e-01 -3.117665350437164307e-01 -2.528242468833923340e-01 -2.700058937072753906e+01 3.641082942485809326e-01 9.104167222976684570e-01 1.963850855827331543e-01 1.505262470245361328e+01 1.689489781856536865e-01 -2.719254791736602783e-01 9.473716616630554199e-01 1.946217956542968750e+02
9.154278039932250977e-01 -3.080889582633972168e-01 -2.589829862117767334e-01 -2.752615928649902344e+01 3.623135685920715332e-01 9.110183715820312500e-01 1.969134360551834106e-01 1.544762229919433594e+01 1.752712577581405640e-01 -2.740932106971740723e-01 9.455966949462890625e-01 1.967001342773437500e+02
9.122526645660400391e-01 -3.159441053867340088e-01 -2.607174217700958252e-01 -2.805473899841308594e+01 3.714290559291839600e-01 9.063883423805236816e-01 2.012489885091781616e-01 1.580485916137695312e+01 1.727276295423507690e-01 -2.804280817508697510e-01 9.442062973976135254e-01 1.985617828369140625e+02
9.143206477165222168e-01 -3.158471286296844482e-01 -2.534906268119812012e-01 -2.856359863281250000e+01 3.705674409866333008e-01 9.049848318099975586e-01 2.090042978525161743e-01 1.617647743225097656e+01 1.633915752172470093e-01 -2.850324511528015137e-01 9.444893002510070801e-01 2.004786224365234375e+02
9.145329594612121582e-01 -3.223977982997894287e-01 -2.443119585514068604e-01 -2.897698974609375000e+01 3.752470016479492188e-01 9.017027020454406738e-01 2.147614955902099609e-01 1.652271080017089844e+01 1.510579138994216919e-01 -2.880839109420776367e-01 9.456159472465515137e-01 2.021399383544921875e+02
9.173845648765563965e-01 -3.265559673309326172e-01 -2.275214940309524536e-01 -2.933624076843261719e+01 3.756188154220581055e-01 8.993798494338989258e-01 2.236669659614562988e-01 1.687819671630859375e+01 1.315882503986358643e-01 -2.906500697135925293e-01 9.477380514144897461e-01 2.037707519531250000e+02
9.199335575103759766e-01 -3.307903707027435303e-01 -2.104736864566802979e-01 -2.972132492065429688e+01 3.755116462707519531e-01 8.977349400520324707e-01 2.303551435470581055e-01 1.726570320129394531e+01 1.127500832080841064e-01 -2.909468412399291992e-01 9.500724673271179199e-01 2.055297241210937500e+02
9.267807006835937500e-01 -3.385053873062133789e-01 -1.627600789070129395e-01 -3.004693984985351562e+01 3.708523809909820557e-01 8.933805823326110840e-01 2.536535859107971191e-01 1.769498062133789062e+01 5.954334139823913574e-02 -2.954412996768951416e-01 9.535037279129028320e-01 2.073624725341796875e+02
9.300571680068969727e-01 -3.439810276031494141e-01 -1.291123330593109131e-01 -3.025960922241210938e+01 3.667628467082977295e-01 8.901108503341674805e-01 2.705332040786743164e-01 1.816027259826660156e+01 2.186574041843414307e-02 -2.989650368690490723e-01 9.540137052536010742e-01 2.091377868652343750e+02
9.355329275131225586e-01 -3.478749692440032959e-01 -6.132250279188156128e-02 -3.033119583129882812e+01 3.499332964420318604e-01 8.890137076377868652e-01 2.952995300292968750e-01 1.865740966796875000e+01 -4.821104183793067932e-02 -2.977213263511657715e-01 9.534348845481872559e-01 2.107929840087890625e+02
9.356414675712585449e-01 -3.529381155967712402e-01 -3.018494695425033569e-03 -3.029329109191894531e+01 3.358468711376190186e-01 8.876371979713439941e-01 3.151310682296752930e-01 1.908242607116699219e+01 -1.085427254438400269e-01 -2.958635389804840088e-01 9.490435123443603516e-01 2.121029052734375000e+02
9.295103549957275391e-01 -3.611918687820434570e-01 7.450074702501296997e-02 -3.018613433837890625e+01 3.153006434440612793e-01 8.830851316452026367e-01 3.474862873554229736e-01 1.952586936950683594e+01 -1.913000345230102539e-01 -2.995020747184753418e-01 9.347208738327026367e-01 2.133545074462890625e+02
9.268261194229125977e-01 -3.561972081661224365e-01 1.188122034072875977e-01 -2.999355697631835938e+01 2.919547259807586670e-01 8.825873732566833496e-01 3.685140013694763184e-01 1.998011398315429688e+01 -2.361261248588562012e-01 -3.068607151508331299e-01 9.219985008239746094e-01 2.144859313964843750e+02
8.964681029319763184e-01 -3.563957810401916504e-01 2.632990777492523193e-01 -2.963565635681152344e+01 2.312139421701431274e-01 8.831398487091064453e-01 4.081724286079406738e-01 2.052379035949707031e+01 -3.780011534690856934e-01 -3.050352632999420166e-01 8.741104006767272949e-01 2.156693420410156250e+02
8.553216457366943359e-01 -3.548831641674041748e-01 3.774681389331817627e-01 -2.916580390930175781e+01 1.764535605907440186e-01 8.845470547676086426e-01 4.317883551120758057e-01 2.101111030578613281e+01 -4.871230721473693848e-01 -3.027124404907226562e-01 8.191927075386047363e-01 2.165793457031250000e+02
8.355641961097717285e-01 -3.579393625259399414e-01 4.167868494987487793e-01 -2.868408203125000000e+01 1.595615297555923462e-01 8.840397000312805176e-01 4.393342137336730957e-01 2.148265075683593750e+01 -5.257114768028259277e-01 -3.005889058113098145e-01 7.957853078842163086e-01 2.174333648681640625e+02
7.907943725585937500e-01 -3.569451868534088135e-01 4.972260594367980957e-01 -2.809609985351562500e+01 1.136053949594497681e-01 8.838325142860412598e-01 4.538001716136932373e-01 2.196286773681640625e+01 -6.014466285705566406e-01 -3.023751676082611084e-01 7.394806742668151855e-01 2.182047119140625000e+02
7.648099660873413086e-01 -3.556568622589111328e-01 5.371901988983154297e-01 -2.743975257873535156e+01 8.595697581768035889e-02 8.826922774314880371e-01 4.620241522789001465e-01 2.247588348388671875e+01 -6.384959816932678223e-01 -3.071855902671813965e-01 7.056630849838256836e-01 2.190107421875000000e+02
7.184000015258789062e-01 -3.548587858676910400e-01 5.983109474182128906e-01 -2.669767570495605469e+01 4.453070834279060364e-02 8.817956447601318359e-01 4.695252180099487305e-01 2.302180099487304688e+01 -6.942034363746643066e-01 -3.106639087200164795e-01 6.492841839790344238e-01 2.197460327148437500e+02
6.819679141044616699e-01 -3.602072894573211670e-01 6.365293860435485840e-01 -2.573093032836914062e+01 2.296581678092479706e-02 8.804284930229187012e-01 4.736228287220001221e-01 2.370464706420898438e+01 -7.310214042663574219e-01 -3.083773851394653320e-01 6.086965799331665039e-01 2.206067657470703125e+02
6.342775225639343262e-01 -3.638307154178619385e-01 6.821424961090087891e-01 -2.474437904357910156e+01 -3.806658089160919189e-03 8.808611631393432617e-01 4.733598232269287109e-01 2.434253501892089844e+01 -7.730960845947265625e-01 -3.028383851051330566e-01 5.573255419731140137e-01 2.213607788085937500e+02
5.813812017440795898e-01 -3.638732731342315674e-01 7.277302742004394531e-01 -2.376501274108886719e+01 -4.151741415262222290e-02 8.799907565116882324e-01 4.731733500957489014e-01 2.495319366455078125e+01 -8.125714659690856934e-01 -3.053077459335327148e-01 4.965029656887054443e-01 2.219967346191406250e+02
5.390040874481201172e-01 -3.683788478374481201e-01 7.574766278266906738e-01 -2.286425209045410156e+01 -6.733594834804534912e-02 8.775696158409118652e-01 4.746977686882019043e-01 2.548932075500488281e+01 -8.396074175834655762e-01 -3.068695962429046631e-01 4.482083916664123535e-01 2.224988403320312500e+02
4.363830983638763428e-01 -3.705333173274993896e-01 8.199232220649719238e-01 -2.165671920776367188e+01 -1.324856579303741455e-01 8.748744130134582520e-01 4.658785462379455566e-01 2.612403678894042969e+01 -8.899536728858947754e-01 -3.119297325611114502e-01 3.326899409294128418e-01 2.228763427734375000e+02
3.629423081874847412e-01 -3.702379167079925537e-01 8.551000356674194336e-01 -2.054479217529296875e+01 -1.750519275665283203e-01 8.742452859878540039e-01 4.528271853923797607e-01 2.665723228454589844e+01 -9.152212738990783691e-01 -3.140371739864349365e-01 2.524895668029785156e-01 2.231331787109375000e+02
2.561127543449401855e-01 -3.714177906513214111e-01 8.924429416656494141e-01 -1.959130287170410156e+01 -2.346224784851074219e-01 8.717435002326965332e-01 4.301348924636840820e-01 2.709198188781738281e+01 -9.377413988113403320e-01 -3.195503652095794678e-01 1.361214369535446167e-01 2.232005310058593750e+02
1.257526576519012451e-01 -3.737752735614776611e-01 9.189546108245849609e-01 -1.867534255981445312e+01 -2.874893844127655029e-01 8.728308081626892090e-01 3.943558931350708008e-01 2.744800376892089844e+01 -9.494927525520324707e-01 -3.137811720371246338e-01 2.304106950759887695e-03 2.231639862060546875e+02
4.189181327819824219e-02 -3.746494352817535400e-01 9.262192845344543457e-01 -1.763155746459960938e+01 -3.212755620479583740e-01 8.727475404739379883e-01 3.675514459609985352e-01 2.782859230041503906e+01 -9.460588693618774414e-01 -3.129691779613494873e-01 -8.380502462387084961e-02 2.230189208984375000e+02
-4.715926572680473328e-02 -3.719935715198516846e-01 9.270362257957458496e-01 -1.648308372497558594e+01 -3.440473973751068115e-01 8.773313760757446289e-01 3.345464468002319336e-01 2.822872543334960938e+01 -9.377673864364624023e-01 -3.031675815582275391e-01 -1.693580448627471924e-01 2.227645721435546875e+02
-1.161266863346099854e-01 -3.738583326339721680e-01 9.201868772506713867e-01 -1.547848606109619141e+01 -3.668307662010192871e-01 8.770971894264221191e-01 3.100580275058746338e-01 2.854624366760253906e+01 -9.230114221572875977e-01 -3.015469610691070557e-01 -2.389974594116210938e-01 2.224525604248046875e+02
-1.841057240962982178e-01 -3.738706111907958984e-01 9.090243577957153320e-01 -1.452823925018310547e+01 -3.900673389434814453e-01 8.766800165176391602e-01 2.815670371055603027e-01 2.880674743652343750e+01 -9.021933078765869141e-01 -3.027427494525909424e-01 -3.072368502616882324e-01 2.220734405517578125e+02
-2.604107260704040527e-01 -3.762018978595733643e-01 8.891894221305847168e-01 -1.349980068206787109e+01 -4.189203083515167236e-01 8.737838864326477051e-01 2.469977885484695435e-01 2.907149696350097656e+01 -8.698805570602416992e-01 -3.081787526607513428e-01 -3.851416409015655518e-01 2.216444549560546875e+02
-4.202696084976196289e-01 -3.764280080795288086e-01 8.256360292434692383e-01 -1.255337333679199219e+01 -4.613362550735473633e-01 8.721599578857421875e-01 1.628076136112213135e-01 2.922665214538574219e+01 -7.813720703125000000e-01 -3.124728500843048096e-01 -5.402024984359741211e-01 2.209684753417968750e+02
-4.919875562191009521e-01 -3.744948804378509521e-01 7.859397530555725098e-01 -1.162784576416015625e+01 -4.694420695304870605e-01 8.743860721588134766e-01 1.227746307849884033e-01 2.935407257080078125e+01 -7.331932783126831055e-01 -3.085496723651885986e-01 -6.059909462928771973e-01 2.202211914062500000e+02
-5.568503737449645996e-01 -3.711031079292297363e-01 7.431013584136962891e-01 -1.071527957916259766e+01 -4.737190306186676025e-01 8.767687082290649414e-01 8.287025243043899536e-02 2.941090965270996094e+01 -6.822813749313354492e-01 -3.058749735355377197e-01 -6.640277504920959473e-01 2.193326721191406250e+02
-6.019008159637451172e-01 -3.759829103946685791e-01 7.045223712921142578e-01 -9.676587104797363281e+00 -4.789059758186340332e-01 8.759278655052185059e-01 5.830906331539154053e-02 2.946262359619140625e+01 -6.390339732170104980e-01 -3.023037612438201904e-01 -7.072823643684387207e-01 2.182948303222656250e+02
-6.435894966125488281e-01 -3.776234090328216553e-01 6.657271981239318848e-01 -8.549697875976562500e+00 -4.820940494537353516e-01 8.755851984024047852e-01 3.059943392872810364e-02 2.948726081848144531e+01 -5.944559574127197266e-01 -3.012496829032897949e-01 -7.455676198005676270e-01 2.170114135742187500e+02
-6.882656216621398926e-01 -3.754262626171112061e-01 6.207617521286010742e-01 -7.525343418121337891e+00 -4.795089960098266602e-01 8.775367736816406250e-01 -9.328909218311309814e-04 2.945460319519042969e+01 -5.443910360336303711e-01 -2.983029186725616455e-01 -7.839988470077514648e-01 2.156810913085937500e+02
-7.006275653839111328e-01 -3.744013905525207520e-01 6.074078083038330078e-01 -6.489761352539062500e+00 -4.770605266094207764e-01 8.788289427757263184e-01 -8.572249673306941986e-03 2.942302322387695312e+01 -5.305981040000915527e-01 -2.957762777805328369e-01 -7.943440675735473633e-01 2.143312225341796875e+02
-7.112926244735717773e-01 -3.736593425273895264e-01 5.953495502471923828e-01 -5.338851928710937500e+00 -4.703552424907684326e-01 8.824401497840881348e-01 -8.109690621495246887e-03 2.936102676391601562e+01 -5.223301053047180176e-01 -2.857941687107086182e-01 -8.034260272979736328e-01 2.128542785644531250e+02
-7.226377725601196289e-01 -3.703368604183197021e-01 5.836478471755981445e-01 -4.144331932067871094e+00 -4.666188061237335205e-01 8.843023777008056641e-01 -1.663068681955337524e-02 2.930124855041503906e+01 -5.099623203277587891e-01 -2.843590676784515381e-01 -8.118366599082946777e-01 2.112032012939453125e+02
-7.482241392135620117e-01 -3.627793490886688232e-01 5.554739832878112793e-01 -3.064118385314941406e+00 -4.558783471584320068e-01 8.894233703613281250e-01 -3.318715840578079224e-02 2.922358322143554688e+01 -4.820120036602020264e-01 -2.780600190162658691e-01 -8.308715224266052246e-01 2.096865692138671875e+02
-7.650964260101318359e-01 -3.615028560161590576e-01 5.328626632690429688e-01 -2.118112564086914062e+00 -4.493954181671142578e-01 8.924461007118225098e-01 -3.980176523327827454e-02 2.911153221130371094e+01 -4.611628651618957520e-01 -2.699182927608489990e-01 -8.452652692794799805e-01 2.082234344482421875e+02
-7.781957983970642090e-01 -3.530103862285614014e-01 5.194174051284790039e-01 -1.199606537818908691e+00 -4.399378001689910889e-01 8.966504931449890137e-01 -4.973004758358001709e-02 2.898629570007324219e+01 -4.481807351112365723e-01 -2.672111093997955322e-01 -8.530725240707397461e-01 2.067230682373046875e+02
-7.889666557312011719e-01 -3.508355915546417236e-01 5.044258236885070801e-01 -2.677499651908874512e-01 -4.358890354633331299e-01 8.981897234916687012e-01 -5.706452578306198120e-02 2.885483741760253906e+01 -4.330499172210693359e-01 -2.648957073688507080e-01 -8.615674376487731934e-01 2.051884918212890625e+02
-8.013943433761596680e-01 -3.446806073188781738e-01 4.888370931148529053e-01 6.349483132362365723e-01 -4.282447397708892822e-01 9.012041687965393066e-01 -6.661763042211532593e-02 2.868918800354003906e+01 -4.175802767276763916e-01 -2.627289295196533203e-01 -8.698279261589050293e-01 2.035885162353515625e+02
-8.074438571929931641e-01 -3.451713919639587402e-01 4.784249961376190186e-01 1.481240391731262207e+00 -4.246580302715301514e-01 9.030027985572814941e-01 -6.520695239305496216e-02 2.852577972412109375e+01 -4.095115661621093750e-01 -2.558180093765258789e-01 -8.757041692733764648e-01 2.020607147216796875e+02
