9.999985694885253906e-01 -1.314196852035820484e-04 -1.690344419330358505e-03 -5.683366674929857254e-03 1.315705885645002127e-04 1.000000000000000000e+00 8.995000098366290331e-05 -3.297010809183120728e-02 1.690332777798175812e-03 -9.017034608405083418e-05 9.999985694885253906e-01 1.845240950584411621e+00
9.999954104423522949e-01 1.721746171824634075e-03 -2.506893360987305641e-03 -1.264302060008049011e-02 -1.719883177429437637e-03 9.999982714653015137e-01 7.456399616785347462e-04 -6.365595757961273193e-02 2.508172998204827309e-03 -7.413230487145483494e-04 9.999966025352478027e-01 3.653576374053955078e+00
9.999911189079284668e-01 2.517116256058216095e-03 -3.397228196263313293e-03 -1.960472762584686279e-02 -2.514978172257542610e-03 9.999966621398925781e-01 6.336228689178824425e-04 -8.921456336975097656e-02 3.398812375962734222e-03 -6.250764126889407635e-04 9.999940395355224609e-01 5.334852218627929688e+00
9.999902248382568359e-01 5.471409531310200691e-04 -4.394150339066982269e-03 -2.714352123439311981e-02 -5.464567220769822598e-04 9.999998211860656738e-01 1.576702925376594067e-04 -1.225140392780303955e-01 4.394241608679294586e-03 -1.552812755107879639e-04 9.999903440475463867e-01 7.140098094940185547e+00
9.999900460243225098e-01 -5.352587322704493999e-04 -4.429831635206937790e-03 -3.603424131870269775e-02 5.366757395677268505e-04 9.999998211860656738e-01 3.194546443410217762e-04 -1.570259481668472290e-01 4.429666791111230850e-03 -3.218422643840312958e-04 9.999901652336120605e-01 9.015688896179199219e+00
9.999918341636657715e-01 -2.182273055950645357e-05 -4.059542436152696609e-03 -4.468227550387382507e-02 2.749739178398158401e-05 9.999990463256835938e-01 1.397890620864927769e-03 -1.908020973205566406e-01 4.059510771185159683e-03 -1.398002728819847107e-03 9.999908208847045898e-01 1.091229438781738281e+01
9.999980926513671875e-01 5.877443472854793072e-04 -1.904765143990516663e-03 -5.128761753439903259e-02 -5.862191319465637207e-04 9.999995231628417969e-01 8.028137963265180588e-04 -2.225790470838546753e-01 1.905239420011639595e-03 -8.017049403861165047e-04 9.999979138374328613e-01 1.293379592895507812e+01
9.999977350234985352e-01 2.323834778508171439e-04 -2.227518241852521896e-03 -5.663327872753143311e-02 -2.300820342497900128e-04 9.999995231628417969e-01 1.074159401468932629e-03 -2.587334811687469482e-01 2.227866556495428085e-03 -1.073538907803595066e-03 9.999970793724060059e-01 1.502453613281250000e+01
9.999980926513671875e-01 1.432604156434535980e-03 -1.468091504648327827e-03 -5.822239816188812256e-02 -1.431808574125170708e-03 9.999988675117492676e-01 6.024074973538517952e-04 -2.940292954444885254e-01 1.469047507271170616e-03 -6.002070149406790733e-04 9.999988675117492676e-01 1.695726013183593750e+01
9.999963641166687012e-01 2.668011467903852463e-03 7.045990787446498871e-04 -5.593184009194374084e-02 -2.667956985533237457e-03 9.999964833259582520e-01 -1.909100101329386234e-04 -3.309177458286285400e-01 -7.050154963508248329e-04 1.891143037937581539e-04 9.999998807907104492e-01 1.914050292968750000e+01
9.999905228614807129e-01 3.850365057587623596e-03 -2.109804190695285797e-03 -6.167299672961235046e-02 -3.848830005154013634e-03 9.999923706054687500e-01 7.673813961446285248e-04 -3.670154809951782227e-01 2.112834248691797256e-03 -7.591655594296753407e-04 9.999976158142089844e-01 2.113911247253417969e+01
9.999884963035583496e-01 4.364793654531240463e-03 -2.148414496332406998e-03 -6.726082414388656616e-02 -4.362520296126604080e-03 9.999901652336120605e-01 1.103145768865942955e-03 -3.938479721546173096e-01 2.153127221390604973e-03 -1.093692728318274021e-03 9.999972581863403320e-01 2.284033012390136719e+01
9.999905824661254883e-01 4.386580083519220352e-03 -3.919530427083373070e-04 -6.958908587694168091e-02 -4.386418033391237259e-03 9.999904036521911621e-01 6.719032535329461098e-04 -4.203333258628845215e-01 3.948163939639925957e-04 -6.701092934235930443e-04 9.999998807907104492e-01 2.434433364868164062e+01
9.999924302101135254e-01 3.886186517775058746e-03 -7.872531423345208168e-04 -7.610963284969329834e-02 -3.885165089741349220e-03 9.999916553497314453e-01 1.442555454559624195e-03 -4.467345178127288818e-01 7.927912520244717598e-04 -1.439407351426780224e-03 9.999988675117492676e-01 2.601319313049316406e+01
9.999917745590209961e-01 4.120266996324062347e-03 -4.490499268285930157e-04 -7.941474020481109619e-02 -4.119957797229290009e-03 9.999911785125732422e-01 1.158438622951507568e-03 -4.726688265800476074e-01 4.538240900728851557e-04 -1.156420912593603134e-03 9.999995231628417969e-01 2.768151473999023438e+01
9.999868273735046387e-01 4.668025299906730652e-03 -2.278908621519804001e-03 -8.424523472785949707e-02 -4.665701184421777725e-03 9.999887943267822266e-01 1.118007581681013107e-03 -4.957528710365295410e-01 2.284105867147445679e-03 -1.107190852053463459e-03 9.999970793724060059e-01 2.917307281494140625e+01
9.999882578849792480e-01 4.211451392620801926e-03 -2.600004198029637337e-03 -8.837491273880004883e-02 -4.209018312394618988e-03 9.999910593032836914e-01 1.009605592116713524e-03 -5.202369689941406250e-01 2.604186534881591797e-03 -9.983343770727515221e-04 9.999964833259582520e-01 3.066768836975097656e+01
9.999681711196899414e-01 5.216661375015974045e-03 6.130265537649393082e-03 -8.150500059127807617e-02 -5.226227920502424240e-03 9.999856352806091309e-01 1.516438554972410202e-03 -5.416303277015686035e-01 -6.122308317571878433e-03 -1.548110041767358780e-03 9.999803900718688965e-01 3.196953964233398438e+01
9.998981356620788574e-01 4.660130012780427933e-03 1.353014539927244186e-02 -6.096381694078445435e-02 -4.663714673370122910e-03 9.999895095825195312e-01 2.197335707023739815e-04 -5.673847794532775879e-01 -1.352901663631200790e-02 -2.824971452355384827e-04 9.999088048934936523e-01 3.343840026855468750e+01
9.997548460960388184e-01 5.214994307607412338e-03 2.154256775975227356e-02 -3.504388406872749329e-02 -5.208704154938459396e-03 9.999867677688598633e-01 -3.566868253983557224e-04 -5.936936736106872559e-01 -2.154417522251605988e-02 2.447059086989611387e-04 9.997681975364685059e-01 3.471377182006835938e+01
9.997900128364562988e-01 5.246697925031185150e-03 1.983788982033729553e-02 -1.903827115893363953e-02 -5.225865170359611511e-03 9.999861121177673340e-01 -1.110756886191666126e-03 -6.173776984214782715e-01 -1.984347403049468994e-02 1.007168088108301163e-03 9.998029470443725586e-01 3.570424270629882812e+01
9.997771382331848145e-01 5.829459521919488907e-03 2.033181488513946533e-02 3.600804135203361511e-03 -5.804561078548431396e-03 9.999828934669494629e-01 -1.296294038183987141e-03 -6.427859067916870117e-01 -2.033894695341587067e-02 1.178590580821037292e-03 9.997929334640502930e-01 3.696864700317382812e+01
9.997860789299011230e-01 7.041170261800289154e-03 1.949068531394004822e-02 3.075768612325191498e-02 -7.018675561994314194e-03 9.999752044677734375e-01 -1.235779258422553539e-03 -6.698858141899108887e-01 -1.949883066117763519e-02 1.099300337955355644e-03 9.998097419738769531e-01 3.844107437133789062e+01
9.997990131378173828e-01 7.081134244799613953e-03 1.881140097975730896e-02 5.687841773033142090e-02 -7.051634136587381363e-03 9.999744892120361328e-01 -1.633657957427203655e-03 -6.978321671485900879e-01 -1.882239989936351776e-02 1.501234946772456169e-03 9.998224973678588867e-01 3.990685653686523438e+01
9.998228549957275391e-01 7.556380704045295715e-03 1.729547232389450073e-02 7.640574872493743896e-02 -7.538693957030773163e-03 9.999717473983764648e-01 -1.086664153262972832e-03 -7.221175432205200195e-01 -1.730310544371604919e-02 9.566497756168246269e-04 9.998506307601928711e-01 4.128411865234375000e+01
9.998553991317749023e-01 7.197892293334007263e-03 1.546918321400880814e-02 9.222716093063354492e-02 -7.174151483923196793e-03 9.999737739562988281e-01 -1.588121289387345314e-03 -7.482067942619323730e-01 -1.548012252897024155e-02 1.477481797337532043e-03 9.998798966407775879e-01 4.249156570434570312e+01
9.997789859771728516e-01 7.197702769190073013e-03 1.979900896549224854e-02 1.134672835469245911e-01 -7.156283129006624222e-03 9.999728202819824219e-01 -2.160954056307673454e-03 -7.708463668823242188e-01 -1.981393434107303619e-02 2.019357169046998024e-03 9.998024702072143555e-01 4.372603607177734375e+01
9.996843934059143066e-01 7.282207254320383072e-03 2.408159337937831879e-02 1.425782740116119385e-01 -7.222761865705251694e-03 9.999714493751525879e-01 -2.553795929998159409e-03 -7.958071827888488770e-01 -2.409940771758556366e-02 2.379622776061296463e-03 9.997075796127319336e-01 4.489701080322265625e+01
9.997205734252929688e-01 7.186943199485540390e-03 2.256078086793422699e-02 1.663980782032012939e-01 -7.152808830142021179e-03 9.999739527702331543e-01 -1.593054039403796196e-03 -8.234661221504211426e-01 -2.257154881954193115e-02 1.431806478649377823e-03 9.997450709342956543e-01 4.610412216186523438e+01
9.997075796127319336e-01 7.589126937091350555e-03 2.300881966948509216e-02 1.963237673044204712e-01 -7.552830502390861511e-03 9.999709725379943848e-01 -1.664910581894218922e-03 -8.503093123435974121e-01 -2.302066609263420105e-02 1.491392729803919792e-03 9.997348189353942871e-01 4.755430984497070312e+01
9.996644854545593262e-01 7.685099262744188309e-03 2.477890066802501678e-02 2.244850695133209229e-01 -7.633746601641178131e-03 9.999693632125854492e-01 -2.166592981666326523e-03 -8.695086240768432617e-01 -2.479466982185840607e-02 1.977457664906978607e-03 9.996914863586425781e-01 4.878775405883789062e+01
9.997099637985229492e-01 6.978452671319246292e-03 2.309773117303848267e-02 2.393995076417922974e-01 -6.880709435790777206e-03 9.999678730964660645e-01 -4.308576695621013641e-03 -8.915427923202514648e-01 -2.312693931162357330e-02 4.149144515395164490e-03 9.997248053550720215e-01 4.969953155517578125e+01
9.996715784072875977e-01 7.451209705322980881e-03 2.456329949200153351e-02 2.606990635395050049e-01 -7.332382258027791977e-03 9.999617934226989746e-01 -4.924171604216098785e-03 -9.166164994239807129e-01 -2.459893375635147095e-02 4.743192810565233231e-03 9.996870160102844238e-01 5.069525146484375000e+01
9.996596574783325195e-01 7.592935115098953247e-03 2.499970607459545135e-02 2.822707891464233398e-01 -7.426081225275993347e-03 9.999504089355468750e-01 -6.760361138731241226e-03 -9.434178471565246582e-01 -2.504967711865901947e-02 6.573155056685209274e-03 9.996654391288757324e-01 5.159964752197265625e+01
9.995900988578796387e-01 8.689032867550849915e-03 2.731562778353691101e-02 3.080191910266876221e-01 -8.483634330332279205e-03 9.999357461929321289e-01 -7.626458071172237396e-03 -9.714151024818420410e-01 -2.738001756370067596e-02 7.392342202365398407e-03 9.995986223220825195e-01 5.270649337768554688e+01
9.995839595794677734e-01 9.638619609177112579e-03 2.722080238163471222e-02 3.296623528003692627e-01 -9.396356530487537384e-03 9.999160170555114746e-01 -9.013911709189414978e-03 -1.004807233810424805e+00 -2.730526402592658997e-02 8.755129761993885040e-03 9.995896816253662109e-01 5.364534378051757812e+01
9.996136426925659180e-01 9.956829249858856201e-03 2.598688565194606781e-02 3.523513376712799072e-01 -9.705434553325176239e-03 9.999058246612548828e-01 -9.783186949789524078e-03 -1.032645225524902344e+00 -2.608172222971916199e-02 9.527947753667831421e-03 9.996152520179748535e-01 5.456926345825195312e+01
9.994516372680664062e-01 1.164941024035215378e-02 3.102619200944900513e-02 3.677068948745727539e-01 -1.130436174571514130e-02 9.998733401298522949e-01 -1.127418316900730133e-02 -1.052439212799072266e+00 -3.115347214043140411e-02 1.091801933944225311e-02 9.994558095932006836e-01 5.509588241577148438e+01
9.993302822113037109e-01 1.261067762970924377e-02 3.437714651226997375e-02 3.937359452247619629e-01 -1.213505305349826813e-02 9.998289346694946289e-01 -1.400915905833244324e-02 -1.078516125679016113e+00 -3.454780951142311096e-02 1.358334720134735107e-02 9.993115067481994629e-01 5.570116043090820312e+01
9.991732239723205566e-01 1.314416993409395218e-02 3.849568590521812439e-02 4.129400253295898438e-01 -1.259983982890844345e-02 9.998183250427246094e-01 -1.434860471636056900e-02 -1.108941197395324707e+00 -3.867717087268829346e-02 1.385243795812129974e-02 9.991564750671386719e-01 5.604161071777343750e+01
9.992010593414306641e-01 1.676882244646549225e-02 3.630251437425613403e-02 4.194139242172241211e-01 -1.607696153223514557e-02 9.996857047080993652e-01 -1.926709711551666260e-02 -1.138843894004821777e+00 -3.661409020423889160e-02 1.866880804300308228e-02 9.991557598114013672e-01 5.628678131103515625e+01
9.990802407264709473e-01 1.733111031353473663e-02 3.924508020281791687e-02 4.486384391784667969e-01 -1.657208614051342010e-02 9.996714591979980469e-01 -1.958420500159263611e-02 -1.177954673767089844e+00 -3.957149758934974670e-02 1.891656219959259033e-02 9.990383982658386230e-01 5.703007507324218750e+01
9.989845752716064453e-01 1.754355244338512421e-02 4.152067750692367554e-02 4.536713957786560059e-01 -1.663016900420188904e-02 9.996148347854614258e-01 -2.224263176321983337e-02 -1.204398989677429199e+00 -4.189479723572731018e-02 2.153029106557369232e-02 9.988907575607299805e-01 5.710649108886718750e+01
9.989024400711059570e-01 2.029883302748203278e-02 4.223524034023284912e-02 4.609715044498443604e-01 -1.940662413835525513e-02 9.995825886726379395e-01 -2.142876014113426208e-02 -1.220439553260803223e+00 -4.265250265598297119e-02 2.058634720742702484e-02 9.988785982131958008e-01 5.721192932128906250e+01
9.986307621002197266e-01 2.394885942339897156e-02 4.652849212288856506e-02 4.758228957653045654e-01 -2.297693304717540741e-02 9.995093345642089844e-01 -2.131277136504650116e-02 -1.248694658279418945e+00 -4.701598733663558960e-02 2.021524310111999512e-02 9.986903071403503418e-01 5.753808975219726562e+01
9.984529614448547363e-01 2.203555591404438019e-02 5.106835812330245972e-02 4.978190660476684570e-01 -2.106343768537044525e-02 9.995885491371154785e-01 -1.949658431112766266e-02 -1.282924771308898926e+00 -5.147687345743179321e-02 1.839149184525012970e-02 9.985055327415466309e-01 5.784608459472656250e+01
9.984230995178222656e-01 2.420768700540065765e-02 5.066725611686706543e-02 4.982094764709472656e-01 -2.324475720524787903e-02 9.995399713516235352e-01 -1.950903609395027161e-02 -1.317665338516235352e+00 -5.111612379550933838e-02 1.830126717686653137e-02 9.985257387161254883e-01 5.784924697875976562e+01
9.987749457359313965e-01 2.876137197017669678e-02 4.029102623462677002e-02 4.826344549655914307e-01 -2.800743468105792999e-02 9.994246959686279297e-01 -1.915379986166954041e-02 -1.345114588737487793e+00 -4.081865400075912476e-02 1.800262555480003357e-02 9.990050792694091797e-01 5.801403427124023438e+01
9.993428587913513184e-01 2.708855643868446350e-02 2.412683330476284027e-02 4.814439415931701660e-01 -2.666548825800418854e-02 9.994883537292480469e-01 -1.768824085593223572e-02 -1.374835252761840820e+00 -2.459356561303138733e-02 1.703400351107120514e-02 9.995530843734741211e-01 5.846946334838867188e+01
9.995701909065246582e-01 2.913357876241207123e-02 3.562280908226966858e-03 4.671278595924377441e-01 -2.906097844243049622e-02 9.993980526924133301e-01 -1.897046901285648346e-02 -1.401248216629028320e+00 -4.112759605050086975e-03 1.885952427983283997e-02 9.998143911361694336e-01 5.892646789550781250e+01
9.994253516197204590e-01 2.928408421576023102e-02 -1.713467761874198914e-02 4.406748414039611816e-01 -2.956734970211982727e-02 9.994267225265502930e-01 -1.651795208454132080e-02 -1.423868536949157715e+00 1.664117909967899323e-02 1.701581850647926331e-02 9.997174739837646484e-01 5.945219802856445312e+01
9.992673397064208984e-01 3.026811592280864716e-02 -2.346783876419067383e-02 4.215587973594665527e-01 -3.065950237214565277e-02 9.993940591812133789e-01 -1.650047302246093750e-02 -1.444281101226806641e+00 2.295421250164508820e-02 1.720863021910190582e-02 9.995891451835632324e-01 6.000482940673828125e+01
9.985401034355163574e-01 2.982815727591514587e-02 -4.505624622106552124e-02 3.718311786651611328e-01 -3.058901801705360413e-02 9.993996024131774902e-01 -1.629244349896907806e-02 -1.474685072898864746e+00 4.454323649406433105e-02 1.764761842787265778e-02 9.988523721694946289e-01 6.056007766723632812e+01
9.969637989997863770e-01 3.051576577126979828e-02 -7.165332138538360596e-02 3.094172477722167969e-01 -3.179839998483657837e-02 9.993529915809631348e-01 -1.682819426059722900e-02 -1.501991271972656250e+00 7.109343260526657104e-02 1.905629038810729980e-02 9.972884058952331543e-01 6.115467834472656250e+01
9.957868456840515137e-01 3.143126890063285828e-02 -8.615493029356002808e-02 2.631712853908538818e-01 -3.283255919814109802e-02 9.993501901626586914e-01 -1.489591784775257111e-02 -1.526761531829833984e+00 8.563073724508285522e-02 1.766258105635643005e-02 9.961711168289184570e-01 6.156299972534179688e+01
9.934276938438415527e-01 3.504392877221107483e-02 -1.089736223220825195e-01 1.790790855884552002e-01 -3.685191273689270020e-02 9.992139935493469238e-01 -1.462093088775873184e-02 -1.554328918457031250e+00 1.083755791187286377e-01 1.854146830737590790e-02 9.939377903938293457e-01 6.213000488281250000e+01
9.915602803230285645e-01 3.924635797739028931e-02 -1.235716417431831360e-01 1.015034243464469910e-01 -4.124081879854202271e-02 9.990565180778503418e-01 -1.362274307757616043e-02 -1.578383088111877441e+00 1.229204013943672180e-01 1.860470324754714966e-02 9.922428131103515625e-01 6.269652175903320312e+01
9.853909015655517578e-01 4.290592670440673828e-02 -1.648202240467071533e-01 -3.630218654870986938e-02 -4.533421248197555542e-02 9.989114403724670410e-01 -1.099776662886142731e-02 -1.608171939849853516e+00 1.641689091920852661e-01 1.830983348190784454e-02 9.862629175186157227e-01 6.334669494628906250e+01
9.808283448219299316e-01 4.353195801377296448e-02 -1.899537146091461182e-01 -2.232021391391754150e-01 -4.620574042201042175e-02 9.988852143287658691e-01 -9.667737409472465515e-03 -1.645044088363647461e+00 1.893210858106613159e-01 1.826008595526218414e-02 9.817459583282470703e-01 6.425280761718750000e+01
9.791105985641479492e-01 4.366110637784004211e-02 -1.985893398523330688e-01 -4.025097489356994629e-01 -4.651581123471260071e-02 9.988702535629272461e-01 -9.730113670229911804e-03 -1.667592883110046387e+00 1.979401409626007080e-01 1.876514591276645660e-02 9.800349473953247070e-01 6.511071014404296875e+01
9.759179353713989258e-01 4.357489570975303650e-02 -2.137449234724044800e-01 -6.050117611885070801e-01 -4.659196361899375916e-02 9.988726973533630371e-01 -9.095503017306327820e-03 -1.696454167366027832e+00 2.131076008081436157e-01 1.883600465953350067e-02 9.768475890159606934e-01 6.598038482666015625e+01
9.722254276275634766e-01 4.727116227149963379e-02 -2.292260229587554932e-01 -8.275196552276611328e-01 -5.040421336889266968e-02 9.986982941627502441e-01 -7.828895002603530884e-03 -1.720844864845275879e+00 2.285575121641159058e-01 1.916615292429924011e-02 9.733421802520751953e-01 6.686098480224609375e+01
9.697855710983276367e-01 5.308391526341438293e-02 -2.381165474653244019e-01 -1.042302846908569336e+00 -5.603147670626640320e-02 9.984132647514343262e-01 -5.622412543743848801e-03 -1.750256061553955078e+00 2.374401986598968506e-01 1.879528164863586426e-02 9.712207317352294922e-01 6.769409179687500000e+01
9.680948853492736816e-01 5.476040020585060120e-02 -2.445299923419952393e-01 -1.215729713439941406e+00 -5.734773725271224976e-02 9.983483552932739258e-01 -3.468103474006056786e-03 -1.772200465202331543e+00 2.439361363649368286e-01 1.738142035901546478e-02 9.696359634399414062e-01 6.835059356689453125e+01
9.607664942741394043e-01 5.641413480043411255e-02 -2.715629041194915771e-01 -1.425786972045898438e+00 -5.901101231575012207e-02 9.982564449310302734e-01 -1.399282598868012428e-03 -1.793712735176086426e+00 2.710104286670684814e-01 1.737031340599060059e-02 9.624201059341430664e-01 6.902363586425781250e+01
9.500069618225097656e-01 5.474989488720893860e-02 -3.073930144309997559e-01 -1.644121766090393066e+00 -5.663167312741279602e-02 9.983912706375122070e-01 2.802199451252818108e-03 -1.817489147186279297e+00 3.070518672466278076e-01 1.474680006504058838e-02 9.515789747238159180e-01 6.958011627197265625e+01
9.448589086532592773e-01 5.945258960127830505e-02 -3.220377266407012939e-01 -1.803126335144042969e+00 -5.972455441951751709e-02 9.981740117073059082e-01 9.044861420989036560e-03 -1.829777956008911133e+00 3.219873905181884766e-01 1.068817917257547379e-02 9.466840624809265137e-01 7.000483703613281250e+01
9.409271478652954102e-01 5.959220230579376221e-02 -3.333257436752319336e-01 -2.060464859008789062e+00 -5.968957021832466125e-02 9.981673955917358398e-01 9.958706796169281006e-03 -1.835111141204833984e+00 3.333083093166351318e-01 1.052638795226812363e-02 9.427595734596252441e-01 7.070371246337890625e+01
9.274052381515502930e-01 6.093639880418777466e-02 -3.690627515316009521e-01 -2.425894737243652344e+00 -6.128359586000442505e-02 9.980620741844177246e-01 1.079386658966541290e-02 -1.838101029396057129e+00 3.690052330493927002e-01 1.260793581604957581e-02 9.293422102928161621e-01 7.158447265625000000e+01
9.113711118698120117e-01 6.116810068488121033e-02 -4.070160388946533203e-01 -2.833854675292968750e+00 -6.100902706384658813e-02 9.980474710464477539e-01 1.338237337768077850e-02 -1.838861465454101562e+00 4.070399105548858643e-01 1.263607665896415710e-02 9.133233428001403809e-01 7.246021270751953125e+01
8.812921047210693359e-01 6.347120553255081177e-02 -4.682908654212951660e-01 -3.279583930969238281e+00 -6.245791539549827576e-02 9.978903532028198242e-01 1.771050691604614258e-02 -1.836524367332458496e+00 4.684270918369293213e-01 1.364107429981231689e-02 8.833971619606018066e-01 7.320544433593750000e+01
8.500826358795166016e-01 6.789503246545791626e-02 -5.222550630569458008e-01 -3.833634376525878906e+00 -6.650981307029724121e-02 9.975554943084716797e-01 2.142680995166301727e-02 -1.833761930465698242e+00 5.224332809448242188e-01 1.652126200497150421e-02 8.525204062461853027e-01 7.406164550781250000e+01
8.156523704528808594e-01 6.813905388116836548e-02 -5.745160579681396484e-01 -4.452001571655273438e+00 -6.563930213451385498e-02 9.975269436836242676e-01 2.511978149414062500e-02 -1.827607870101928711e+00 5.748070478439331055e-01 1.722255907952785492e-02 8.181080222129821777e-01 7.488210296630859375e+01
7.845167517662048340e-01 7.452338188886642456e-02 -6.156135201454162598e-01 -5.021337032318115234e+00 -7.027468085289001465e-02 9.970412254333496094e-01 3.114167414605617523e-02 -1.817330121994018555e+00 6.161129474639892578e-01 1.883161813020706177e-02 7.874328494071960449e-01 7.557910919189453125e+01
7.831259369850158691e-01 7.396853715181350708e-02 -6.174485683441162109e-01 -5.879807949066162109e+00 -6.972319632768630981e-02 9.970837831497192383e-01 3.101604618132114410e-02 -1.803265333175659180e+00 6.179422736167907715e-01 1.876173913478851318e-02 7.859997153282165527e-01 7.666851806640625000e+01
7.713917493820190430e-01 7.377005368471145630e-02 -6.320704817771911621e-01 -6.871462821960449219e+00 -6.980288773775100708e-02 9.970730543136596680e-01 3.118131868541240692e-02 -1.775706410408020020e+00 6.325207352638244629e-01 2.006805315613746643e-02 7.742835283279418945e-01 7.787549591064453125e+01
7.545803189277648926e-01 7.627116143703460693e-02 -6.517603397369384766e-01 -8.054427146911621094e+00 -7.196017354726791382e-02 9.968496561050415039e-01 3.334228694438934326e-02 -1.744403243064880371e+00 6.522502899169921875e-01 2.174208499491214752e-02 7.576918005943298340e-01 7.926416015625000000e+01
7.417468428611755371e-01 7.716687023639678955e-02 -6.662260890007019043e-01 -9.470421791076660156e+00 -7.311142981052398682e-02 9.967418909072875977e-01 3.405047580599784851e-02 -1.706133484840393066e+00 6.666832566261291504e-01 2.345264144241809845e-02 7.449721097946166992e-01 8.085406494140625000e+01
7.387185692787170410e-01 7.788502424955368042e-02 -6.694990992546081543e-01 -1.081673717498779297e+01 -7.326617091894149780e-02 9.966938495635986328e-01 3.510754927992820740e-02 -1.672791004180908203e+00 6.700202226638793945e-01 2.311777323484420776e-02 7.419827580451965332e-01 8.234980010986328125e+01
7.283841371536254883e-01 7.846656441688537598e-02 -6.806612610816955566e-01 -1.241827869415283203e+01 -7.409159094095230103e-02 9.966152310371398926e-01 3.560339286923408508e-02 -1.626412749290466309e+00 6.811512708663940430e-01 2.449906803667545319e-02 7.317326664924621582e-01 8.408607482910156250e+01
7.200216650962829590e-01 7.941024005413055420e-02 -6.893932223320007324e-01 -1.398210430145263672e+01 -7.446376979351043701e-02 9.965359568595886230e-01 3.701755404472351074e-02 -1.580056190490722656e+00 6.899448037147521973e-01 2.468211576342582703e-02 7.234409451484680176e-01 8.574281311035156250e+01
7.114784717559814453e-01 8.024069666862487793e-02 -6.981117725372314453e-01 -1.527581501007080078e+01 -7.418090850114822388e-02 9.964840412139892578e-01 3.893427550792694092e-02 -1.543537855148315430e+00 6.987813711166381836e-01 2.408640459179878235e-02 7.149294614791870117e-01 8.706772613525390625e+01
7.130895256996154785e-01 7.974208146333694458e-02 -6.965233087539672852e-01 -1.669020843505859375e+01 -7.208357006311416626e-02 9.965838193893432617e-01 4.029676318168640137e-02 -1.502517104148864746e+00 6.973571777343750000e-01 2.147342450916767120e-02 7.164018154144287109e-01 8.851424407958984375e+01
7.134928107261657715e-01 7.928404211997985840e-02 -6.961628794670104980e-01 -1.800899124145507812e+01 -7.144464552402496338e-02 9.966307282447814941e-01 4.027999937534332275e-02 -1.456435322761535645e+00 6.970108151435852051e-01 2.099812030792236328e-02 7.167531847953796387e-01 8.986534118652343750e+01
7.195960879325866699e-01 7.961884140968322754e-02 -6.898137331008911133e-01 -1.927574539184570312e+01 -7.163125276565551758e-02 9.966163039207458496e-01 4.030600562691688538e-02 -1.415103912353515625e+00 6.906886696815490723e-01 2.040868066251277924e-02 7.228642702102661133e-01 9.118412780761718750e+01
7.246723175048828125e-01 8.054282516241073608e-02 -6.843708157539367676e-01 -2.044747734069824219e+01 -7.275268435478210449e-02 9.965375065803527832e-01 4.024405404925346375e-02 -1.376741409301757812e+00 6.852425932884216309e-01 2.062656544148921967e-02 7.280228137969970703e-01 9.242268371582031250e+01
7.264429926872253418e-01 8.131399750709533691e-02 -6.823995709419250488e-01 -2.167743492126464844e+01 -7.423733919858932495e-02 9.964495897293090820e-01 3.970672190189361572e-02 -1.336073637008666992e+00 6.832054853439331055e-01 2.181535214185714722e-02 7.299003005027770996e-01 9.373171997070312500e+01
7.256223559379577637e-01 8.287497609853744507e-02 -6.830846071243286133e-01 -2.293397521972656250e+01 -7.459568232297897339e-02 9.963439106941223145e-01 4.163973033428192139e-02 -1.297740221023559570e+00 6.840381026268005371e-01 2.074091881513595581e-02 7.291514277458190918e-01 9.506845855712890625e+01
7.249657511711120605e-01 8.428367972373962402e-02 -6.836092472076416016e-01 -2.418271255493164062e+01 -7.647117972373962402e-02 9.961981177330017090e-01 4.172564670443534851e-02 -1.253591775894165039e+00 6.845270395278930664e-01 2.202721126377582550e-02 7.286546826362609863e-01 9.639594268798828125e+01
7.240810394287109375e-01 8.488104492425918579e-02 -6.844724416732788086e-01 -2.545758056640625000e+01 -7.722480595111846924e-02 9.961353540420532227e-01 4.183622822165489197e-02 -1.210128903388977051e+00 6.853783130645751953e-01 2.256588451564311981e-02 7.278375029563903809e-01 9.774616241455078125e+01
7.266635894775390625e-01 8.682876080274581909e-02 -6.814846992492675781e-01 -2.709553909301757812e+01 -7.984416186809539795e-02 9.959322214126586914e-01 4.175508022308349609e-02 -1.159815907478332520e+00 6.823380589485168457e-01 2.407111972570419312e-02 7.306403517723083496e-01 9.949243927001953125e+01
7.255823016166687012e-01 8.599720150232315063e-02 -6.827410459518432617e-01 -2.849272727966308594e+01 -7.985663414001464844e-02 9.959796071052551270e-01 4.058440029621124268e-02 -1.106873631477355957e+00 6.834862828254699707e-01 2.507452294230461121e-02 7.295325398445129395e-01 1.009796524047851562e+02
7.252504229545593262e-01 8.671762794256210327e-02 -6.830029487609863281e-01 -2.975894546508789062e+01 -8.011699467897415161e-02 9.959264993667602539e-01 4.137521237134933472e-02 -1.065525770187377930e+00 6.838081479072570801e-01 2.471286803483963013e-02 7.292433977127075195e-01 1.023267211914062500e+02
7.250491380691528320e-01 8.605013787746429443e-02 -6.833009123802185059e-01 -3.102300262451171875e+01 -7.886661589145660400e-02 9.960108399391174316e-01 4.174525290727615356e-02 -1.020556092262268066e+00 6.841667890548706055e-01 2.362238056957721710e-02 7.289431095123291016e-01 1.036742095947265625e+02
7.234502434730529785e-01 8.507364988327026367e-02 -6.851154565811157227e-01 -3.236699295043945312e+01 -7.620784640312194824e-02 9.961546659469604492e-01 4.322451353073120117e-02 -9.701004624366760254e-01 6.861577630043029785e-01 2.094049751758575439e-02 7.271515130996704102e-01 1.050930786132812500e+02
7.223285436630249023e-01 8.335910737514495850e-02 -6.865082979202270508e-01 -3.380235671997070312e+01 -7.508374750614166260e-02 9.962934851646423340e-01 4.197306931018829346e-02 -9.110844731330871582e-01 6.874620914459228516e-01 2.122735790908336639e-02 7.259101271629333496e-01 1.066002426147460938e+02
7.250651717185974121e-01 8.366756141185760498e-02 -6.835797429084777832e-01 -3.538960647583007812e+01 -7.492458820343017578e-02 9.962844252586364746e-01 4.246955737471580505e-02 -8.566313385963439941e-01 6.845926046371459961e-01 2.042382583022117615e-02 7.286398410797119141e-01 1.082758560180664062e+02
7.255696654319763184e-01 8.410222828388214111e-02 -6.829908490180969238e-01 -3.702673721313476562e+01 -7.448428869247436523e-02 9.962707161903381348e-01 4.355097562074661255e-02 -7.916859984397888184e-01 6.841059327125549316e-01 1.927291229367256165e-02 7.291280627250671387e-01 1.100116653442382812e+02
7.262701392173767090e-01 8.434402942657470703e-02 -6.822161078453063965e-01 -3.843684387207031250e+01 -7.443061470985412598e-02 9.962579607963562012e-01 4.393260926008224487e-02 -7.336997389793395996e-01 6.833682060241699219e-01 1.887093111872673035e-02 7.298301458358764648e-01 1.115080261230468750e+02
7.256267666816711426e-01 8.553446084260940552e-02 -6.827522516250610352e-01 -3.999107360839843750e+01 -7.755932956933975220e-02 9.960874319076538086e-01 4.235874861478805542e-02 -6.733739376068115234e-01 6.837036013603210449e-01 2.221727743744850159e-02 7.294216752052307129e-01 1.131624298095703125e+02
7.255181074142456055e-01 8.823498338460922241e-02 -6.825240254402160645e-01 -4.159103775024414062e+01 -7.919271290302276611e-02 9.958627820014953613e-01 4.456114023923873901e-02 -6.148812174797058105e-01 6.836315989494323730e-01 2.172112092375755310e-02 7.295040488243103027e-01 1.148677368164062500e+02
7.280076146125793457e-01 8.974306285381317139e-02 -6.796705722808837891e-01 -4.327360534667968750e+01 -8.213577419519424438e-02 9.956716895103454590e-01 4.349021613597869873e-02 -5.441632270812988281e-01 6.806311607360839844e-01 2.416416443884372711e-02 7.322276830673217773e-01 1.166632080078125000e+02
7.281956076622009277e-01 9.035470336675643921e-02 -6.793884634971618652e-01 -4.482484054565429688e+01 -8.265127241611480713e-02 9.956146478652954102e-01 4.382187873125076294e-02 -4.783048033714294434e-01 6.803678870201110840e-01 2.424173429608345032e-02 7.324698567390441895e-01 1.183290252685546875e+02
7.270652651786804199e-01 8.803777396678924561e-02 -6.809015274047851562e-01 -4.630991744995117188e+01 -7.976868003606796265e-02 9.958602190017700195e-01 4.358364641666412354e-02 -4.191902577877044678e-01 6.819189786911010742e-01 2.262677811086177826e-02 7.310777902603149414e-01 1.199190979003906250e+02
7.268949151039123535e-01 8.882928639650344849e-02 -6.809806227684020996e-01 -4.789308166503906250e+01 -8.130995184183120728e-02 9.957567453384399414e-01 4.309733584523200989e-02 -3.589923977851867676e-01 6.819185614585876465e-01 2.404358424246311188e-02 7.310329675674438477e-01 1.216104431152343750e+02
7.273481488227844238e-01 8.916097879409790039e-02 -6.804531216621398926e-01 -4.949543380737304688e+01 -8.066828548908233643e-02 9.957584738731384277e-01 4.424810037016868591e-02 -2.927131056785583496e-01 6.815113425254821777e-01 2.270753122866153717e-02 7.314552664756774902e-01 1.233225708007812500e+02
7.267420887947082520e-01 8.989657461643218994e-02 -6.810036897659301758e-01 -5.118756484985351562e+01 -8.099931478500366211e-02 9.956979751586914062e-01 4.499845579266548157e-02 -2.212750613689422607e-01 6.821183562278747559e-01 2.245887927711009979e-02 7.308968901634216309e-01 1.251411056518554688e+02
7.289987206459045410e-01 9.397916495800018311e-02 -6.780341863632202148e-01 -5.283224868774414062e+01 -8.352526277303695679e-02 9.953415393829345703e-01 4.815603047609329224e-02 -1.491734981536865234e-01 6.794003248214721680e-01 2.152764052152633667e-02 7.334520220756530762e-01 1.269109878540039062e+02
7.272946834564208984e-01 9.544770419597625732e-02 -6.796570420265197754e-01 -5.430649566650390625e+01 -8.524997532367706299e-02 9.951769709587097168e-01 4.853238165378570557e-02 -7.895424216985702515e-02 6.810104846954345703e-01 2.264372445642948151e-02 7.319235801696777344e-01 1.284909973144531250e+02
7.279537916183471680e-01 9.600611031055450439e-02 -6.788723468780517578e-01 -5.573877716064453125e+01 -8.541973680257797241e-02 9.951328039169311523e-01 4.913599789142608643e-02 -1.623063534498214722e-02 6.802846193313598633e-01 2.222069539129734039e-02 7.326112389564514160e-01 1.300261688232421875e+02
7.286292314529418945e-01 9.795370697975158691e-02 -6.778687834739685059e-01 -5.731618881225585938e+01 -8.559011667966842651e-02 9.949841499328613281e-01 5.177813768386840820e-02 5.742383748292922974e-02 6.795396804809570312e-01 2.029213309288024902e-02 7.333581447601318359e-01 1.317264404296875000e+02
7.292405366897583008e-01 9.846749156713485718e-02 -6.771366000175476074e-01 -5.887293624877929688e+01 -8.456631749868392944e-02 9.949744939804077148e-01 5.361299961805343628e-02 1.350993514060974121e-01 6.790119409561157227e-01 1.816650480031967163e-02 7.339025139808654785e-01 1.333949584960937500e+02
7.314379811286926270e-01 9.775147587060928345e-02 -6.748663783073425293e-01 -6.044925689697265625e+01 -8.516521006822586060e-02 9.950183629989624023e-01 5.181962251663208008e-02 2.257295846939086914e-01 6.765690445899963379e-01 1.957262866199016571e-02 7.361191511154174805e-01 1.351027526855468750e+02
7.336128354072570801e-01 9.601363539695739746e-02 -6.727518439292907715e-01 -6.215344238281250000e+01 -8.278796076774597168e-02 9.952222108840942383e-01 5.175823718309402466e-02 3.160573840141296387e-01 6.745061874389648438e-01 1.772557571530342102e-02 7.380564212799072266e-01 1.369557342529296875e+02
7.357147932052612305e-01 9.801676124334335327e-02 -6.701626181602478027e-01 -6.384264373779296875e+01 -8.502647280693054199e-02 9.950111508369445801e-01 5.218495056033134460e-02 4.011980295181274414e-01 6.719333529472351074e-01 1.858864724636077881e-02 7.403783202171325684e-01 1.388081207275390625e+02
7.368134260177612305e-01 9.731583297252655029e-02 -6.690568327903747559e-01 -6.557891845703125000e+01 -8.561873435974121094e-02 9.950501918792724609e-01 5.044265091419219971e-02 4.884862601757049561e-01 6.706531047821044922e-01 2.011729218065738678e-02 7.414983510971069336e-01 1.407180023193359375e+02
7.401803731918334961e-01 9.971414506435394287e-02 -6.649748682975769043e-01 -6.728334045410156250e+01 -8.656729012727737427e-02 9.948446750640869141e-01 5.282090231776237488e-02 5.685772895812988281e-01 6.668128371238708496e-01 1.846839301288127899e-02 7.449964284896850586e-01 1.426090240478515625e+02
7.414966821670532227e-01 1.024397090077400208e-01 -6.630914807319641113e-01 -6.893466949462890625e+01 -8.909795433282852173e-02 9.945571422576904297e-01 5.401397868990898132e-02 6.588531136512756348e-01 6.650146842002868652e-01 1.902922429144382477e-02 7.465878725051879883e-01 1.444578704833984375e+02
7.408146858215332031e-01 1.011097878217697144e-01 -6.640571951866149902e-01 -7.058454895019531250e+01 -8.894839137792587280e-02 9.946663975715637207e-01 5.221857875585556030e-02 7.551715970039367676e-01 6.657943129539489746e-01 2.038285881280899048e-02 7.458569407463073730e-01 1.463040618896484375e+02
7.405356764793395996e-01 1.030255407094955444e-01 -6.640738844871520996e-01 -7.225423431396484375e+01 -9.086206555366516113e-02 9.944543242454528809e-01 5.295718461275100708e-02 8.459442853927612305e-01 6.658462285995483398e-01 2.112277038395404816e-02 7.457899451255798340e-01 1.481724548339843750e+02
7.396920919418334961e-01 1.015776395797729492e-01 -6.652360558509826660e-01 -7.388486480712890625e+01 -8.843115717172622681e-02 9.946417808532714844e-01 5.354703962802886963e-02 9.341341257095336914e-01 6.671099066734313965e-01 1.921959035098552704e-02 7.447112798690795898e-01 1.499953460693359375e+02
7.447094321250915527e-01 9.890744090080261230e-02 -6.600202322006225586e-01 -7.558333587646484375e+01 -8.492932468652725220e-02 9.949616193771362305e-01 5.327308923006057739e-02 1.025826215744018555e+00 6.619630455970764160e-01 1.638241671025753021e-02 7.493573427200317383e-01 1.519034118652343750e+02
7.522079944610595703e-01 9.919463098049163818e-02 -6.514177322387695312e-01 -7.724758148193359375e+01 -8.670131862163543701e-02 9.949081540107727051e-01 5.138330161571502686e-02 1.120659828186035156e+00 6.531969308853149414e-01 1.782816275954246521e-02 7.569779753684997559e-01 1.537978515625000000e+02
7.513504624366760254e-01 9.822358191013336182e-02 -6.525534391403198242e-01 -7.886447143554687500e+01 -8.579710870981216431e-02 9.950071573257446289e-01 5.098328739404678345e-02 1.208038687705993652e+00 6.543022394180297852e-01 1.768118143081665039e-02 7.560262084007263184e-01 1.556727447509765625e+02
7.595863342285156250e-01 9.948712587356567383e-02 -6.427536606788635254e-01 -8.050893402099609375e+01 -8.800163865089416504e-02 9.948649406433105469e-01 4.999002441763877869e-02 1.293893218040466309e+00 6.444256305694580078e-01 1.859193854033946991e-02 7.644407153129577637e-01 1.575973968505859375e+02
7.593629360198974609e-01 1.019443646073341370e-01 -6.426325440406799316e-01 -8.215600585937500000e+01 -8.923522382974624634e-02 9.946340918540954590e-01 5.233984440565109253e-02 1.378080844879150391e+00 6.445193290710449219e-01 1.760082319378852844e-02 7.643852233886718750e-01 1.595498199462890625e+02
7.589939832687377930e-01 1.008070632815361023e-01 -6.432474851608276367e-01 -8.373642730712890625e+01 -8.715718239545822144e-02 9.947803616523742676e-01 5.305728688836097717e-02 1.461843013763427734e+00 6.452378034591674805e-01 1.579378917813301086e-02 7.638183236122131348e-01 1.614169006347656250e+02
7.614682316780090332e-01 9.833489358425140381e-02 -6.407009363174438477e-01 -8.535996246337890625e+01 -8.533338457345962524e-02 9.950306415557861328e-01 5.129918083548545837e-02 1.556591510772705078e+00 6.425608396530151367e-01 1.561077591031789780e-02 7.660754323005676270e-01 1.633335723876953125e+02
7.629013657569885254e-01 9.856005012989044189e-02 -6.389591693878173828e-01 -8.694754791259765625e+01 -8.601127564907073975e-02 9.949986934661865234e-01 5.078394338488578796e-02 1.646770238876342773e+00 6.407680511474609375e-01 1.621484383940696716e-02 7.675631046295166016e-01 1.652220306396484375e+02
7.653290033340454102e-01 1.009660288691520691e-01 -6.356718540191650391e-01 -8.852703094482421875e+01 -8.636769652366638184e-02 9.947972297668457031e-01 5.402299761772155762e-02 1.732108354568481445e+00 6.378183364868164062e-01 1.355641242116689682e-02 7.700673341751098633e-01 1.671121520996093750e+02
7.663736939430236816e-01 1.006950363516807556e-01 -6.344550848007202148e-01 -9.014562988281250000e+01 -8.717146515846252441e-02 9.948039054870605469e-01 5.258967727422714233e-02 1.821880340576171875e+00 6.364532113075256348e-01 1.500329840928316116e-02 7.711691856384277344e-01 1.690786895751953125e+02
