9.999997615814208984e-01 -4.290521610528230667e-04 -5.901876138523221016e-04 8.121317951008677483e-04 4.274584352970123291e-04 9.999962449073791504e-01 -2.697304124012589455e-03 -1.806243881583213806e-02 5.913429195061326027e-04 2.697051269933581352e-03 9.999961853027343750e-01 1.101106166839599609e+00
9.999997615814208984e-01 -5.914763896726071835e-04 4.932066076435148716e-04 -8.467835141345858574e-04 5.943835130892693996e-04 9.999822974205017090e-01 -5.914447363466024399e-03 -4.532761871814727783e-02 -4.896991886198520660e-04 5.914738867431879044e-03 9.999823570251464844e-01 2.339610576629638672e+00
9.999964833259582520e-01 -4.322153981775045395e-04 2.632793039083480835e-03 4.340070765465497971e-03 4.540265072137117386e-04 9.999654889106750488e-01 -8.288921788334846497e-03 -6.707747280597686768e-02 -2.629119437187910080e-03 8.290088735520839691e-03 9.999621510505676270e-01 3.556027412414550781e+00
9.999958276748657227e-01 -1.434597652405500412e-03 2.533831167966127396e-03 6.158134434372186661e-03 1.450868672691285610e-03 9.999781847000122070e-01 -6.430917885154485703e-03 -9.077293425798416138e-02 -2.524550538510084152e-03 6.434567272663116455e-03 9.999760985374450684e-01 4.779858589172363281e+00
9.999867081642150879e-01 -2.111803274601697922e-03 4.721709527075290680e-03 1.053526531904935837e-02 2.130633685737848282e-03 9.999896883964538574e-01 -3.986525349318981171e-03 -1.186348944902420044e-01 -4.713242873549461365e-03 3.996532410383224487e-03 9.999809265136718750e-01 5.947508335113525391e+00
9.999811649322509766e-01 -2.319535706192255020e-03 5.699255503714084625e-03 1.629894226789474487e-02 2.364322077482938766e-03 9.999662041664123535e-01 -7.863912731409072876e-03 -1.485622674226760864e-01 -5.680822301656007767e-03 7.877238094806671143e-03 9.999528527259826660e-01 7.190799236297607422e+00
9.999937415122985840e-01 -2.735568210482597351e-03 2.283849287778139114e-03 2.436857111752033234e-02 2.756481757387518883e-03 9.999537467956542969e-01 -9.204559028148651123e-03 -1.813359111547470093e-01 -2.258563647046685219e-03 9.210796095430850983e-03 9.999550580978393555e-01 8.485017776489257812e+00
9.999962449073791504e-01 -2.651168033480644226e-03 8.805750403553247452e-04 2.798900753259658813e-02 2.657221630215644836e-03 9.999722838401794434e-01 -6.944860331714153290e-03 -2.103509902954101562e-01 -8.621379965916275978e-04 6.947173736989498138e-03 9.999755620956420898e-01 9.720809936523437500e+00
9.999984502792358398e-01 -1.665086485445499420e-03 8.091470226645469666e-04 3.361084312200546265e-02 1.671846490353345871e-03 9.999630451202392578e-01 -8.425395935773849487e-03 -2.405366897583007812e-01 -7.950877770781517029e-04 8.426735177636146545e-03 9.999642968177795410e-01 1.103754997253417969e+01
9.999972581863403320e-01 -1.855987589806318283e-03 -1.559292664751410484e-03 3.159467503428459167e-02 1.842556521296501160e-03 9.999615550041198730e-01 -8.571931160986423492e-03 -2.744107544422149658e-01 1.575142377987504005e-03 8.569033816456794739e-03 9.999621510505676270e-01 1.228820037841796875e+01
9.999919533729553223e-01 -1.308626146055757999e-03 -3.842779900878667831e-03 3.033107146620750427e-02 1.279554911889135838e-03 9.999706149101257324e-01 -7.558301091194152832e-03 -3.056674599647521973e-01 3.852558322250843048e-03 7.553323172032833099e-03 9.999641776084899902e-01 1.352810096740722656e+01
9.999830722808837891e-01 -6.193388835527002811e-04 -5.809605121612548828e-03 2.476122416555881500e-02 5.707598174922168255e-04 9.999648928642272949e-01 -8.360008709132671356e-03 -3.424499928951263428e-01 5.814579315483570099e-03 8.356551639735698700e-03 9.999483227729797363e-01 1.492984580993652344e+01
9.999729990959167480e-01 -3.424670139793306589e-04 -7.357006426900625229e-03 1.941918954253196716e-02 2.784975222311913967e-04 9.999621510505676270e-01 -8.694480173289775848e-03 -3.740210831165313721e-01 7.359705865383148193e-03 8.692196570336818695e-03 9.999352693557739258e-01 1.623474311828613281e+01
9.999707937240600586e-01 2.334393211640417576e-04 -7.654670625925064087e-03 1.429775822907686234e-02 -2.823046525008976460e-04 9.999796152114868164e-01 -6.383459083735942841e-03 -4.044441580772399902e-01 7.653024513274431229e-03 6.385434418916702271e-03 9.999504089355468750e-01 1.752637100219726562e+01
9.999650716781616211e-01 -2.221335744252428412e-04 -8.370615541934967041e-03 4.674807190895080566e-03 1.593587658135220408e-04 9.999718666076660156e-01 -7.499496452510356903e-03 -4.389880597591400146e-01 8.372046984732151031e-03 7.497901096940040588e-03 9.999369382858276367e-01 1.883310890197753906e+01
9.999594092369079590e-01 6.334616336971521378e-04 -9.000702761113643646e-03 -3.306602127850055695e-03 -7.197619997896254063e-04 9.999537467956542969e-01 -9.588295593857765198e-03 -4.680687189102172852e-01 8.994212374091148376e-03 9.594385512173175812e-03 9.999136328697204590e-01 2.013205528259277344e+01
9.999535679817199707e-01 4.257047548890113831e-04 -9.634211659431457520e-03 -9.719306603074073792e-03 -4.977742792107164860e-04 9.999718666076660156e-01 -7.479551713913679123e-03 -4.997773766517639160e-01 9.630757384002208710e-03 7.484001107513904572e-03 9.999257326126098633e-01 2.142869758605957031e+01
9.999430179595947266e-01 9.438625420443713665e-04 -1.063848193734884262e-02 -2.176541090011596680e-02 -1.025160425342619419e-03 9.999703168869018555e-01 -7.639133837074041367e-03 -5.346767306327819824e-01 1.063095591962337494e-02 7.649606559425592422e-03 9.999143481254577637e-01 2.272542762756347656e+01
9.999464750289916992e-01 1.121824258007109165e-03 -1.029118802398443222e-02 -3.392496705055236816e-02 -1.208338770084083080e-03 9.999639987945556641e-01 -8.404446765780448914e-03 -5.699381828308105469e-01 1.028138957917690277e-02 8.416433818638324738e-03 9.999118447303771973e-01 2.399893569946289062e+01
9.999055266380310059e-01 1.293049077503383160e-03 -1.368687488138675690e-02 -4.701815918087959290e-02 -1.429932774044573307e-03 9.999490380287170410e-01 -9.996075183153152466e-03 -6.025898456573486328e-01 1.367325335741043091e-02 1.001470442861318588e-02 9.998564720153808594e-01 2.520814323425292969e+01
9.999210834503173828e-01 2.760651055723428726e-03 -1.225460600107908249e-02 -5.965839326381683350e-02 -2.893870230764150620e-03 9.999368190765380859e-01 -1.086660474538803101e-02 -6.353576779365539551e-01 1.222383324056863785e-02 1.090121269226074219e-02 9.998659491539001465e-01 2.658177375793457031e+01
9.998915195465087891e-01 3.939236514270305634e-03 -1.419371087104082108e-02 -7.860351353883743286e-02 -4.084813408553600311e-03 9.999392032623291016e-01 -1.024211663752794266e-02 -6.726502776145935059e-01 1.415250264108181000e-02 1.029898691922426224e-02 9.998468756675720215e-01 2.787319946289062500e+01
9.998276829719543457e-01 5.954917520284652710e-03 -1.758304052054882050e-02 -9.748306125402450562e-02 -6.148747634142637253e-03 9.999207258224487305e-01 -1.099028624594211578e-02 -7.023219466209411621e-01 1.751619949936866760e-02 1.109651010483503342e-02 9.997850656509399414e-01 2.909473609924316406e+01
9.998150467872619629e-01 6.666046101599931717e-03 -1.804014667868614197e-02 -1.211497858166694641e-01 -6.851342972368001938e-03 9.999242424964904785e-01 -1.022912748157978058e-02 -7.380664944648742676e-01 1.797059178352355957e-02 1.035083923488855362e-02 9.997850060462951660e-01 3.039161491394042969e+01
9.997966289520263672e-01 7.866950705647468567e-03 -1.856739073991775513e-02 -1.422086358070373535e-01 -8.064952678978443146e-03 9.999111294746398926e-01 -1.061324682086706161e-02 -7.672001123428344727e-01 1.848224550485610962e-02 1.076083909720182419e-02 9.997712969779968262e-01 3.166337776184082031e+01
9.997525215148925781e-01 8.827577345073223114e-03 -2.041898295283317566e-02 -1.618179231882095337e-01 -9.101396426558494568e-03 9.998694062232971191e-01 -1.335613057017326355e-02 -7.985234856605529785e-01 2.029841206967830658e-02 1.353867165744304657e-02 9.997023344039916992e-01 3.285944366455078125e+01
9.997507333755493164e-01 9.434728883206844330e-03 -2.023332379758358002e-02 -1.868441253900527954e-01 -9.666196070611476898e-03 9.998885989189147949e-01 -1.137276273220777512e-02 -8.310221433639526367e-01 2.012377046048641205e-02 1.156551204621791840e-02 9.997306466102600098e-01 3.411367797851562500e+01
9.996588826179504395e-01 1.042201183736324310e-02 -2.394440211355686188e-02 -2.114548236131668091e-01 -1.072014775127172470e-02 9.998661875724792480e-01 -1.235678978264331818e-02 -8.635306358337402344e-01 2.381241507828235626e-02 1.260926760733127594e-02 9.996369481086730957e-01 3.533456420898437500e+01
9.995638132095336914e-01 1.184881478548049927e-02 -2.704914659261703491e-02 -2.427487075328826904e-01 -1.224015560001134872e-02 9.998221397399902344e-01 -1.434835046529769897e-02 -8.963871598243713379e-01 2.687432244420051575e-02 1.467318274080753326e-02 9.995311498641967773e-01 3.655830764770507812e+01
9.994498491287231445e-01 1.322346180677413940e-02 -3.041328676044940948e-02 -2.764940857887268066e-01 -1.364475488662719727e-02 9.998131990432739258e-01 -1.368670817464590073e-02 -9.308329820632934570e-01 3.022661991417407990e-02 1.409416645765304565e-02 9.994437098503112793e-01 3.776084136962890625e+01
9.994121789932250977e-01 1.387183647602796555e-02 -3.134845197200775146e-02 -3.132534325122833252e-01 -1.434267777949571609e-02 9.997869133949279785e-01 -1.484499126672744751e-02 -9.670588970184326172e-01 3.113584220409393311e-02 1.528589241206645966e-02 9.993982315063476562e-01 3.898081970214843750e+01
9.994049668312072754e-01 1.463946606963872910e-02 -3.122904151678085327e-02 -3.555935025215148926e-01 -1.507542375475168228e-02 9.997915029525756836e-01 -1.377060171216726303e-02 -1.009800434112548828e+00 3.102093376219272614e-02 1.423320546746253967e-02 9.994173645973205566e-01 4.030265045166015625e+01
9.994115233421325684e-01 1.538627315312623978e-02 -3.065435402095317841e-02 -3.926059603691101074e-01 -1.578354276716709137e-02 9.997940063476562500e-01 -1.276015397161245346e-02 -1.043800473213195801e+00 3.045170567929744720e-02 1.323648542165756226e-02 9.994485974311828613e-01 4.158106231689453125e+01
9.993810653686523438e-01 1.634998992085456848e-02 -3.114474192261695862e-02 -4.314116239547729492e-01 -1.672252826392650604e-02 9.997912645339965820e-01 -1.173889636993408203e-02 -1.075738787651062012e+00 3.094630874693393707e-02 1.225245557725429535e-02 9.994459152221679688e-01 4.285984802246093750e+01
9.993057250976562500e-01 1.703817397356033325e-02 -3.312888368964195251e-02 -4.713522195816040039e-01 -1.743720471858978271e-02 9.997783899307250977e-01 -1.179348304867744446e-02 -1.106245636940002441e+00 3.292060270905494690e-02 1.236297748982906342e-02 9.993814826011657715e-01 4.410858154296875000e+01
9.992235302925109863e-01 1.756458356976509094e-02 -3.526447713375091553e-02 -5.127584934234619141e-01 -1.815991662442684174e-02 9.996967315673828125e-01 -1.663325168192386627e-02 -1.138809680938720703e+00 3.496162220835685730e-02 1.726074516773223877e-02 9.992395639419555664e-01 4.535470199584960938e+01
9.992902278900146484e-01 1.774893142282962799e-02 -3.322344273328781128e-02 -5.527614951133728027e-01 -1.828961074352264404e-02 9.997040629386901855e-01 -1.604148373007774353e-02 -1.172522902488708496e+00 3.292888402938842773e-02 1.663774996995925903e-02 9.993191957473754883e-01 4.655214309692382812e+01
9.993352890014648438e-01 1.769991219043731689e-02 -3.186707571148872375e-02 -5.947842597961425781e-01 -1.826160587370395660e-02 9.996814727783203125e-01 -1.742214709520339966e-02 -1.217884659767150879e+00 3.154854476451873779e-02 1.799251697957515717e-02 9.993402957916259766e-01 4.790691375732421875e+01
9.994266629219055176e-01 1.762066781520843506e-02 -2.890592627227306366e-02 -6.322081089019775391e-01 -1.810124702751636505e-02 9.997008442878723145e-01 -1.644901372492313385e-02 -1.258091688156127930e+00 2.860742621123790741e-02 1.696282438933849335e-02 9.994468092918395996e-01 4.913397598266601562e+01
9.994875192642211914e-01 1.823320984840393066e-02 -2.630231529474258423e-02 -6.688183546066284180e-01 -1.868284866213798523e-02 9.996817708015441895e-01 -1.695173420011997223e-02 -1.297706723213195801e+00 2.598484978079795837e-02 1.743445731699466705e-02 9.995102882385253906e-01 5.036114883422851562e+01
9.995346069335937500e-01 1.900717802345752716e-02 -2.385070919990539551e-02 -7.004214525222778320e-01 -1.938908547163009644e-02 9.996858239173889160e-01 -1.588451117277145386e-02 -1.337822318077087402e+00 2.354128658771514893e-02 1.633957214653491974e-02 9.995893239974975586e-01 5.157688903808593750e+01
9.995277523994445801e-01 1.929021999239921570e-02 -2.391132898628711700e-02 -7.276296019554138184e-01 -1.978398486971855164e-02 9.995922446250915527e-01 -2.058801613748073578e-02 -1.374434351921081543e+00 2.350442297756671906e-02 2.105136588215827942e-02 9.995020627975463867e-01 5.271069335937500000e+01
9.995377659797668457e-01 1.925409398972988129e-02 -2.351711690425872803e-02 -7.536454796791076660e-01 -1.978753693401813507e-02 9.995472431182861328e-01 -2.266493998467922211e-02 -1.420786499977111816e+00 2.307006716728210449e-02 2.311982214450836182e-02 9.994664192199707031e-01 5.386338043212890625e+01
9.995200037956237793e-01 1.959227584302425385e-02 -2.398993074893951416e-02 -7.820164561271667480e-01 -2.026413008570671082e-02 9.993999004364013672e-01 -2.809026837348937988e-02 -1.468556880950927734e+00 2.342517487704753876e-02 2.856293320655822754e-02 9.993174076080322266e-01 5.513135528564453125e+01
9.994529485702514648e-01 2.126619778573513031e-02 -2.532080374658107758e-02 -8.123270869255065918e-01 -2.202090993523597717e-02 9.993100166320800781e-01 -2.990978397428989410e-02 -1.522763848304748535e+00 2.466725744307041168e-02 3.045102581381797791e-02 9.992317557334899902e-01 5.637229156494140625e+01
9.993700981140136719e-01 2.264592610299587250e-02 -2.731604129076004028e-02 -8.466960787773132324e-01 -2.351242303848266602e-02 9.992167949676513672e-01 -3.182829171419143677e-02 -1.580693483352661133e+00 2.657385729253292084e-02 3.245052322745323181e-02 9.991199374198913574e-01 5.760838317871093750e+01
9.992760419845581055e-01 2.418228797614574432e-02 -2.936299145221710205e-02 -8.885238766670227051e-01 -2.510540001094341278e-02 9.991888999938964844e-01 -3.148700669407844543e-02 -1.644008994102478027e+00 2.857773751020431519e-02 3.220139816403388977e-02 9.990726709365844727e-01 5.893890762329101562e+01
9.993180036544799805e-01 2.435440942645072937e-02 -2.774873934686183929e-02 -9.201683402061462402e-01 -2.532251738011837006e-02 9.990634322166442871e-01 -3.508802130818367004e-02 -1.696942329406738281e+00 2.686819247901439667e-02 3.576677292585372925e-02 9.989988207817077637e-01 6.008309555053710938e+01
9.993677735328674316e-01 2.507282234728336334e-02 -2.519817464053630829e-02 -9.527767896652221680e-01 -2.596328780055046082e-02 9.990268945693969727e-01 -3.565548732876777649e-02 -1.757358670234680176e+00 2.427965961396694183e-02 3.628718107938766479e-02 9.990463256835937500e-01 6.130874633789062500e+01
9.994047284126281738e-01 2.586790919303894043e-02 -2.281810157001018524e-02 -9.815699458122253418e-01 -2.667726948857307434e-02 9.989989399909973145e-01 -3.590900450944900513e-02 -1.815903902053833008e+00 2.186635881662368774e-02 3.649635985493659973e-02 9.990944266319274902e-01 6.252928161621093750e+01
9.994355440139770508e-01 2.465997636318206787e-02 -2.280513755977153778e-02 -1.007596492767333984e+00 -2.555325068533420563e-02 9.988830685615539551e-01 -3.974527493119239807e-02 -1.876739382743835449e+00 2.179954014718532562e-02 4.030559211969375610e-02 9.989494085311889648e-01 6.363374328613281250e+01
9.994531273841857910e-01 2.611940354108810425e-02 -2.026955224573612213e-02 -1.033913731575012207e+00 -2.689244970679283142e-02 9.988830685615539551e-01 -3.885199874639511108e-02 -1.941538095474243164e+00 1.923211477696895599e-02 3.937585651874542236e-02 9.990391731262207031e-01 6.486891174316406250e+01
9.994682073593139648e-01 2.588505111634731293e-02 -1.982167176902294159e-02 -1.058527946472167969e+00 -2.663926593959331512e-02 9.988926053047180176e-01 -3.878143057227134705e-02 -2.008125543594360352e+00 1.879585348069667816e-02 3.928884863853454590e-02 9.990508556365966797e-01 6.603320312500000000e+01
9.994496107101440430e-01 2.656989544630050659e-02 -1.985349878668785095e-02 -1.080160856246948242e+00 -2.731031924486160278e-02 9.989044070243835449e-01 -3.800354897975921631e-02 -2.065316438674926758e+00 1.882199011743068695e-02 3.852484002709388733e-02 9.990801215171813965e-01 6.713770294189453125e+01
9.994493722915649414e-01 2.622074447572231293e-02 -2.032423950731754303e-02 -1.106204748153686523e+00 -2.699020691215991974e-02 9.988918304443359375e-01 -3.855783119797706604e-02 -2.129177331924438477e+00 1.929069682955741882e-02 3.908515349030494690e-02 9.990494251251220703e-01 6.826391601562500000e+01
9.994047880172729492e-01 2.558358944952487946e-02 -2.313517034053802490e-02 -1.130624413490295410e+00 -2.656707912683486938e-02 9.987109303474426270e-01 -4.325256496667861938e-02 -2.187668800354003906e+00 2.199878543615341187e-02 4.384145140647888184e-02 9.987959861755371094e-01 6.934496307373046875e+01
9.994173049926757812e-01 2.605358883738517761e-02 -2.204653993248939514e-02 -1.159192919731140137e+00 -2.703713811933994293e-02 9.985958337783813477e-01 -4.555701464414596558e-02 -2.261021614074707031e+00 2.082865312695503235e-02 4.612654075026512146e-02 9.987181425094604492e-01 7.061817169189453125e+01
9.993870258331298828e-01 2.624749206006526947e-02 -2.316251397132873535e-02 -1.192622184753417969e+00 -2.720517665147781372e-02 9.987451434135437012e-01 -4.204802215099334717e-02 -2.344955444335937500e+00 2.202978730201721191e-02 4.265238344669342041e-02 9.988467693328857422e-01 7.192195129394531250e+01
9.994159340858459473e-01 2.475905232131481171e-02 -2.355122752487659454e-02 -1.222039580345153809e+00 -2.566651813685894012e-02 9.989078044891357422e-01 -3.904268145561218262e-02 -2.419844150543212891e+00 2.255883812904357910e-02 3.962434828281402588e-02 9.989596605300903320e-01 7.317597961425781250e+01
9.994868636131286621e-01 2.414352446794509888e-02 -2.104743197560310364e-02 -1.250310540199279785e+00 -2.500449120998382568e-02 9.988192319869995117e-01 -4.165022075176239014e-02 -2.486473798751831055e+00 2.001699246466159821e-02 4.215512424707412720e-02 9.989101886749267578e-01 7.432066345214843750e+01
9.994821548461914062e-01 2.518513612449169159e-02 -2.002509683370590210e-02 -1.275503396987915039e+00 -2.595202438533306122e-02 9.989017844200134277e-01 -3.900562971830368042e-02 -2.548365354537963867e+00 1.902074180543422699e-02 3.950512036681175232e-02 9.990379214286804199e-01 7.547026062011718750e+01
9.994789958000183105e-01 2.429085597395896912e-02 -2.124917879700660706e-02 -1.301782250404357910e+00 -2.503583766520023346e-02 9.990550279617309570e-01 -3.552500158548355103e-02 -2.609977483749389648e+00 2.036616578698158264e-02 3.603848069906234741e-02 9.991424679756164551e-01 7.659329223632812500e+01
9.994966983795166016e-01 2.447122707962989807e-02 -2.018130384385585785e-02 -1.325719594955444336e+00 -2.513059601187705994e-02 9.991361498832702637e-01 -3.309232369065284729e-02 -2.663370609283447266e+00 1.935405842959880829e-02 3.358283638954162598e-02 9.992481470108032227e-01 7.771421051025390625e+01
9.994881749153137207e-01 2.504163794219493866e-02 -1.990127004683017731e-02 -1.350003838539123535e+00 -2.576020546257495880e-02 9.989937543869018555e-01 -3.670956939458847046e-02 -2.724724531173706055e+00 1.896197535097599030e-02 3.720344230532646179e-02 9.991273880004882812e-01 7.886190795898437500e+01
9.994760155677795410e-01 2.497758157551288605e-02 -2.057970128953456879e-02 -1.373639941215515137e+00 -2.567294798791408539e-02 9.990834593772888184e-01 -3.424714505672454834e-02 -2.786242961883544922e+00 1.970542594790458679e-02 3.475753962993621826e-02 9.992010593414306641e-01 7.999332427978515625e+01
9.995164275169372559e-01 2.487098053097724915e-02 -1.865642517805099487e-02 -1.393187999725341797e+00 -2.546396665275096893e-02 9.991552829742431641e-01 -3.225011005997657776e-02 -2.839524030685424805e+00 1.783857122063636780e-02 3.270958364009857178e-02 9.993052482604980469e-01 8.113455963134765625e+01
9.994931221008300781e-01 2.465064637362957001e-02 -2.013741806149482727e-02 -1.417402029037475586e+00 -2.524922229349613190e-02 9.992299079895019531e-01 -3.003109432756900787e-02 -2.895304679870605469e+00 1.938162371516227722e-02 3.052433207631111145e-02 9.993456602096557617e-01 8.229512023925781250e+01
9.995425343513488770e-01 2.412843517959117889e-02 -1.822603493928909302e-02 -1.435906887054443359e+00 -2.468277700245380402e-02 9.992198348045349121e-01 -3.082744777202606201e-02 -2.944880008697509766e+00 1.746799796819686890e-02 3.126322105526924133e-02 9.993581175804138184e-01 8.343513488769531250e+01
9.995756149291992188e-01 2.485439553856849670e-02 -1.518040150403976440e-02 -1.455040574073791504e+00 -2.535538747906684875e-02 9.991084933280944824e-01 -3.375278040766716003e-02 -3.004216670989990234e+00 1.432796102017164230e-02 3.412336856126785278e-02 9.993144869804382324e-01 8.463704681396484375e+01
9.995824098587036133e-01 2.507601119577884674e-02 -1.434794906526803970e-02 -1.469613075256347656e+00 -2.558486536145210266e-02 9.990077018737792969e-01 -3.645415231585502625e-02 -3.059585809707641602e+00 1.341958530247211456e-02 3.680602833628654480e-02 9.992318749427795410e-01 8.567787933349609375e+01
9.996576309204101562e-01 2.401489019393920898e-02 -1.037143729627132416e-02 -1.478312134742736816e+00 -2.438326925039291382e-02 9.990181922912597656e-01 -3.698600456118583679e-02 -3.112164735794067383e+00 9.473038837313652039e-03 3.722624108195304871e-02 9.992614984512329102e-01 8.676784515380859375e+01
9.997100234031677246e-01 2.317733317613601685e-02 -6.512414664030075073e-03 -1.483849048614501953e+00 -2.340916357934474945e-02 9.989989399909973145e-01 -3.811658918857574463e-02 -3.172221422195434570e+00 5.622455384582281113e-03 3.825799375772476196e-02 9.992516040802001953e-01 8.786888122558593750e+01
9.997354745864868164e-01 2.271448262035846710e-02 -3.580318996682763100e-03 -1.487075805664062500e+00 -2.283514663577079773e-02 9.990040659904479980e-01 -3.832923993468284607e-02 -3.233110666275024414e+00 2.706126542761921883e-03 3.840086609125137329e-02 9.992582201957702637e-01 8.898000335693359375e+01
9.997734427452087402e-01 2.121171168982982635e-02 -1.689157681539654732e-03 -1.485937595367431641e+00 -2.126185037195682526e-02 9.989957809448242188e-01 -3.943489864468574524e-02 -3.291701078414916992e+00 8.509826147928833961e-04 3.946189209818840027e-02 9.992201924324035645e-01 9.004726409912109375e+01
9.997799396514892578e-01 2.081584371626377106e-02 2.545122522860765457e-03 -1.484051346778869629e+00 -2.070425078272819519e-02 9.990637898445129395e-01 -3.798265755176544189e-02 -3.350820302963256836e+00 -3.333377186208963394e-03 3.792162239551544189e-02 9.992746114730834961e-01 9.113019561767578125e+01
9.997835159301757812e-01 2.055050432682037354e-02 3.198438789695501328e-03 -1.477688074111938477e+00 -2.040607295930385590e-02 9.989892840385437012e-01 -4.004684463143348694e-02 -3.402879476547241211e+00 -4.018184728920459747e-03 3.997292742133140564e-02 9.991921782493591309e-01 9.215859222412109375e+01
9.997776746749877930e-01 1.958513632416725159e-02 7.791819982230663300e-03 -1.468604803085327148e+00 -1.926731131970882416e-02 9.990546703338623047e-01 -3.896456956863403320e-02 -3.464165210723876953e+00 -8.547576144337654114e-03 3.880580142140388489e-02 9.992097020149230957e-01 9.324799346923828125e+01
9.997675418853759766e-01 1.804261840879917145e-02 1.178937032818794250e-02 -1.452417612075805664e+00 -1.757047139108181000e-02 9.990847706794738770e-01 -3.899524360895156860e-02 -3.520079851150512695e+00 -1.248215138912200928e-02 3.877906128764152527e-02 9.991693496704101562e-01 9.434973144531250000e+01
9.997453689575195312e-01 1.819079555571079254e-02 1.334071345627307892e-02 -1.438282489776611328e+00 -1.767982728779315948e-02 9.991412162780761719e-01 -3.746889904141426086e-02 -3.579364061355590820e+00 -1.401084009557962418e-02 3.722352162003517151e-02 9.992082118988037109e-01 9.544718170166015625e+01
9.997040629386901855e-01 1.806163974106311798e-02 1.628717780113220215e-02 -1.417708277702331543e+00 -1.749163307249546051e-02 9.992519021034240723e-01 -3.448642790317535400e-02 -3.638139247894287109e+00 -1.689786836504936218e-02 3.419135883450508118e-02 9.992718696594238281e-01 9.665396881103515625e+01
9.996344447135925293e-01 1.867051795125007629e-02 1.954812370240688324e-02 -1.392910242080688477e+00 -1.794224232435226440e-02 9.991617202758789062e-01 -3.679110109806060791e-02 -3.697381019592285156e+00 -2.021863870322704315e-02 3.642693534493446350e-02 9.991312026977539062e-01 9.785939788818359375e+01
9.995597004890441895e-01 1.727367751300334930e-02 2.412017062306404114e-02 -1.367000818252563477e+00 -1.632090657949447632e-02 9.990997314453125000e-01 -3.915463387966156006e-02 -3.760265111923217773e+00 -2.477478981018066406e-02 3.874375298619270325e-02 9.989414215087890625e-01 9.897142028808593750e+01
9.995689988136291504e-01 1.740844547748565674e-02 2.363388799130916595e-02 -1.340819716453552246e+00 -1.639066450297832489e-02 9.989578127861022949e-01 -4.259608685970306396e-02 -3.817698001861572266e+00 -2.435077726840972900e-02 4.219036921858787537e-02 9.988122582435607910e-01 1.000026092529296875e+02
9.996139407157897949e-01 1.714425906538963318e-02 2.185877412557601929e-02 -1.314255833625793457e+00 -1.612536795437335968e-02 9.988127350807189941e-01 -4.596649110317230225e-02 -3.891407012939453125e+00 -2.262087166309356689e-02 4.559628292918205261e-02 9.987032413482666016e-01 1.011639556884765625e+02
9.996038079261779785e-01 1.763129420578479767e-02 2.193255722522735596e-02 -1.283495306968688965e+00 -1.656386256217956543e-02 9.987130761146545410e-01 -4.793392866849899292e-02 -3.978204727172851562e+00 -2.274945750832557678e-02 4.755166918039321899e-02 9.986091256141662598e-01 1.024387588500976562e+02
9.995893836021423340e-01 1.846527680754661560e-02 2.190216816961765289e-02 -1.250944137573242188e+00 -1.739547960460186005e-02 9.986924529075622559e-01 -4.806857183575630188e-02 -4.062149047851562500e+00 -2.276111952960491180e-02 4.766785353422164917e-02 9.986033439636230469e-01 1.037502822875976562e+02
9.995959401130676270e-01 1.815696991980075836e-02 2.186120860278606415e-02 -1.218347072601318359e+00 -1.701263152062892914e-02 9.985310435295104980e-01 -5.144039914011955261e-02 -4.145493030548095703e+00 -2.276308462023735046e-02 5.104771628975868225e-02 9.984362125396728516e-01 1.050301361083984375e+02
9.996772408485412598e-01 1.902415230870246887e-02 1.682858169078826904e-02 -1.198271512985229492e+00 -1.815210841596126556e-02 9.985570907592773438e-01 -5.053671449422836304e-02 -4.214551448822021484e+00 -1.776570826768875122e-02 5.021494999527931213e-02 9.985798001289367676e-01 1.061062240600585938e+02
9.997140765190124512e-01 1.922024972736835480e-02 1.421371847391128540e-02 -1.176392316818237305e+00 -1.840407773852348328e-02 9.982900023460388184e-01 -5.548011884093284607e-02 -4.298690319061279297e+00 -1.525574829429388046e-02 5.520268529653549194e-02 9.983579516410827637e-01 1.073397293090820312e+02
9.997276067733764648e-01 1.904314942657947540e-02 1.348154619336128235e-02 -1.159924983978271484e+00 -1.820742338895797729e-02 9.980553984642028809e-01 -5.961235240101814270e-02 -4.385513305664062500e+00 -1.459053065627813339e-02 5.935066938400268555e-02 9.981299042701721191e-01 1.084954986572265625e+02
9.998215436935424805e-01 1.804093271493911743e-02 5.570849403738975525e-03 -1.149062633514404297e+00 -1.765454187989234924e-02 9.978578686714172363e-01 -6.299059092998504639e-02 -4.479656696319580078e+00 -6.695318967103958130e-03 6.288102269172668457e-02 9.979978799819946289e-01 1.096779403686523438e+02
9.998294115066528320e-01 1.814985461533069611e-02 3.374499967321753502e-03 -1.141159176826477051e+00 -1.788986288011074066e-02 9.976900815963745117e-01 -6.553101539611816406e-02 -4.575040340423583984e+00 -4.556078929454088211e-03 6.545948982238769531e-02 9.978440999984741211e-01 1.108826828002929688e+02
9.998317956924438477e-01 1.831694133579730988e-02 -5.996965337544679642e-04 -1.139731645584106445e+00 -1.831468194723129272e-02 9.974484443664550781e-01 -6.899955868721008301e-02 -4.675389766693115234e+00 -6.656919140368700027e-04 6.899896264076232910e-02 9.976158142089843750e-01 1.120415191650390625e+02
9.997920393943786621e-01 1.971887983381748199e-02 -5.158076062798500061e-03 -1.142164349555969238e+00 -2.004327252507209778e-02 9.971255064010620117e-01 -7.306665182113647461e-02 -4.770647525787353516e+00 3.702456597238779068e-03 7.315486669540405273e-02 9.973130226135253906e-01 1.131690673828125000e+02
9.997972846031188965e-01 1.914373971521854401e-02 -6.207808386534452438e-03 -1.146869897842407227e+00 -1.957069709897041321e-02 9.967485070228576660e-01 -7.816114276647567749e-02 -4.885722637176513672e+00 4.691327456384897232e-03 7.826679944992065430e-02 9.969207644462585449e-01 1.143908996582031250e+02
9.997460842132568359e-01 2.017292566597461700e-02 -1.002256013453006744e-02 -1.156430125236511230e+00 -2.092809230089187622e-02 9.964089989662170410e-01 -8.204147219657897949e-02 -4.990419864654541016e+00 8.331551216542720795e-03 8.223039656877517700e-02 9.965779185295104980e-01 1.155112609863281250e+02
9.997075796127319336e-01 2.060627378523349762e-02 -1.264156028628349304e-02 -1.168222784996032715e+00 -2.160096913576126099e-02 9.961994886398315430e-01 -8.437748998403549194e-02 -5.111846923828125000e+00 1.085481047630310059e-02 8.462588489055633545e-02 9.963530302047729492e-01 1.167256469726562500e+02
9.995573163032531738e-01 2.114311046898365021e-02 -2.092320472002029419e-02 -1.192378520965576172e+00 -2.291073650121688843e-02 9.958391189575195312e-01 -8.819973468780517578e-02 -5.238019466400146484e+00 1.897132396697998047e-02 8.864005655050277710e-02 9.958823919296264648e-01 1.179126052856445312e+02
9.994814395904541016e-01 2.168777212500572205e-02 -2.379291877150535583e-02 -1.220427632331848145e+00 -2.375828661024570465e-02 9.956126809120178223e-01 -9.050198644399642944e-02 -5.365180492401123047e+00 2.172573842108249664e-02 9.102033078670501709e-02 9.956113696098327637e-01 1.190682067871093750e+02
9.994053244590759277e-01 2.093425951898097992e-02 -2.739198133349418640e-02 -1.251134634017944336e+00 -2.345642820000648499e-02 9.951765537261962891e-01 -9.525247663259506226e-02 -5.494374752044677734e+00 2.526580914855003357e-02 9.583834558725357056e-02 9.950755834579467773e-01 1.202687225341796875e+02
9.992392063140869141e-01 2.266538143157958984e-02 -3.173263370990753174e-02 -1.284677505493164062e+00 -2.555952034890651703e-02 9.952451586723327637e-01 -9.398589283227920532e-02 -5.620217323303222656e+00 2.945151552557945251e-02 9.472544491291046143e-02 9.950670599937438965e-01 1.214261474609375000e+02
9.991235733032226562e-01 2.301360666751861572e-02 -3.495841473340988159e-02 -1.321684479713439941e+00 -2.633938565850257874e-02 9.948509931564331055e-01 -9.786335378885269165e-02 -5.748044967651367188e+00 3.252621367573738098e-02 9.869835525751113892e-02 9.945850968360900879e-01 1.225787048339843750e+02
9.990282058715820312e-01 2.224682644009590149e-02 -3.804405033588409424e-02 -1.364941716194152832e+00 -2.594909816980361938e-02 9.946721196174621582e-01 -9.976696968078613281e-02 -5.883409976959228516e+00 3.562184795737266541e-02 1.006572172045707703e-01 9.942827224731445312e-01 1.237259216308593750e+02
9.990323781967163086e-01 2.284685336053371429e-02 -3.757551312446594238e-02 -1.414719581604003906e+00 -2.658849954605102539e-02 9.943982362747192383e-01 -1.022968888282775879e-01 -6.036495685577392578e+00 3.502785414457321167e-02 1.031969785690307617e-01 9.940434098243713379e-01 1.249979324340820312e+02
9.989560246467590332e-01 2.343808300793170929e-02 -3.920609503984451294e-02 -1.461140513420104980e+00 -2.738509513437747955e-02 9.942654967308044434e-01 -1.033712774515151978e-01 -6.182956695556640625e+00 3.655843436717987061e-02 1.043370142579078674e-01 9.938693046569824219e-01 1.262371139526367188e+02
9.988732337951660156e-01 2.365211024880409241e-02 -4.113968461751937866e-02 -1.511045932769775391e+00 -2.780074067413806915e-02 9.942526221275329590e-01 -1.033843606710433960e-01 -6.336467266082763672e+00 3.845796734094619751e-02 1.044115796685218811e-01 9.937897920608520508e-01 1.274775161743164062e+02
9.988188743591308594e-01 2.422204427421092987e-02 -4.211635515093803406e-02 -1.560551524162292480e+00 -2.835832722485065460e-02 9.945262074470520020e-01 -1.005626693367958069e-01 -6.481728076934814453e+00 3.944997116923332214e-02 1.016382351517677307e-01 9.940384030342102051e-01 1.287047271728515625e+02
9.987689256668090820e-01 2.491753548383712769e-02 -4.288769885897636414e-02 -1.615540981292724609e+00 -2.908229641616344452e-02 9.946224689483642578e-01 -9.939705580472946167e-02 -6.630364418029785156e+00 4.018032178282737732e-02 1.005219593644142151e-01 9.941226840019226074e-01 1.299989776611328125e+02
9.987028837203979492e-01 2.494204416871070862e-02 -4.438539221882820129e-02 -1.668565154075622559e+00 -2.938250452280044556e-02 9.943109154701232910e-01 -1.023805066943168640e-01 -6.777123928070068359e+00 4.157928377389907837e-02 1.035518571734428406e-01 9.937540888786315918e-01 1.312740325927734375e+02
9.986809492111206055e-01 2.602556161582469940e-02 -4.425612092018127441e-02 -1.726449251174926758e+00 -3.056493028998374939e-02 9.939811229705810547e-01 -1.051978990435600281e-01 -6.932326316833496094e+00 4.125189781188964844e-02 1.064118295907974243e-01 9.934655427932739258e-01 1.325426330566406250e+02
9.987848401069641113e-01 2.568328194320201874e-02 -4.205675795674324036e-02 -1.778652548789978027e+00 -3.003708086907863617e-02 9.938696026802062988e-01 -1.063967645168304443e-01 -7.090078830718994141e+00 3.906629979610443115e-02 1.075307503342628479e-01 9.934333562850952148e-01 1.338498840332031250e+02
9.987151026725769043e-01 2.699138969182968140e-02 -4.288587719202041626e-02 -1.832592010498046875e+00 -3.126828745007514954e-02 9.942505359649658203e-01 -1.024080887436866760e-01 -7.240728378295898438e+00 3.987515345215797424e-02 1.036174818873405457e-01 9.938170313835144043e-01 1.351006774902343750e+02
9.987078905105590820e-01 2.792491577565670013e-02 -4.245529323816299438e-02 -1.884993195533752441e+00 -3.197352960705757141e-02 9.946836233139038086e-01 -9.788441658020019531e-02 -7.390504837036132812e+00 3.949616104364395142e-02 9.911537915468215942e-02 9.942912459373474121e-01 1.363562011718750000e+02
9.987035393714904785e-01 2.893142960965633392e-02 -4.187996312975883484e-02 -1.939921855926513672e+00 -3.303018957376480103e-02 9.943639636039733887e-01 -1.007389426231384277e-01 -7.537645816802978516e+00 3.872939944267272949e-02 1.019916310906410217e-01 9.940304756164550781e-01 1.376374816894531250e+02
9.987177252769470215e-01 2.970458567142486572e-02 -4.099080711603164673e-02 -1.994579672813415527e+00 -3.377101942896842957e-02 9.941725730895996094e-01 -1.023687496781349182e-01 -7.693228721618652344e+00 3.771111369132995605e-02 1.036217659711837769e-01 9.939010143280029297e-01 1.389845275878906250e+02
9.987741708755493164e-01 3.004934452474117279e-02 -3.933033347129821777e-02 -2.043354034423828125e+00 -3.385411947965621948e-02 9.944159388542175293e-01 -9.994888305664062500e-02 -7.849864482879638672e+00 3.610731288790702820e-02 1.011578440666198730e-01 9.942143559455871582e-01 1.403336486816406250e+02
9.986830949783325195e-01 3.119537048041820526e-02 -4.072716459631919861e-02 -2.095985412597656250e+00 -3.511067479848861694e-02 9.944418072700500488e-01 -9.925581514835357666e-02 -8.000206947326660156e+00 3.740447387099266052e-02 1.005550473928451538e-01 9.942275881767272949e-01 1.416214447021484375e+02
9.986039400100708008e-01 3.151460736989974976e-02 -4.238773509860038757e-02 -2.150114059448242188e+00 -3.560629487037658691e-02 9.943976402282714844e-01 -9.952127933502197266e-02 -8.156687736511230469e+00 3.901389241218566895e-02 1.008916050195693970e-01 9.941316246986389160e-01 1.429147949218750000e+02
9.986299276351928711e-01 3.138175234198570251e-02 -4.187219217419624329e-02 -2.207505941390991211e+00 -3.538196161389350891e-02 9.945082068443298340e-01 -9.849061816930770874e-02 -8.317589759826660156e+00 3.855143114924430847e-02 9.983718395233154297e-02 9.942561388015747070e-01 1.442752532958984375e+02
9.986767768859863281e-01 3.134966269135475159e-02 -4.076451063156127930e-02 -2.261513233184814453e+00 -3.524443507194519043e-02 9.944995045661926270e-01 -9.862788766622543335e-02 -8.473906517028808594e+00 3.744833543896675110e-02 9.993408620357513428e-02 9.942885637283325195e-01 1.455873565673828125e+02
9.987822175025939941e-01 3.097194246947765350e-02 -3.839990496635437012e-02 -2.310150146484375000e+00 -3.474407643079757690e-02 9.941962361335754395e-01 -1.018107160925865173e-01 -8.629207611083984375e+00 3.502376750111579895e-02 1.030208840966224670e-01 9.940618872642517090e-01 1.468575286865234375e+02
9.987512230873107910e-01 3.326045349240303040e-02 -3.727569058537483215e-02 -2.354255199432373047e+00 -3.701398894190788269e-02 9.937821626663208008e-01 -1.050031259655952454e-01 -8.781703948974609375e+00 3.355146944522857666e-02 1.062517017126083374e-01 9.937725663185119629e-01 1.481271972656250000e+02
9.987816214561462402e-01 3.371027112007141113e-02 -3.603693842887878418e-02 -2.399898529052734375e+00 -3.750445693731307983e-02 9.931790232658386230e-01 -1.103969886898994446e-01 -8.945633888244628906e+00 3.206961974501609802e-02 1.116140112280845642e-01 9.932336211204528809e-01 1.494225616455078125e+02
9.988421201705932617e-01 3.426774591207504272e-02 -3.376195579767227173e-02 -2.445206165313720703e+00 -3.784602135419845581e-02 9.930114746093750000e-01 -1.117790043354034424e-01 -9.117434501647949219e+00 2.969558909535408020e-02 1.129273176193237305e-01 9.931589961051940918e-01 1.507287445068359375e+02
9.988887906074523926e-01 3.402887284755706787e-02 -3.260221704840660095e-02 -2.490410089492797852e+00 -3.742888942360877991e-02 9.932157397270202637e-01 -1.100915521383285522e-01 -9.295615196228027344e+00 2.863473817706108093e-02 1.111894771456718445e-01 9.933861494064331055e-01 1.520933380126953125e+02
9.989166855812072754e-01 3.438233211636543274e-02 -3.135272115468978882e-02 -2.534534692764282227e+00 -3.760249912738800049e-02 9.933642148971557617e-01 -1.086837202310562134e-01 -9.472377777099609375e+00 2.740786597132682800e-02 1.097449138760566711e-01 9.935813546180725098e-01 1.534553527832031250e+02
9.988964200019836426e-01 3.543289005756378174e-02 -3.082401491701602936e-02 -2.573442697525024414e+00 -3.857364878058433533e-02 9.933896660804748535e-01 -1.081091091036796570e-01 -9.640172004699707031e+00 2.678963541984558105e-02 1.091787815093994141e-01 9.936605691909790039e-01 1.548034362792968750e+02
9.990083575248718262e-01 3.449345752596855164e-02 -2.814637124538421631e-02 -2.611429214477539062e+00 -3.734273836016654968e-02 9.934558868408203125e-01 -1.079328134655952454e-01 -9.813663482666015625e+00 2.423919737339019775e-02 1.088768318295478821e-01 9.937592148780822754e-01 1.561775665283203125e+02
9.989756941795349121e-01 3.445142507553100586e-02 -2.933159284293651581e-02 -2.645529985427856445e+00 -3.745796531438827515e-02 9.933325052261352539e-01 -1.090229153633117676e-01 -9.971939086914062500e+00 2.538002282381057739e-02 1.100099310278892517e-01 9.936059117317199707e-01 1.574417572021484375e+02
9.989506006240844727e-01 3.390753269195556641e-02 -3.078620135784149170e-02 -2.682782411575317383e+00 -3.707155585289001465e-02 9.933703541755676270e-01 -1.088099628686904907e-01 -1.014109420776367188e+01 2.689261548221111298e-02 1.098370477557182312e-01 9.935852289199829102e-01 1.587485809326171875e+02
9.989597797393798828e-01 3.440814092755317688e-02 -2.992009371519088745e-02 -2.722901105880737305e+00 -3.748978674411773682e-02 9.932889938354492188e-01 -1.094077527523040771e-01 -1.030872726440429688e+01 2.595477364957332611e-02 1.104156225919723511e-01 9.935460686683654785e-01 1.600916290283203125e+02
