9.998981356620788574e-01 1.122605055570602417e-03 1.422994676977396011e-02 1.953917369246482849e-02 -1.113027567043900490e-03 9.999991655349731445e-01 -6.809781189076602459e-04 -1.161655969917774200e-02 -1.423069927841424942e-02 6.650711293332278728e-04 9.998984932899475098e-01 5.275753736495971680e-01
9.995248317718505859e-01 1.415129518136382103e-03 3.079055808484554291e-02 5.185844376683235168e-02 -1.351128215901553631e-03 9.999969005584716797e-01 -2.099398290738463402e-03 -3.344032540917396545e-02 -3.079343214631080627e-02 2.056799829006195068e-03 9.995236396789550781e-01 1.211154460906982422e+00
9.988085031509399414e-01 8.402879757340997458e-05 4.880071431398391724e-02 1.012302488088607788e-01 3.974110950366593897e-05 9.999967813491821289e-01 -2.535323845222592354e-03 -5.727376788854598999e-02 -4.880077019333839417e-02 2.534242114052176476e-03 9.988052845001220703e-01 2.128869056701660156e+00
9.974569082260131836e-01 3.892797278240323067e-03 7.116526365280151367e-02 1.734982728958129883e-01 -3.662649774923920631e-03 9.999876618385314941e-01 -3.364236094057559967e-03 -8.288751542568206787e-02 -7.117747515439987183e-02 3.095024032518267632e-03 9.974588155746459961e-01 3.069574832916259766e+00
9.953672289848327637e-01 4.812827799469232559e-03 9.602483361959457397e-02 2.713673412799835205e-01 -4.314190242439508438e-03 9.999761581420898438e-01 -5.399730987846851349e-03 -1.089696735143661499e-01 -9.604851901531219482e-02 4.960441496223211288e-03 9.953641891479492188e-01 3.971374988555908203e+00
9.948527812957763672e-01 5.741430446505546570e-03 1.011672541499137878e-01 3.707841634750366211e-01 -4.978790413588285446e-03 9.999573230743408203e-01 -7.789262570440769196e-03 -1.344652473926544189e-01 -1.012076437473297119e-01 7.245473563671112061e-03 9.948388338088989258e-01 4.929179668426513672e+00
9.908187389373779297e-01 2.421498997136950493e-03 1.351746022701263428e-01 4.905818700790405273e-01 -1.355733489617705345e-03 9.999673366546630859e-01 -7.975823245942592621e-03 -1.580030024051666260e-01 -1.351894885301589966e-01 7.719335146248340607e-03 9.907895326614379883e-01 5.722542762756347656e+00
9.852164983749389648e-01 3.129925578832626343e-03 1.712848842144012451e-01 6.358981132507324219e-01 -2.031489741057157516e-03 9.999762773513793945e-01 -6.587787065654993057e-03 -1.830551624298095703e-01 -1.713014245033264160e-01 6.142434198409318924e-03 9.851993322372436523e-01 6.474335670471191406e+00
9.791178107261657715e-01 5.025916732847690582e-03 2.032309472560882568e-01 7.951281070709228516e-01 -3.030019346624612808e-03 9.999441504478454590e-01 -1.013076864182949066e-02 -2.023398429155349731e-01 -2.032704949378967285e-01 9.303423576056957245e-03 9.790782928466796875e-01 7.166686534881591797e+00
9.713571667671203613e-01 4.518390167504549026e-03 2.375805079936981201e-01 1.001590609550476074e+00 -2.111372537910938263e-03 9.999439120292663574e-01 -1.038483716547489166e-02 -2.284804582595825195e-01 -2.376140803098678589e-01 9.585767053067684174e-03 9.713122248649597168e-01 7.928387641906738281e+00
9.633172750473022461e-01 6.805578246712684631e-03 2.682782709598541260e-01 1.259878396987915039e+00 -3.787243040278553963e-03 9.999236464500427246e-01 -1.176665350794792175e-02 -2.594969272613525391e-01 -2.683378458023071289e-01 1.031898986548185349e-02 9.632694721221923828e-01 8.840825080871582031e+00
9.583788514137268066e-01 7.014097645878791809e-03 2.854126989841461182e-01 1.405405521392822266e+00 -2.882146043702960014e-03 9.998849630355834961e-01 -1.489454414695501328e-02 -2.779837548732757568e-01 -2.854843139648437500e-01 1.345201954245567322e-02 9.582888484001159668e-01 9.259004592895507812e+00
9.498695731163024902e-01 6.289649289101362228e-03 3.125825822353363037e-01 1.640612244606018066e+00 -1.723205670714378357e-03 9.998878240585327148e-01 -1.488282810896635056e-02 -3.074938058853149414e-01 -3.126411139965057373e-01 1.359810493886470795e-02 9.497739076614379883e-01 9.957674026489257812e+00
9.427984952926635742e-01 5.711120553314685822e-03 3.333136439323425293e-01 1.812137722969055176e+00 -8.043341222219169140e-05 9.998571872711181641e-01 -1.690436899662017822e-02 -3.262805938720703125e-01 -3.333625793457031250e-01 1.591060869395732880e-02 9.426643252372741699e-01 1.038659954071044922e+01
9.364384412765502930e-01 6.902153138071298599e-03 3.507633209228515625e-01 1.949218511581420898e+00 4.769502556882798672e-04 9.997805356979370117e-01 -2.094648033380508423e-02 -3.418188095092773438e-01 -3.508309125900268555e-01 1.978239044547080994e-02 9.362297058105468750e-01 1.071840667724609375e+01
9.285529255867004395e-01 7.893728092312812805e-03 3.711155951023101807e-01 2.094937562942504883e+00 -2.614022814668715000e-04 9.997875690460205078e-01 -2.061165682971477509e-02 -3.587403893470764160e-01 -3.711994886398315430e-01 1.904200948774814606e-02 9.283577799797058105e-01 1.102442455291748047e+01
9.184041023254394531e-01 7.164173759520053864e-03 3.955783247947692871e-01 2.265726566314697266e+00 1.192780211567878723e-03 9.997813701629638672e-01 -2.087587304413318634e-02 -3.786980807781219482e-01 -3.956414759159088135e-01 1.964433118700981140e-02 9.181948304176330566e-01 1.135591697692871094e+01
9.103727936744689941e-01 7.472375873476266861e-03 4.137211740016937256e-01 2.400362730026245117e+00 2.120182849466800690e-03 9.997395277023315430e-01 -2.272198349237442017e-02 -3.935647010803222656e-01 -4.137833118438720703e-01 2.156264521181583405e-02 9.101198911666870117e-01 1.160090923309326172e+01
9.052534699440002441e-01 8.165890350937843323e-03 4.247929453849792480e-01 2.612306594848632812e+00 2.154468093067407608e-03 9.997141361236572266e-01 -2.380894497036933899e-02 -4.194084405899047852e-01 -4.248660802841186523e-01 2.246833406388759613e-02 9.049772024154663086e-01 1.203304862976074219e+01
8.967168331146240234e-01 7.712620310485363007e-03 4.425370395183563232e-01 2.808032035827636719e+00 3.506036940962076187e-03 9.996929764747619629e-01 -2.452709898352622986e-02 -4.412476122379302979e-01 -4.425904750823974609e-01 2.354541607201099396e-02 8.964145183563232422e-01 1.238866329193115234e+01
8.902297616004943848e-01 7.915243506431579590e-03 4.554424881935119629e-01 2.981794834136962891e+00 4.926929250359535217e-03 9.996231794357299805e-01 -2.700303122401237488e-02 -4.618253707885742188e-01 -4.554847478866577148e-01 2.628283947706222534e-02 8.898553252220153809e-01 1.270843601226806641e+01
8.766316771507263184e-01 1.016867905855178833e-02 4.810541272163391113e-01 3.362051963806152344e+00 3.884479869157075882e-03 9.995945096015930176e-01 -2.820843271911144257e-02 -4.971012771129608154e-01 -4.811460673809051514e-01 2.659705467522144318e-02 8.762367367744445801e-01 1.337532806396484375e+01
8.602882027626037598e-01 9.305983781814575195e-03 5.097227096557617188e-01 3.785381793975830078e+00 4.313048906624317169e-03 9.996647238731384277e-01 -2.553015202283859253e-02 -5.365909934043884277e-01 -5.097895860671997070e-01 2.416175045073032379e-02 8.599596619606018066e-01 1.406904315948486328e+01
8.408694267272949219e-01 8.181620389223098755e-03 5.411758422851562500e-01 4.227108478546142578e+00 5.715476348996162415e-03 9.996957778930664062e-01 -2.399417944252490997e-02 -5.754449963569641113e-01 -5.412076711654663086e-01 2.326905354857444763e-02 8.405669331550598145e-01 1.471820831298828125e+01
8.247843384742736816e-01 9.085816331207752228e-03 5.653741955757141113e-01 4.569326400756835938e+00 5.493661388754844666e-03 9.996949434280395508e-01 -2.407980151474475861e-02 -6.042494177818298340e-01 -5.654206871986389160e-01 2.296661958098411560e-02 8.244828581809997559e-01 1.517237663269042969e+01
8.089065551757812500e-01 1.062468811869621277e-02 5.878410935401916504e-01 4.984468460083007812e+00 6.042981054633855820e-03 9.996336698532104492e-01 -2.638293989002704620e-02 -6.386410593986511230e-01 -5.879061818122863770e-01 2.489364892244338989e-02 8.085460066795349121e-01 1.571738719940185547e+01
7.891308069229125977e-01 1.134492363780736923e-02 6.141202449798583984e-01 5.452573776245117188e+00 6.734058260917663574e-03 9.996095299720764160e-01 -2.711931057274341583e-02 -6.709465384483337402e-01 -6.141881942749023438e-01 2.553620934486389160e-02 7.887462377548217773e-01 1.630004310607910156e+01
7.748797535896301270e-01 1.078896131366491318e-02 6.320164203643798828e-01 5.790391921997070312e+00 8.459803648293018341e-03 9.995877742767333984e-01 -2.743569761514663696e-02 -6.939085125923156738e-01 -6.320520043373107910e-01 2.660610899329185486e-02 7.744689583778381348e-01 1.669330406188964844e+01
7.557945251464843750e-01 1.210404466837644577e-02 6.546968221664428711e-01 6.228771209716796875e+00 8.382276631891727448e-03 9.995683431625366211e-01 -2.815664559602737427e-02 -7.237389683723449707e-01 -6.547551751136779785e-01 2.676849439740180969e-02 7.553667426109313965e-01 1.717158889770507812e+01
7.326361536979675293e-01 1.275854371488094330e-02 6.805008053779602051e-01 6.700761795043945312e+00 9.395739063620567322e-03 9.995393753051757812e-01 -2.885565161705017090e-02 -7.559147477149963379e-01 -6.805556416511535645e-01 2.753450348973274231e-02 7.321787476539611816e-01 1.764980506896972656e+01
7.123720049858093262e-01 1.215402688831090927e-02 7.016966342926025391e-01 7.224039554595947266e+00 8.723203092813491821e-03 9.996193647384643555e-01 -2.617019228637218475e-02 -7.927563190460205078e-01 -7.017478346824645996e-01 2.476395666599273682e-02 7.119948267936706543e-01 1.815711784362792969e+01
6.889898777008056641e-01 1.237418316304683685e-02 7.246652245521545410e-01 7.742223739624023438e+00 9.490703232586383820e-03 9.996144771575927734e-01 -2.609257213771343231e-02 -8.263642787933349609e-01 -7.247088551521301270e-01 2.485510334372520447e-02 6.886067390441894531e-01 1.863148307800292969e+01
6.664261221885681152e-01 1.066312566399574280e-02 7.454946637153625488e-01 8.273597717285156250e+00 1.336071826517581940e-02 9.995663762092590332e-01 -2.624083310365676880e-02 -8.585807681083679199e-01 -7.454513311386108398e-01 2.744792774319648743e-02 6.659946441650390625e-01 1.908791160583496094e+01
6.421378254890441895e-01 1.116156019270420074e-02 7.665077447891235352e-01 8.804903984069824219e+00 1.552041806280612946e-02 9.994997382164001465e-01 -2.755639329552650452e-02 -8.916302323341369629e-01 -7.664320468902587891e-01 2.959153056144714355e-02 6.416434049606323242e-01 1.951228523254394531e+01
6.171328425407409668e-01 1.019241195172071457e-02 7.867928147315979004e-01 9.548663139343261719e+00 1.696977019309997559e-02 9.995111227035522461e-01 -2.625850029289722443e-02 -9.386277198791503906e-01 -7.866759896278381348e-01 2.955668047070503235e-02 6.166582107543945312e-01 2.009138107299804688e+01
5.905176401138305664e-01 1.209369022399187088e-02 8.069338798522949219e-01 1.033713054656982422e+01 1.735871285200119019e-02 9.994660019874572754e-01 -2.768234908580780029e-02 -9.844545722007751465e-01 -8.068379163742065430e-01 3.035425581037998199e-02 5.899925231933593750e-01 2.065574264526367188e+01
5.618362426757812500e-01 1.309322938323020935e-02 8.271446228027343750e-01 1.110299491882324219e+01 1.734229549765586853e-02 9.994685053825378418e-01 -2.760069817304611206e-02 -1.031667232513427734e+00 -8.270665407180786133e-01 2.985166385769844055e-02 5.613107681274414062e-01 2.117363929748535156e+01
5.316479802131652832e-01 1.332010980695486069e-02 8.468605279922485352e-01 1.191909408569335938e+01 1.783298328518867493e-02 9.994785785675048828e-01 -2.691588550806045532e-02 -1.079286336898803711e+00 -8.467775583267211914e-01 2.941182814538478851e-02 5.311333537101745605e-01 2.168176078796386719e+01
5.058686137199401855e-01 1.443078368902206421e-02 8.624897003173828125e-01 1.278033351898193359e+01 1.952300220727920532e-02 9.994123578071594238e-01 -2.817233279347419739e-02 -1.125466346740722656e+00 -8.623895645141601562e-01 3.108988888561725616e-02 5.052897334098815918e-01 2.219225120544433594e+01
4.742169380187988281e-01 1.399753801524639130e-02 8.802965879440307617e-01 1.366543006896972656e+01 1.913973316550254822e-02 9.994733333587646484e-01 -2.620312571525573730e-02 -1.173701882362365723e+00 -8.801999092102050781e-01 2.927461080253124237e-02 4.736993312835693359e-01 2.266365432739257812e+01
4.642756283283233643e-01 1.327637024223804474e-02 8.855910897254943848e-01 1.438855552673339844e+01 1.906411163508892059e-02 9.995061159133911133e-01 -2.497855573892593384e-02 -1.209824800491333008e+00 -8.854854702949523926e-01 2.847994677722454071e-02 4.637932777404785156e-01 2.303368186950683594e+01
4.528847038745880127e-01 1.130689308047294617e-02 8.914971947669982910e-01 1.507767772674560547e+01 2.045274339616298676e-02 9.995245933532714844e-01 -2.306706458330154419e-02 -1.246444821357727051e+00 -8.913343548774719238e-01 2.868029661476612091e-02 4.524382352828979492e-01 2.338197326660156250e+01
4.433002471923828125e-01 1.146144047379493713e-02 8.962997794151306152e-01 1.576968574523925781e+01 2.051080949604511261e-02 9.995266795158386230e-01 -2.292584627866744995e-02 -1.279517173767089844e+00 -8.961384296417236328e-01 2.854687906801700592e-02 4.428553879261016846e-01 2.371984672546386719e+01
4.306398332118988037e-01 1.006782148033380508e-02 9.024676084518432617e-01 1.647822570800781250e+01 2.091499418020248413e-02 9.995578527450561523e-01 -2.113113738596439362e-02 -1.311563849449157715e+00 -9.022814631462097168e-01 2.797502093017101288e-02 4.302389025688171387e-01 2.404936981201171875e+01
4.195337891578674316e-01 9.275045245885848999e-03 9.076921939849853516e-01 1.729990577697753906e+01 2.111000195145606995e-02 9.995775818824768066e-01 -1.997092738747596741e-02 -1.343716502189636230e+00 -9.074941277503967285e-01 2.753987163305282593e-02 4.191608130931854248e-01 2.442520523071289062e+01
4.106429517269134521e-01 1.051409728825092316e-02 9.117354750633239746e-01 1.812041091918945312e+01 2.362451888620853424e-02 9.994750022888183594e-01 -2.216628752648830414e-02 -1.378564000129699707e+00 -9.114900827407836914e-01 3.064174950122833252e-02 4.101790189743041992e-01 2.479481887817382812e+01
4.009438753128051758e-01 1.103985309600830078e-02 9.160359501838684082e-01 1.894317626953125000e+01 2.374787442386150360e-02 9.994660019874572754e-01 -2.243961207568645477e-02 -1.416033506393432617e+00 -9.157947301864624023e-01 3.075094148516654968e-02 4.004676342010498047e-01 2.515383720397949219e+01
3.925863802433013916e-01 1.280322670936584473e-02 9.196258783340454102e-01 1.974829483032226562e+01 2.381076291203498840e-02 9.994263648986816406e-01 -2.407895587384700775e-02 -1.450418591499328613e+00 -9.194067716598510742e-01 3.135006874799728394e-02 3.920563757419586182e-01 2.549504661560058594e+01
3.849110007286071777e-01 1.283030584454536438e-02 9.228643774986267090e-01 2.063076591491699219e+01 2.404162660241127014e-02 9.994246363639831543e-01 -2.392201684415340424e-02 -1.491301059722900391e+00 -9.226404428482055664e-01 3.139501437544822693e-02 3.843811452388763428e-01 2.585983467102050781e+01
3.749957680702209473e-01 1.047686673700809479e-02 9.269671440124511719e-01 2.147862243652343750e+01 2.439046464860439301e-02 9.994783401489257812e-01 -2.116330899298191071e-02 -1.531157255172729492e+00 -9.267055392265319824e-01 3.054532222449779510e-02 3.745447397232055664e-01 2.619830894470214844e+01
3.733683526515960693e-01 1.166024338454008102e-02 9.276097416877746582e-01 2.231068992614746094e+01 2.520034275949001312e-02 9.994243979454040527e-01 -2.270621992647647858e-02 -1.570920467376708984e+00 -9.273407459259033203e-01 3.185388073325157166e-02 3.728597164154052734e-01 2.653342247009277344e+01
3.655698895454406738e-01 1.227922644466161728e-02 9.307027459144592285e-01 2.316222953796386719e+01 2.486887387931346893e-02 9.994270205497741699e-01 -2.295412868261337280e-02 -1.609578251838684082e+00 -9.304515719413757324e-01 3.153687715530395508e-02 3.650552034378051758e-01 2.686457824707031250e+01
3.638031482696533203e-01 1.320273429155349731e-02 9.313821196556091309e-01 2.397165489196777344e+01 2.573022991418838501e-02 9.993754029273986816e-01 -2.421690523624420166e-02 -1.647207140922546387e+00 -9.311203956604003906e-01 3.277487307786941528e-02 3.632363379001617432e-01 2.718000793457031250e+01
3.628869056701660156e-01 1.404670160263776779e-02 9.317271113395690918e-01 2.482498359680175781e+01 2.617067657411098480e-02 9.993382096290588379e-01 -2.525885961949825287e-02 -1.687530040740966797e+00 -9.314656257629394531e-01 3.355005010962486267e-02 3.622792363166809082e-01 2.750858879089355469e+01
3.625918626785278320e-01 1.498802937567234039e-02 9.318273067474365234e-01 2.587023735046386719e+01 2.562013268470764160e-02 9.993323087692260742e-01 -2.604306302964687347e-02 -1.742217898368835449e+00 -9.315958023071289062e-01 3.331655263900756836e-02 3.619658648967742920e-01 2.791688728332519531e+01
3.617655634880065918e-01 1.618740335106849670e-02 9.321284294128417969e-01 2.690368461608886719e+01 2.593461051583290100e-02 9.992873668670654297e-01 -2.741905674338340759e-02 -1.797203302383422852e+00 -9.319083094596862793e-01 3.409366682171821594e-02 3.610880076885223389e-01 2.832086753845214844e+01
3.611984550952911377e-01 1.743119582533836365e-02 9.323258996009826660e-01 2.774953460693359375e+01 2.592096850275993347e-02 9.992510676383972168e-01 -2.872463315725326538e-02 -1.841515660285949707e+00 -9.321286082267761230e-01 3.454209119081497192e-02 3.604761362075805664e-01 2.865019226074218750e+01
3.624710738658905029e-01 1.854801550507545471e-02 9.318103194236755371e-01 2.859264564514160156e+01 2.516356483101844788e-02 9.992426037788391113e-01 -2.967878244817256927e-02 -1.885319828987121582e+00 -9.316552281379699707e-01 3.420537710189819336e-02 3.617298007011413574e-01 2.897522926330566406e+01
3.631302416324615479e-01 1.791448518633842468e-02 9.315660595893859863e-01 2.945839118957519531e+01 2.473449707031250000e-02 9.992774128913879395e-01 -2.885822951793670654e-02 -1.930972337722778320e+00 -9.314099550247192383e-01 3.352111950516700745e-02 3.624247312545776367e-01 2.931161689758300781e+01
3.625654578208923340e-01 1.819802820682525635e-02 9.317804574966430664e-01 3.051124954223632812e+01 2.532748319208621979e-02 9.992476105690002441e-01 -2.937083132565021515e-02 -1.990193724632263184e+00 -9.316139817237854004e-01 3.424851223826408386e-02 3.618317544460296631e-01 2.972367286682128906e+01
3.605257272720336914e-01 1.974881812930107117e-02 9.325399994850158691e-01 3.138183784484863281e+01 2.630870789289474487e-02 9.991627335548400879e-01 -3.133078292012214661e-02 -2.036967039108276367e+00 -9.323780536651611328e-01 3.582948446273803711e-02 3.597043156623840332e-01 3.005986022949218750e+01
3.591160178184509277e-01 2.210571058094501495e-02 9.330309629440307617e-01 3.244928359985351562e+01 2.515948750078678131e-02 9.991267919540405273e-01 -3.335531800985336304e-02 -2.099906682968139648e+00 -9.329535961151123047e-01 3.545301407575607300e-02 3.582462966442108154e-01 3.047030258178710938e+01
3.576304614543914795e-01 2.405654266476631165e-02 9.335530996322631836e-01 3.351774215698242188e+01 2.572837099432945251e-02 9.990348815917968750e-01 -3.560004755854606628e-02 -2.164846658706665039e+00 -9.335085749626159668e-01 3.675046563148498535e-02 3.566663563251495361e-01 3.088036537170410156e+01
3.577596843242645264e-01 2.433225885033607483e-02 9.334964156150817871e-01 3.453254699707031250e+01 2.448204718530178070e-02 9.990724921226501465e-01 -3.542416915297508240e-02 -2.227702140808105469e+00 -9.334926009178161621e-01 3.552724421024322510e-02 3.568320870399475098e-01 3.126949310302734375e+01
3.599190413951873779e-01 2.396504022181034088e-02 9.326754808425903320e-01 3.540716552734375000e+01 2.335504814982414246e-02 9.991254210472106934e-01 -3.468511998653411865e-02 -2.279495716094970703e+00 -9.326910972595214844e-01 3.426651656627655029e-02 3.590444922447204590e-01 3.160699653625488281e+01
3.608227968215942383e-01 2.375498786568641663e-02 9.323316216468811035e-01 3.628034591674804688e+01 2.421675622463226318e-02 9.990999102592468262e-01 -3.482829406857490540e-02 -2.332093477249145508e+00 -9.323198795318603516e-01 3.514488786458969116e-02 3.599226474761962891e-01 3.194826126098632812e+01
3.607293963432312012e-01 2.469277195632457733e-02 9.323433637619018555e-01 3.732783126831054688e+01 2.333904989063739777e-02 9.990975260734558105e-01 -3.549070283770561218e-02 -2.396027803421020508e+00 -9.323784112930297852e-01 3.456254303455352783e-02 3.598273992538452148e-01 3.235274505615234375e+01
3.607676923274993896e-01 2.486996166408061981e-02 9.323238134384155273e-01 3.820366287231445312e+01 2.256294153630733490e-02 9.991191625595092773e-01 -3.538254275918006897e-02 -2.447284460067749023e+00 -9.323826432228088379e-01 3.380084410309791565e-02 3.598886728286743164e-01 3.269098663330078125e+01
3.593102991580963135e-01 2.648322097957134247e-02 9.328420758247375488e-01 3.906711578369140625e+01 2.341511845588684082e-02 9.990267753601074219e-01 -3.738113120198249817e-02 -2.500534534454345703e+00 -9.329242706298828125e-01 3.527402877807617188e-02 3.583403825759887695e-01 3.302266311645507812e+01
3.593612313270568848e-01 2.693074569106101990e-02 9.328095912933349609e-01 3.992073059082031250e+01 2.366861701011657715e-02 9.989989995956420898e-01 -3.795985877513885498e-02 -2.555453777313232422e+00 -9.328982234001159668e-01 3.571961447596549988e-02 3.583639860153198242e-01 3.335295486450195312e+01
3.587883114814758301e-01 2.850960195064544678e-02 9.329831600189208984e-01 4.080966949462890625e+01 2.426347695291042328e-02 9.989109635353088379e-01 -3.985489904880523682e-02 -2.611559629440307617e+00 -9.331034421920776367e-01 3.693689033389091492e-02 3.577057421207427979e-01 3.369524002075195312e+01
3.592157065868377686e-01 3.026892803609371185e-02 9.327632784843444824e-01 4.167908477783203125e+01 2.430603094398975372e-02 9.988315105438232422e-01 -4.177331551909446716e-02 -2.669529199600219727e+00 -9.329378604888916016e-01 3.767740726470947266e-02 3.580601811408996582e-01 3.402999496459960938e+01
3.562908470630645752e-01 3.143068030476570129e-02 9.338459968566894531e-01 4.242742156982421875e+01 2.380005270242691040e-02 9.988046288490295410e-01 -4.269739985466003418e-02 -2.719691276550292969e+00 -9.340717792510986328e-01 3.743828460574150085e-02 3.551168441772460938e-01 3.431639480590820312e+01
3.556371331214904785e-01 3.235973417758941650e-02 9.340633749961853027e-01 4.324246215820312500e+01 2.225991524755954742e-02 9.988237619400024414e-01 -4.307851940393447876e-02 -2.775400161743164062e+00 -9.343588948249816895e-01 3.611250221729278564e-02 3.544984161853790283e-01 3.462951278686523438e+01
3.551143407821655273e-01 3.501345217227935791e-02 9.341665506362915039e-01 4.406589889526367188e+01 2.203750051558017731e-02 9.987071752548217773e-01 -4.580977931618690491e-02 -2.831530809402465820e+00 -9.345629811286926270e-01 3.685441613197326660e-02 3.538835346698760986e-01 3.494358825683593750e+01
3.538334071636199951e-01 3.639658167958259583e-02 9.345996379852294922e-01 4.492021179199218750e+01 2.230735495686531067e-02 9.986299872398376465e-01 -4.733551666140556335e-02 -2.893862247467041016e+00 -9.350423216819763184e-01 3.759733960032463074e-02 3.525366783142089844e-01 3.526593780517578125e+01
3.491525948047637939e-01 3.904886543750762939e-02 9.362515807151794434e-01 4.567486190795898438e+01 2.149687707424163818e-02 9.985346794128417969e-01 -4.966324567794799805e-02 -2.950732946395874023e+00 -9.368191361427307129e-01 3.746653720736503601e-02 3.478015363216400146e-01 3.554461288452148438e+01
3.436231911182403564e-01 4.053328186273574829e-02 9.382321238517761230e-01 4.642821502685546875e+01 2.070997096598148346e-02 9.984980821609497070e-01 -5.072176456451416016e-02 -3.008790969848632812e+00 -9.388791322708129883e-01 3.685993328690528870e-02 3.422676324844360352e-01 3.581997680664062500e+01
3.428688645362854004e-01 4.183876514434814453e-02 9.384507536888122559e-01 4.729922103881835938e+01 2.109337970614433289e-02 9.984129071235656738e-01 -5.221860483288764954e-02 -3.075744867324829102e+00 -9.391462802886962891e-01 3.769923001527786255e-02 3.414421677589416504e-01 3.614024734497070312e+01
3.421198129653930664e-01 4.440963640809059143e-02 9.386060237884521484e-01 4.815665817260742188e+01 2.052701450884342194e-02 9.982910156250000000e-01 -5.471560731530189514e-02 -3.143588781356811523e+00 -9.394319057464599609e-01 3.798606991767883301e-02 3.406234979629516602e-01 3.645190429687500000e+01
3.419077992439270020e-01 4.412811622023582458e-02 9.386965036392211914e-01 4.900688934326171875e+01 2.123408578336238861e-02 9.982790946960449219e-01 -5.466327816247940063e-02 -3.211276292800903320e+00 -9.394933581352233887e-01 3.862216323614120483e-02 3.403823375701904297e-01 3.676013565063476562e+01
3.401158154010772705e-01 4.603156447410583496e-02 9.392558932304382324e-01 5.018698120117187500e+01 2.110590599477291107e-02 9.981760382652282715e-01 -5.656180530786514282e-02 -3.306666374206542969e+00 -9.401463866233825684e-01 3.906141221523284912e-02 3.385238945484161377e-01 3.718870162963867188e+01
3.388678729534149170e-01 4.642447456717491150e-02 9.396874904632568359e-01 5.106024551391601562e+01 2.232651598751544952e-02 9.981037974357604980e-01 -5.736176669597625732e-02 -3.378947734832763672e+00 -9.405687451362609863e-01 4.041800647974014282e-02 3.371887505054473877e-01 3.750283050537109375e+01
3.376995623111724854e-01 4.767148941755294800e-02 9.400455951690673828e-01 5.191771697998046875e+01 2.054372988641262054e-02 9.981054663658142090e-01 -5.799583345651626587e-02 -3.448408842086791992e+00 -9.410294294357299805e-01 3.889720886945724487e-02 3.360803425312042236e-01 3.780733489990234375e+01
3.361834585666656494e-01 4.953151196241378784e-02 9.404927492141723633e-01 5.278544235229492188e+01 1.996140554547309875e-02 9.980170726776123047e-01 -5.969629436731338501e-02 -3.520695447921752930e+00 -9.415846467018127441e-01 3.884246200323104858e-02 3.345280289649963379e-01 3.811663436889648438e+01
3.361544907093048096e-01 5.132933333516120911e-02 9.404066801071166992e-01 5.364348602294921875e+01 2.006435021758079529e-02 9.978968501091003418e-01 -6.163933500647544861e-02 -3.594275712966918945e+00 -9.415928125381469727e-01 3.958898410201072693e-02 3.344175517559051514e-01 3.842266464233398438e+01
3.297751545906066895e-01 5.289122834801673889e-02 9.425762295722961426e-01 5.458539962768554688e+01 2.062476798892021179e-02 9.977874755859375000e-01 -6.320515275001525879e-02 -3.681409120559692383e+00 -9.438338875770568848e-01 4.028390347957611084e-02 3.279545903205871582e-01 3.875164031982421875e+01
3.285705745220184326e-01 5.506188422441482544e-02 9.428725242614746094e-01 5.565013122558593750e+01 2.034346945583820343e-02 9.976550340652465820e-01 -6.535025686025619507e-02 -3.779365539550781250e+00 -9.442600011825561523e-01 4.065347090363502502e-02 3.266798853874206543e-01 3.912155151367187500e+01
3.288360238075256348e-01 5.645803734660148621e-02 9.426974058151245117e-01 5.673197174072265625e+01 1.983484067022800446e-02 9.975783824920654297e-01 -6.666366010904312134e-02 -3.878246068954467773e+00 -9.441784024238586426e-01 4.061967134475708008e-02 3.269198238849639893e-01 3.949651718139648438e+01
3.284127414226531982e-01 5.824244022369384766e-02 9.427363872528076172e-01 5.781133651733398438e+01 1.968726143240928650e-02 9.974581599235534668e-01 -6.848136335611343384e-02 -3.981288194656372070e+00 -9.443287849426269531e-01 4.105005785822868347e-02 3.264312744140625000e-01 3.987255477905273438e+01
3.285109698772430420e-01 5.902272462844848633e-02 9.426535964012145996e-01 5.886094284057617188e+01 1.922017149627208710e-02 9.974211454391479492e-01 -6.914998590946197510e-02 -4.083790302276611328e+00 -9.443042278289794922e-01 4.083449393510818481e-02 3.265292644500732422e-01 4.023839950561523438e+01
3.267208635807037354e-01 6.080183759331703186e-02 9.431625604629516602e-01 5.992484664916992188e+01 1.870867609977722168e-02 9.973169565200805664e-01 -7.077375054359436035e-02 -4.188700199127197266e+00 -9.449353814125061035e-01 4.076858237385749817e-02 3.247066438198089600e-01 4.060643386840820312e+01
3.175458610057830811e-01 6.129683926701545715e-02 9.462590813636779785e-01 6.080238342285156250e+01 1.820716261863708496e-02 9.973304271697998047e-01 -7.071503996849060059e-02 -4.271997928619384766e+00 -9.480677843093872070e-01 3.968396410346031189e-02 3.155820369720458984e-01 4.089554595947265625e+01
3.178825676441192627e-01 6.118525564670562744e-02 9.461532831192016602e-01 6.184763717651367188e+01 1.710603572428226471e-02 9.973830580711364746e-01 -7.024526596069335938e-02 -4.374320507049560547e+00 -9.479754567146301270e-01 3.851467743515968323e-02 3.160040080547332764e-01 4.124358367919921875e+01
3.171001970767974854e-01 6.326846033334732056e-02 9.462788105010986328e-01 6.292182922363281250e+01 1.692292094230651855e-02 9.972360134124755859e-01 -7.234632223844528198e-02 -4.480661392211914062e+00 -9.482407569885253906e-01 3.895483538508415222e-02 3.151530325412750244e-01 4.160306930541992188e+01
3.159479200839996338e-01 6.470651179552078247e-02 9.465669393539428711e-01 6.380583190917968750e+01 1.698717288672924042e-02 9.971259832382202148e-01 -7.383264601230621338e-02 -4.568701744079589844e+00 -9.486242532730102539e-01 3.940676897764205933e-02 3.139406740665435791e-01 4.189892959594726562e+01
3.158853650093078613e-01 6.465086340904235840e-02 9.465916156768798828e-01 6.467877960205078125e+01 1.707055047154426575e-02 9.971270561218261719e-01 -7.379887998104095459e-02 -4.655035495758056641e+00 -9.486435651779174805e-01 3.947082906961441040e-02 3.138742148876190186e-01 4.218562316894531250e+01
3.160905539989471436e-01 6.440614163875579834e-02 9.465397596359252930e-01 6.554893493652343750e+01 1.576657406985759735e-02 9.971986413002014160e-01 -7.311823219060897827e-02 -4.743793487548828125e+00 -9.485977888107299805e-01 3.803567215800285339e-02 3.141895830631256104e-01 4.247749328613281250e+01
3.141340613365173340e-01 6.658776104450225830e-02 9.470400214195251465e-01 6.640672302246093750e+01 1.605273969471454620e-02 9.970221519470214844e-01 -7.542671263217926025e-02 -4.829864978790283203e+00 -9.492427110671997070e-01 3.889668732881546021e-02 3.121296763420104980e-01 4.276332855224609375e+01
3.097257018089294434e-01 6.939218938350677490e-02 9.482898712158203125e-01 6.713681030273437500e+01 1.436522789299488068e-02 9.968779683113098145e-01 -7.763951271772384644e-02 -4.906256198883056641e+00 -9.507172107696533203e-01 3.766934946179389954e-02 3.077618479728698730e-01 4.300149917602539062e+01
3.029234111309051514e-01 7.069820165634155273e-02 9.503884911537170410e-01 6.791497802734375000e+01 1.434302795678377151e-02 9.967933893203735352e-01 -7.872179150581359863e-02 -4.985128402709960938e+00 -9.529067277908325195e-01 3.747811168432235718e-02 3.009379804134368896e-01 4.324547195434570312e+01
2.980036735534667969e-01 7.031804323196411133e-02 9.519707560539245605e-01 6.858949279785156250e+01 1.543166022747755051e-02 9.967978000640869141e-01 -7.845987379550933838e-02 -5.056367397308349609e+00 -9.544397592544555664e-01 3.807181119918823242e-02 2.959642112255096436e-01 4.345094299316406250e+01
2.953474521636962891e-01 7.239575684070587158e-02 9.526425600051879883e-01 6.961431884765625000e+01 1.639590971171855927e-02 9.965938925743103027e-01 -8.081898093223571777e-02 -5.165451526641845703e+00 -9.552490115165710449e-01 3.948911279439926147e-02 2.931544184684753418e-01 4.376918411254882812e+01
2.967142164707183838e-01 7.284416258335113525e-02 9.521835446357727051e-01 7.068440246582031250e+01 1.633974537253379822e-02 9.965531826019287109e-01 -8.133018016815185547e-02 -5.283367633819580078e+00 -9.548262953758239746e-01 3.969024866819381714e-02 2.945011854171752930e-01 4.410091781616210938e+01
2.956060767173767090e-01 7.338167726993560791e-02 9.524868726730346680e-01 7.169646453857421875e+01 1.699604280292987823e-02 9.964835643768310547e-01 -8.204596489667892456e-02 -5.394249916076660156e+00 -9.551584720611572266e-01 4.044178873300552368e-02 2.933193445205688477e-01 4.441428375244140625e+01
2.940705418586730957e-01 7.421454787254333496e-02 9.528976082801818848e-01 7.270774078369140625e+01 1.768947206437587738e-02 9.963874220848083496e-01 -8.306069672107696533e-02 -5.504576683044433594e+00 -9.556196928024291992e-01 4.128194972872734070e-02 2.916952967643737793e-01 4.472742843627929688e+01
2.922405302524566650e-01 7.536256313323974609e-02 9.533703327178955078e-01 7.377098846435546875e+01 1.813086867332458496e-02 9.962743520736694336e-01 -8.431173115968704224e-02 -5.621550559997558594e+00 -9.561726450920104980e-01 4.192472621798515320e-02 2.897852659225463867e-01 4.505062103271484375e+01
2.903451919555664062e-01 7.857125997543334961e-02 9.536903500556945801e-01 7.478694915771484375e+01 1.784519851207733154e-02 9.960053563117980957e-01 -8.749026060104370117e-02 -5.736222267150878906e+00 -9.567552208900451660e-01 4.242115840315818787e-02 2.877832055091857910e-01 4.536157608032226562e+01
2.826949059963226318e-01 7.882595807313919067e-02 9.559650421142578125e-01 7.544016265869140625e+01 1.838858611881732941e-02 9.959889650344848633e-01 -8.756397664546966553e-02 -5.808743000030517578e+00 -9.590331912040710449e-01 4.233272373676300049e-02 2.801114916801452637e-01 4.554972839355468750e+01
2.807458937168121338e-01 8.068265020847320557e-02 9.563844203948974609e-01 7.652549743652343750e+01 1.818839460611343384e-02 9.958340525627136230e-01 -8.934985101222991943e-02 -5.934942245483398438e+00 -9.596093297004699707e-01 4.247968643903732300e-02 2.781087756156921387e-01 4.586724090576171875e+01
2.809115946292877197e-01 8.101039379835128784e-02 9.563080668449401855e-01 7.759965515136718750e+01 1.830706559121608734e-02 9.957973957061767578e-01 -8.973318338394165039e-02 -6.058490276336669922e+00 -9.595586061477661133e-01 4.271426796913146973e-02 2.782478928565979004e-01 4.618131256103515625e+01
2.805990874767303467e-01 8.150228112936019897e-02 9.563580155372619629e-01 7.866833496093750000e+01 1.810157671570777893e-02 9.957615733146667480e-01 -9.017134457826614380e-02 -6.182500362396240234e+00 -9.596539735794067383e-01 4.261356964707374573e-02 2.779344022274017334e-01 4.649300765991210938e+01
2.819034159183502197e-01 8.175670355558395386e-02 9.559526443481445312e-01 7.973577117919921875e+01 1.797952689230442047e-02 9.957374930381774902e-01 -9.046124666929244995e-02 -6.307141780853271484e+00 -9.592739343643188477e-01 4.268889501690864563e-02 2.792317867279052734e-01 4.680425262451171875e+01
2.805121541023254395e-01 8.417901396751403809e-02 9.561516642570495605e-01 8.082678222656250000e+01 1.729152910411357880e-02 9.955418705940246582e-01 -9.271980077028274536e-02 -6.436668395996093750e+00 -9.596943259239196777e-01 4.254233837127685547e-02 2.778059244155883789e-01 4.712221908569335938e+01
2.795027792453765869e-01 8.529252558946609497e-02 9.563485980033874512e-01 8.192977905273437500e+01 1.715031266212463379e-02 9.954438805580139160e-01 -9.379159659147262573e-02 -6.569094657897949219e+00 -9.599913358688354492e-01 4.261666908860206604e-02 2.767664492130279541e-01 4.744257736206054688e+01
2.791602611541748047e-01 8.612533658742904663e-02 9.563739895820617676e-01 8.300788116455078125e+01 1.718454621732234955e-02 9.953618645668029785e-01 -9.465239942073822021e-02 -6.701224327087402344e+00 -9.600903987884521484e-01 4.285801947116851807e-02 2.763853669166564941e-01 4.775538635253906250e+01
2.789204716682434082e-01 8.744838088750839233e-02 9.563238620758056641e-01 8.408567047119140625e+01 1.735670492053031921e-02 9.952232837677001953e-01 -9.606764465570449829e-02 -6.834145545959472656e+00 -9.601569771766662598e-01 4.339384660124778748e-02 2.760702669620513916e-01 4.806942749023437500e+01
2.785022556781768799e-01 8.784914016723632812e-02 9.564090371131896973e-01 8.517124938964843750e+01 1.619176939129829407e-02 9.952368736267089844e-01 -9.613054245710372925e-02 -6.968580722808837891e+00 -9.602987170219421387e-01 4.225850477814674377e-02 2.757531702518463135e-01 4.838259124755859375e+01
2.791697084903717041e-01 8.863005042076110840e-02 9.561423659324645996e-01 8.627201843261718750e+01 1.557051669806241989e-02 9.951823949813842773e-01 -9.679505228996276855e-02 -7.105679512023925781e+00 -9.601151347160339355e-01 4.190985485911369324e-02 2.764446735382080078e-01 4.870382308959960938e+01
2.793372273445129395e-01 9.065965563058853149e-02 9.559031128883361816e-01 8.735681915283203125e+01 1.447040122002363205e-02 9.950219988822937012e-01 -9.859830886125564575e-02 -7.239629268646240234e+00 -9.600836038589477539e-01 4.137445613741874695e-02 2.766347229480743408e-01 4.901753616333007812e+01
2.782814800739288330e-01 9.252329915761947632e-02 9.560324549674987793e-01 8.821105957031250000e+01 1.483292318880558014e-02 9.948168396949768066e-01 -1.005943045020103455e-01 -7.348433971405029297e+00 -9.603846073150634766e-01 4.217426106333732605e-02 2.754666209220886230e-01 4.926215362548828125e+01
2.764162719249725342e-01 9.446469694375991821e-02 9.563836455345153809e-01 8.906855773925781250e+01 1.521378941833972931e-02 9.946023821830749512e-01 -1.026367470622062683e-01 -7.459159851074218750e+00 -9.609171152114868164e-01 4.292065650224685669e-02 2.734870314598083496e-01 4.950896453857421875e+01
2.774989008903503418e-01 9.358834475278854370e-02 9.561563134193420410e-01 9.014573669433593750e+01 1.533161662518978119e-02 9.946855902671813965e-01 -1.018091365694999695e-01 -7.600100040435791016e+00 -9.606031179428100586e-01 4.291131347417831421e-02 2.745892405509948730e-01 4.982038879394531250e+01
2.771739959716796875e-01 9.423775970935821533e-02 9.561867713928222656e-01 9.124487304687500000e+01 1.547980215400457382e-02 9.946111440658569336e-01 -1.025118678808212280e-01 -7.742197036743164062e+00 -9.606945514678955078e-01 4.321517050266265869e-02 2.742215096950531006e-01 5.013683700561523438e+01
2.766554951667785645e-01 9.378619492053985596e-02 9.563812613487243652e-01 9.231092071533203125e+01 1.607408747076988220e-02 9.946351647377014160e-01 -1.021872684359550476e-01 -7.881006717681884766e+00 -9.608342051506042480e-01 4.364359378814697266e-02 2.736637294292449951e-01 5.044432449340820312e+01
2.765311598777770996e-01 9.379156678915023804e-02 9.564167261123657227e-01 9.318935394287109375e+01 1.826519891619682312e-02 9.945330619812011719e-01 -1.028104946017265320e-01 -7.992703437805175781e+00 -9.608309268951416016e-01 4.589941725134849548e-02 2.733062505722045898e-01 5.069667053222656250e+01
2.769065499305725098e-01 9.511317312717437744e-02 9.561775922775268555e-01 9.409278869628906250e+01 1.707416959106922150e-02 9.944447278976440430e-01 -1.038642898201942444e-01 -8.110674858093261719e+00 -9.607447385787963867e-01 4.508660733699798584e-02 2.737442851066589355e-01 5.095545578002929688e+01
2.761712074279785156e-01 9.613911062479019165e-02 9.562876820564270020e-01 9.517758941650390625e+01 1.734017767012119293e-02 9.943239092826843262e-01 -1.049707606434822083e-01 -8.253603935241699219e+00 -9.609516263008117676e-01 4.557206481695175171e-02 2.729365825653076172e-01 5.126828002929687500e+01
2.751949727535247803e-01 9.584987908601760864e-02 9.565981030464172363e-01 9.608983612060546875e+01 1.644689030945301056e-02 9.944024085998535156e-01 -1.043692454695701599e-01 -8.373366355895996094e+00 -9.612473845481872559e-01 4.445491731166839600e-02 2.720781266689300537e-01 5.152912521362304688e+01
2.738597393035888672e-01 9.502576291561126709e-02 9.570633769035339355e-01 9.715909576416015625e+01 1.612583175301551819e-02 9.945132732391357422e-01 -1.033584177494049072e-01 -8.515799522399902344e+00 -9.616340994834899902e-01 4.373911768198013306e-02 2.708247900009155273e-01 5.183170700073242188e+01
2.719565629959106445e-01 9.699152410030364990e-02 9.574087858200073242e-01 9.826435852050781250e+01 1.651126146316528320e-02 9.942907691001892090e-01 -1.054179519414901733e-01 -8.659440994262695312e+00 -9.621675610542297363e-01 4.447709769010543823e-02 2.688024640083312988e-01 5.214406967163085938e+01
