1.000000000000000000e+00 4.437298048287630081e-05 -6.979214958846569061e-04 -2.099920238833874464e-04 -4.437298048287630081e-05 1.000000000000000000e+00 -5.224474589340388775e-04 -4.190570488572120667e-02 6.979214958846569061e-04 5.224474589340388775e-04 1.000000000000000000e+00 2.570305347442626953e+00
1.000000119209289551e+00 4.526733246166259050e-04 -3.736609360203146935e-04 3.679837333038449287e-03 -4.519985232036560774e-04 9.999997019767761230e-01 8.392197778448462486e-04 -8.593138307332992554e-02 3.740685060620307922e-04 -8.390831062570214272e-04 9.999999403953552246e-01 5.159999847412109375e+00
9.999976158142089844e-01 2.092319075018167496e-03 -1.021673087961971760e-03 -1.837466144934296608e-03 -2.092196606099605560e-03 9.999979734420776367e-01 -2.263235510326921940e-04 -1.273904442787170410e-01 1.021208241581916809e-03 2.284385845996439457e-04 9.999998211860656738e-01 7.706392288208007812e+00
9.999822378158569336e-01 4.913187585771083832e-03 3.465759567916393280e-03 3.975436091423034668e-03 -4.908159375190734863e-03 9.999872446060180664e-01 -1.358147361315786839e-03 -1.742163896560668945e-01 -3.472371026873588562e-03 1.341113587841391563e-03 9.999935030937194824e-01 1.023354625701904297e+01
9.999766349792480469e-01 3.825883381068706512e-03 5.725203081965446472e-03 1.671485416591167450e-02 -3.804409643635153770e-03 9.999861121177673340e-01 -3.694817423820495605e-03 -2.157983779907226562e-01 -5.739237181842327118e-03 3.672955790534615517e-03 9.999771714210510254e-01 1.268042182922363281e+01
9.999759793281555176e-01 4.871899262070655823e-03 4.997074138373136520e-03 2.857181802392005920e-02 -4.865172784775495529e-03 9.999874830245971680e-01 -1.284125261008739471e-03 -2.694577276706695557e-01 -5.003231577575206757e-03 1.259793061763048172e-03 9.999870061874389648e-01 1.521098613739013672e+01
9.999420642852783203e-01 5.890294909477233887e-03 9.047587402164936066e-03 4.256071150302886963e-02 -5.879325326532125473e-03 9.999821186065673828e-01 -1.197919249534606934e-03 -3.198771178722381592e-01 -9.054444730281829834e-03 1.144679961726069450e-03 9.999586939811706543e-01 1.766002082824707031e+01
9.999037981033325195e-01 6.381190847605466843e-03 1.233594398945569992e-02 6.933929771184921265e-02 -6.346125155687332153e-03 9.999759197235107422e-01 -2.847920637577772141e-03 -3.634186089038848877e-01 -1.235378626734018326e-02 2.769378246739506721e-03 9.999201893806457520e-01 2.017628097534179688e+01
9.998900890350341797e-01 4.349799826741218567e-03 1.418852061033248901e-02 1.000984162092208862e-01 -4.320247564464807510e-03 9.999886155128479004e-01 -2.085258718580007553e-03 -4.151172935962677002e-01 -1.419739611446857452e-02 2.023749053478240967e-03 9.998974800109863281e-01 2.263132476806640625e+01
9.998795390129089355e-01 6.393393967300653458e-03 1.415467634797096252e-02 1.370954811573028564e-01 -6.367349065840244293e-03 9.999781250953674316e-01 -1.856661634519696236e-03 -4.634410440921783447e-01 -1.416619680821895599e-02 1.766328350640833378e-03 9.998984336853027344e-01 2.523284912109375000e+01
9.998335242271423340e-01 7.310150191187858582e-03 1.673045568168163300e-02 1.823265105485916138e-01 -7.233824115246534348e-03 9.999633431434631348e-01 -4.594886209815740585e-03 -5.136956572532653809e-01 -1.676339283585548401e-02 4.473115317523479462e-03 9.998497962951660156e-01 2.780925559997558594e+01
9.997276067733764648e-01 7.359441369771957397e-03 2.215408906340599060e-02 2.331369072198867798e-01 -7.246417459100484848e-03 9.999604821205139160e-01 -5.159948486834764481e-03 -5.761528015136718750e-01 -2.219114825129508972e-02 4.998024553060531616e-03 9.997415542602539062e-01 3.036903381347656250e+01
9.995661973953247070e-01 7.518734782934188843e-03 2.848039381206035614e-02 2.978610992431640625e-01 -7.380259688943624496e-03 9.999605417251586914e-01 -4.950374364852905273e-03 -6.336847543716430664e-01 -2.851645275950431824e-02 4.738052841275930405e-03 9.995823502540588379e-01 3.288067626953125000e+01
9.993970394134521484e-01 7.884385995566844940e-03 3.381696715950965881e-02 3.842793107032775879e-01 -7.706257048994302750e-03 9.999558329582214355e-01 -5.382934585213661194e-03 -6.931090354919433594e-01 -3.385787829756736755e-02 5.119104404002428055e-03 9.994137883186340332e-01 3.564575958251953125e+01
9.994101524353027344e-01 9.154792875051498413e-03 3.310116007924079895e-02 4.667760729789733887e-01 -9.007834829390048981e-03 9.999489188194274902e-01 -4.574125632643699646e-03 -7.488876581192016602e-01 -3.314130753278732300e-02 4.273277241736650467e-03 9.994417428970336914e-01 3.819452285766601562e+01
9.993421435356140137e-01 8.427750319242477417e-03 3.527764603495597839e-02 5.504776835441589355e-01 -8.301658555865287781e-03 9.999586343765258789e-01 -3.707803785800933838e-03 -8.015346527099609375e-01 -3.530739247798919678e-02 3.412514459341764450e-03 9.993708729743957520e-01 4.066608428955078125e+01
9.993513822555541992e-01 7.291316520422697067e-03 3.526758030056953430e-02 6.378112435340881348e-01 -7.272999268025159836e-03 9.999732971191406250e-01 -6.362127605825662613e-04 -8.577835559844970703e-01 -3.527123481035232544e-02 3.793111536651849747e-04 9.993779063224792480e-01 4.320040512084960938e+01
9.991526603698730469e-01 9.322339668869972229e-03 4.009086638689041138e-02 7.352167963981628418e-01 -9.328729473054409027e-03 9.999564290046691895e-01 -1.756538404151797295e-05 -9.044817090034484863e-01 -4.008924588561058044e-02 -3.564242506399750710e-04 9.991962313652038574e-01 4.573395919799804688e+01
9.991054534912109375e-01 1.073377858847379684e-02 4.090499877929687500e-02 8.387070894241333008e-01 -1.076036039739847183e-02 9.999419450759887695e-01 4.394890565890818834e-04 -9.451863765716552734e-01 -4.089785367250442505e-02 -8.792477892711758614e-04 9.991631507873535156e-01 4.826080703735351562e+01
9.990433454513549805e-01 9.407111443579196930e-03 4.270695894956588745e-02 9.423389434814453125e-01 -9.454461745917797089e-03 9.999547600746154785e-01 9.160403860732913017e-04 -9.851614832878112793e-01 -4.269636794924736023e-02 -1.318911090493202209e-03 9.990873932838439941e-01 5.074189376831054688e+01
9.990631341934204102e-01 1.032818853855133057e-02 4.202632233500480652e-02 1.051271557807922363e+00 -1.044327300041913986e-02 9.999421238899230957e-01 2.529081422835588455e-03 -1.033190369606018066e+00 -4.199773073196411133e-02 -2.965579740703105927e-03 9.991134405136108398e-01 5.338309478759765625e+01
9.988365173339843750e-01 1.182736176997423172e-02 4.675200209021568298e-02 1.160332083702087402e+00 -1.203120965510606766e-02 9.999190568923950195e-01 4.089568741619586945e-03 -1.068545103073120117e+00 -4.669981449842453003e-02 -4.647269845008850098e-03 9.988982677459716797e-01 5.575376892089843750e+01
9.987120628356933594e-01 1.322135794907808304e-02 4.898395761847496033e-02 1.276698827743530273e+00 -1.343890558928251266e-02 9.999010562896728516e-01 4.122560378164052963e-03 -1.095447540283203125e+00 -4.892456904053688049e-02 -4.775498993694782257e-03 9.987911581993103027e-01 5.822670364379882812e+01
9.986131191253662109e-01 1.545729301869869232e-02 5.032784491777420044e-02 1.400772333145141602e+00 -1.572219841182231903e-02 9.998643398284912109e-01 4.879654850810766220e-03 -1.117403388023376465e+00 -5.024554207921028137e-02 -5.664130207151174545e-03 9.987209439277648926e-01 6.072819900512695312e+01
9.985576868057250977e-01 1.646067574620246887e-02 5.110312625765800476e-02 1.525004148483276367e+00 -1.665194146335124969e-02 9.998555779457092285e-01 3.327152226120233536e-03 -1.150510311126708984e+00 -5.104095861315727234e-02 -4.173310007899999619e-03 9.986879229545593262e-01 6.323685836791992188e+01
9.985489249229431152e-01 1.769039407372474670e-02 5.086264386773109436e-02 1.649815559387207031e+00 -1.795875467360019684e-02 9.998267889022827148e-01 4.832041915506124496e-03 -1.183659434318542480e+00 -5.076832696795463562e-02 -5.738449748605489731e-03 9.986940026283264160e-01 6.573789215087890625e+01
9.983605146408081055e-01 1.707139797508716583e-02 5.463141947984695435e-02 1.773318171501159668e+00 -1.743352040648460388e-02 9.998287558555603027e-01 6.166255567222833633e-03 -1.208366632461547852e+00 -5.451676994562149048e-02 -7.108555175364017487e-03 9.984875917434692383e-01 6.814023590087890625e+01
9.979990124702453613e-01 1.611824519932270050e-02 6.113891676068305969e-02 1.914308071136474609e+00 -1.643677428364753723e-02 9.998535513877868652e-01 4.717247560620307922e-03 -1.234365820884704590e+00 -6.105390563607215881e-02 -5.712726153433322906e-03 9.981181621551513672e-01 7.065338897705078125e+01
9.980689883232116699e-01 1.550984382629394531e-02 6.014467403292655945e-02 2.065708398818969727e+00 -1.599388010799884796e-02 9.998431205749511719e-01 7.581756450235843658e-03 -1.269020676612854004e+00 -6.001762300729751587e-02 -8.529056794941425323e-03 9.981608986854553223e-01 7.324804687500000000e+01
9.978826642036437988e-01 1.620548218488693237e-02 6.298535317182540894e-02 2.212423563003540039e+00 -1.667463406920433044e-02 9.998366832733154297e-01 6.936657708138227463e-03 -1.288249611854553223e+00 -6.286262720823287964e-02 -7.972218096256256104e-03 9.979903697967529297e-01 7.570787811279296875e+01
9.978635907173156738e-01 1.814491301774978638e-02 6.275745481252670288e-02 2.360771417617797852e+00 -1.860249601304531097e-02 9.998041391372680664e-01 6.721255369484424591e-03 -1.313882470130920410e+00 -6.262318044900894165e-02 -7.874332368373870850e-03 9.980061650276184082e-01 7.812459564208984375e+01
9.979796409606933594e-01 1.622509956359863281e-02 6.142421066761016846e-02 2.519605398178100586e+00 -1.671266183257102966e-02 9.998324513435363770e-01 7.438917178660631180e-03 -1.348263144493103027e+00 -6.129319220781326294e-02 -8.450441062450408936e-03 9.980840086936950684e-01 8.065216064453125000e+01
9.979605078697204590e-01 1.544787269085645676e-02 6.194054335355758667e-02 2.666591644287109375e+00 -1.594881527125835419e-02 9.998439550399780273e-01 7.608964107930660248e-03 -1.369871973991394043e+00 -6.181316822767257690e-02 -8.581712841987609863e-03 9.980509877204895020e-01 8.317700958251953125e+01
9.979707598686218262e-01 1.538120768964290619e-02 6.179205328226089478e-02 2.826986312866210938e+00 -1.590864732861518860e-02 9.998411536216735840e-01 8.059494197368621826e-03 -1.388351321220397949e+00 -6.165807694196701050e-02 -9.026546031236648560e-03 9.980567693710327148e-01 8.572534179687500000e+01
9.979176521301269531e-01 1.627831906080245972e-02 6.241670995950698853e-02 2.977084159851074219e+00 -1.697061769664287567e-02 9.998001456260681152e-01 1.058418117463588715e-02 -1.412972092628479004e+00 -6.223175302147865295e-02 -1.162176858633756638e-02 9.979943037033081055e-01 8.817477416992187500e+01
9.979392290115356445e-01 1.388041209429502487e-02 6.265119463205337524e-02 3.138944149017333984e+00 -1.446137856692075729e-02 9.998565912246704102e-01 8.835768327116966248e-03 -1.427660584449768066e+00 -6.251938641071319580e-02 -9.723961353302001953e-03 9.979966282844543457e-01 9.067734527587890625e+01
9.977995157241821289e-01 1.314240787178277969e-02 6.499154865741729736e-02 3.286428928375244141e+00 -1.375830452889204025e-02 9.998646378517150879e-01 9.044520556926727295e-03 -1.444483876228332520e+00 -6.486371159553527832e-02 -9.919170290231704712e-03 9.978450536727905273e-01 9.311450958251953125e+01
9.976616501808166504e-01 1.479672826826572418e-02 6.672883033752441406e-02 3.440292119979858398e+00 -1.551900152117013931e-02 9.998264908790588379e-01 1.032479200512170792e-02 -1.465823173522949219e+00 -6.656429171562194824e-02 -1.133660320192575455e-02 9.977179765701293945e-01 9.560108184814453125e+01
9.975165724754333496e-01 1.871111243963241577e-02 6.790443509817123413e-02 3.605281114578247070e+00 -1.947417296469211578e-02 9.997544288635253906e-01 1.059875451028347015e-02 -1.482795953750610352e+00 -6.768924742937088013e-02 -1.189521048218011856e-02 9.976357817649841309e-01 9.806272888183593750e+01
9.973751306533813477e-01 2.009490132331848145e-02 6.956605613231658936e-02 3.777324676513671875e+00 -2.091415040194988251e-02 9.997201561927795410e-01 1.107421796768903732e-02 -1.498873949050903320e+00 -6.932385265827178955e-02 -1.250044908374547958e-02 9.975161552429199219e-01 1.005973281860351562e+02
9.973524212837219238e-01 1.888906024396419525e-02 7.022725790739059448e-02 3.949586153030395508e+00 -1.968245580792427063e-02 9.997500181198120117e-01 1.062857545912265778e-02 -1.512172460556030273e+00 -7.000875473022460938e-02 -1.198307611048221588e-02 9.974746704101562500e-01 1.031098709106445312e+02
9.970088005065917969e-01 1.839247718453407288e-02 7.507205009460449219e-02 4.140768527984619141e+00 -1.931537501513957977e-02 9.997465014457702637e-01 1.159152667969465256e-02 -1.532864451408386230e+00 -7.483963668346405029e-02 -1.300729718059301376e-02 9.971110224723815918e-01 1.056765518188476562e+02
9.970188736915588379e-01 1.914633065462112427e-02 7.475411891937255859e-02 4.321151256561279297e+00 -2.002876996994018555e-02 9.997386932373046875e-01 1.108031626790761948e-02 -1.551582574844360352e+00 -7.452185451984405518e-02 -1.254514697939157486e-02 9.971408843994140625e-01 1.081186599731445312e+02
9.969466328620910645e-01 1.762183196842670441e-02 7.608086615800857544e-02 4.504375934600830078e+00 -1.857524551451206207e-02 9.997579455375671387e-01 1.184959430247545242e-02 -1.561405301094055176e+00 -7.585305720567703247e-02 -1.322726253420114517e-02 9.970316886901855469e-01 1.106434173583984375e+02
9.969899058341979980e-01 1.623133756220340729e-02 7.582247257232666016e-02 4.695539474487304688e+00 -1.717938855290412903e-02 9.997826218605041504e-01 1.187556236982345581e-02 -1.565333962440490723e+00 -7.561265677213668823e-02 -1.314303185790777206e-02 9.970510601997375488e-01 1.132190933227539062e+02
9.963429570198059082e-01 1.698398217558860779e-02 8.374721556901931763e-02 4.899374485015869141e+00 -1.802809163928031921e-02 9.997693300247192383e-01 1.173368189483880997e-02 -1.583802461624145508e+00 -8.352802693843841553e-02 -1.320120319724082947e-02 9.964184165000915527e-01 1.157750244140625000e+02
9.964329600334167480e-01 1.604416221380233765e-02 8.285613358020782471e-02 5.108924865722656250e+00 -1.684445887804031372e-02 9.998185634613037109e-01 8.975749835371971130e-03 -1.589220881462097168e+00 -8.269651234149932861e-02 -1.034003123641014099e-02 9.965215921401977539e-01 1.183399581909179688e+02
9.960382580757141113e-01 1.633013971149921417e-02 8.742108196020126343e-02 5.319789409637451172e+00 -1.734300889074802399e-02 9.997914433479309082e-01 1.084582787007093430e-02 -1.608727097511291504e+00 -8.722515404224395752e-02 -1.231963094323873520e-02 9.961129426956176758e-01 1.208568649291992188e+02
9.961318969726562500e-01 1.647037826478481293e-02 8.632075041532516479e-02 5.529724121093750000e+00 -1.750235632061958313e-02 9.997845888137817383e-01 1.121888868510723114e-02 -1.609339714050292969e+00 -8.611679077148437500e-02 -1.268693059682846069e-02 9.962047338485717773e-01 1.233025512695312500e+02
9.960885643959045410e-01 1.576877757906913757e-02 8.694916218519210815e-02 5.744542121887207031e+00 -1.677113212645053864e-02 9.998015761375427246e-01 1.081634592264890671e-02 -1.620807170867919922e+00 -8.676076680421829224e-02 -1.223291084170341492e-02 9.961544871330261230e-01 1.257869262695312500e+02
9.957914948463439941e-01 1.477243378758430481e-02 9.045612812042236328e-02 5.964778423309326172e+00 -1.571051962673664093e-02 9.998304843902587891e-01 9.673851542174816132e-03 -1.639621973037719727e+00 -9.029730409383773804e-02 -1.105489116162061691e-02 9.958539009094238281e-01 1.282465820312500000e+02
9.958106875419616699e-01 1.590891368687152863e-02 9.005123376846313477e-02 6.196951866149902344e+00 -1.670533604919910431e-02 9.998283386230468750e-01 8.103895932435989380e-03 -1.654687643051147461e+00 -8.990624547004699707e-02 -9.574929252266883850e-03 9.959046244621276855e-01 1.308260955810546875e+02
9.957395792007446289e-01 1.573044247925281525e-02 9.086927026510238647e-02 6.401345252990722656e+00 -1.657741889357566833e-02 9.998266100883483887e-01 8.584396913647651672e-03 -1.673909783363342285e+00 -9.071778506040573120e-02 -1.005498692393302917e-02 9.958267211914062500e-01 1.331116790771484375e+02
9.956922531127929688e-01 1.349016651511192322e-02 9.174353629350662231e-02 6.596590518951416016e+00 -1.423536799848079681e-02 9.998715519905090332e-01 7.483849301934242249e-03 -1.693650484085083008e+00 -9.163010120391845703e-02 -8.758400566875934601e-03 9.957554340362548828e-01 1.352873992919921875e+02
9.956699013710021973e-01 1.395139377564191818e-02 9.191790968179702759e-02 6.788539409637451172e+00 -1.466369628906250000e-02 9.998683929443359375e-01 7.088564801961183548e-03 -1.718511104583740234e+00 -9.180604666471481323e-02 -8.406430482864379883e-03 9.957423210144042969e-01 1.374006652832031250e+02
9.955817461013793945e-01 1.619375869631767273e-02 9.250255674123764038e-02 6.997538089752197266e+00 -1.705555804073810577e-02 9.998190999031066895e-01 8.543442003428936005e-03 -1.740673780441284180e+00 -9.234657138586044312e-02 -1.008408609777688980e-02 9.956767559051513672e-01 1.396846466064453125e+02
9.951292276382446289e-01 1.497719530016183853e-02 9.744478762149810791e-02 7.231303691864013672e+00 -1.581942290067672729e-02 9.998447895050048828e-01 7.885639555752277374e-03 -1.759817600250244141e+00 -9.731066226959228516e-02 -9.389463812112808228e-03 9.952107071876525879e-01 1.421280212402343750e+02
9.950011372566223145e-01 1.441672071814537048e-02 9.882786124944686890e-02 7.467992305755615234e+00 -1.524185854941606522e-02 9.998558759689331055e-01 7.608609274029731750e-03 -1.778248190879821777e+00 -9.870303422212600708e-02 -9.077600203454494476e-03 9.950764775276184082e-01 1.445777893066406250e+02
9.953681826591491699e-01 1.500613614916801453e-02 9.496910870075225830e-02 7.703776836395263672e+00 -1.594716496765613556e-02 9.998318552970886230e-01 9.167256765067577362e-03 -1.798263311386108398e+00 -9.481467306613922119e-02 -1.063998602330684662e-02 9.954390525817871094e-01 1.470463409423828125e+02
9.952611923217773438e-01 1.383041683584451675e-02 9.626018255949020386e-02 7.946950435638427734e+00 -1.471295207738876343e-02 9.998568892478942871e-01 8.473969064652919769e-03 -1.809560060501098633e+00 -9.612832218408584595e-02 -9.850796312093734741e-03 9.953211545944213867e-01 1.495482177734375000e+02
9.952866435050964355e-01 1.535603404045104980e-02 9.576357156038284302e-02 8.164861679077148438e+00 -1.636249199509620667e-02 9.998196959495544434e-01 9.743026457726955414e-03 -1.826167225837707520e+00 -9.559577703475952148e-02 -1.126473769545555115e-02 9.953573942184448242e-01 1.518288269042968750e+02
9.951251149177551270e-01 1.578574813902378082e-02 9.735850989818572998e-02 8.383906364440917969e+00 -1.694265566766262054e-02 9.997961521148681641e-01 1.107728946954011917e-02 -1.836564779281616211e+00 -9.716288745403289795e-02 -1.267349813133478165e-02 9.951887130737304688e-01 1.540336914062500000e+02
9.953605532646179199e-01 1.615189388394355774e-02 9.485942125320434570e-02 8.573004722595214844e+00 -1.733801700174808502e-02 9.997822642326354980e-01 1.170309726148843765e-02 -1.846786618232727051e+00 -9.464883059263229370e-02 -1.329416874796152115e-02 9.954228401184082031e-01 1.560295562744140625e+02
9.956495761871337891e-01 1.712576486170291901e-02 9.159994125366210938e-02 8.763526916503906250e+00 -1.830094866454601288e-02 9.997613430023193359e-01 1.201524399220943451e-02 -1.859334111213684082e+00 -9.137141704559326172e-02 -1.364003494381904602e-02 9.957243204116821289e-01 1.580894927978515625e+02
9.956107139587402344e-01 1.726311631500720978e-02 9.199503809213638306e-02 8.952118873596191406e+00 -1.833281666040420532e-02 9.997745752334594727e-01 1.080580800771713257e-02 -1.867107272148132324e+00 -9.178686887025833130e-02 -1.244560815393924713e-02 9.957017302513122559e-01 1.601379394531250000e+02
9.953595399856567383e-01 1.833442412316799164e-02 9.447228163480758667e-02 9.152290344238281250e+00 -1.951495371758937836e-02 9.997433423995971680e-01 1.159756444394588470e-02 -1.877981424331665039e+00 -9.423450380563735962e-02 -1.338804885745048523e-02 9.954608082771301270e-01 1.622536163330078125e+02
9.954777956008911133e-01 2.012326195836067200e-02 9.284835308790206909e-02 9.347270011901855469e+00 -2.141803130507469177e-02 9.996874332427978516e-01 1.297989580780267715e-02 -1.883607745170593262e+00 -9.255725145339965820e-02 -1.491052191704511642e-02 9.955965280532836914e-01 1.643665466308593750e+02
9.954082965850830078e-01 2.261001430451869965e-02 9.302113205194473267e-02 9.556338310241699219e+00 -2.381201833486557007e-02 9.996473789215087891e-01 1.184245012700557709e-02 -1.892917633056640625e+00 -9.271968901157379150e-02 -1.400378625839948654e-02 9.955945611000061035e-01 1.666000976562500000e+02
9.955987334251403809e-01 2.247938513755798340e-02 9.099265187978744507e-02 9.726742744445800781e+00 -2.362210489809513092e-02 9.996557831764221191e-01 1.151141244918107986e-02 -1.902643680572509766e+00 -9.070168435573577881e-02 -1.361087895929813385e-02 9.957858324050903320e-01 1.684492492675781250e+02
9.957085847854614258e-01 2.203123271465301514e-02 8.989391475915908813e-02 9.882431030273437500e+00 -2.313536778092384338e-02 9.996699094772338867e-01 1.126967556774616241e-02 -1.912946701049804688e+00 -8.961507678031921387e-02 -1.330174878239631653e-02 9.958883523941040039e-01 1.702350463867187500e+02
9.958042502403259277e-01 2.215073816478252411e-02 8.879795670509338379e-02 1.004698467254638672e+01 -2.318809181451797485e-02 9.996752142906188965e-01 1.067835651338100433e-02 -1.923499226570129395e+00 -8.853169530630111694e-02 -1.269331760704517365e-02 9.959931969642639160e-01 1.720785980224609375e+02
9.958831667900085449e-01 2.157141640782356262e-02 8.805225789546966553e-02 1.023003959655761719e+01 -2.263025566935539246e-02 9.996839761734008789e-01 1.105527952313423157e-02 -1.937598347663879395e+00 -8.778505027294158936e-02 -1.300309970974922180e-02 9.960553050041198730e-01 1.741394805908203125e+02
9.956917762756347656e-01 2.218383364379405975e-02 9.004117548465728760e-02 1.043585491180419922e+01 -2.321201190352439880e-02 9.996776580810546875e-01 1.039842981845140457e-02 -1.951607346534729004e+00 -8.978056907653808594e-02 -1.244436576962471008e-02 9.958845376968383789e-01 1.764287567138671875e+02
9.956912994384765625e-01 2.231616340577602386e-02 9.001388400793075562e-02 1.063419246673583984e+01 -2.327878400683403015e-02 9.996836781501770020e-01 9.669169783592224121e-03 -1.959395647048950195e+00 -8.976863324642181396e-02 -1.172362267971038818e-02 9.958946108818054199e-01 1.786111297607421875e+02
9.958106279373168945e-01 2.084972150623798370e-02 8.903975039720535278e-02 1.084181499481201172e+01 -2.181063592433929443e-02 9.997150897979736328e-01 9.843482635915279388e-03 -1.974749922752380371e+00 -8.880814909934997559e-02 -1.174495182931423187e-02 9.959805011749267578e-01 1.808897094726562500e+02
9.955325722694396973e-01 2.024417743086814880e-02 9.223088622093200684e-02 1.104398918151855469e+01 -2.124674431979656219e-02 9.997265338897705078e-01 9.911702945828437805e-03 -1.989273428916931152e+00 -9.200400859117507935e-02 -1.182772777974605560e-02 9.956893920898437500e-01 1.830922851562500000e+02
9.955082535743713379e-01 2.228455431759357452e-02 9.202212095260620117e-02 1.121481418609619141e+01 -2.337234094738960266e-02 9.996701478958129883e-01 1.077065058052539825e-02 -2.003187417984008789e+00 -9.175072610378265381e-02 -1.287373621016740799e-02 9.956997632980346680e-01 1.849897766113281250e+02
9.954808950424194336e-01 2.193430811166763306e-02 9.240310639142990112e-02 1.140742588043212891e+01 -2.295975945889949799e-02 9.996874928474426270e-01 1.005641371011734009e-02 -2.017876625061035156e+00 -9.215287119150161743e-02 -1.213335059583187103e-02 9.956722855567932129e-01 1.870713500976562500e+02
9.954162836074829102e-01 2.264099568128585815e-02 9.293109178543090820e-02 1.160559654235839844e+01 -2.368978224694728851e-02 9.996692538261413574e-01 1.020646374672651291e-02 -2.034339666366577148e+00 -9.266860038042068481e-02 -1.236165128648281097e-02 9.956217408180236816e-01 1.891734008789062500e+02
9.952904582023620605e-01 2.233802713453769684e-02 9.434084594249725342e-02 1.181259727478027344e+01 -2.331721037626266479e-02 9.996868371963500977e-01 9.297934360802173615e-03 -2.048647403717041016e+00 -9.410294145345687866e-02 -1.145436707884073257e-02 9.954980015754699707e-01 1.913538208007812500e+02
9.953061342239379883e-01 2.218012884259223938e-02 9.421305358409881592e-02 1.200369358062744141e+01 -2.314072474837303162e-02 9.996926188468933105e-01 9.124301373958587646e-03 -2.063839673995971680e+00 -9.398107975721359253e-02 -1.126206852495670319e-02 9.955117106437683105e-01 1.933796234130859375e+02
9.952310323715209961e-01 2.330906130373477936e-02 9.473235905170440674e-02 1.217859172821044922e+01 -2.440214715898036957e-02 9.996501207351684570e-01 1.040522661060094833e-02 -2.078922748565673828e+00 -9.445606172084808350e-02 -1.266770437359809875e-02 9.954498410224914551e-01 1.952442169189453125e+02
9.952458739280700684e-01 2.259165048599243164e-02 9.475341439247131348e-02 1.236576080322265625e+01 -2.368253283202648163e-02 9.996676445007324219e-01 1.041274052113294601e-02 -2.094102859497070312e+00 -9.448605775833129883e-02 -1.260767970234155655e-02 9.954477548599243164e-01 1.971868438720703125e+02
9.954105019569396973e-01 2.216161414980888367e-02 9.311108291149139404e-02 1.255505657196044922e+01 -2.326900511980056763e-02 9.996728301048278809e-01 1.083328109234571457e-02 -2.108360767364501953e+00 -9.283992648124694824e-02 -1.295061688870191574e-02 9.955981969833374023e-01 1.991897888183593750e+02
9.952459335327148438e-01 2.038518898189067841e-02 9.525129199028015137e-02 1.275489330291748047e+01 -2.144815027713775635e-02 9.997206330299377441e-01 1.015774253755807877e-02 -2.119273900985717773e+00 -9.501700103282928467e-02 -1.215287949889898300e-02 9.954028129577636719e-01 2.012931671142578125e+02
9.955011010169982910e-01 1.987208239734172821e-02 9.265784919261932373e-02 1.294112968444824219e+01 -2.101130411028862000e-02 9.997171759605407715e-01 1.134447660297155380e-02 -2.134948730468750000e+00 -9.240560233592987061e-02 -1.324076019227504730e-02 9.956347346305847168e-01 2.032995452880859375e+02
9.959516525268554688e-01 1.960300281643867493e-02 8.774322271347045898e-02 1.313931465148925781e+01 -2.075468190014362335e-02 9.997119307518005371e-01 1.224183104932308197e-02 -2.147493839263916016e+00 -8.747737854719161987e-02 -1.401380915194749832e-02 9.960692524909973145e-01 2.055105590820312500e+02
9.963957667350769043e-01 1.680279895663261414e-02 8.316280692815780640e-02 1.331571483612060547e+01 -1.801207289099693298e-02 9.997444748878479004e-01 1.382214948534965515e-02 -2.158103942871093750e+00 -8.290874212980270386e-02 -1.527073886245489120e-02 9.964414238929748535e-01 2.076142578125000000e+02
9.969670772552490234e-01 1.718408428132534027e-02 7.592359185218811035e-02 1.348828029632568359e+01 -1.827393658459186554e-02 9.997414946556091309e-01 1.369413267821073532e-02 -2.169324874877929688e+00 -7.566809654235839844e-02 -1.504049357026815414e-02 9.970209002494812012e-01 2.097754211425781250e+02
9.975278973579406738e-01 1.473654899746179581e-02 6.873061507940292358e-02 1.364405250549316406e+01 -1.565659791231155396e-02 9.997966885566711426e-01 1.287899818271398544e-02 -2.179099321365356445e+00 -6.852632761001586914e-02 -1.392370555549860001e-02 9.975534081459045410e-01 2.119471435546875000e+02
9.977076053619384766e-01 1.332790777087211609e-02 6.636897474527359009e-02 1.379870510101318359e+01 -1.418988220393657684e-02 9.998228549957275391e-01 1.254583150148391724e-02 -2.188383340835571289e+00 -6.618949025869369507e-02 -1.345928385853767395e-02 9.977175593376159668e-01 2.141983032226562500e+02
9.980243444442749023e-01 1.483756583184003830e-02 6.107562780380249023e-02 1.393213081359863281e+01 -1.571161486208438873e-02 9.997826218605041504e-01 1.386937312781810760e-02 -2.197194337844848633e+00 -6.085605546832084656e-02 -1.480200886726379395e-02 9.980380535125732422e-01 2.162717590332031250e+02
9.981538653373718262e-01 1.696124859154224396e-02 5.834503099322319031e-02 1.405948066711425781e+01 -1.777882315218448639e-02 9.997525811195373535e-01 1.353663392364978790e-02 -2.201189279556274414e+00 -5.810049921274185181e-02 -1.454938668757677078e-02 9.982059597969055176e-01 2.185022277832031250e+02
9.984258413314819336e-01 1.713960245251655579e-02 5.343182012438774109e-02 1.418086433410644531e+01 -1.790856756269931793e-02 9.997444748878479004e-01 1.396170351654291153e-02 -2.203583002090454102e+00 -5.317837744951248169e-02 -1.489705033600330353e-02 9.984751343727111816e-01 2.207533569335937500e+02
9.985957145690917969e-01 1.607474870979785919e-02 5.050902813673019409e-02 1.429400444030761719e+01 -1.681508682668209076e-02 9.997588992118835449e-01 1.428350433707237244e-02 -2.214586257934570312e+00 -5.026676505804061890e-02 -1.511319354176521301e-02 9.986226558685302734e-01 2.229607391357421875e+02
9.988878369331359863e-01 1.510066073387861252e-02 4.469921067357063293e-02 1.439256286621093750e+01 -1.587616093456745148e-02 9.997306466102600098e-01 1.706454716622829437e-02 -2.219334363937377930e+00 -4.442902281880378723e-02 -1.775565370917320251e-02 9.988558888435363770e-01 2.252241668701171875e+02
9.990468621253967285e-01 1.666933298110961914e-02 4.037907347083091736e-02 1.448999309539794922e+01 -1.736089028418064117e-02 9.997094869613647461e-01 1.685800030827522278e-02 -2.223354816436767578e+00 -4.008588194847106934e-02 -1.754336990416049957e-02 9.990432858467102051e-01 2.275561981201171875e+02
9.991497397422790527e-01 1.790716685354709625e-02 3.717590123414993286e-02 1.459301471710205078e+01 -1.855766959488391876e-02 9.996812939643859863e-01 1.725029759109020233e-02 -2.220340251922607422e+00 -3.685470670461654663e-02 -1.792593486607074738e-02 9.991608858108520508e-01 2.302534790039062500e+02
9.992206096649169922e-01 1.878869161009788513e-02 3.475678339600563049e-02 1.468183040618896484e+01 -1.933811046183109283e-02 9.996941685676574707e-01 1.556374412029981613e-02 -2.213765621185302734e+00 -3.445329517126083374e-02 -1.622414775192737579e-02 9.992756247520446777e-01 2.326380615234375000e+02
9.990597963333129883e-01 2.006144449114799500e-02 3.846947848796844482e-02 1.478081226348876953e+01 -2.070550434291362762e-02 9.996527433395385742e-01 1.643907465040683746e-02 -2.215784788131713867e+00 -3.812588006258010864e-02 -1.722056046128273010e-02 9.991255402565002441e-01 2.353167724609375000e+02
9.989933967590332031e-01 1.959806121885776520e-02 4.038477316498756409e-02 1.487878704071044922e+01 -2.035336382687091827e-02 9.996258020401000977e-01 1.839834451675415039e-02 -2.220683097839355469e+00 -4.000863432884216309e-02 -1.920220255851745605e-02 9.990158081054687500e-01 2.378217926025390625e+02
9.989765286445617676e-01 1.944249868392944336e-02 4.087689518928527832e-02 1.498229122161865234e+01 -2.019170857965946198e-02 9.996361732482910156e-01 1.801232993602752686e-02 -2.220055341720581055e+00 -4.051141813397407532e-02 -1.881975680589675903e-02 9.990030527114868164e-01 2.403743743896484375e+02
9.988536238670349121e-01 2.032358571887016296e-02 4.337644949555397034e-02 1.508590698242187500e+01 -2.105900645256042480e-02 9.996430277824401855e-01 1.658003032207489014e-02 -2.218437910079956055e+00 -4.302358627319335938e-02 -1.747496798634529114e-02 9.989224672317504883e-01 2.428900909423828125e+02
9.988564252853393555e-01 1.960717886686325073e-02 4.364740476012229919e-02 1.519755744934082031e+01 -2.033694274723529816e-02 9.996620416641235352e-01 1.635170541703701019e-02 -2.218629360198974609e+00 -4.331178963184356689e-02 -1.722133718430995941e-02 9.989144802093505859e-01 2.454103698730468750e+02
9.987389445304870605e-01 1.985358633100986481e-02 4.615114629268646240e-02 1.530892467498779297e+01 -2.060777135193347931e-02 9.996631741523742676e-01 1.593606919050216675e-02 -2.224692821502685547e+00 -4.581895098090171814e-02 -1.686772890388965607e-02 9.988086223602294922e-01 2.478232421875000000e+02
9.985408186912536621e-01 1.865434460341930389e-02 5.071301385760307312e-02 1.543052864074707031e+01 -1.944193057715892792e-02 9.996995925903320312e-01 1.509290281683206558e-02 -2.225175142288208008e+00 -5.041595548391342163e-02 -1.605751924216747284e-02 9.986004829406738281e-01 2.503829650878906250e+02
9.984457492828369141e-01 2.022144570946693420e-02 5.196807533502578735e-02 1.555900096893310547e+01 -2.102789282798767090e-02 9.996684193611145020e-01 1.502949371933937073e-02 -2.229003429412841797e+00 -5.164664611220359802e-02 -1.609959825873374939e-02 9.985369443893432617e-01 2.529547576904296875e+02
9.984084963798522949e-01 1.952377334237098694e-02 5.294124782085418701e-02 1.569274616241455078e+01 -2.030416950583457947e-02 9.996946454048156738e-01 1.425439212471246719e-02 -2.235430955886840820e+00 -5.264649167656898499e-02 -1.530730538070201874e-02 9.984971880912780762e-01 2.554793243408203125e+02
9.983294606208801270e-01 2.169776707887649536e-02 5.358212441205978394e-02 1.582251739501953125e+01 -2.264366298913955688e-02 9.995993971824645996e-01 1.712065562605857849e-02 -2.243846416473388672e+00 -5.318889021873474121e-02 -1.830601133406162262e-02 9.984179735183715820e-01 2.580125427246093750e+02
9.981974363327026367e-01 1.885730586946010590e-02 5.700699985027313232e-02 1.595833587646484375e+01 -1.995038427412509918e-02 9.996289014816284180e-01 1.867686584591865540e-02 -2.240863800048828125e+00 -5.663335695862770081e-02 -1.978116109967231750e-02 9.982003569602966309e-01 2.605218811035156250e+02
9.981895089149475098e-01 1.542562898248434067e-02 5.816592276096343994e-02 1.610961914062500000e+01 -1.655724644660949707e-02 9.996840953826904297e-01 1.903369091451168060e-02 -2.232744932174682617e+00 -5.785364657640457153e-02 -1.996295899152755737e-02 9.981268048286437988e-01 2.631794738769531250e+02
9.980719089508056641e-01 1.438243966549634933e-02 6.040768697857856750e-02 1.625967407226562500e+01 -1.554901152849197388e-02 9.997029304504394531e-01 1.889605820178985596e-02 -2.229695796966552734e+00 -6.011766940355300903e-02 -1.979955658316612244e-02 9.979962110519409180e-01 2.657129516601562500e+02
9.981980919837951660e-01 1.126691885292530060e-02 5.896575003862380981e-02 1.639829826354980469e+01 -1.250755228102207184e-02 9.997093677520751953e-01 2.072355337440967560e-02 -2.220850944519042969e+00 -5.871484056115150452e-02 -2.142438851296901703e-02 9.980461597442626953e-01 2.680958251953125000e+02
9.980018138885498047e-01 1.057842560112476349e-02 6.231938675045967102e-02 1.654666900634765625e+01 -1.181187760084867477e-02 9.997431039810180664e-01 1.946722343564033508e-02 -2.210210084915161133e+00 -6.209715083241462708e-02 -2.016509324312210083e-02 9.978676438331604004e-01 2.705854797363281250e+02
9.978690743446350098e-01 1.181377097964286804e-02 6.419473141431808472e-02 1.670910072326660156e+01 -1.290386263281106949e-02 9.997813105583190918e-01 1.660268381237983704e-02 -2.201325416564941406e+00 -6.398425996303558350e-02 -1.739633642137050629e-02 9.978004693984985352e-01 2.731070556640625000e+02
9.980579018592834473e-01 1.393164601176977158e-02 6.074156612157821655e-02 1.685583877563476562e+01 -1.488270610570907593e-02 9.997754693031311035e-01 1.524335239082574844e-02 -2.194808006286621094e+00 -6.051528453826904297e-02 -1.611841283738613129e-02 9.980382919311523438e-01 2.753852233886718750e+02
9.979414939880371094e-01 1.463175192475318909e-02 6.246522814035415649e-02 1.700041961669921875e+01 -1.557093299925327301e-02 9.997748136520385742e-01 1.458463910967111588e-02 -2.202559471130371094e+00 -6.223747134208679199e-02 -1.552791055291891098e-02 9.979417920112609863e-01 2.777396850585937500e+02
9.978078007698059082e-01 1.538877282291650772e-02 6.438921391963958740e-02 1.716046142578125000e+01 -1.650248281657695770e-02 9.997249245643615723e-01 1.680961996316909790e-02 -2.207150459289550781e+00 -6.411251425743103027e-02 -1.783600263297557831e-02 9.977844953536987305e-01 2.802959594726562500e+02
9.977526664733886719e-01 1.641292497515678406e-02 6.498793512582778931e-02 1.732879447937011719e+01 -1.741299033164978027e-02 9.997403025627136230e-01 1.486113481223583221e-02 -2.210458040237426758e+00 -6.472684442996978760e-02 -1.596003025770187378e-02 9.977765679359436035e-01 2.828886413574218750e+02
9.978165626525878906e-01 1.721731200814247131e-02 6.378763914108276367e-02 1.748997116088867188e+01 -1.821110025048255920e-02 9.997233748435974121e-01 1.504036597907543182e-02 -2.214584350585937500e+00 -6.351073831319808960e-02 -1.616982929408550262e-02 9.978513717651367188e-01 2.853766479492187500e+02
9.978705644607543945e-01 1.822836697101593018e-02 6.265208870172500610e-02 1.764351081848144531e+01 -1.923705078661441803e-02 9.996964931488037109e-01 1.554376259446144104e-02 -2.216701984405517578e+00 -6.234944239258766174e-02 -1.671656966209411621e-02 9.979155659675598145e-01 2.878559265136718750e+02
9.977371096611022949e-01 1.913904026150703430e-02 6.447959691286087036e-02 1.780070686340332031e+01 -2.031897567212581635e-02 9.996391534805297852e-01 1.770232059061527252e-02 -2.216510057449340820e+00 -6.411722302436828613e-02 -1.897308789193630219e-02 9.977631568908691406e-01 2.903507690429687500e+02
9.979082345962524414e-01 2.092791162431240082e-02 6.119026616215705872e-02 1.795550918579101562e+01 -2.207691781222820282e-02 9.995934367179870605e-01 1.817148178815841675e-02 -2.212586164474487305e+00 -6.078479811549186707e-02 -1.948501728475093842e-02 9.979618191719055176e-01 2.929062500000000000e+02
9.978700876235961914e-01 2.285920642316341400e-02 6.112095713615417480e-02 1.809492111206054688e+01 -2.416524291038513184e-02 9.994954466819763184e-01 2.072414755821228027e-02 -2.205052137374877930e+00 -6.061610579490661621e-02 -2.215765602886676788e-02 9.979163408279418945e-01 2.952859802246093750e+02
9.975816607475280762e-01 2.047586999833583832e-02 6.644122302532196045e-02 1.825488090515136719e+01 -2.186104096472263336e-02 9.995593428611755371e-01 2.019694820046424866e-02 -2.190686464309692383e+00 -6.599809974431991577e-02 -2.160121686756610870e-02 9.975870847702026367e-01 2.978938293457031250e+02
9.970885515213012695e-01 1.903677918016910553e-02 7.385782897472381592e-02 1.844498252868652344e+01 -2.048159204423427582e-02 9.996146559715270996e-01 1.886191964149475098e-02 -2.182683706283569336e+00 -7.346997410058975220e-02 -2.032037265598773956e-02 9.970915913581848145e-01 3.006325378417968750e+02
9.969021081924438477e-01 1.949381269514560699e-02 7.621678709983825684e-02 1.863806533813476562e+01 -2.078865654766559601e-02 9.996543526649475098e-01 1.623999141156673431e-02 -2.181659936904907227e+00 -7.587352395057678223e-02 -1.777477562427520752e-02 9.969602227210998535e-01 3.031336669921875000e+02
9.965308904647827148e-01 2.370347455143928528e-02 7.979472726583480835e-02 1.882773590087890625e+01 -2.518394589424133301e-02 9.995300769805908203e-01 1.760534197092056274e-02 -2.181975841522216797e+00 -7.933957874774932861e-02 -1.955447345972061157e-02 9.966570138931274414e-01 3.055462646484375000e+02
9.963597655296325684e-01 2.272261120378971100e-02 8.218158781528472900e-02 1.903048706054687500e+01 -2.439950220286846161e-02 9.995150566101074219e-01 1.946495659649372101e-02 -2.185594081878662109e+00 -8.169908821582794189e-02 -2.139994502067565918e-02 9.964284300804138184e-01 3.081300354003906250e+02
9.965433478355407715e-01 2.378536202013492584e-02 7.961478084325790405e-02 1.925471878051757812e+01 -2.553954347968101501e-02 9.994534850120544434e-01 2.109503559768199921e-02 -2.179772853851318359e+00 -7.906916737556457520e-02 -2.305608615279197693e-02 9.966036081314086914e-01 3.109503784179687500e+02
9.961630105972290039e-01 2.607876807451248169e-02 8.355946093797683716e-02 1.947232437133789062e+01 -2.805392071604728699e-02 9.993541240692138672e-01 2.255800180137157440e-02 -2.167967081069946289e+00 -8.291684836149215698e-02 -2.481624670326709747e-02 9.962486624717712402e-01 3.135823364257812500e+02
