9.999935626983642578e-01 -1.168611561297439039e-04 3.580556716769933701e-03 7.169252727180719376e-03 1.204864456667564809e-04 9.999994635581970215e-01 -1.012292690575122833e-03 -1.051714085042476654e-02 -3.580436576157808304e-03 1.012717606499791145e-03 9.999930858612060547e-01 4.309349060058593750e-01
9.999943971633911133e-01 -5.907205049879848957e-04 3.287162864580750465e-03 9.462002664804458618e-03 5.947070312686264515e-04 9.999991059303283691e-01 -1.211913302540779114e-03 -2.114741690456867218e-02 -3.286443650722503662e-03 1.213861512951552868e-03 9.999938607215881348e-01 9.567562937736511230e-01
9.999992847442626953e-01 -2.712939167395234108e-04 1.106488052755594254e-03 8.666006848216056824e-03 2.734681474976241589e-04 9.999980330467224121e-01 -1.965273171663284302e-03 -2.903809957206249237e-02 -1.105952542275190353e-03 1.965574454516172409e-03 9.999974370002746582e-01 1.465335726737976074e+00
9.999870061874389648e-01 -6.492560496553778648e-04 -5.037061870098114014e-03 3.895815927535295486e-03 6.414490635506808758e-04 9.999985694885253906e-01 -1.551363850012421608e-03 -3.876070678234100342e-02 5.038062576204538345e-03 1.548112602904438972e-03 9.999861121177673340e-01 2.007482528686523438e+00
9.999311566352844238e-01 -1.156748039647936821e-03 -1.166851259768009186e-02 -7.477135863155126572e-03 1.136742415837943554e-03 9.999979138374328613e-01 -1.720969798043370247e-03 -4.785526916384696960e-02 1.167047955095767975e-02 1.707587041892111301e-03 9.999304413795471191e-01 2.498208284378051758e+00
9.996580481529235840e-01 -8.125109598040580750e-04 -2.613384649157524109e-02 -2.889347635209560394e-02 7.377840229310095310e-04 9.999956488609313965e-01 -2.868896117433905602e-03 -5.235867574810981750e-02 2.613606490194797516e-02 2.848634030669927597e-03 9.996543526649475098e-01 2.794667720794677734e+00
9.982725381851196289e-01 -1.190301845781505108e-03 -5.874067917466163635e-02 -7.530764490365982056e-02 9.682248346507549286e-04 9.999923110008239746e-01 -3.808946348726749420e-03 -5.180256441235542297e-02 5.874476581811904907e-02 3.745492082089185715e-03 9.982660412788391113e-01 3.052485942840576172e+00
9.968343377113342285e-01 -1.538872602395713329e-03 -7.949151098728179932e-02 -1.212341934442520142e-01 1.229692716151475906e-03 9.999914765357971191e-01 -3.938273526728153229e-03 -5.757185816764831543e-02 7.949691265821456909e-02 3.828056156635284424e-03 9.968277812004089355e-01 3.459832191467285156e+00
9.949139356613159180e-01 -2.081857761368155479e-03 -1.007068157196044922e-01 -1.813769042491912842e-01 1.644656877033412457e-03 9.999888539314270020e-01 -4.424150101840496063e-03 -6.269765645265579224e-02 1.007149294018745422e-01 4.236020613461732864e-03 9.949063062667846680e-01 3.928430080413818359e+00
9.922165274620056152e-01 -2.927862806245684624e-03 -1.244896799325942993e-01 -2.606445550918579102e-01 2.340119564905762672e-03 9.999853968620300293e-01 -4.867188166826963425e-03 -7.236123830080032349e-02 1.245021373033523560e-01 4.537983797490596771e-03 9.922089576721191406e-01 4.359400272369384766e+00
9.894334077835083008e-01 -3.468921175226569176e-03 -1.449463367462158203e-01 -3.662343621253967285e-01 2.776729408651590347e-03 9.999837875366210938e-01 -4.977538250386714935e-03 -8.663121610879898071e-02 1.449612677097320557e-01 4.522465635091066360e-03 9.894270300865173340e-01 4.966016769409179688e+00
9.851695299148559570e-01 -4.204960074275732040e-03 -1.715318411588668823e-01 -4.816162586212158203e-01 3.462532069534063339e-03 9.999833106994628906e-01 -4.627180285751819611e-03 -9.630241990089416504e-02 1.715484559535980225e-01 3.964622970670461655e-03 9.851677417755126953e-01 5.549993991851806641e+00
9.810697436332702637e-01 -4.602324217557907104e-03 -1.935997307300567627e-01 -5.989650487899780273e-01 3.790576243773102760e-03 9.999824166297912598e-01 -4.563144873827695847e-03 -1.072665452957153320e-01 1.936173439025878906e-01 3.742909291759133339e-03 9.810700416564941406e-01 6.058673381805419922e+00
9.755486845970153809e-01 -5.137211177498102188e-03 -2.197231650352478027e-01 -7.271210551261901855e-01 4.074425902217626572e-03 9.999777078628540039e-01 -5.289818160235881805e-03 -1.132162064313888550e-01 2.197454571723937988e-01 4.265230149030685425e-03 9.755479693412780762e-01 6.555374145507812500e+00
9.693866968154907227e-01 -4.673476796597242355e-03 -2.454942166805267334e-01 -8.634428977966308594e-01 3.616674337536096573e-03 9.999821782112121582e-01 -4.755456000566482544e-03 -1.193898022174835205e-01 2.455120682716369629e-01 3.722003893926739693e-03 9.693864583969116211e-01 7.004124641418457031e+00
9.612554311752319336e-01 -4.090672358870506287e-03 -2.756283879280090332e-01 -1.012355327606201172e+00 2.924771280959248543e-03 9.999849796295166016e-01 -4.640878643840551376e-03 -1.275537908077239990e-01 2.756432294845581055e-01 3.654920263215899467e-03 9.612531661987304688e-01 7.427028656005859375e+00
9.554563164710998535e-01 -3.414944047108292580e-03 -2.951122224330902100e-01 -1.121248722076416016e+00 2.204645657911896706e-03 9.999877810478210449e-01 -4.433766007423400879e-03 -1.310169100761413574e-01 2.951237559318542480e-01 3.585652681067585945e-03 9.554523825645446777e-01 7.718591690063476562e+00
9.533013105392456055e-01 -2.896384103223681450e-03 -3.020065128803253174e-01 -1.251043319702148438e+00 1.625902717933058739e-03 9.999887347221374512e-01 -4.458100069314241409e-03 -1.399698853492736816e-01 3.020160496234893799e-01 3.758880309760570526e-03 9.532955288887023926e-01 8.100655555725097656e+00
9.471505284309387207e-01 -1.301441458053886890e-03 -3.207862079143524170e-01 -1.398466467857360840e+00 -2.214896958321332932e-04 9.999889135360717773e-01 -4.710956942290067673e-03 -1.417803168296813965e-01 3.207888007164001465e-01 4.533037543296813965e-03 9.471399784088134766e-01 8.488060951232910156e+00
9.380711317062377930e-01 -9.756723302416503429e-04 -3.464407920837402344e-01 -1.531832814216613770e+00 -1.595438108779489994e-03 9.999732971191406250e-01 -7.136225700378417969e-03 -1.429567635059356689e-01 3.464385867118835449e-01 7.247013039886951447e-03 9.380447864532470703e-01 8.785389900207519531e+00
9.319363236427307129e-01 2.021207707002758980e-03 -3.626156449317932129e-01 -1.659347891807556152e+00 -5.342685617506504059e-03 9.999524950981140137e-01 -8.157205767929553986e-03 -1.450486630201339722e-01 3.625820279121398926e-01 9.539339691400527954e-03 9.319031834602355957e-01 9.085865020751953125e+00
9.267113208770751953e-01 2.638096921145915985e-03 -3.757641613483428955e-01 -1.795320272445678711e+00 -6.270959042012691498e-03 9.999447464942932129e-01 -8.445236831903457642e-03 -1.502191722393035889e-01 3.757212162017822266e-01 1.018270011991262436e-02 9.266769289970397949e-01 9.385985374450683594e+00
9.171807169914245605e-01 4.197250120341777802e-03 -3.984488844871520996e-01 -1.878521084785461426e+00 -8.561069145798683167e-03 9.999213218688964844e-01 -9.173392318189144135e-03 -1.522283703088760376e-01 3.983791172504425049e-01 1.182480901479721069e-02 9.171447753906250000e-01 9.512425422668457031e+00
9.130974411964416504e-01 3.965072799474000931e-03 -4.077216684818267822e-01 -2.041677474975585938e+00 -8.642394095659255981e-03 9.999163150787353516e-01 -9.630608372390270233e-03 -1.603826433420181274e-01 4.076494276523590088e-01 1.231737714260816574e-02 9.130556583404541016e-01 9.854029655456542969e+00
9.090092778205871582e-01 3.855143673717975616e-03 -4.167578220367431641e-01 -2.285647630691528320e+00 -8.398409932851791382e-03 9.999235868453979492e-01 -9.068536572158336639e-03 -1.748918890953063965e-01 4.166910946369171143e-01 1.174348779022693634e-02 9.089725613594055176e-01 1.037163925170898438e+01
8.995181918144226074e-01 3.070403356105089188e-03 -4.368723332881927490e-01 -2.504025220870971680e+00 -7.928365841507911682e-03 9.999253749847412109e-01 -9.296846576035022736e-03 -1.840351223945617676e-01 4.368112683296203613e-01 1.182636618614196777e-02 8.994756937026977539e-01 1.076837730407714844e+01
8.882435560226440430e-01 3.474590135738253593e-03 -4.593594372272491455e-01 -2.715104579925537109e+00 -8.521727286279201508e-03 9.999240040779113770e-01 -8.914684876799583435e-03 -1.896779984235763550e-01 4.592936038970947266e-01 1.183294784277677536e-02 8.882060050964355469e-01 1.111901569366455078e+01
8.784137964248657227e-01 3.985539544373750687e-03 -4.778839647769927979e-01 -2.886610746383666992e+00 -9.271012619137763977e-03 9.999191761016845703e-01 -8.702049963176250458e-03 -1.940257102251052856e-01 4.778107106685638428e-01 1.207447052001953125e-02 8.783801198005676270e-01 1.139193248748779297e+01
8.700052499771118164e-01 4.159867297857999802e-03 -4.930246472358703613e-01 -3.149607181549072266e+00 -9.535670280456542969e-03 9.999194145202636719e-01 -8.390155620872974396e-03 -2.051917016506195068e-01 4.929500520229339600e-01 1.200080104172229767e-02 8.699751496315002441e-01 1.182821941375732422e+01
8.588533997535705566e-01 3.024876350536942482e-03 -5.122123956680297852e-01 -3.420810461044311523e+00 -8.765919134020805359e-03 9.999229907989501953e-01 -8.793223649263381958e-03 -2.168000787496566772e-01 5.121464133262634277e-01 1.204210333526134491e-02 8.588140606880187988e-01 1.225145912170410156e+01
8.491067886352539062e-01 2.182086464017629623e-03 -5.282165408134460449e-01 -3.673046588897705078e+00 -7.670994848012924194e-03 9.999369978904724121e-01 -8.200325071811676025e-03 -2.263877242803573608e-01 5.281654596328735352e-01 1.101489923894405365e-02 8.490703105926513672e-01 1.263181018829345703e+01
8.439140915870666504e-01 5.747473333030939102e-04 -5.364779233932495117e-01 -3.955012321472167969e+00 -6.203174591064453125e-03 9.999430775642395020e-01 -8.686722256243228912e-03 -2.399435043334960938e-01 5.364423990249633789e-01 1.065871398895978928e-02 8.438699245452880859e-01 1.305867385864257812e+01
8.543159961700439453e-01 -1.451437710784375668e-03 -5.197517871856689453e-01 -4.198049545288085938e+00 -3.618830116465687752e-03 9.999552965164184570e-01 -8.740711025893688202e-03 -2.492426037788391113e-01 5.197412371635437012e-01 9.348223917186260223e-03 8.542728424072265625e-01 1.348524379730224609e+01
8.635453581809997559e-01 -2.530265599489212036e-03 -5.042646527290344238e-01 -4.475604534149169922e+00 -1.976066967472434044e-03 9.999628067016601562e-01 -8.401535451412200928e-03 -2.624899446964263916e-01 5.042671561241149902e-01 8.251568302512168884e-03 8.635085225105285645e-01 1.398780536651611328e+01
8.782652020454406738e-01 -4.563283640891313553e-03 -4.781518280506134033e-01 -4.673987865447998047e+00 2.482827403582632542e-05 9.999549388885498047e-01 -9.497557766735553741e-03 -2.741841077804565430e-01 4.781736135482788086e-01 8.329503238201141357e-03 8.782260417938232422e-01 1.439480304718017578e+01
8.921380043029785156e-01 -6.556679029017686844e-03 -4.517151415348052979e-01 -4.862458229064941406e+00 2.168889157474040985e-03 9.999453425407409668e-01 -1.023072842508554459e-02 -2.861895859241485596e-01 4.517575204372406006e-01 8.147501386702060699e-03 8.921037316322326660e-01 1.481569004058837891e+01
8.963912725448608398e-01 -8.359719999134540558e-03 -4.431846737861633301e-01 -5.039179325103759766e+00 3.594520268961787224e-03 9.999263882637023926e-01 -1.159112993627786636e-02 -2.980757057666778564e-01 4.432489573955535889e-01 8.797151036560535431e-03 8.963555097579956055e-01 1.517839717864990234e+01
8.849713206291198730e-01 -8.952568285167217255e-03 -4.655594527721405029e-01 -5.255702495574951172e+00 3.747260663658380508e-03 9.999197721481323242e-01 -1.210508216172456741e-02 -3.112814426422119141e-01 4.656304717063903809e-01 8.968075737357139587e-03 8.849339485168457031e-01 1.554988574981689453e+01
8.717749118804931641e-01 -9.743478149175643921e-03 -4.898096621036529541e-01 -5.496937274932861328e+00 4.154728725552558899e-03 9.999133944511413574e-01 -1.249597407877445221e-02 -3.226763308048248291e-01 4.898889958858489990e-01 8.858648128807544708e-03 8.717399835586547852e-01 1.594343280792236328e+01
8.548473715782165527e-01 -9.495328180491924286e-03 -5.187926292419433594e-01 -5.603319644927978516e+00 2.461264375597238541e-03 9.998956322669982910e-01 -1.424525585025548935e-02 -3.262570500373840332e-01 5.188738107681274414e-01 1.090063154697418213e-02 8.547815680503845215e-01 1.603960037231445312e+01
8.410065770149230957e-01 -1.129652746021747589e-02 -5.409069657325744629e-01 -5.789473533630371094e+00 3.382888156920671463e-03 9.998723268508911133e-01 -1.562201511114835739e-02 -3.390723466873168945e-01 5.410145521163940430e-01 1.130838692188262939e-02 8.409374952316284180e-01 1.627657890319824219e+01
8.305019736289978027e-01 -1.190891582518815994e-02 -5.568882226943969727e-01 -6.070017337799072266e+00 3.704010741785168648e-03 9.998674988746643066e-01 -1.585803180932998657e-02 -3.558771312236785889e-01 5.570035576820373535e-01 1.110740471631288528e-02 8.304361701011657715e-01 1.666514396667480469e+01
8.245769143104553223e-01 -1.260389387607574463e-02 -5.656092166900634766e-01 -6.415197372436523438e+00 4.039653576910495758e-03 9.998576045036315918e-01 -1.639134250581264496e-02 -3.732567727565765381e-01 5.657355785369873047e-01 1.123105641454458237e-02 8.245106339454650879e-01 1.716141891479492188e+01
8.193004727363586426e-01 -1.356541644781827927e-02 -5.732036232948303223e-01 -6.837084293365478516e+00 5.345787387341260910e-03 9.998574256896972656e-01 -1.602166332304477692e-02 -3.958186805248260498e-01 5.733396410942077637e-01 1.006232947111129761e-02 8.192564249038696289e-01 1.775664520263671875e+01
8.156464099884033203e-01 -1.494146510958671570e-02 -5.783575177192687988e-01 -7.271005630493164062e+00 6.709343753755092621e-03 9.998435378074645996e-01 -1.636820472776889801e-02 -4.195924401283264160e-01 5.785120129585266113e-01 9.470264427363872528e-03 8.156192898750305176e-01 1.836734008789062500e+01
8.146904706954956055e-01 -1.557957101613283157e-02 -5.796865224838256836e-01 -7.758642196655273438e+00 7.881294004619121552e-03 9.998441934585571289e-01 -1.579531095921993256e-02 -4.443674385547637939e-01 5.798426866531372070e-01 8.299604058265686035e-03 8.146865963935852051e-01 1.904888725280761719e+01
8.141306042671203613e-01 -1.648132503032684326e-02 -5.804476141929626465e-01 -8.259634971618652344e+00 9.202974848449230194e-03 9.998377561569213867e-01 -1.548155210912227631e-02 -4.698040485382080078e-01 5.806090831756591797e-01 7.262154482305049896e-03 8.141504526138305664e-01 1.974931907653808594e+01
8.144793510437011719e-01 -1.733333244919776917e-02 -5.799334049224853516e-01 -8.747478485107421875e+00 1.033860817551612854e-02 9.998284578323364258e-01 -1.536345668137073517e-02 -4.953974783420562744e-01 5.801007151603698730e-01 6.517506204545497894e-03 8.145191073417663574e-01 2.043168258666992188e+01
8.144477605819702148e-01 -1.798089966177940369e-02 -5.799580216407775879e-01 -9.249395370483398438e+00 1.147293765097856522e-02 9.998232722282409668e-01 -1.488662790507078171e-02 -5.222283005714416504e-01 5.801237225532531738e-01 5.470550153404474258e-03 8.145104050636291504e-01 2.113294792175292969e+01
8.148813843727111816e-01 -1.920109242200851440e-02 -5.793094038963317871e-01 -9.773614883422851562e+00 1.306187547743320465e-02 9.998055696487426758e-01 -1.476497203111648560e-02 -5.517829656600952148e-01 5.794808268547058105e-01 4.464823752641677856e-03 8.149740695953369141e-01 2.186737632751464844e+01
8.154888153076171875e-01 -1.979713700711727142e-02 -5.784339904785156250e-01 -1.029445457458496094e+01 1.443377695977687836e-02 9.997995495796203613e-01 -1.386950444430112839e-02 -5.796274542808532715e-01 5.785932540893554688e-01 2.961428137496113777e-03 8.156113028526306152e-01 2.260161018371582031e+01
8.158289790153503418e-01 -2.100340463221073151e-02 -5.779115557670593262e-01 -1.080939197540283203e+01 1.571254245936870575e-02 9.997762441635131836e-01 -1.415435969829559326e-02 -6.077394485473632812e-01 5.780801177024841309e-01 2.467067446559667587e-03 8.159767389297485352e-01 2.332853698730468750e+01
8.162970542907714844e-01 -2.203372865915298462e-02 -5.772117376327514648e-01 -1.131090450286865234e+01 1.711451075971126556e-02 9.997560381889343262e-01 -1.395993027836084366e-02 -6.344396471977233887e-01 5.773791074752807617e-01 1.516743213869631290e-03 8.164752125740051270e-01 2.403498458862304688e+01
8.167825341224670410e-01 -2.305401302874088287e-02 -5.764846205711364746e-01 -1.182295513153076172e+01 1.831681840121746063e-02 9.997337460517883301e-01 -1.402816642075777054e-02 -6.613534092903137207e-01 5.766550898551940918e-01 8.985863532871007919e-04 8.169875741004943848e-01 2.475691986083984375e+01
8.174299597740173340e-01 -2.453953772783279419e-02 -5.755048394203186035e-01 -1.235561084747314453e+01 1.968594640493392944e-02 9.996985197067260742e-01 -1.466584485024213791e-02 -6.904941797256469727e-01 5.756917595863342285e-01 6.589313270524144173e-04 8.176668882369995117e-01 2.550785255432128906e+01
8.177775144577026367e-01 -2.612997777760028839e-02 -5.749408602714538574e-01 -1.291860389709472656e+01 2.124320901930332184e-02 9.996584057807922363e-01 -1.521694008260965347e-02 -7.220965623855590820e-01 5.751425623893737793e-01 2.304695080965757370e-04 8.180535435676574707e-01 2.630327224731445312e+01
8.186391592025756836e-01 -2.771653048694133759e-02 -5.736388564109802246e-01 -1.347044467926025391e+01 2.257365174591541290e-02 9.996157288551330566e-01 -1.608365587890148163e-02 -7.545443177223205566e-01 5.738646388053894043e-01 2.175724366679787636e-04 8.189505338668823242e-01 2.708423042297363281e+01
8.194780349731445312e-01 -2.868822403252124786e-02 -5.723919868469238281e-01 -1.400243949890136719e+01 2.388288266956806183e-02 9.995881319046020508e-01 -1.590678468346595764e-02 -7.838923931121826172e-01 5.726130008697509766e-01 -6.351250340230762959e-04 8.198260068893432617e-01 2.784119606018066406e+01
8.198556900024414062e-01 -2.975889854133129120e-02 -5.717962384223937988e-01 -1.450953769683837891e+01 2.500613220036029816e-02 9.995564818382263184e-01 -1.616709865629673004e-02 -8.117492198944091797e-01 5.720241665840148926e-01 -1.043740892782807350e-03 8.202365040779113770e-01 2.856616020202636719e+01
8.203747868537902832e-01 -3.117954917252063751e-02 -5.709754228591918945e-01 -1.504185009002685547e+01 2.636172436177730560e-02 9.995127916336059570e-01 -1.670452207326889038e-02 -8.426834940910339355e-01 5.712185502052307129e-01 -1.347943209111690521e-03 8.207973241806030273e-01 2.932954406738281250e+01
8.212050795555114746e-01 -3.230637684464454651e-02 -5.697178244590759277e-01 -1.557526397705078125e+01 2.780917659401893616e-02 9.994754791259765625e-01 -1.659137010574340820e-02 -8.737149238586425781e-01 5.699554681777954102e-01 -2.218481851741671562e-03 8.216730356216430664e-01 3.009776687622070312e+01
8.221843838691711426e-01 -3.335246071219444275e-02 -5.682432651519775391e-01 -1.612177658081054688e+01 2.903765067458152771e-02 9.994395971298217773e-01 -1.664686948060989380e-02 -9.049381017684936523e-01 5.684804320335388184e-01 -2.813669620081782341e-03 8.226923942565917969e-01 3.088608551025390625e+01
8.228704333305358887e-01 -3.467825055122375488e-02 -5.671699047088623047e-01 -1.664260101318359375e+01 3.049369528889656067e-02 9.993925690650939941e-01 -1.686413958668708801e-02 -9.374858736991882324e-01 5.674106478691101074e-01 -3.418123582378029823e-03 8.234282732009887695e-01 3.164011573791503906e+01
8.235652446746826172e-01 -3.568132221698760986e-02 -5.660982131958007812e-01 -1.715583992004394531e+01 3.161831200122833252e-02 9.993554949760437012e-01 -1.699103042483329773e-02 -9.674952030181884766e-01 5.663400292396545410e-01 -3.905865829437971115e-03 8.241627812385559082e-01 3.238675689697265625e+01
8.245537281036376953e-01 -3.746325895190238953e-02 -5.645420551300048828e-01 -1.771348571777343750e+01 3.314807638525962830e-02 9.992901086807250977e-01 -1.789822988212108612e-02 -1.001738667488098145e+00 5.648121833801269531e-01 -3.955448046326637268e-03 8.252103328704833984e-01 3.319805145263671875e+01
8.257721662521362305e-01 -3.920537978410720825e-02 -5.626396536827087402e-01 -1.826373100280761719e+01 3.468809649348258972e-02 9.992228746414184570e-01 -1.871617510914802551e-02 -1.036950469017028809e+00 5.629365444183349609e-01 -4.061619285494089127e-03 8.264904618263244629e-01 3.400113296508789062e+01
8.267670273780822754e-01 -4.108821973204612732e-02 -5.610420107841491699e-01 -1.876828002929687500e+01 3.601602464914321899e-02 9.991489648818969727e-01 -2.009904198348522186e-02 -1.068648695945739746e+00 5.613907575607299805e-01 -3.589294385164976120e-03 8.275433778762817383e-01 3.474416732788085938e+01
8.273838758468627930e-01 -4.164598137140274048e-02 -5.600907206535339355e-01 -1.926743316650390625e+01 3.748579323291778564e-02 9.991180300712585449e-01 -1.891501620411872864e-02 -1.099436998367309570e+00 5.603848099708557129e-01 -5.345481447875499725e-03 8.282154202461242676e-01 3.547896957397460938e+01
8.272327780723571777e-01 -4.264945164322853088e-02 -5.602383613586425781e-01 -1.971294212341308594e+01 3.870548307895660400e-02 9.990716576576232910e-01 -1.890522427856922150e-02 -1.126958370208740234e+00 5.605248808860778809e-01 -6.045290734618902206e-03 8.281158208847045898e-01 3.613701248168945312e+01
8.281370997428894043e-01 -4.315484315156936646e-02 -5.588619709014892578e-01 -2.019092369079589844e+01 3.977553173899650574e-02 9.990426898002624512e-01 -1.820477284491062164e-02 -1.155536174774169922e+00 5.591129660606384277e-01 -7.152998819947242737e-03 8.290609717369079590e-01 3.684343719482421875e+01
8.292188048362731934e-01 -4.455086588859558105e-02 -5.571458935737609863e-01 -2.072509384155273438e+01 4.151844978332519531e-02 9.989739656448364258e-01 -1.808735169470310211e-02 -1.189639329910278320e+00 5.573803782463073730e-01 -8.133475668728351593e-03 8.302177786827087402e-01 3.763661575317382812e+01
8.299165964126586914e-01 -4.611942917108535767e-02 -5.559780597686767578e-01 -2.121940231323242188e+01 4.295589774847030640e-02 9.989011883735656738e-01 -1.873987168073654175e-02 -1.221064448356628418e+00 5.562317371368408203e-01 -8.330019190907478333e-03 8.309857845306396484e-01 3.837382507324218750e+01
8.304374217987060547e-01 -4.738347977399826050e-02 -5.550932884216308594e-01 -2.172144126892089844e+01 4.451929032802581787e-02 9.988341927528381348e-01 -1.865951530635356903e-02 -1.251979827880859375e+00 5.553306341171264648e-01 -9.216814301908016205e-03 8.315788507461547852e-01 3.912528228759765625e+01
8.309392333030700684e-01 -4.794581606984138489e-02 -5.542935132980346680e-01 -2.221824073791503906e+01 4.572646319866180420e-02 9.987944960594177246e-01 -1.784636266529560089e-02 -1.284068226814270020e+00 5.544812679290771484e-01 -1.051665097475051880e-02 8.321300148963928223e-01 3.986904144287109375e+01
8.316636681556701660e-01 -4.902460426092147827e-02 -5.531114339828491211e-01 -2.272071456909179688e+01 4.719357192516326904e-02 9.987312555313110352e-01 -1.756109669804573059e-02 -1.316816568374633789e+00 5.532709360122680664e-01 -1.149839069694280624e-02 8.329222798347473145e-01 4.062420272827148438e+01
8.325050473213195801e-01 -4.978748783469200134e-02 -5.517759323120117188e-01 -2.320594024658203125e+01 4.848358780145645142e-02 9.986797571182250977e-01 -1.696150191128253937e-02 -1.347991585731506348e+00 5.518922805786132812e-01 -1.263155229389667511e-02 8.338199853897094727e-01 4.135776901245117188e+01
8.330514430999755859e-01 -5.077485740184783936e-02 -5.508605241775512695e-01 -2.369173049926757812e+01 4.971062391996383667e-02 9.986209869384765625e-01 -1.687061786651611328e-02 -1.377528786659240723e+00 5.509579181671142578e-01 -1.332954224199056625e-02 8.344268798828125000e-01 4.209360122680664062e+01
8.340554237365722656e-01 -5.194821581244468689e-02 -5.492295026779174805e-01 -2.416856193542480469e+01 5.099051818251609802e-02 9.985540509223937988e-01 -1.701330579817295074e-02 -1.406637907028198242e+00 5.493196249008178711e-01 -1.381547562777996063e-02 8.354983925819396973e-01 4.281863784790039062e+01
8.354199528694152832e-01 -5.309860780835151672e-02 -5.470411777496337891e-01 -2.463004684448242188e+01 5.209279060363769531e-02 9.984911084175109863e-01 -1.736459881067276001e-02 -1.435500860214233398e+00 5.471382737159729004e-01 -1.399018988013267517e-02 8.369256258010864258e-01 4.352531814575195312e+01
8.365378975868225098e-01 -5.406006425619125366e-02 -5.452356338500976562e-01 -2.509999847412109375e+01 5.337828025221824646e-02 9.984278082847595215e-01 -1.709743961691856384e-02 -1.465001106262207031e+00 5.453032255172729492e-01 -1.480111014097929001e-02 8.381084799766540527e-01 4.424818801879882812e+01
8.375007510185241699e-01 -5.515763536095619202e-02 -5.436452031135559082e-01 -2.558502960205078125e+01 5.480319634079933167e-02 9.983545541763305664e-01 -1.686608977615833282e-02 -1.495479822158813477e+00 5.436815023422241211e-01 -1.566815935075283051e-02 8.391456604003906250e-01 4.499595642089843750e+01
8.382669091224670410e-01 -5.579798296093940735e-02 -5.423976182937622070e-01 -2.607464981079101562e+01 5.590514093637466431e-02 9.983028769493103027e-01 -1.629777438938617706e-02 -1.525299549102783203e+00 5.423870086669921875e-01 -1.666095294058322906e-02 8.399638533592224121e-01 4.575333404541015625e+01
8.383457064628601074e-01 -5.684507638216018677e-02 -5.421669483184814453e-01 -2.655491638183593750e+01 5.717705562710762024e-02 9.982315897941589355e-01 -1.625039242208003998e-02 -1.555169820785522461e+00 5.421324968338012695e-01 -1.737608946859836578e-02 8.401136398315429688e-01 4.649641418457031250e+01
8.389007449150085449e-01 -5.781109258532524109e-02 -5.412054657936096191e-01 -2.704442787170410156e+01 5.860335379838943481e-02 9.981563687324523926e-01 -1.578351669013500214e-02 -1.585864305496215820e+00 5.411207675933837891e-01 -1.847567781805992126e-02 8.407422304153442383e-01 4.725535964965820312e+01
8.395608663558959961e-01 -5.911172926425933838e-02 -5.400401353836059570e-01 -2.752978134155273438e+01 6.013517826795578003e-02 9.980657100677490234e-01 -1.575856469571590424e-02 -1.615414500236511230e+00 5.399276614189147949e-01 -1.924516446888446808e-02 8.414917588233947754e-01 4.800823211669921875e+01
8.402880430221557617e-01 -6.023095175623893738e-02 -5.387840867042541504e-01 -2.801659011840820312e+01 6.131143867969512939e-02 9.979912042617797852e-01 -1.594461128115653992e-02 -1.644538283348083496e+00 5.386627316474914551e-01 -1.963558979332447052e-02 8.422930240631103516e-01 4.876809692382812500e+01
8.409041166305541992e-01 -6.131022796034812927e-02 -5.377000570297241211e-01 -2.850140953063964844e+01 6.264676153659820557e-02 9.979103803634643555e-01 -1.581216603517532349e-02 -1.674292802810668945e+00 5.375464558601379395e-01 -2.038868330419063568e-02 8.429879546165466309e-01 4.952570724487304688e+01
8.420981168746948242e-01 -6.253612041473388672e-02 -5.356864929199218750e-01 -2.899213409423828125e+01 6.355304270982742310e-02 9.978405833244323730e-01 -1.658281311392784119e-02 -1.704024553298950195e+00 5.355672836303710938e-01 -2.008018642663955688e-02 8.442541956901550293e-01 5.029605484008789062e+01
8.428416252136230469e-01 -6.363656371831893921e-02 -5.343859195709228516e-01 -2.948421669006347656e+01 6.473071873188018799e-02 9.977625012397766113e-01 -1.672282442450523376e-02 -1.735385894775390625e+00 5.342549681663513184e-01 -2.049652859568595886e-02 8.450752496719360352e-01 5.107317352294921875e+01
8.435810208320617676e-01 -6.445560604333877563e-02 -5.331196188926696777e-01 -2.995764541625976562e+01 6.556583195924758911e-02 9.977053403854370117e-01 -1.687732338905334473e-02 -1.764670968055725098e+00 5.329846739768981934e-01 -2.071707509458065033e-02 8.458716273307800293e-01 5.182287979125976562e+01
8.446553349494934082e-01 -6.500499695539474487e-02 -5.313490629196166992e-01 -3.042710876464843750e+01 6.667133420705795288e-02 9.976454377174377441e-01 -1.606790721416473389e-02 -1.793457984924316406e+00 5.311429500579833984e-01 -2.185393869876861572e-02 8.470007181167602539e-01 5.257020187377929688e+01
8.456349968910217285e-01 -6.579106301069259644e-02 -5.296915769577026367e-01 -3.090949821472167969e+01 6.805703043937683105e-02 9.975646734237670898e-01 -1.525315549224615097e-02 -1.824047446250915527e+00 5.294056534767150879e-01 -2.315066382288932800e-02 8.480532765388488770e-01 5.334045410156250000e+01
8.463840484619140625e-01 -6.667989492416381836e-02 -5.283824205398559570e-01 -3.138517189025878906e+01 6.920328736305236816e-02 9.974892139434814453e-01 -1.502689998596906662e-02 -1.853789210319519043e+00 5.280583500862121582e-01 -2.384730614721775055e-02 8.488736152648925781e-01 5.410444641113281250e+01
8.469444513320922852e-01 -6.709051877260208130e-02 -5.274316668510437012e-01 -3.186576080322265625e+01 7.045917212963104248e-02 9.974200129508972168e-01 -1.373153738677501678e-02 -1.881804466247558594e+00 5.269927978515625000e-01 -2.553258463740348816e-02 8.494865894317626953e-01 5.487700271606445312e+01
8.474512100219726562e-01 -6.800957024097442627e-02 -5.264991521835327148e-01 -3.232608032226562500e+01 7.170669734477996826e-02 9.973354935646057129e-01 -1.341017615050077438e-02 -1.907676458358764648e+00 5.260089635848999023e-01 -2.638908289372920990e-02 8.500699996948242188e-01 5.561994171142578125e+01
8.473041057586669922e-01 -6.916616111993789673e-02 -5.265851020812988281e-01 -3.276166915893554688e+01 7.293010503053665161e-02 9.972437024116516113e-01 -1.363797951489686966e-02 -1.931983590126037598e+00 5.260776281356811523e-01 -2.684842795133590698e-02 8.500130772590637207e-01 5.632335281372070312e+01
8.472673892974853516e-01 -7.083674520254135132e-02 -5.264221429824829102e-01 -3.321002960205078125e+01 7.436259090900421143e-02 9.971258044242858887e-01 -1.449059136211872101e-02 -1.957044959068298340e+00 5.259363055229187012e-01 -2.686874754726886749e-02 8.500999212265014648e-01 5.704701232910156250e+01
8.477105498313903809e-01 -7.220513373613357544e-02 -5.255220532417297363e-01 -3.366150283813476562e+01 7.574148476123809814e-02 9.970173239707946777e-01 -1.480992045253515244e-02 -1.983812093734741211e+00 5.250245928764343262e-01 -2.724933065474033356e-02 8.506511449813842773e-01 5.777662277221679688e+01
8.483012914657592773e-01 -7.367306202650070190e-02 -5.243638753890991211e-01 -3.411214065551757812e+01 7.680405676364898682e-02 9.969205856323242188e-01 -1.581580750644207001e-02 -2.011246204376220703e+00 5.239149928092956543e-01 -2.685674093663692474e-02 8.513475060462951660e-01 5.850938034057617188e+01
8.492124080657958984e-01 -7.484713196754455566e-02 -5.227202177047729492e-01 -3.457397079467773438e+01 7.818681746721267700e-02 9.968147873878479004e-01 -1.570922322571277618e-02 -2.039406776428222656e+00 5.222316384315490723e-01 -2.752940170466899872e-02 8.523597121238708496e-01 5.926049041748046875e+01
8.499086499214172363e-01 -7.540803402662277222e-02 -5.215065479278564453e-01 -3.503115081787109375e+01 7.919706404209136963e-02 9.967451095581054688e-01 -1.505701709538698196e-02 -2.066453456878662109e+00 5.209451317787170410e-01 -2.850473858416080475e-02 8.531145453453063965e-01 6.000856781005859375e+01
8.510904312133789062e-01 -7.519413530826568604e-02 -5.196066498756408691e-01 -3.548777008056640625e+01 7.997178286314010620e-02 9.967089295387268066e-01 -1.324744708836078644e-02 -2.092531919479370117e+00 5.188933610916137695e-01 -3.027914091944694519e-02 8.543029427528381348e-01 6.075623703002929688e+01
8.517678380012512207e-01 -7.585652172565460205e-02 -5.183989405632019043e-01 -3.594859313964843750e+01 8.113314956426620483e-02 9.966244101524353027e-01 -1.252676732838153839e-02 -2.117870092391967773e+00 5.175999402999877930e-01 -3.138948976993560791e-02 8.550471663475036621e-01 6.151436233520507812e+01
8.523659110069274902e-01 -7.594247162342071533e-02 -5.174023509025573730e-01 -3.639402389526367188e+01 8.211919665336608887e-02 9.965618252754211426e-01 -1.098907366394996643e-02 -2.142870903015136719e+00 5.164586901664733887e-01 -3.312199562788009644e-02 8.556717038154602051e-01 6.224937438964843750e+01
8.523774743080139160e-01 -7.685686647891998291e-02 -5.172481536865234375e-01 -3.684724807739257812e+01 8.342051506042480469e-02 9.964580535888671875e-01 -1.059233397245407104e-02 -2.166489362716674805e+00 5.162308812141418457e-01 -3.412048891186714172e-02 8.557698726654052734e-01 6.299912643432617188e+01
8.523609638214111328e-01 -7.793885469436645508e-02 -5.171134471893310547e-01 -3.730894088745117188e+01 8.464317023754119873e-02 9.963542819023132324e-01 -1.065175607800483704e-02 -2.189799308776855469e+00 5.160590410232543945e-01 -3.469102829694747925e-02 8.558505773544311523e-01 6.376372146606445312e+01
8.526553511619567871e-01 -7.917440682649612427e-02 -5.164400339126586914e-01 -3.776033401489257812e+01 8.584140241146087646e-02 9.962479472160339355e-01 -1.100649125874042511e-02 -2.213551998138427734e+00 5.153744220733642578e-01 -3.494724631309509277e-02 8.562526106834411621e-01 6.451065826416015625e+01
8.533065915107727051e-01 -8.105607330799102783e-02 -5.150706768035888672e-01 -3.819640731811523438e+01 8.724972605705261230e-02 9.961115717887878418e-01 -1.221211720257997513e-02 -2.236677885055541992e+00 5.140584111213684082e-01 -3.451915457844734192e-02 8.570607304573059082e-01 6.523797607421875000e+01
8.537517786026000977e-01 -8.240906149148941040e-02 -5.141174793243408203e-01 -3.864331817626953125e+01 8.861718326807022095e-02 9.959873557090759277e-01 -1.248992886394262314e-02 -2.261554002761840820e+00 5.130845308303833008e-01 -3.489640355110168457e-02 8.576288819313049316e-01 6.598407745361328125e+01
8.543162345886230469e-01 -8.347746729850769043e-02 -5.130063891410827637e-01 -3.909706878662109375e+01 8.979324996471405029e-02 9.958816766738891602e-01 -1.251805480569601059e-02 -2.287560462951660156e+00 5.119393467903137207e-01 -3.537019342184066772e-02 8.582935929298400879e-01 6.674310302734375000e+01
8.546221256256103516e-01 -8.465357869863510132e-02 -5.123037695884704590e-01 -3.955704116821289062e+01 9.102904796600341797e-02 9.957673549652099609e-01 -1.268746145069599152e-02 -2.313987970352172852e+00 5.112101435661315918e-01 -3.579160198569297791e-02 8.587107062339782715e-01 6.751239776611328125e+01
8.551174402236938477e-01 -8.642628788948059082e-02 -5.111800432205200195e-01 -4.003013610839843750e+01 9.240306168794631958e-02 9.956266283988952637e-01 -1.375803910195827484e-02 -2.341297864913940430e+00 5.101341605186462402e-01 -3.546992689371109009e-02 8.593636155128479004e-01 6.830803680419921875e+01
8.553255796432495117e-01 -8.764930814504623413e-02 -5.106232762336730957e-01 -4.048898696899414062e+01 9.350909292697906494e-02 9.955164194107055664e-01 -1.424847263842821121e-02 -2.368695974349975586e+00 5.095834136009216309e-01 -3.556090593338012695e-02 8.596866130828857422e-01 6.908012390136718750e+01
8.556366562843322754e-01 -8.956017345190048218e-02 -5.097697973251342773e-01 -4.090736389160156250e+01 9.476127475500106812e-02 9.953742623329162598e-01 -1.582021079957485199e-02 -2.394418001174926758e+00 5.088292956352233887e-01 -3.477015718817710876e-02 8.601654767990112305e-01 6.978731536865234375e+01
8.564198017120361328e-01 -9.175617247819900513e-02 -5.080612897872924805e-01 -4.131053543090820312e+01 9.615352749824523926e-02 9.952099323272705078e-01 -1.765310578048229218e-02 -2.419956922531127930e+00 5.072481036186218262e-01 -3.373348712921142578e-02 8.611401319503784180e-01 7.047214508056640625e+01
8.577432036399841309e-01 -9.400295466184616089e-02 -5.054111480712890625e-01 -4.170186233520507812e+01 9.745220094919204712e-02 9.950454831123352051e-01 -1.968347281217575073e-02 -2.447017192840576172e+00 5.047580599784851074e-01 -3.237013518810272217e-02 8.626542687416076660e-01 7.114137268066406250e+01
8.605873584747314453e-01 -9.559562057256698608e-02 -5.002511739730834961e-01 -4.206079483032226562e+01 9.869268536567687988e-02 9.949100017547607422e-01 -2.034048736095428467e-02 -2.471383571624755859e+00 4.996500909328460693e-01 -3.186644241213798523e-02 8.656414747238159180e-01 7.176451110839843750e+01
8.642356395721435547e-01 -9.741607308387756348e-02 -4.935657978057861328e-01 -4.241771316528320312e+01 1.002685427665710449e-01 9.947436451911926270e-01 -2.076393924653530121e-02 -2.497202634811401367e+00 4.929949641227722168e-01 -3.154426440596580505e-02 8.694605827331542969e-01 7.239643859863281250e+01
8.699047565460205078e-01 -9.854482859373092651e-02 -4.832752943038940430e-01 -4.278915405273437500e+01 1.018721461296081543e-01 9.946075081825256348e-01 -1.943892240524291992e-02 -2.526091098785400391e+00 4.825856387615203857e-01 -3.232236206531524658e-02 8.752526640892028809e-01 7.307643890380859375e+01
8.745526671409606934e-01 -9.941639006137847900e-02 -4.746308624744415283e-01 -4.313341903686523438e+01 1.032611951231956482e-01 9.944906830787658691e-01 -1.803783141076564789e-02 -2.551472663879394531e+00 4.738100171089172363e-01 -3.323599323630332947e-02 8.800002336502075195e-01 7.372698211669921875e+01
8.814254999160766602e-01 -1.011540666222572327e-01 -4.613647460937500000e-01 -4.341739654541015625e+01 1.050939559936523438e-01 9.943130612373352051e-01 -1.722352020442485809e-02 -2.573029994964599609e+00 4.604840278625488281e-01 -3.330546990036964417e-02 8.870435357093811035e-01 7.429310607910156250e+01
8.887801170349121094e-01 -1.024854779243469238e-01 -4.467293620109558105e-01 -4.369086837768554688e+01 1.065123528242111206e-01 9.941798448562622070e-01 -1.616848818957805634e-02 -2.592101573944091797e+00 4.457871019840240479e-01 -3.321203589439392090e-02 8.945232629776000977e-01 7.486170196533203125e+01
8.958438038825988770e-01 -1.042388081550598145e-01 -4.319705665111541748e-01 -4.395239257812500000e+01 1.082111373543739319e-01 9.940077662467956543e-01 -1.544992439448833466e-02 -2.610478639602661133e+00 4.309932887554168701e-01 -3.290338069200515747e-02 9.017555713653564453e-01 7.542686462402343750e+01
9.030429124832153320e-01 -1.059511527419090271e-01 -4.162791073322296143e-01 -4.419482040405273438e+01 1.099631786346435547e-01 9.938311576843261719e-01 -1.440403051674365997e-02 -2.626898527145385742e+00 4.152379930019378662e-01 -3.276799246668815613e-02 9.091230034828186035e-01 7.598043060302734375e+01
9.121544361114501953e-01 -1.073582097887992859e-01 -3.955362737178802490e-01 -4.439967346191406250e+01 1.119798943400382996e-01 9.936442375183105469e-01 -1.146021299064159393e-02 -2.640846490859985352e+00 3.942534625530242920e-01 -3.383870422840118408e-02 9.183790683746337891e-01 7.649855804443359375e+01
9.181327819824218750e-01 -1.086584925651550293e-01 -3.810852468013763428e-01 -4.458687210083007812e+01 1.135729849338531494e-01 9.934827089309692383e-01 -9.644241072237491608e-03 -2.655952930450439453e+00 3.796502947807312012e-01 -3.442637622356414795e-02 9.244897961616516113e-01 7.698124694824218750e+01
9.294427633285522461e-01 -1.100361496210098267e-01 -3.521769046783447266e-01 -4.474096679687500000e+01 1.146734505891799927e-01 9.933729767799377441e-01 -7.736335508525371552e-03 -2.666213750839233398e+00 3.506950736045837402e-01 -3.319493681192398071e-02 9.359017014503479004e-01 7.746569824218750000e+01
9.351707100868225098e-01 -1.109385639429092407e-01 -3.363759219646453857e-01 -4.482040405273437500e+01 1.150705665349960327e-01 9.933273196220397949e-01 -7.692949846386909485e-03 -2.670923233032226562e+00 3.349856734275817871e-01 -3.151283040642738342e-02 9.416965842247009277e-01 7.774334716796875000e+01
9.377580881118774414e-01 -1.120715141296386719e-01 -3.287099897861480713e-01 -4.491785049438476562e+01 1.159204021096229553e-01 9.932266473770141602e-01 -7.931519299745559692e-03 -2.677915334701538086e+00 3.273732364177703857e-01 -3.066642954945564270e-02 9.443978071212768555e-01 7.804904937744140625e+01
9.418122768402099609e-01 -1.128480434417724609e-01 -3.166313469409942627e-01 -4.501975250244140625e+01 1.165083572268486023e-01 9.931618571281433105e-01 -7.413722109049558640e-03 -2.683166503906250000e+00 3.153036236763000488e-01 -2.990794368088245392e-02 9.485198855400085449e-01 7.837870025634765625e+01
