9.999731183052062988e-01 -5.286226049065589905e-03 -5.086128599941730499e-03 -1.502466911915689707e-04 5.306994542479515076e-03 9.999775886535644531e-01 4.078545141965150833e-03 -4.600770771503448486e-02 5.064454860985279083e-03 -4.105427768081426620e-03 9.999787211418151855e-01 2.885603189468383789e+00
9.999284148216247559e-01 -1.525354455225169659e-03 -1.186912506818771362e-02 -2.419480122625827789e-02 1.633752137422561646e-03 9.999570250511169434e-01 9.128401987254619598e-03 -8.787280321121215820e-02 1.185469143092632294e-02 -9.147139266133308411e-03 9.998878836631774902e-01 5.810420989990234375e+00
9.999428391456604004e-01 -7.413107436150312424e-03 -7.705613039433956146e-03 -4.908090829849243164e-02 7.503575179725885391e-03 9.999025464057922363e-01 1.177867595106363297e-02 -1.078205853700637817e-01 7.617545314133167267e-03 -1.183582283556461334e-02 9.999009370803833008e-01 8.801821708679199219e+00
9.997259974479675293e-01 -1.451942697167396545e-02 -1.836255565285682678e-02 -1.046263799071311951e-01 1.466696988791227341e-02 9.998611211776733398e-01 7.925966754555702209e-03 -1.333575993776321411e-01 1.824492216110229492e-02 -8.193119429051876068e-03 9.997999668121337891e-01 1.135968589782714844e+01
9.995736479759216309e-01 -2.027216926217079163e-02 -2.101782709360122681e-02 -1.765707135200500488e-01 2.039447613060474396e-02 9.997763037681579590e-01 5.621102172881364822e-03 -1.774477958679199219e-01 2.089916914701461792e-02 -6.047355011105537415e-03 9.997632503509521484e-01 1.418845367431640625e+01
9.995361566543579102e-01 -2.311505377292633057e-02 -1.983413472771644592e-02 -2.332447618246078491e-01 2.320511452853679657e-02 9.997214674949645996e-01 4.322380293160676956e-03 -2.026470005512237549e-01 1.972869224846363068e-02 -4.780630581080913544e-03 9.997938871383666992e-01 1.668046569824218750e+01
9.989169239997863770e-01 -3.009189665317535400e-02 -3.548995405435562134e-02 -3.078287243843078613e-01 3.045518323779106140e-02 9.994887709617614746e-01 9.740360081195831299e-03 -2.293583005666732788e-01 3.517869114875793457e-02 -1.081066392362117767e-02 9.993224740028381348e-01 1.891402816772460938e+01
9.983639717102050781e-01 -3.578810766339302063e-02 -4.459400847554206848e-02 -3.802065253257751465e-01 3.626244142651557922e-02 9.992936253547668457e-01 9.873194620013237000e-03 -2.453720271587371826e-01 4.420914873480796814e-02 -1.147412974387407303e-02 9.989562630653381348e-01 2.143990898132324219e+01
9.976307749748229980e-01 -4.143591970205307007e-02 -5.491734296083450317e-02 -5.121662020683288574e-01 4.223550111055374146e-02 9.990168213844299316e-01 1.347931567579507828e-02 -2.621684074401855469e-01 5.430480465292930603e-02 -1.576684042811393738e-02 9.983997344970703125e-01 2.401150894165039062e+01
9.962894916534423828e-01 -4.787510633468627930e-02 -7.152071595191955566e-02 -6.842495203018188477e-01 4.922278970479965210e-02 9.986398220062255859e-01 1.719996333122253418e-02 -2.733835577964782715e-01 7.059995830059051514e-02 -2.065659128129482269e-02 9.972906112670898438e-01 2.674395370483398438e+01
9.955171346664428711e-01 -5.183744058012962341e-02 -7.911098003387451172e-02 -8.723620176315307617e-01 5.331264436244964600e-02 9.984391927719116211e-01 1.664892584085464478e-02 -2.644963264465332031e-01 7.812444120645523071e-02 -2.079190686345100403e-02 9.967265129089355469e-01 2.949510765075683594e+01
9.958409667015075684e-01 -4.726723209023475647e-02 -7.788843661546707153e-02 -1.018411517143249512e+00 4.936633259057998657e-02 9.984616637229919434e-01 2.524749934673309326e-02 -2.461144030094146729e-01 7.657522708177566528e-02 -2.898755669593811035e-02 9.966420531272888184e-01 3.190005493164062500e+01
9.952392578125000000e-01 -5.029011145234107971e-02 -8.348482102155685425e-02 -1.261347770690917969e+00 5.308092758059501648e-02 9.980917572975158691e-01 3.155143931508064270e-02 -2.204053550958633423e-01 8.173877000808715820e-02 -3.583267703652381897e-02 9.960091710090637207e-01 3.461607742309570312e+01
9.948302507400512695e-01 -5.950697138905525208e-02 -8.228947222232818604e-02 -1.466732740402221680e+00 6.205757334828376770e-02 9.976572990417480469e-01 2.879077754914760590e-02 -1.804874241352081299e-01 8.038343489170074463e-02 -3.374861553311347961e-02 9.961922764778137207e-01 3.723748779296875000e+01
9.941665530204772949e-01 -6.462614238262176514e-02 -8.634939044713973999e-02 -1.720413923263549805e+00 6.817443668842315674e-02 9.969189763069152832e-01 3.879239410161972046e-02 -1.586796045303344727e-01 8.357634395360946655e-02 -4.445290938019752502e-02 9.955091476440429688e-01 4.018023300170898438e+01
9.930551052093505859e-01 -6.733745336532592773e-02 -9.647321701049804688e-02 -1.931510925292968750e+00 7.174598425626754761e-02 9.964966773986816406e-01 4.297721385955810547e-02 -1.149631813168525696e-01 9.324126690626144409e-02 -4.960029199719429016e-02 9.944070577621459961e-01 4.307368087768554688e+01
9.918342828750610352e-01 -7.511112093925476074e-02 -1.030678898096084595e-01 -2.173279047012329102e+00 8.008797466754913330e-02 9.957705140113830566e-01 4.502409696578979492e-02 -2.249195426702499390e-02 9.925015270709991455e-02 -5.291092395782470703e-02 9.936544895172119141e-01 4.557441711425781250e+01
9.909075498580932617e-01 -8.063843846321105957e-02 -1.077018678188323975e-01 -2.488551139831542969e+00 8.632004261016845703e-02 9.950535297393798828e-01 4.916900768876075745e-02 3.678522258996963501e-02 1.032041981816291809e-01 -5.801874399185180664e-02 9.929663538932800293e-01 4.834434890747070312e+01
9.889885783195495605e-01 -8.420311659574508667e-02 -1.217026114463806152e-01 -2.758413314819335938e+00 9.093073010444641113e-02 9.945600628852844238e-01 5.081540346145629883e-02 1.178456917405128479e-01 1.167617142200469971e-01 -6.132232770323753357e-02 9.912647604942321777e-01 5.091059112548828125e+01
9.884405732154846191e-01 -9.447579085826873779e-02 -1.185737475752830505e-01 -3.048924922943115234e+00 1.010526567697525024e-01 9.935873150825500488e-01 5.072421208024024963e-02 2.135828733444213867e-01 1.130211427807807922e-01 -6.212002411484718323e-02 9.916486144065856934e-01 5.341099548339843750e+01
9.867334365844726562e-01 -1.092835888266563416e-01 -1.200597509741783142e-01 -3.362780809402465820e+00 1.159190684556961060e-01 9.920132160186767578e-01 4.972879588603973389e-02 3.140644431114196777e-01 1.136662960052490234e-01 -6.298623979091644287e-02 9.915202260017395020e-01 5.606078338623046875e+01
9.858287572860717773e-01 -1.162366271018981934e-01 -1.209573075175285339e-01 -3.675916910171508789e+00 1.220466196537017822e-01 9.916455745697021484e-01 4.176279902458190918e-02 4.028661251068115234e-01 1.150923892855644226e-01 -5.593336746096611023e-02 9.917786121368408203e-01 5.873508453369140625e+01
9.849112629890441895e-01 -1.159754619002342224e-01 -1.284507662057876587e-01 -4.024682044982910156e+00 1.228004023432731628e-01 9.913403987884521484e-01 4.652599990367889404e-02 4.959205090999603271e-01 1.219425350427627563e-01 -6.159774959087371826e-02 9.906237125396728516e-01 6.154442596435546875e+01
9.825015068054199219e-01 -1.235981583595275879e-01 -1.393358707427978516e-01 -4.380663394927978516e+00 1.313319802284240723e-01 9.901897311210632324e-01 4.771351069211959839e-02 5.770332813262939453e-01 1.320716291666030884e-01 -6.517781317234039307e-02 9.890948534011840820e-01 6.431233978271484375e+01
9.830868244171142578e-01 -1.197002828121185303e-01 -1.386081725358963013e-01 -4.746598720550537109e+00 1.281829476356506348e-01 9.902822971343994141e-01 5.394981056451797485e-02 6.809476613998413086e-01 1.308033764362335205e-01 -7.080452144145965576e-02 9.888765811920166016e-01 6.688732910156250000e+01
9.822281599044799805e-01 -1.189311891794204712e-01 -1.452011018991470337e-01 -5.145392417907714844e+00 1.287996172904968262e-01 9.898213744163513184e-01 6.053651496767997742e-02 7.859643101692199707e-01 1.365234255790710449e-01 -7.816247642040252686e-02 9.875482916831970215e-01 6.970834350585937500e+01
9.809058308601379395e-01 -1.250232756137847900e-01 -1.489734351634979248e-01 -5.543735980987548828e+00 1.357299238443374634e-01 9.886784553527832031e-01 6.397407501935958862e-02 9.161285161972045898e-01 1.392885446548461914e-01 -8.297265321016311646e-02 9.867694377899169922e-01 7.258601379394531250e+01
9.799991846084594727e-01 -1.290941834449768066e-01 -1.514476090669631958e-01 -6.005280017852783203e+00 1.405841112136840820e-01 9.877485632896423340e-01 6.774426996707916260e-02 1.034816741943359375e+00 1.408467441797256470e-01 -8.768041431903839111e-02 9.861409664154052734e-01 7.562981414794921875e+01
9.792094826698303223e-01 -1.319039613008499146e-01 -1.541109830141067505e-01 -6.413707256317138672e+00 1.432756036520004272e-01 9.875378608703613281e-01 6.512621045112609863e-02 1.170923829078674316e+00 1.436000168323516846e-01 -8.585250377655029297e-02 9.859047532081604004e-01 7.818750762939453125e+01
9.790197014808654785e-01 -1.319558322429656982e-01 -1.552677899599075317e-01 -6.829596519470214844e+00 1.432545781135559082e-01 9.876187443733215332e-01 6.393466144800186157e-02 1.282705307006835938e+00 1.449088156223297119e-01 -8.483608067035675049e-02 9.858012199401855469e-01 8.085344696044921875e+01
9.770333766937255859e-01 -1.412474364042282104e-01 -1.595459878444671631e-01 -7.229602813720703125e+00 1.528812944889068604e-01 9.862279295921325684e-01 6.310375034809112549e-02 1.411353230476379395e+00 1.484354585409164429e-01 -8.604603260755538940e-02 9.851713776588439941e-01 8.352385711669921875e+01
9.753318428993225098e-01 -1.418917775154113770e-01 -1.690992414951324463e-01 -7.672386169433593750e+00 1.544260382652282715e-01 9.859702587127685547e-01 6.336842477321624756e-02 1.524081826210021973e+00 1.577353626489639282e-01 -8.791852742433547974e-02 9.835596680641174316e-01 8.611936187744140625e+01
9.725108146667480469e-01 -1.580691486597061157e-01 -1.709882318973541260e-01 -8.146751403808593750e+00 1.698351353406906128e-01 9.838555455207824707e-01 5.643245205283164978e-02 1.646674156188964844e+00 1.593074947595596313e-01 -8.392094075679779053e-02 9.836554527282714844e-01 8.875634002685546875e+01
9.732762575149536133e-01 -1.582403481006622314e-01 -1.664136052131652832e-01 -8.598496437072753906e+00 1.710237562656402588e-01 9.830920696258544922e-01 6.543040275573730469e-02 1.736478090286254883e+00 1.532461941242218018e-01 -9.214249253273010254e-02 9.838826060295104980e-01 9.153914642333984375e+01
9.728898406028747559e-01 -1.612033098936080933e-01 -1.658284962177276611e-01 -9.015348434448242188e+00 1.740239858627319336e-01 9.825382232666015625e-01 6.583741307258605957e-02 1.821787953376770020e+00 1.523196697235107422e-01 -9.291063994169235229e-02 9.839542508125305176e-01 9.410284423828125000e+01
9.703755378723144531e-01 -1.669533848762512207e-01 -1.746372878551483154e-01 -9.444113731384277344e+00 1.814128607511520386e-01 9.808918237686157227e-01 7.029052078723907471e-02 1.957831859588623047e+00 1.595651060342788696e-01 -9.988959878683090210e-02 9.821205735206604004e-01 9.655357360839843750e+01
9.705641865730285645e-01 -1.724851280450820923e-01 -1.680902838706970215e-01 -9.842996597290039062e+00 1.866419166326522827e-01 9.797639846801757812e-01 7.230157405138015747e-02 2.073684930801391602e+00 1.522179394960403442e-01 -1.015459597110748291e-01 9.831163883209228516e-01 9.899130249023437500e+01
9.700447916984558105e-01 -1.776929199695587158e-01 -1.656462252140045166e-01 -1.022053623199462891e+01 1.924200654029846191e-01 9.782524108886718750e-01 7.743911445140838623e-02 2.210597515106201172e+00 1.482835412025451660e-01 -1.069930121302604675e-01 9.831399917602539062e-01 1.013690948486328125e+02
9.704505205154418945e-01 -1.842551082372665405e-01 -1.558080166578292847e-01 -1.060768890380859375e+01 1.990317553281784058e-01 9.762883186340332031e-01 8.513247221708297729e-02 2.344414949417114258e+00 1.364275664091110229e-01 -1.136275306344032288e-01 9.841118454933166504e-01 1.036346969604492188e+02
9.700968265533447266e-01 -1.872392445802688599e-01 -1.544470041990280151e-01 -1.095249557495117188e+01 2.021318823099136353e-01 9.754856228828430176e-01 8.700889348983764648e-02 2.506594896316528320e+00 1.343694627285003662e-01 -1.156256496906280518e-01 9.841622710227966309e-01 1.060642700195312500e+02
9.683205485343933105e-01 -1.931313872337341309e-01 -1.582902073860168457e-01 -1.133363723754882812e+01 2.082996368408203125e-01 9.743238687515258789e-01 8.546484261751174927e-02 2.664554595947265625e+00 1.377201080322265625e-01 -1.157291010022163391e-01 9.836868047714233398e-01 1.085089569091796875e+02
9.667121171951293945e-01 -1.933020651340484619e-01 -1.676371693611145020e-01 -1.170129013061523438e+01 2.093081921339035034e-01 9.742707014083862305e-01 8.358643203973770142e-02 2.819137573242187500e+00 1.471666693687438965e-01 -1.158918067812919617e-01 9.822987318038940430e-01 1.107508087158203125e+02
9.653283953666687012e-01 -2.032538503408432007e-01 -1.637962460517883301e-01 -1.212401008605957031e+01 2.182085663080215454e-01 9.727004170417785645e-01 7.898709177970886230e-02 2.975184917449951172e+00 1.432703584432601929e-01 -1.119901835918426514e-01 9.833267331123352051e-01 1.131849136352539062e+02
9.627770185470581055e-01 -2.142250388860702515e-01 -1.648284941911697388e-01 -1.250389575958251953e+01 2.286327481269836426e-01 9.707077145576477051e-01 7.384892553091049194e-02 3.119369983673095703e+00 1.441801041364669800e-01 -1.087851971387863159e-01 9.835535287857055664e-01 1.155007247924804688e+02
9.625015854835510254e-01 -2.201071977615356445e-01 -1.585680693387985229e-01 -1.285260868072509766e+01 2.339357882738113403e-01 9.694045782089233398e-01 7.435660809278488159e-02 3.266751050949096680e+00 1.373503059148788452e-01 -1.086630597710609436e-01 9.845440387725830078e-01 1.176810760498046875e+02
9.610719084739685059e-01 -2.230540663003921509e-01 -1.630583256483078003e-01 -1.320042800903320312e+01 2.371404916048049927e-01 9.687663316726684570e-01 7.250005751848220825e-02 3.388717412948608398e+00 1.417940855026245117e-01 -1.083454638719558716e-01 9.839488863945007324e-01 1.198400115966796875e+02
9.678798913955688477e-01 -2.269166409969329834e-01 -1.082488819956779480e-01 -1.337546253204345703e+01 2.365121990442276001e-01 9.678226113319396973e-01 8.591549098491668701e-02 3.510807991027832031e+00 8.527019619941711426e-02 -1.087580174207687378e-01 9.904041290283203125e-01 1.217125091552734375e+02
9.712781906127929688e-01 -2.354338914155960083e-01 -3.449620306491851807e-02 -1.347552299499511719e+01 2.378211319446563721e-01 9.652342796325683594e-01 1.084622666239738464e-01 3.672474145889282227e+00 7.761396467685699463e-03 -1.135509237647056580e-01 9.935017228126525879e-01 1.236655044555664062e+02
9.703053236007690430e-01 -2.415735274553298950e-01 -1.225929893553256989e-02 -1.347945404052734375e+01 2.413676828145980835e-01 9.636768102645874023e-01 1.143188476562500000e-01 3.897873401641845703e+00 -1.580221951007843018e-02 -1.138831526041030884e-01 9.933683276176452637e-01 1.257824478149414062e+02
9.681087136268615723e-01 -2.489168643951416016e-01 2.839799225330352783e-02 -1.345058155059814453e+01 2.436923086643218994e-01 9.619154334068298340e-01 1.238260567188262939e-01 4.112153053283691406e+00 -5.813865736126899719e-02 -1.129566803574562073e-01 9.918973445892333984e-01 1.277909088134765625e+02
9.648287296295166016e-01 -2.588731646537780762e-01 4.572419822216033936e-02 -1.335484409332275391e+01 2.507435083389282227e-01 9.584961533546447754e-01 1.356940567493438721e-01 4.331993103027343750e+00 -7.895380258560180664e-02 -1.194564476609230042e-01 9.896949529647827148e-01 1.296935577392578125e+02
9.628528356552124023e-01 -2.623857855796813965e-01 6.378605961799621582e-02 -1.319448661804199219e+01 2.512180805206298828e-01 9.570513367652893066e-01 1.447141468524932861e-01 4.589304447174072266e+00 -9.901724755764007568e-02 -1.233141869306564331e-01 9.874152541160583496e-01 1.315839691162109375e+02
9.617132544517517090e-01 -2.653702497482299805e-01 6.845964491367340088e-02 -1.304899120330810547e+01 2.534665465354919434e-01 9.562535881996154785e-01 1.460607200860977173e-01 4.873773097991943359e+00 -1.042247340083122253e-01 -1.231162697076797485e-01 9.869039058685302734e-01 1.336520233154296875e+02
9.589200615882873535e-01 -2.725975215435028076e-01 7.850752770900726318e-02 -1.287817001342773438e+01 2.580876648426055908e-01 9.532118439674377441e-01 1.574102342128753662e-01 5.143080711364746094e+00 -1.177437156438827515e-01 -1.306819766759872437e-01 9.844076037406921387e-01 1.356298828125000000e+02
9.595106244087219238e-01 -2.708926796913146973e-01 7.718234509229660034e-02 -1.271966838836669922e+01 2.563818097114562988e-01 9.534105062484741211e-01 1.589870452880859375e-01 5.414488315582275391e+00 -1.166546568274497986e-01 -1.327615827322006226e-01 9.842590093612670898e-01 1.375739898681640625e+02
9.587118625640869141e-01 -2.709684669971466064e-01 8.630318939685821533e-02 -1.254662227630615234e+01 2.551060616970062256e-01 9.535712599754333496e-01 1.600713878870010376e-01 5.687677860260009766e+00 -1.256702989339828491e-01 -1.314458549022674561e-01 9.833253026008605957e-01 1.395624237060546875e+02
9.548467993736267090e-01 -2.776915729045867920e-01 1.056203991174697876e-01 -1.234763622283935547e+01 2.583048343658447266e-01 9.515776038169860840e-01 1.666693240404129028e-01 5.963179111480712891e+00 -1.467884182929992676e-01 -1.318613886833190918e-01 9.803394675254821777e-01 1.413494873046875000e+02
9.530842900276184082e-01 -2.775953114032745361e-01 1.207137256860733032e-01 -1.205936622619628906e+01 2.548802196979522705e-01 9.510614871978759766e-01 1.746943593025207520e-01 6.301911830902099609e+00 -1.633002609014511108e-01 -1.357308775186538696e-01 9.771949052810668945e-01 1.433975524902343750e+02
9.476665854454040527e-01 -2.819575965404510498e-01 1.497617065906524658e-01 -1.177261066436767578e+01 2.526886463165283203e-01 9.491183757781982422e-01 1.879432648420333862e-01 6.616463184356689453e+00 -1.951333731412887573e-01 -1.402644366025924683e-01 9.706948995590209961e-01 1.453761444091796875e+02
9.452282190322875977e-01 -2.842378616333007812e-01 1.604777723550796509e-01 -1.142115211486816406e+01 2.514177858829498291e-01 9.475349783897399902e-01 1.973996013402938843e-01 6.977580070495605469e+00 -2.081664800643920898e-01 -1.462406814098358154e-01 9.670987725257873535e-01 1.473470153808593750e+02
9.447107315063476562e-01 -2.884942293167114258e-01 1.558633744716644287e-01 -1.109150695800781250e+01 2.554806470870971680e-01 9.455500841140747070e-01 2.016545683145523071e-01 7.350877285003662109e+00 -2.055525481700897217e-01 -1.506851315498352051e-01 9.669755697250366211e-01 1.493156585693359375e+02
9.435887336730957031e-01 -2.900663614273071289e-01 1.596954166889190674e-01 -1.071255016326904297e+01 2.563188672065734863e-01 9.451846480369567871e-01 2.023029029369354248e-01 7.764143943786621094e+00 -2.096226662397384644e-01 -1.499577462673187256e-01 9.662145376205444336e-01 1.515933837890625000e+02
9.407547116279602051e-01 -2.884562015533447266e-01 1.782538443803787231e-01 -1.034181499481201172e+01 2.499631047248840332e-01 9.451493024826049805e-01 2.102642804384231567e-01 8.174385070800781250e+00 -2.291282564401626587e-01 -1.532501578330993652e-01 9.612565636634826660e-01 1.536647491455078125e+02
9.369040727615356445e-01 -2.922797799110412598e-01 1.917921006679534912e-01 -9.946813583374023438e+00 2.504065334796905518e-01 9.439127445220947266e-01 2.152327746152877808e-01 8.556791305541992188e+00 -2.439429014921188354e-01 -1.536263674497604370e-01 9.575439095497131348e-01 1.555862731933593750e+02
9.331633448600769043e-01 -2.967109978199005127e-01 2.029032558202743530e-01 -9.547608375549316406e+00 2.534271180629730225e-01 9.433839917182922363e-01 2.140120714902877808e-01 8.933777809143066406e+00 -2.549151182174682617e-01 -1.482869535684585571e-01 9.555254578590393066e-01 1.574538116455078125e+02
9.278917312622070312e-01 -3.008033335208892822e-01 2.203072309494018555e-01 -9.090451240539550781e+00 2.530187368392944336e-01 9.419946074485778809e-01 2.205164879560470581e-01 9.318333625793457031e+00 -2.738600373268127441e-01 -1.488734781742095947e-01 9.501773118972778320e-01 1.593230285644531250e+02
9.243035912513732910e-01 -3.011229336261749268e-01 2.344969809055328369e-01 -8.587398529052734375e+00 2.482710033655166626e-01 9.410358071327209473e-01 2.298107296228408813e-01 9.749162673950195312e+00 -2.898710370063781738e-01 -1.541959941387176514e-01 9.445622563362121582e-01 1.613145141601562500e+02
9.160438776016235352e-01 -3.035010993480682373e-01 2.622053027153015137e-01 -8.085140228271484375e+00 2.443192303180694580e-01 9.407106637954711914e-01 2.353111952543258667e-01 1.014223194122314453e+01 -3.180762231349945068e-01 -1.514934897422790527e-01 9.358828663825988770e-01 1.630718841552734375e+02
9.109117388725280762e-01 -3.120690882205963135e-01 2.699140906333923340e-01 -7.584845542907714844e+00 2.515546083450317383e-01 9.385758042335510254e-01 2.362109869718551636e-01 1.056828880310058594e+01 -3.270486593246459961e-01 -1.472691148519515991e-01 9.334616065025329590e-01 1.648330841064453125e+02
9.007579088211059570e-01 -3.146571516990661621e-01 2.993776500225067139e-01 -6.986196517944335938e+00 2.443412989377975464e-01 9.369999170303344727e-01 2.496564686298370361e-01 1.103450775146484375e+01 -3.590727150440216064e-01 -1.517295986413955688e-01 9.208933115005493164e-01 1.667511901855468750e+02
8.956202864646911621e-01 -3.210579752922058105e-01 3.078749179840087891e-01 -6.378068923950195312e+00 2.452885955572128296e-01 9.338541626930236816e-01 2.602878808975219727e-01 1.153302383422851562e+01 -3.710774481296539307e-01 -1.576007604598999023e-01 9.151301383972167969e-01 1.685947265625000000e+02
8.879387974739074707e-01 -3.295600712299346924e-01 3.208670914173126221e-01 -5.660201072692871094e+00 2.465093433856964111e-01 9.299125671386718750e-01 2.729387581348419189e-01 1.208773708343505859e+01 -3.883277475833892822e-01 -1.632560640573501587e-01 9.069446921348571777e-01 1.705982360839843750e+02
8.817370533943176270e-01 -3.271603882312774658e-01 3.398627936840057373e-01 -4.993858814239501953e+00 2.358810901641845703e-01 9.296738505363464355e-01 2.829600870609283447e-01 1.258994770050048828e+01 -4.085345864295959473e-01 -1.693290621042251587e-01 8.968984484672546387e-01 1.723224029541015625e+02
8.779609203338623047e-01 -3.307019174098968506e-01 3.461526930332183838e-01 -4.204254150390625000e+00 2.362583577632904053e-01 9.281784296035766602e-01 2.875178158283233643e-01 1.317688751220703125e+01 -4.163738489151000977e-01 -1.706478148698806763e-01 8.930351734161376953e-01 1.743228149414062500e+02
8.736970424652099609e-01 -3.297924101352691650e-01 3.576188683509826660e-01 -3.448105335235595703e+00 2.301573753356933594e-01 9.278761744499206543e-01 2.933821678161621094e-01 1.375414466857910156e+01 -4.285809397697448730e-01 -1.740183830261230469e-01 8.865865468978881836e-01 1.761911621093750000e+02
8.657034039497375488e-01 -3.347714841365814209e-01 3.721375763416290283e-01 -2.677885770797729492e+00 2.280765473842620850e-01 9.255952239036560059e-01 3.020832538604736328e-01 1.433753395080566406e+01 -4.455772936344146729e-01 -1.766385287046432495e-01 8.776442408561706543e-01 1.780207824707031250e+02
8.595101833343505859e-01 -3.384646475315093994e-01 3.829943537712097168e-01 -1.878998756408691406e+00 2.277182638645172119e-01 9.244273304939270020e-01 3.059055507183074951e-01 1.493620777130126953e+01 -4.575883448123931885e-01 -1.757140010595321655e-01 8.716290593147277832e-01 1.798045043945312500e+02
8.486075401306152344e-01 -3.469438552856445312e-01 3.993695080280303955e-01 -1.157518982887268066e+00 2.301060557365417480e-01 9.218356609344482422e-01 3.118811845779418945e-01 1.547595214843750000e+01 -4.763580262660980225e-01 -1.727672517299652100e-01 8.621103763580322266e-01 1.813820495605468750e+02
8.444694280624389648e-01 -3.452927768230438232e-01 4.094448983669281006e-01 -2.599626779556274414e-01 2.239800542593002319e-01 9.220643043518066406e-01 3.156423866748809814e-01 1.613291358947753906e+01 -4.865232706069946289e-01 -1.748427152633666992e-01 8.559935688972473145e-01 1.832834014892578125e+02
8.367228507995605469e-01 -3.525148928165435791e-01 4.190810620784759521e-01 6.110339164733886719e-01 2.258427888154983521e-01 9.192829132080078125e-01 3.223564028739929199e-01 1.678585624694824219e+01 -4.988892376422882080e-01 -1.750763803720474243e-01 8.487977981567382812e-01 1.850361938476562500e+02
8.334228992462158203e-01 -3.505145609378814697e-01 4.272547662258148193e-01 1.501901030540466309e+00 2.180768102407455444e-01 9.189741015434265137e-01 3.285252451896667480e-01 1.742609024047851562e+01 -5.077886581420898438e-01 -1.806259453296661377e-01 8.423329591751098633e-01 1.867836608886718750e+02
8.267295956611633301e-01 -3.547099530696868896e-01 4.366919398307800293e-01 2.427758693695068359e+00 2.189885228872299194e-01 9.178761839866638184e-01 3.309790492057800293e-01 1.808041954040527344e+01 -5.182303786277770996e-01 -1.779994964599609375e-01 8.365125656127929688e-01 1.885447845458984375e+02
8.228176832199096680e-01 -3.569839596748352051e-01 4.421927332878112793e-01 3.354460000991821289e+00 2.183134406805038452e-01 9.169360995292663574e-01 3.340166211128234863e-01 1.874013137817382812e+01 -5.247008204460144043e-01 -1.782979816198348999e-01 8.324053287506103516e-01 1.902628936767578125e+02
8.137315511703491211e-01 -3.644377589225769043e-01 4.527991116046905518e-01 4.206483840942382812e+00 2.204790115356445312e-01 9.143333435058593750e-01 3.396810293197631836e-01 1.935701751708984375e+01 -5.378016233444213867e-01 -1.765762716531753540e-01 8.243724703788757324e-01 1.918162994384765625e+02
8.053094148635864258e-01 -3.692913651466369629e-01 4.637904465198516846e-01 5.239120483398437500e+00 2.209203243255615234e-01 9.128811955451965332e-01 3.432808220386505127e-01 2.006514549255371094e+01 -5.501559972763061523e-01 -1.739863157272338867e-01 8.167355656623840332e-01 1.936503295898437500e+02
8.016710281372070312e-01 -3.679616451263427734e-01 4.710931777954101562e-01 6.182579040527343750e+00 2.152251899242401123e-01 9.129102230072021484e-01 3.468032181262969971e-01 2.071094512939453125e+01 -5.576758980751037598e-01 -1.766307651996612549e-01 8.110481500625610352e-01 1.952293243408203125e+02
7.962256073951721191e-01 -3.724053204059600830e-01 4.768019318580627441e-01 7.183457851409912109e+00 2.155718654394149780e-01 9.110094308853149414e-01 3.515536487102508545e-01 2.138024139404296875e+01 -5.652914047241210938e-01 -1.771307140588760376e-01 8.056490421295166016e-01 1.968850555419921875e+02
7.913702726364135742e-01 -3.781503438949584961e-01 4.803503155708312988e-01 8.168628692626953125e+00 2.210640162229537964e-01 9.095759391784667969e-01 3.518546223640441895e-01 2.204152297973632812e+01 -5.699689984321594238e-01 -1.722589135169982910e-01 8.034066557884216309e-01 1.984942169189453125e+02
7.850777506828308105e-01 -3.787548542022705078e-01 4.901007115840911865e-01 9.139568328857421875e+00 2.189079970121383667e-01 9.098539352416992188e-01 3.524832427501678467e-01 2.272056770324707031e+01 -5.794247984886169434e-01 -1.694396138191223145e-01 7.972184419631958008e-01 2.000687561035156250e+02
7.838480472564697266e-01 -3.764312565326690674e-01 4.938448369503021240e-01 1.016754722595214844e+01 2.159534543752670288e-01 9.109122753143310547e-01 3.515712320804595947e-01 2.341950416564941406e+01 -5.821917057037353516e-01 -1.689307540655136108e-01 7.953083515167236328e-01 2.017068786621093750e+02
7.811247706413269043e-01 -3.804111182689666748e-01 4.951083958148956299e-01 1.120081806182861328e+01 2.203070968389511108e-01 9.098861813545227051e-01 3.515270054340362549e-01 2.410338973999023438e+01 -5.842170715332031250e-01 -1.655104160308837891e-01 7.945419549942016602e-01 2.033394622802734375e+02
7.754431366920471191e-01 -3.832511901855468750e-01 5.018039941787719727e-01 1.229735183715820312e+01 2.193968445062637329e-01 9.087495803833007812e-01 3.550191819667816162e-01 2.483825683593750000e+01 -5.920757055282592773e-01 -1.652028262615203857e-01 7.887677550315856934e-01 2.050681304931640625e+02
7.731766104698181152e-01 -3.941876888275146484e-01 4.968046247959136963e-01 1.338538742065429688e+01 2.312207221984863281e-01 9.046590328216552734e-01 3.579504191875457764e-01 2.555533599853515625e+01 -5.905383825302124023e-01 -1.618871688842773438e-01 7.906054854393005371e-01 2.067586059570312500e+02
7.740518450736999512e-01 -4.022037684917449951e-01 4.889547526836395264e-01 1.448718547821044922e+01 2.395050376653671265e-01 9.009162187576293945e-01 3.619210422039031982e-01 2.631454658508300781e+01 -5.860732793807983398e-01 -1.630383133888244629e-01 7.936855554580688477e-01 2.085038604736328125e+02
7.748745083808898926e-01 -4.073154628276824951e-01 4.833886325359344482e-01 1.566337394714355469e+01 2.429095804691314697e-01 8.978701233863830566e-01 3.671835660934448242e-01 2.713327026367187500e+01 -5.835797190666198730e-01 -1.671012341976165771e-01 7.946773171424865723e-01 2.104098358154296875e+02
7.712485194206237793e-01 -4.109104871749877930e-01 4.861371815204620361e-01 1.685101890563964844e+01 2.473266124725341797e-01 8.971652388572692871e-01 3.659558594226837158e-01 2.797886085510253906e+01 -5.865204334259033203e-01 -1.620080173015594482e-01 7.935662865638732910e-01 2.122850799560546875e+02
7.753510475158691406e-01 -4.093596339225769043e-01 4.808913469314575195e-01 1.808867835998535156e+01 2.453441470861434937e-01 8.969060182571411133e-01 3.679203987121582031e-01 2.886299705505371094e+01 -5.819261074066162109e-01 -1.672833710908889771e-01 7.958508133888244629e-01 2.142815093994140625e+02
7.683899998664855957e-01 -4.176165163516998291e-01 4.849477410316467285e-01 1.931945037841796875e+01 2.506432235240936279e-01 8.935919404029846191e-01 3.723855018615722656e-01 2.973433303833007812e+01 -5.888597965240478516e-01 -1.645881831645965576e-01 7.912997007369995117e-01 2.163009033203125000e+02
7.659880518913269043e-01 -4.230194091796875000e-01 4.840639531612396240e-01 2.056625556945800781e+01 2.579206228256225586e-01 8.919557929039001465e-01 3.713372051715850830e-01 3.066994094848632812e+01 -5.888465642929077148e-01 -1.595895439386367798e-01 7.923327684402465820e-01 2.183552551269531250e+02
7.674680352210998535e-01 -4.276899695396423340e-01 4.775720834732055664e-01 2.178689956665039062e+01 2.589256465435028076e-01 8.882676959037780762e-01 3.793908953666687012e-01 3.156539726257324219e+01 -5.864735841751098633e-01 -1.675145179033279419e-01 7.924568057060241699e-01 2.203122100830078125e+02
7.696298360824584961e-01 -4.290660619735717773e-01 4.728353917598724365e-01 2.285070419311523438e+01 2.592108249664306641e-01 8.867439031600952148e-01 3.827458918094635010e-01 3.238030242919921875e+01 -5.835071802139282227e-01 -1.720083802938461304e-01 7.936829328536987305e-01 2.220763244628906250e+02
7.654650211334228516e-01 -4.369130134582519531e-01 4.724102318286895752e-01 2.396989059448242188e+01 2.639995515346527100e-01 8.827524185180664062e-01 3.886539041996002197e-01 3.323211288452148438e+01 -5.868291854858398438e-01 -1.727846264839172363e-01 7.910607457160949707e-01 2.239293823242187500e+02
7.640626430511474609e-01 -4.410811960697174072e-01 4.708043336868286133e-01 2.502936553955078125e+01 2.722085714340209961e-01 8.820386528968811035e-01 3.845902383327484131e-01 3.406766510009765625e+01 -5.849031209945678711e-01 -1.656938046216964722e-01 7.939987182617187500e-01 2.256890411376953125e+02
7.618323564529418945e-01 -4.440553188323974609e-01 4.716221094131469727e-01 2.629529190063476562e+01 2.730952203273773193e-01 8.803706169128417969e-01 3.877703249454498291e-01 3.504258346557617188e+01 -5.873938202857971191e-01 -1.666179448366165161e-01 7.919641137123107910e-01 2.278025207519531250e+02
7.595891952514648438e-01 -4.522476196289062500e-01 4.674370288848876953e-01 2.755500030517578125e+01 2.790773808956146240e-01 8.757922053337097168e-01 3.938313722610473633e-01 3.602872085571289062e+01 -5.874871015548706055e-01 -1.686986684799194336e-01 7.914543151855468750e-01 2.298968963623046875e+02
7.579750418663024902e-01 -4.597361385822296143e-01 4.627284109592437744e-01 2.878966712951660156e+01 2.843061387538909912e-01 8.713155388832092285e-01 3.999730944633483887e-01 3.700450515747070312e+01 -5.870646238327026367e-01 -1.716128140687942505e-01 7.911412119865417480e-01 2.319834442138671875e+02
7.597150802612304688e-01 -4.630707204341888428e-01 4.565080106258392334e-01 3.001679039001464844e+01 2.867188453674316406e-01 8.686636686325073242e-01 4.039988815784454346e-01 3.798875427246093750e+01 -5.836319923400878906e-01 -1.760343164205551147e-01 7.927078604698181152e-01 2.339912719726562500e+02
7.628482580184936523e-01 -4.701485037803649902e-01 4.438737928867340088e-01 3.115115737915039062e+01 2.949765920639038086e-01 8.639498353004455566e-01 4.081407487392425537e-01 3.897317886352539062e+01 -5.753714442253112793e-01 -1.804168075323104858e-01 7.977453470230102539e-01 2.359799499511718750e+02
7.647491097450256348e-01 -4.688599109649658203e-01 4.419617950916290283e-01 3.224393844604492188e+01 2.962562143802642822e-01 8.649870753288269043e-01 4.050049781799316406e-01 3.993765640258789062e+01 -5.721818208694458008e-01 -1.787929683923721313e-01 8.004006743431091309e-01 2.379041442871093750e+02
7.604838013648986816e-01 -4.713469147682189941e-01 4.466514289379119873e-01 3.340085220336914062e+01 3.031180202960968018e-01 8.659731149673461914e-01 3.977555036544799805e-01 4.096765518188476562e+01 -5.742689371109008789e-01 -1.670982241630554199e-01 8.014322519302368164e-01 2.399809570312500000e+02
7.537376880645751953e-01 -4.782547652721405029e-01 4.507248103618621826e-01 3.467401123046875000e+01 3.068122863769531250e-01 8.626046180725097656e-01 4.022174477577209473e-01 4.204598617553710938e+01 -5.811597108840942383e-01 -1.648782193660736084e-01 7.969120740890502930e-01 2.422092437744140625e+02
7.538348436355590820e-01 -4.847283959388732910e-01 4.435903429985046387e-01 3.582710266113281250e+01 3.122285604476928711e-01 8.582772612571716309e-01 4.072749018669128418e-01 4.299975967407226562e+01 -5.781412124633789062e-01 -1.685160994529724121e-01 7.983453869819641113e-01 2.442251129150390625e+02
7.534046173095703125e-01 -4.880056381225585938e-01 4.407187402248382568e-01 3.724457168579101562e+01 3.115657269954681396e-01 8.551544547080993652e-01 4.142910540103912354e-01 4.419499969482421875e+01 -5.790589451789855957e-01 -1.748155951499938965e-01 7.963231205940246582e-01 2.467283172607421875e+02
7.532632350921630859e-01 -4.878649115562438965e-01 4.411160945892333984e-01 3.846405410766601562e+01 3.145723640918731689e-01 8.562214970588684082e-01 4.097907841205596924e-01 4.527379608154296875e+01 -5.776155591011047363e-01 -1.699170470237731934e-01 7.984288930892944336e-01 2.488901214599609375e+02
7.487152218818664551e-01 -4.943273961544036865e-01 4.416638612747192383e-01 3.968168640136718750e+01 3.171484172344207764e-01 8.521863222122192383e-01 4.161668419837951660e-01 4.635289382934570312e+01 -5.821024775505065918e-01 -1.715171039104461670e-01 7.948199510574340820e-01 2.510737915039062500e+02
7.445653676986694336e-01 -5.005801916122436523e-01 4.416366517543792725e-01 4.085873794555664062e+01 3.220777213573455811e-01 8.488634824752807617e-01 4.191612899303436279e-01 4.742862319946289062e+01 -5.847129821777343750e-01 -1.698512881994247437e-01 7.932599782943725586e-01 2.532114410400390625e+02
7.482002973556518555e-01 -5.052992701530456543e-01 4.299651682376861572e-01 4.209720230102539062e+01 3.303419947624206543e-01 8.457280993461608887e-01 4.190675914287567139e-01 4.854280090332031250e+01 -5.753880739212036133e-01 -1.715106070041656494e-01 7.996954917907714844e-01 2.554130096435546875e+02
7.522796392440795898e-01 -5.074436068534851074e-01 4.202112555503845215e-01 4.317887878417968750e+01 3.272767066955566406e-01 8.413609862327575684e-01 4.301176965236663818e-01 4.956699371337890625e+01 -5.718096494674682617e-01 -1.860430687665939331e-01 7.990130782127380371e-01 2.574684143066406250e+02
7.462548613548278809e-01 -5.130650997161865234e-01 4.241097569465637207e-01 4.431457138061523438e+01 3.296905755996704102e-01 8.383689522743225098e-01 4.340981543064117432e-01 5.067300796508789062e+01 -5.782808661460876465e-01 -1.841225028038024902e-01 7.947894930839538574e-01 2.595535278320312500e+02
7.485496997833251953e-01 -5.189198851585388184e-01 4.127913713455200195e-01 4.547145462036132812e+01 3.406290709972381592e-01 8.350481390953063965e-01 4.320486485958099365e-01 5.176684951782226562e+01 -5.688990950584411621e-01 -1.828007698059082031e-01 8.018341064453125000e-01 2.616629028320312500e+02
7.464323639869689941e-01 -5.302867293357849121e-01 4.020396173000335693e-01 4.648880767822265625e+01 3.562976121902465820e-01 8.287281990051269531e-01 4.315797984600067139e-01 5.282629394531250000e+01 -5.620424747467041016e-01 -1.788990348577499390e-01 8.075293898582458496e-01 2.636255187988281250e+02
7.440583109855651855e-01 -5.319718718528747559e-01 4.042081534862518311e-01 4.756976318359375000e+01 3.540725111961364746e-01 8.270193338394165039e-01 4.366590976715087891e-01 5.392736816406250000e+01 -5.665781497955322266e-01 -1.817805171012878418e-01 8.037072420120239258e-01 2.657453613281250000e+02
7.387677431106567383e-01 -5.338615179061889648e-01 4.113577902317047119e-01 4.867512130737304688e+01 3.566564619541168213e-01 8.275715112686157227e-01 4.334986805915832520e-01 5.503968429565429688e+01 -5.718560814857482910e-01 -1.735410839319229126e-01 8.017883300781250000e-01 2.678688659667968750e+02
7.388054132461547852e-01 -5.374007225036621094e-01 4.066547155380249023e-01 4.986718368530273438e+01 3.599237203598022461e-01 8.247967958450317383e-01 4.360788166522979736e-01 5.623779296875000000e+01 -5.697563886642456055e-01 -1.758123636245727539e-01 8.027876615524291992e-01 2.701342163085937500e+02
7.406592965126037598e-01 -5.398992300033569336e-01 3.999169468879699707e-01 5.101665878295898438e+01 3.625905215740203857e-01 8.222929239273071289e-01 4.385910034179687500e-01 5.741527557373046875e+01 -5.656436085700988770e-01 -1.798400729894638062e-01 8.048012852668762207e-01 2.723152160644531250e+02
7.445977926254272461e-01 -5.373650789260864258e-01 3.959972262382507324e-01 5.203485488891601562e+01 3.632926642894744873e-01 8.239169120788574219e-01 4.349472522735595703e-01 5.848598861694335938e+01 -5.599940419197082520e-01 -1.799975484609603882e-01 8.087075352668762207e-01 2.743094177246093750e+02
7.465873956680297852e-01 -5.378498435020446777e-01 3.915681838989257812e-01 5.307452774047851562e+01 3.660146594047546387e-01 8.235531449317932129e-01 4.333512783050537109e-01 5.956866455078125000e+01 -5.555548667907714844e-01 -1.802145838737487793e-01 8.117153048515319824e-01 2.763876647949218750e+02
7.415834069252014160e-01 -5.424153804779052734e-01 3.947663605213165283e-01 5.409450149536132812e+01 3.708387315273284912e-01 8.218135237693786621e-01 4.325518310070037842e-01 6.061619186401367188e+01 -5.590468049049377441e-01 -1.743782758712768555e-01 8.105918169021606445e-01 2.784458923339843750e+02
7.372645735740661621e-01 -5.500115156173706055e-01 3.923380374908447266e-01 5.519598388671875000e+01 3.803709745407104492e-01 8.178597688674926758e-01 4.317673742771148682e-01 6.175294113159179688e+01 -5.583542585372924805e-01 -1.690924465656280518e-01 8.121874332427978516e-01 2.806510009765625000e+02
7.344852685928344727e-01 -5.550901889801025391e-01 3.903934359550476074e-01 5.621863555908203125e+01 3.858211040496826172e-01 8.148164153099060059e-01 4.326846301555633545e-01 6.282707214355468750e+01 -5.582777261734008789e-01 -1.671781539916992188e-01 8.126362562179565430e-01 2.827587280273437500e+02
7.302253246307373047e-01 -5.594817996025085449e-01 3.921119272708892822e-01 5.721606826782226562e+01 3.910690844058990479e-01 8.128934502601623535e-01 4.315887987613677979e-01 6.385922241210937500e+01 -5.602110028266906738e-01 -1.618139147758483887e-01 8.123916387557983398e-01 2.847547912597656250e+02
