9.999985098838806152e-01 -2.906092267949134111e-04 -1.690449775196611881e-03 5.054818000644445419e-03 2.963810984510928392e-04 9.999940991401672363e-01 3.415144048631191254e-03 -1.239367201924324036e-02 1.689447439275681973e-03 -3.415639977902173996e-03 9.999927282333374023e-01 9.606260061264038086e-01
9.999945163726806641e-01 -1.314774388447403908e-03 3.033920191228389740e-03 1.585456915199756622e-02 1.301605370827019215e-03 9.999896883964538574e-01 4.338512197136878967e-03 -2.485746890306472778e-02 -3.039593109861016273e-03 -4.334539640694856644e-03 9.999859929084777832e-01 1.997892498970031738e+00
9.999911785125732422e-01 -3.912040498107671738e-03 -1.507586101070046425e-03 2.001522853970527649e-02 3.924211952835321426e-03 9.999589920043945312e-01 8.157023228704929352e-03 -3.700288385152816772e-02 1.475614262744784355e-03 -8.162867277860641479e-03 9.999656081199645996e-01 3.018133401870727539e+00
9.999844431877136230e-01 -1.894822111353278160e-03 5.240348167717456818e-03 2.330352179706096649e-02 1.830355264246463776e-03 9.999228715896606445e-01 1.227956637740135193e-02 -4.711408913135528564e-02 -5.263211671262979507e-03 -1.226978376507759094e-02 9.999108314514160156e-01 4.128338813781738281e+00
9.999926090240478516e-01 -3.638003254309296608e-03 -1.187564339488744736e-03 2.716130577027797699e-02 3.655308857560157776e-03 9.998821020126342773e-01 1.491075102239847183e-02 -4.621630907058715820e-02 1.133179292082786560e-03 -1.491498202085494995e-02 9.998880624771118164e-01 5.260760307312011719e+00
9.999899268150329590e-01 -3.484469372779130936e-03 -2.814203035086393356e-03 3.066884353756904602e-02 3.532531205564737320e-03 9.998447299003601074e-01 1.725782267749309540e-02 -4.321174323558807373e-02 2.753632143139839172e-03 -1.726759038865566254e-02 9.998470544815063477e-01 6.448435783386230469e+00
9.999440908432006836e-01 -6.990613415837287903e-03 -7.931507192552089691e-03 3.013903647661209106e-02 7.165057118982076645e-03 9.997280836105346680e-01 2.218279801309108734e-02 -3.683478385210037231e-02 7.774281315505504608e-03 -2.223838679492473602e-02 9.997224211692810059e-01 7.700634002685546875e+00
9.999424815177917480e-01 -7.667476311326026917e-03 -7.495576515793800354e-03 3.153147548437118530e-02 7.844984531402587891e-03 9.996823072433471680e-01 2.394653111696243286e-02 -2.555855736136436462e-02 7.309587672352790833e-03 -2.400395832955837250e-02 9.996850490570068359e-01 8.800266265869140625e+00
9.999349713325500488e-01 -8.371178060770034790e-03 -7.743410300463438034e-03 2.949096262454986572e-02 8.559703826904296875e-03 9.996595382690429688e-01 2.464306913316249847e-02 -1.465647667646408081e-02 7.534484378993511200e-03 -2.470775134861469269e-02 9.996662139892578125e-01 9.941408157348632812e+00
9.998415112495422363e-01 -1.281093899160623550e-02 -1.235901378095149994e-02 2.295973896980285645e-02 1.313487533479928970e-02 9.995625019073486328e-01 2.649563737213611603e-02 -2.144008874893188477e-03 1.201417483389377594e-02 -2.665377780795097351e-02 9.995723962783813477e-01 1.116887283325195312e+01
9.998105168342590332e-01 -1.434310153126716614e-02 -1.315503567457199097e-02 1.046994328498840332e-02 1.474298536777496338e-02 9.994159936904907227e-01 3.082226589322090149e-02 1.299717463552951813e-02 1.270526833832263947e-02 -3.101037628948688507e-02 9.994382262229919434e-01 1.227574539184570312e+01
9.998220205307006836e-01 -1.412526052445173264e-02 -1.249967608600854874e-02 5.051474086940288544e-03 1.451462507247924805e-02 9.993941187858581543e-01 3.162797912955284119e-02 2.979556471109390259e-02 1.204535271972417831e-02 -3.180378302931785583e-02 9.994214773178100586e-01 1.345533370971679688e+01
9.997645020484924316e-01 -1.736630313098430634e-02 -1.300366129726171494e-02 -9.025596082210540771e-03 1.777960173785686493e-02 9.993175268173217773e-01 3.237285465002059937e-02 5.219357460737228394e-02 1.243259385228157043e-02 -3.259643912315368652e-02 9.993911981582641602e-01 1.475257396697998047e+01
9.996635317802429199e-01 -2.104479819536209106e-02 -1.515222899615764618e-02 -1.962594129145145416e-02 2.156075462698936462e-02 9.991638064384460449e-01 3.473439440131187439e-02 7.165678590536117554e-02 1.440858468413352966e-02 -3.504941239953041077e-02 9.992815852165222168e-01 1.596424102783203125e+01
9.995604157447814941e-01 -2.413536235690116882e-02 -1.721054688096046448e-02 -3.595930337905883789e-02 2.482207491993904114e-02 9.988558292388916016e-01 4.087131097912788391e-02 9.083428978919982910e-02 1.620441675186157227e-02 -4.128056019544601440e-02 9.990160465240478516e-01 1.715531158447265625e+01
9.993891119956970215e-01 -2.952643856406211853e-02 -1.869220286607742310e-02 -6.228906661272048950e-02 3.026158921420574188e-02 9.987269639968872070e-01 4.035108163952827454e-02 1.180500015616416931e-01 1.747699081897735596e-02 -4.089210182428359985e-02 9.990105628967285156e-01 1.834863471984863281e+01
9.993420839309692383e-01 -3.049203380942344666e-02 -1.963404752314090729e-02 -7.869376242160797119e-02 3.129993379116058350e-02 9.986165165901184082e-01 4.224750399589538574e-02 1.519635021686553955e-01 1.831868104636669159e-02 -4.283426702022552490e-02 9.989140629768371582e-01 1.962437248229980469e+01
9.993141293525695801e-01 -3.282957896590232849e-02 -1.712594740092754364e-02 -9.265707433223724365e-02 3.354456275701522827e-02 9.984993338584899902e-01 4.328184947371482849e-02 1.868193447589874268e-01 1.567933149635791779e-02 -4.382666200399398804e-02 9.989159107208251953e-01 2.082304573059082031e+01
9.992290735244750977e-01 -3.422161936759948730e-02 -1.923553273081779480e-02 -1.130978018045425415e-01 3.504552692174911499e-02 9.984046220779418945e-01 4.426596313714981079e-02 2.253571152687072754e-01 1.769000105559825897e-02 -4.490597918629646301e-02 9.988343715667724609e-01 2.201881027221679688e+01
9.991627335548400879e-01 -3.488698974251747131e-02 -2.136891707777976990e-02 -1.332602798938751221e-01 3.586152195930480957e-02 9.982478022575378418e-01 4.706007614731788635e-02 2.644508183002471924e-01 1.968970149755477905e-02 -4.778701812028884888e-02 9.986632466316223145e-01 2.311655998229980469e+01
9.988775849342346191e-01 -4.116265475749969482e-02 -2.343220636248588562e-02 -1.635816693305969238e-01 4.240856319665908813e-02 9.975616931915283203e-01 5.542225390672683716e-02 3.058778345584869385e-01 2.109375409781932831e-02 -5.635379999876022339e-02 9.981878399848937988e-01 2.425307846069335938e+01
9.988458156585693359e-01 -4.160118103027343750e-02 -2.400448918342590332e-02 -1.847498863935470581e-01 4.294418543577194214e-02 9.973661303520202637e-01 5.844771489500999451e-02 3.537014722824096680e-01 2.150977775454521179e-02 -5.941113829612731934e-02 9.980016350746154785e-01 2.533128929138183594e+01
9.987754821777343750e-01 -4.177878797054290771e-02 -2.649444714188575745e-02 -2.034656256437301636e-01 4.330231249332427979e-02 9.972700476646423340e-01 5.980679020285606384e-02 4.024509489536285400e-01 2.392347157001495361e-02 -6.088086217641830444e-02 9.978581070899963379e-01 2.634608268737792969e+01
9.986366629600524902e-01 -4.228610172867774963e-02 -3.060215525329113007e-02 -2.245647311210632324e-01 4.420031607151031494e-02 9.969158172607421875e-01 6.484408676624298096e-02 4.446446895599365234e-01 2.776577696204185486e-02 -6.610835343599319458e-02 9.974258542060852051e-01 2.731237030029296875e+01
9.986600875854492188e-01 -4.284446686506271362e-02 -2.901997789740562439e-02 -2.513577044010162354e-01 4.469268769025802612e-02 9.967942833900451660e-01 6.635697185993194580e-02 4.975096881389617920e-01 2.608392573893070221e-02 -6.756509095430374146e-02 9.973736405372619629e-01 2.826139068603515625e+01
9.986250400543212891e-01 -4.446556046605110168e-02 -2.775979228317737579e-02 -2.691414654254913330e-01 4.623415321111679077e-02 9.967007040977478027e-01 6.670515984296798706e-02 5.451006293296813965e-01 2.470212802290916443e-02 -6.789694726467132568e-02 9.973862767219543457e-01 2.921459960937500000e+01
9.986968636512756348e-01 -4.423736408352851868e-02 -2.544465661048889160e-02 -2.895859479904174805e-01 4.588092491030693054e-02 9.966214895248413086e-01 6.811704486608505249e-02 5.964546203613281250e-01 2.234538085758686066e-02 -6.919575482606887817e-02 9.973526000976562500e-01 3.017545890808105469e+01
9.986876845359802246e-01 -4.479690268635749817e-02 -2.481739595532417297e-02 -3.030670881271362305e-01 4.642118513584136963e-02 9.965160489082336426e-01 6.928273290395736694e-02 6.494058370590209961e-01 2.162729203701019287e-02 -7.034391164779663086e-02 9.972881078720092773e-01 3.111573791503906250e+01
9.985923767089843750e-01 -4.862621426582336426e-02 -2.117916196584701538e-02 -3.162817358970642090e-01 4.999163746833801270e-02 9.963217377662658691e-01 6.959173083305358887e-02 6.957907676696777344e-01 1.771728694438934326e-02 -7.055259495973587036e-02 9.973504543304443359e-01 3.199578666687011719e+01
9.987717866897583008e-01 -4.781283810734748840e-02 -1.298497803509235382e-02 -3.304935097694396973e-01 4.867942631244659424e-02 9.957933425903320312e-01 7.762151956558227539e-02 7.430126667022705078e-01 9.219058789312839508e-03 -7.815834134817123413e-02 9.968980550765991211e-01 3.285351562500000000e+01
9.986895322799682617e-01 -4.968975484371185303e-02 -1.223839446902275085e-02 -3.390412926673889160e-01 5.050461739301681519e-02 9.955867528915405273e-01 7.909158617258071899e-02 8.049403429031372070e-01 8.254350163042545319e-03 -7.960610091686248779e-02 9.967919588088989258e-01 3.379196166992187500e+01
9.987711310386657715e-01 -4.877234250307083130e-02 -8.780201897025108337e-03 -3.404518365859985352e-01 4.931994900107383728e-02 9.955660104751586914e-01 8.009375631809234619e-02 8.613129258155822754e-01 4.834918770939111710e-03 -8.042844384908676147e-02 9.967483878135681152e-01 3.464517974853515625e+01
9.988275766372680664e-01 -4.798382148146629333e-02 -6.373228039592504501e-03 -3.421331048011779785e-01 4.833981767296791077e-02 9.956362247467041016e-01 7.981730997562408447e-02 9.175937175750732422e-01 2.515485743060708046e-03 -8.003187179565429688e-02 9.967888593673706055e-01 3.549939346313476562e+01
9.989005923271179199e-01 -4.675665125250816345e-02 -3.312342567369341850e-03 -3.387210965156555176e-01 4.687189683318138123e-02 9.957188963890075684e-01 7.966150343418121338e-02 9.691880345344543457e-01 -4.265361931174993515e-04 -7.972925156354904175e-02 9.968161582946777344e-01 3.630878448486328125e+01
9.990230798721313477e-01 -4.410221800208091736e-02 -2.715901006013154984e-03 -3.364413678646087646e-01 4.417700693011283875e-02 9.957121014595031738e-01 8.127015084028244019e-02 1.023995637893676758e+00 -8.799316710792481899e-04 -8.131081610918045044e-02 9.966880679130554199e-01 3.712483215332031250e+01
9.990752339363098145e-01 -4.296172410249710083e-02 1.547697465866804123e-03 -3.331505060195922852e-01 4.269073531031608582e-02 9.957240819931030273e-01 8.191458135843276978e-02 1.078064203262329102e+00 -5.060265772044658661e-03 -8.177284151315689087e-02 9.966378211975097656e-01 3.797519683837890625e+01
9.990221858024597168e-01 -4.417384043335914612e-02 -1.632144092582166195e-03 -3.304577469825744629e-01 4.415720701217651367e-02 9.955863356590270996e-01 8.280690014362335205e-02 1.132536768913269043e+00 -2.032950986176729202e-03 -8.279809355735778809e-02 9.965639114379882812e-01 3.878941726684570312e+01
9.989876151084899902e-01 -4.497255757451057434e-02 -7.727564661763608456e-04 -3.310166895389556885e-01 4.487214982509613037e-02 9.952782392501831055e-01 8.606199920177459717e-02 1.196679353713989258e+00 -3.101313952356576920e-03 -8.600963652133941650e-02 9.962890744209289551e-01 3.961257171630859375e+01
9.989958405494689941e-01 -4.474458843469619751e-02 2.146885963156819344e-03 -3.301816880702972412e-01 4.439154267311096191e-02 9.952630400657653809e-01 8.648645877838134766e-02 1.254388093948364258e+00 -6.006511859595775604e-03 -8.630439639091491699e-02 9.962502717971801758e-01 4.041999816894531250e+01
9.990229606628417969e-01 -4.417387023568153381e-02 1.095957704819738865e-03 -3.284423053264617920e-01 4.390848800539970398e-02 9.951926469802856445e-01 8.753617852926254272e-02 1.309836506843566895e+00 -4.957495257258415222e-03 -8.740261197090148926e-02 9.961602687835693359e-01 4.121944427490234375e+01
9.990220069885253906e-01 -4.402147606015205383e-02 4.060673527419567108e-03 -3.221244215965270996e-01 4.349562898278236389e-02 9.951872825622558594e-01 8.780255913734436035e-02 1.360561847686767578e+00 -7.906325161457061768e-03 -8.754015713930130005e-02 9.961291551589965820e-01 4.195593643188476562e+01
9.990720152854919434e-01 -4.306209459900856018e-02 -1.225899904966354370e-05 -3.262987136840820312e-01 4.289178922772407532e-02 9.950951337814331055e-01 8.913369476795196533e-02 1.419171333312988281e+00 -3.826078958809375763e-03 -8.905158936977386475e-02 9.960192441940307617e-01 4.269601058959960938e+01
9.991129040718078613e-01 -4.187985137104988098e-02 4.326377529650926590e-03 -3.214854001998901367e-01 4.130088165402412415e-02 9.948555231094360352e-01 9.249594807624816895e-02 1.479257702827453613e+00 -8.177834562957286835e-03 -9.223530441522598267e-02 9.957032203674316406e-01 4.348387527465820312e+01
9.991490840911865234e-01 -4.043491184711456299e-02 8.084400556981563568e-03 -3.134240806102752686e-01 3.951075300574302673e-02 9.948894381523132324e-01 9.291257709264755249e-02 1.536136507987976074e+00 -1.179999485611915588e-02 -9.251419454813003540e-02 9.956410527229309082e-01 4.421643066406250000e+01
9.991015791893005371e-01 -4.121646285057067871e-02 9.821793995797634125e-03 -3.003725707530975342e-01 4.012603685259819031e-02 9.948493838310241699e-01 9.307767450809478760e-02 1.595735192298889160e+00 -1.360753737390041351e-02 -9.260004013776779175e-02 9.956099987030029297e-01 4.497553634643554688e+01
9.990183711051940918e-01 -4.335225373506546021e-02 9.055933915078639984e-03 -2.876612544059753418e-01 4.230425879359245300e-02 9.946198463439941406e-01 9.455466270446777344e-02 1.659644603729248047e+00 -1.310636661946773529e-02 -9.407884627580642700e-02 9.954780936241149902e-01 4.578125762939453125e+01
9.991185069084167480e-01 -4.131824150681495667e-02 7.354914676398038864e-03 -2.799606621265411377e-01 4.038437828421592712e-02 9.942283630371093750e-01 9.938769787549972534e-02 1.716469049453735352e+00 -1.141898613423109055e-02 -9.900318086147308350e-02 9.950212240219116211e-01 4.651004028320312500e+01
9.990904331207275391e-01 -4.221823066473007202e-02 5.923320539295673370e-03 -2.655383646488189697e-01 4.140041768550872803e-02 9.939750432968139648e-01 1.014810726046562195e-01 1.784643411636352539e+00 -1.017197966575622559e-02 -1.011436581611633301e-01 9.948194622993469238e-01 4.726546478271484375e+01
9.991192221641540527e-01 -4.090023413300514221e-02 9.332958608865737915e-03 -2.557644546031951904e-01 3.971716016530990601e-02 9.938358068466186523e-01 1.034974679350852966e-01 1.845191359519958496e+00 -1.350849680602550507e-02 -1.030357480049133301e-01 9.945855736732482910e-01 4.797854995727539062e+01
9.991360902786254883e-01 -4.004820436239242554e-02 1.106356456875801086e-02 -2.458509653806686401e-01 3.863495588302612305e-02 9.934878945350646973e-01 1.071825549006462097e-01 1.907931566238403320e+00 -1.528398506343364716e-02 -1.066626384854316711e-01 9.941774606704711914e-01 4.870838165283203125e+01
9.991352558135986328e-01 -4.018049687147140503e-02 1.065082568675279617e-02 -2.358103394508361816e-01 3.875645622611045837e-02 9.930889606475830078e-01 1.107758805155754089e-01 1.983475804328918457e+00 -1.502824481576681137e-02 -1.102674156427383423e-01 9.937880039215087891e-01 4.947856903076171875e+01
9.991103410720825195e-01 -4.065494239330291748e-02 1.117477938532829285e-02 -2.286939769983291626e-01 3.916360065340995789e-02 9.930256605148315430e-01 1.111996918916702271e-01 2.056290149688720703e+00 -1.561765838414430618e-02 -1.106632351875305176e-01 9.937348961830139160e-01 5.022794723510742188e+01
9.991953372955322266e-01 -3.895855695009231567e-02 9.493207558989524841e-03 -2.183278053998947144e-01 3.758864104747772217e-02 9.924688935279846191e-01 1.165832504630088806e-01 2.133653640747070312e+00 -1.396362669765949249e-02 -1.161327213048934937e-01 9.931352138519287109e-01 5.100577163696289062e+01
9.991497993469238281e-01 -3.855597600340843201e-02 1.456891186535358429e-02 -2.050617933273315430e-01 3.655134141445159912e-02 9.922078847885131836e-01 1.191073134541511536e-01 2.205147743225097656e+00 -1.904768869280815125e-02 -1.184736564755439758e-01 9.927741289138793945e-01 5.175360107421875000e+01
9.991168379783630371e-01 -3.827617689967155457e-02 1.730968430638313293e-02 -1.930346935987472534e-01 3.593789041042327881e-02 9.921703934669494629e-01 1.196050494909286499e-01 2.284667730331420898e+00 -2.175218239426612854e-02 -1.188774704933166504e-01 9.926702380180358887e-01 5.251821517944335938e+01
9.991347193717956543e-01 -3.747107833623886108e-02 1.802384853363037109e-02 -1.721927970647811890e-01 3.500757738947868347e-02 9.919565320014953613e-01 1.216376125812530518e-01 2.367299079895019531e+00 -2.243676781654357910e-02 -1.209015101194381714e-01 9.924105405807495117e-01 5.328726577758789062e+01
9.990708827972412109e-01 -3.540764376521110535e-02 2.455116063356399536e-02 -1.482383757829666138e-01 3.217027708888053894e-02 9.920547008514404297e-01 1.216201633214950562e-01 2.441748380661010742e+00 -2.866238169372081757e-02 -1.207174658775329590e-01 9.922726750373840332e-01 5.397827529907226562e+01
9.991240501403808594e-01 -3.518109023571014404e-02 2.263939566910266876e-02 -1.257826834917068481e-01 3.203863278031349182e-02 9.914214015007019043e-01 1.267128437757492065e-01 2.520663261413574219e+00 -2.690307982265949249e-02 -1.258766353130340576e-01 9.916806817054748535e-01 5.470362854003906250e+01
9.988042116165161133e-01 -3.609383478760719299e-02 3.296300023794174194e-02 -8.406470715999603271e-02 3.151013702154159546e-02 9.909716248512268066e-01 1.303125619888305664e-01 2.588208436965942383e+00 -3.736888989806175232e-02 -1.291181892156600952e-01 9.909244179725646973e-01 5.532699966430664062e+01
9.978811740875244141e-01 -3.592996299266815186e-02 5.423443764448165894e-02 -3.898281976580619812e-02 2.842168882489204407e-02 9.906591176986694336e-01 1.333629190921783447e-01 2.637766838073730469e+00 -5.851958692073822021e-02 -1.315390467643737793e-01 9.895817637443542480e-01 5.577003860473632812e+01
9.977015852928161621e-01 -3.127966448664665222e-02 6.010269746184349060e-02 9.743798524141311646e-03 2.262486517429351807e-02 9.899444580078125000e-01 1.396318078041076660e-01 2.702217817306518555e+00 -6.386598944664001465e-02 -1.379512250423431396e-01 9.883773326873779297e-01 5.631065750122070312e+01
9.964392781257629395e-01 -3.783685341477394104e-02 7.534167915582656860e-02 6.697909533977508545e-02 2.664722688496112823e-02 9.891690611839294434e-01 1.443382203578948975e-01 2.759131908416748047e+00 -7.998698949813842773e-02 -1.418168097734451294e-01 9.866555333137512207e-01 5.676831054687500000e+01
9.956308007240295410e-01 -3.502714261412620544e-02 8.655411750078201294e-02 1.249807104468345642e-01 2.228238061070442200e-02 9.893192648887634277e-01 1.440484374761581421e-01 2.801970481872558594e+00 -9.067529439926147461e-02 -1.414906233549118042e-01 9.857775568962097168e-01 5.714972686767578125e+01
9.943563938140869141e-01 -3.656810149550437927e-02 9.958559274673461914e-02 2.001178562641143799e-01 2.184556797146797180e-02 9.891752004623413086e-01 1.451009362936019897e-01 2.859106779098510742e+00 -1.038137078285217285e-01 -1.421067267656326294e-01 9.843919277191162109e-01 5.761950302124023438e+01
9.939523339271545410e-01 -3.554829582571983337e-02 1.038952544331550598e-01 2.579290568828582764e-01 1.996426098048686981e-02 9.888817071914672852e-01 1.473553031682968140e-01 2.897943496704101562e+00 -1.079783886671066284e-01 -1.443901509046554565e-01 9.836112856864929199e-01 5.797999572753906250e+01
9.936902523040771484e-01 -3.056321106851100922e-02 1.079107746481895447e-01 3.037389814853668213e-01 1.404619123786687851e-02 9.884909987449645996e-01 1.506232917308807373e-01 2.919943809509277344e+00 -1.112724095582962036e-01 -1.481573581695556641e-01 9.826835393905639648e-01 5.815688705444335938e+01
9.937313795089721680e-01 -2.842176705598831177e-02 1.081173643469810486e-01 3.382786512374877930e-01 1.155233290046453476e-02 9.880709052085876465e-01 1.535626351833343506e-01 2.933032035827636719e+00 -1.111922040581703186e-01 -1.513511836528778076e-01 9.822057485580444336e-01 5.833694076538085938e+01
9.925475120544433594e-01 -2.815756946802139282e-02 1.185571551322937012e-01 3.786922991275787354e-01 9.561160579323768616e-03 9.879318475723266602e-01 1.545906960964202881e-01 2.929540872573852539e+00 -1.214793547987937927e-01 -1.523052603006362915e-01 9.808388948440551758e-01 5.843600082397460938e+01
9.938260912895202637e-01 -2.140023373067378998e-02 1.088619008660316467e-01 3.901159167289733887e-01 3.743096720427274704e-03 9.871289730072021484e-01 1.598794758319854736e-01 2.920131206512451172e+00 -1.108822599053382874e-01 -1.584850996732711792e-01 9.811150431632995605e-01 5.853409957885742188e+01
9.930089712142944336e-01 -1.931151188910007477e-02 1.164446547627449036e-01 4.462161362171173096e-01 9.083037730306386948e-05 9.866496920585632324e-01 1.628540456295013428e-01 2.962500572204589844e+00 -1.180351004004478455e-01 -1.617051362991333008e-01 9.797542095184326172e-01 5.888985061645507812e+01
9.941482543945312500e-01 -1.938990131020545959e-02 1.062656342983245850e-01 4.799619913101196289e-01 1.230510650202631950e-03 9.857260584831237793e-01 1.683498322963714600e-01 3.025422573089599609e+00 -1.080131530761718750e-01 -1.672341078519821167e-01 9.799821972846984863e-01 5.933816528320312500e+01
9.944279789924621582e-01 -1.346327923238277435e-02 1.045500785112380981e-01 5.164101719856262207e-01 -4.937765188515186310e-03 9.847719669342041016e-01 1.737779080867767334e-01 3.052171468734741211e+00 -1.052976623177528381e-01 -1.733260452747344971e-01 9.792189002037048340e-01 5.958773803710937500e+01
9.945937991142272949e-01 -1.409718673676252365e-02 1.028753519058227539e-01 5.275418162345886230e-01 -4.449247382581233978e-03 9.840451478958129883e-01 1.778603494167327881e-01 3.055836200714111328e+00 -1.037413775920867920e-01 -1.773567050695419312e-01 9.786630868911743164e-01 5.969632339477539062e+01
9.954162240028381348e-01 -1.522326841950416565e-02 9.441214054822921753e-02 5.272884964942932129e-01 -2.208089455962181091e-03 9.833261370658874512e-01 1.818345785140991211e-01 3.081012487411499023e+00 -9.560608863830566406e-02 -1.812097430229187012e-01 9.787858128547668457e-01 5.987603759765625000e+01
9.952610731124877930e-01 -1.569206453859806061e-02 9.595803916454315186e-02 5.558723211288452148e-01 -2.299964427947998047e-03 9.828152060508728027e-01 1.845749616622924805e-01 3.083950281143188477e+00 -9.720543026924133301e-02 -1.839211583137512207e-01 9.781222939491271973e-01 5.993709564208984375e+01
9.946867823600769043e-01 -1.382950972765684128e-02 1.020089760422706604e-01 5.909512639045715332e-01 -5.426604300737380981e-03 9.825124144554138184e-01 1.861152201890945435e-01 3.090687513351440430e+00 -1.027990132570266724e-01 -1.856800913810729980e-01 9.772176742553710938e-01 6.003961563110351562e+01
9.934213757514953613e-01 -1.622200198471546173e-02 1.133562251925468445e-01 6.475157737731933594e-01 -5.258243996649980545e-03 9.824079871177673340e-01 1.866705119609832764e-01 3.101365804672241211e+00 -1.143902763724327087e-01 -1.860387176275253296e-01 9.758604168891906738e-01 6.019414901733398438e+01
9.910700321197509766e-01 -1.580459997057914734e-02 1.323975175619125366e-01 7.282237410545349121e-01 -8.674945682287216187e-03 9.832034111022949219e-01 1.823040544986724854e-01 3.106195211410522461e+00 -1.330550014972686768e-01 -1.818248182535171509e-01 9.742870330810546875e-01 6.030619049072265625e+01
9.883618354797363281e-01 -1.596557348966598511e-02 1.512771099805831909e-01 7.867414355278015137e-01 -1.219751406461000443e-02 9.829562306404113770e-01 1.834316402673721313e-01 3.136759757995605469e+00 -1.516274511814117432e-01 -1.831422299146652222e-01 9.713224172592163086e-01 6.052339935302734375e+01
9.856314659118652344e-01 -1.758085563778877258e-02 1.679890304803848267e-01 8.574317693710327148e-01 -1.418057922273874283e-02 9.824433922767639160e-01 1.860181689262390137e-01 3.135200977325439453e+00 -1.683101654052734375e-01 -1.857277303934097290e-01 9.680785536766052246e-01 6.060606384277343750e+01
9.834599494934082031e-01 -1.618671976029872894e-02 1.803977191448211670e-01 9.442495703697204590e-01 -1.788903027772903442e-02 9.824473857879638672e-01 1.856771707534790039e-01 3.154724121093750000e+00 -1.802368462085723877e-01 -1.858333796262741089e-01 9.659088253974914551e-01 6.082316970825195312e+01
9.789614677429199219e-01 -1.090112142264842987e-02 2.037509977817535400e-01 1.068199157714843750e+00 -2.791329286992549896e-02 9.820282459259033203e-01 1.866554766893386841e-01 3.211093425750732422e+00 -2.021240890026092529e-01 -1.884160637855529785e-01 9.610642194747924805e-01 6.119453430175781250e+01
9.689370989799499512e-01 -9.718803688883781433e-03 2.471137791872024536e-01 1.191841840744018555e+00 -3.756238520145416260e-02 9.818502068519592285e-01 1.858981400728225708e-01 3.260924100875854492e+00 -2.444355785846710205e-01 -1.894059777259826660e-01 9.509868025779724121e-01 6.148471832275390625e+01
9.617545604705810547e-01 -2.151636872440576553e-03 2.739020884037017822e-01 1.359946727752685547e+00 -4.969470202922821045e-02 9.820029735565185547e-01 1.822074651718139648e-01 3.313026189804077148e+00 -2.693648934364318848e-01 -1.888505220413208008e-01 9.443396329879760742e-01 6.181581115722656250e+01
9.544097781181335449e-01 -1.083023380488157272e-05 2.984976768493652344e-01 1.492696166038513184e+00 -5.510424822568893433e-02 9.828057885169982910e-01 1.762246936559677124e-01 3.354938030242919922e+00 -2.933673858642578125e-01 -1.846392303705215454e-01 9.379996061325073242e-01 6.210069656372070312e+01
9.493287205696105957e-01 1.866604317910969257e-03 3.142774999141693115e-01 1.618994593620300293e+00 -6.010164320468902588e-02 9.826048016548156738e-01 1.757111698389053345e-01 3.391467094421386719e+00 -3.084828257560729980e-01 -1.856964230537414551e-01 9.329279065132141113e-01 6.237077713012695312e+01
9.446343779563903809e-01 -7.197652943432331085e-03 3.280440866947174072e-01 1.754333257675170898e+00 -5.609937012195587158e-02 9.814957380294799805e-01 1.830785721540451050e-01 3.440901041030883789e+00 -3.232918679714202881e-01 -1.913455575704574585e-01 9.267516136169433594e-01 6.266123580932617188e+01
9.376200437545776367e-01 -9.438381530344486237e-03 3.475318551063537598e-01 1.873222112655639648e+00 -5.699282139539718628e-02 9.819344282150268555e-01 1.804308444261550903e-01 3.468386173248291016e+00 -3.429567813873291016e-01 -1.889825612306594849e-01 9.201442599296569824e-01 6.289451980590820312e+01
9.280933737754821777e-01 -9.300448000431060791e-03 3.722297549247741699e-01 2.016665697097778320e+00 -6.276460736989974976e-02 9.814746975898742676e-01 1.810160130262374878e-01 3.502001047134399414e+00 -3.670179545879364014e-01 -1.913627982139587402e-01 9.103171825408935547e-01 6.312752532958984375e+01
9.221931099891662598e-01 -1.103469356894493103e-02 3.865706920623779297e-01 2.147073030471801758e+00 -6.592259556055068970e-02 9.804769158363342285e-01 1.852509677410125732e-01 3.532086133956909180e+00 -3.810681998729705811e-01 -1.963210999965667725e-01 9.034624099731445312e-01 6.335296630859375000e+01
9.161919355392456055e-01 -1.391953416168689728e-02 4.004965126514434814e-01 2.266466379165649414e+00 -6.756240874528884888e-02 9.797247648239135742e-01 1.886094063520431519e-01 3.562212228775024414e+00 -3.950020968914031982e-01 -1.998611241579055786e-01 8.966761827468872070e-01 6.354255294799804688e+01
8.973488807678222656e-01 -1.003802847117185593e-02 4.412064552307128906e-01 2.457571029663085938e+00 -8.233243972063064575e-02 9.783812165260314941e-01 1.897114068269729614e-01 3.591972112655639648e+00 -4.335728585720062256e-01 -2.065631300210952759e-01 8.771234750747680664e-01 6.375331878662109375e+01
8.919671177864074707e-01 -9.966526180505752563e-03 4.519891440868377686e-01 2.703111648559570312e+00 -8.701742440462112427e-02 9.772782921791076660e-01 1.932716816663742065e-01 3.668385982513427734e+00 -4.436458945274353027e-01 -2.117231339216232300e-01 8.708335161209106445e-01 6.417845916748046875e+01
8.810644745826721191e-01 -7.010162808001041412e-03 4.729429781436920166e-01 2.996394395828247070e+00 -9.396980702877044678e-02 9.773640632629394531e-01 1.895469427108764648e-01 3.752464294433593750e+00 -4.635666906833648682e-01 -2.114456593990325928e-01 8.604626655578613281e-01 6.463850402832031250e+01
8.756200075149536133e-01 -7.115311920642852783e-03 4.829469025135040283e-01 3.303056240081787109e+00 -9.575923532247543335e-02 9.774852991104125977e-01 1.880202144384384155e-01 3.851726293563842773e+00 -4.734117686748504639e-01 -2.108810991048812866e-01 8.552250266075134277e-01 6.513271331787109375e+01
8.677901029586791992e-01 -8.937045000493526459e-03 4.968494176864624023e-01 3.616307973861694336e+00 -9.815220534801483154e-02 9.770576953887939453e-01 1.890059113502502441e-01 3.953263282775878906e+00 -4.871401786804199219e-01 -2.127845138311386108e-01 8.470044732093811035e-01 6.563410186767578125e+01
8.616359829902648926e-01 -8.590020239353179932e-03 5.074529647827148438e-01 3.904282569885253906e+00 -1.012145057320594788e-01 9.768633246421813965e-01 1.883943974971771240e-01 4.041048049926757812e+00 -4.973309934139251709e-01 -2.136891931295394897e-01 8.408318758010864258e-01 6.608100128173828125e+01
8.478869795799255371e-01 -6.514967419207096100e-03 5.301359295845031738e-01 4.112018585205078125e+00 -1.089203208684921265e-01 9.764543175697326660e-01 1.862044334411621094e-01 4.087842941284179688e+00 -5.188670754432678223e-01 -2.156230956315994263e-01 8.272140026092529297e-01 6.635833740234375000e+01
8.353822827339172363e-01 -5.571325775235891342e-03 5.496401786804199219e-01 4.258309364318847656e+00 -1.140957102179527283e-01 9.764113426208496094e-01 1.833079606294631958e-01 4.106153964996337891e+00 -5.376965999603271484e-01 -2.158440053462982178e-01 8.150417804718017578e-01 6.652452087402343750e+01
8.252167701721191406e-01 -1.740328152664005756e-03 5.648124814033508301e-01 4.389641761779785156e+00 -1.217272207140922546e-01 9.759469032287597656e-01 1.808561235666275024e-01 4.108727931976318359e+00 -5.515421032905578613e-01 -2.179987579584121704e-01 8.051565885543823242e-01 6.663240051269531250e+01
8.116275072097778320e-01 -5.470586009323596954e-03 5.841487050056457520e-01 4.596369743347167969e+00 -1.229307055473327637e-01 9.759650230407714844e-01 1.799422353506088257e-01 4.143512248992919922e+00 -5.710934400558471680e-01 -2.178560942411422729e-01 7.914482355117797852e-01 6.685403442382812500e+01
8.038715720176696777e-01 -3.314570058137178421e-04 5.948019027709960938e-01 4.866246223449707031e+00 -1.303501129150390625e-01 9.755926132202148438e-01 1.767110824584960938e-01 4.203526973724365234e+00 -5.803432464599609375e-01 -2.195857167243957520e-01 7.842085957527160645e-01 6.716711425781250000e+01
7.923490405082702637e-01 -2.042404841631650925e-03 6.100637316703796387e-01 5.189737796783447266e+00 -1.321205794811248779e-01 9.756872653961181641e-01 1.748642474412918091e-01 4.272800922393798828e+00 -5.955888628959655762e-01 -2.191557139158248901e-01 7.728156447410583496e-01 6.751651000976562500e+01
7.797563076019287109e-01 -2.981120953336358070e-03 6.260752677917480469e-01 5.569460391998291016e+00 -1.357343941926956177e-01 9.753996133804321289e-01 1.736971884965896606e-01 4.353980541229248047e+00 -6.111916899681091309e-01 -2.204216420650482178e-01 7.601699829101562500e-01 6.793725585937500000e+01
7.746292352676391602e-01 -8.232048712670803070e-04 6.324144005775451660e-01 5.900675773620605469e+00 -1.406158357858657837e-01 9.747419953346252441e-01 1.735057532787322998e-01 4.424186706542968750e+00 -6.165839433670043945e-01 -2.233303040266036987e-01 7.549484968185424805e-01 6.831110382080078125e+01
7.761427760124206543e-01 -2.833462785929441452e-04 6.305564045906066895e-01 6.208798408508300781e+00 -1.442824751138687134e-01 9.733889102935791016e-01 1.780325919389724731e-01 4.496806621551513672e+00 -6.138272881507873535e-01 -2.291571348905563354e-01 7.554485201835632324e-01 6.867198944091796875e+01
7.711754441261291504e-01 -1.770165283232927322e-03 6.366195082664489746e-01 6.583920478820800781e+00 -1.458310782909393311e-01 9.729144573211669922e-01 1.793591976165771484e-01 4.585791110992431641e+00 -6.196940541267395020e-01 -2.311565130949020386e-01 7.500302195549011230e-01 6.908896636962890625e+01
7.731996178627014160e-01 -5.242362618446350098e-03 6.341403126716613770e-01 6.950497150421142578e+00 -1.443232744932174683e-01 9.722707271575927734e-01 1.840092688798904419e-01 4.687204360961914062e+00 -6.175208687782287598e-01 -2.337972968816757202e-01 7.510033845901489258e-01 6.952557373046875000e+01
7.723075747489929199e-01 -1.036182232201099396e-02 6.351635456085205078e-01 7.358431816101074219e+00 -1.424550861120223999e-01 9.715762734413146973e-01 1.890638023614883423e-01 4.798398494720458984e+00 -6.190690398216247559e-01 -2.364978641271591187e-01 7.488802075386047363e-01 6.999951171875000000e+01
7.685711383819580078e-01 -7.992079481482505798e-03 6.397137045860290527e-01 7.782841205596923828e+00 -1.457854509353637695e-01 9.714263081550598145e-01 1.872872263193130493e-01 4.906742572784423828e+00 -6.229317784309387207e-01 -2.372047007083892822e-01 7.454457283020019531e-01 7.049087524414062500e+01
7.673962116241455078e-01 -1.228442415595054626e-02 6.410547494888305664e-01 8.284835815429687500e+00 -1.438284218311309814e-01 9.710378050804138184e-01 1.907824873924255371e-01 5.037759780883789062e+00 -6.248322725296020508e-01 -2.386078834533691406e-01 7.434045076370239258e-01 7.106468200683593750e+01
7.663918137550354004e-01 -1.400663144886493683e-02 6.422199606895446777e-01 8.813210487365722656e+00 -1.431533843278884888e-01 9.708962440490722656e-01 1.920067369937896729e-01 5.179178237915039062e+00 -6.262186169624328613e-01 -2.390885949134826660e-01 7.420824170112609863e-01 7.166828918457031250e+01
7.654762864112854004e-01 -1.426156703382730484e-02 6.433053612709045410e-01 9.304525375366210938e+00 -1.438987106084823608e-01 9.706397652626037598e-01 1.927450001239776611e-01 5.313753128051757812e+00 -6.271668672561645508e-01 -2.401127517223358154e-01 7.409500479698181152e-01 7.223625946044921875e+01
7.660864591598510742e-01 -1.355734933167695999e-02 6.425938606262207031e-01 9.715654373168945312e+00 -1.448268294334411621e-01 9.704245328903198242e-01 1.931332945823669434e-01 5.426976680755615234e+00 -6.262074708938598633e-01 -2.410218417644500732e-01 7.414661645889282227e-01 7.271358489990234375e+01
7.645000219345092773e-01 -1.326584815979003906e-02 6.444865465164184570e-01 1.017861938476562500e+01 -1.472581326961517334e-01 9.697571992874145508e-01 1.946409940719604492e-01 5.548043727874755859e+00 -6.275777816772460938e-01 -2.437091469764709473e-01 7.394264340400695801e-01 7.323871612548828125e+01
7.638145089149475098e-01 -1.178482174873352051e-02 6.453276276588439941e-01 1.068392562866210938e+01 -1.490750014781951904e-01 9.695775508880615234e-01 1.941524595022201538e-01 5.693460941314697266e+00 -6.279833912849426270e-01 -2.444989085197448730e-01 7.388210892677307129e-01 7.382225036621093750e+01
7.659233212471008301e-01 -1.387005578726530075e-02 6.427817940711975098e-01 1.127220821380615234e+01 -1.480376273393630981e-01 9.690991044044494629e-01 1.973094642162322998e-01 5.862400054931640625e+00 -6.256560683250427246e-01 -2.462800294160842896e-01 7.402027249336242676e-01 7.449691772460937500e+01
7.669162154197692871e-01 -1.546341925859451294e-02 6.415603756904602051e-01 1.192679214477539062e+01 -1.473179161548614502e-01 9.687699675559997559e-01 1.994527876377105713e-01 6.049564361572265625e+00 -6.246086955070495605e-01 -2.474771440029144287e-01 7.406878471374511719e-01 7.525634002685546875e+01
7.655252218246459961e-01 -1.661490462720394135e-02 6.431907415390014648e-01 1.253525829315185547e+01 -1.468931734561920166e-01 9.687511324882507324e-01 1.998569667339324951e-01 6.222760200500488281e+00 -6.264124512672424316e-01 -2.474761009216308594e-01 7.391633391380310059e-01 7.595372009277343750e+01
7.694149017333984375e-01 -1.963370479643344879e-02 6.384468674659729004e-01 1.315712642669677734e+01 -1.435182839632034302e-01 9.686563611030578613e-01 2.027473598718643188e-01 6.402037620544433594e+00 -6.224164366722106934e-01 -2.476258724927902222e-01 7.424814701080322266e-01 7.667348480224609375e+01
7.701414823532104492e-01 -2.106626518070697784e-02 6.375244855880737305e-01 1.370671367645263672e+01 -1.430121213197708130e-01 9.683082103729248047e-01 2.047579437494277954e-01 6.564812183380126953e+00 -6.216338872909545898e-01 -2.488665431737899780e-01 7.427222132682800293e-01 7.730775451660156250e+01
7.730837464332580566e-01 -2.450739592313766479e-02 6.338296532630920410e-01 1.422957611083984375e+01 -1.400516331195831299e-01 9.679962396621704102e-01 2.082494944334030151e-01 6.716727256774902344e+00 -6.186485886573791504e-01 -2.497633844614028931e-01 7.449104785919189453e-01 7.791951751708984375e+01
7.726941704750061035e-01 -2.258494868874549866e-02 6.343759894371032715e-01 1.476919078826904297e+01 -1.417786478996276855e-01 9.679799675941467285e-01 2.071536481380462646e-01 6.877862453460693359e+00 -6.187420487403869629e-01 -2.500075697898864746e-01 7.447509169578552246e-01 7.855120086669921875e+01
7.714095115661621094e-01 -2.326455339789390564e-02 6.359130740165710449e-01 1.530470943450927734e+01 -1.413319259881973267e-01 9.681072235107421875e-01 2.068637758493423462e-01 7.036214828491210938e+00 -6.204448938369750977e-01 -2.494516521692276001e-01 7.435196042060852051e-01 7.917428588867187500e+01
7.703995704650878906e-01 -2.493271976709365845e-02 6.370730996131896973e-01 1.587424468994140625e+01 -1.406880915164947510e-01 9.679546952247619629e-01 2.080134600400924683e-01 7.213187217712402344e+00 -6.218445301055908203e-01 -2.498822361230850220e-01 7.422046065330505371e-01 7.983654022216796875e+01
7.736880779266357422e-01 -2.675308287143707275e-02 6.330010294914245605e-01 1.643721008300781250e+01 -1.384388804435729980e-01 9.678257703781127930e-01 2.101115435361862183e-01 7.386501312255859375e+00 -6.182561516761779785e-01 -2.501929104328155518e-01 7.450920343399047852e-01 8.049341583251953125e+01
7.760464549064636230e-01 -3.094551898539066315e-02 6.299154758453369141e-01 1.703105926513671875e+01 -1.350771486759185791e-01 9.674617648124694824e-01 2.139409929513931274e-01 7.579683780670166016e+00 -6.160399913787841797e-01 -2.511155009269714355e-01 7.466157674789428711e-01 8.119596099853515625e+01
7.772694826126098633e-01 -3.142914921045303345e-02 6.283817291259765625e-01 1.760601997375488281e+01 -1.342922747135162354e-01 9.674474596977233887e-01 2.144991308450698853e-01 7.765296459197998047e+00 -6.146681308746337891e-01 -2.511105835437774658e-01 7.477471828460693359e-01 8.188066864013671875e+01
7.776605486869812012e-01 -3.312569111585617065e-02 6.278104782104492188e-01 1.817212295532226562e+01 -1.333750635385513306e-01 9.671862125396728516e-01 2.162423729896545410e-01 7.949202060699462891e+00 -6.143731474876403809e-01 -2.518975734710693359e-01 7.477248907089233398e-01 8.255025482177734375e+01
7.782787084579467773e-01 -3.436733037233352661e-02 6.269772648811340332e-01 1.870367050170898438e+01 -1.333889067173004150e-01 9.666619896888732910e-01 2.185650616884231567e-01 8.121728897094726562e+00 -6.135869622230529785e-01 -2.537364661693572998e-01 7.477487325668334961e-01 8.318680572509765625e+01
7.742700576782226562e-01 -3.740985691547393799e-02 6.317480802536010742e-01 1.926516532897949219e+01 -1.326906085014343262e-01 9.664652943611145020e-01 2.198561131954193115e-01 8.294549942016601562e+00 -6.187877655029296875e-01 -2.540551722049713135e-01 7.433417439460754395e-01 8.383589935302734375e+01
