9.995930790901184082e-01 -9.629150154069066048e-04 2.850888110697269440e-02 2.985831350088119507e-02 9.593131253495812416e-04 9.999995231628417969e-01 1.400195906171575189e-04 -1.294019632041454315e-02 -2.850900404155254364e-02 -1.126136703533120453e-04 9.995935559272766113e-01 7.876732349395751953e-01
9.985004663467407227e-01 -1.830497989431023598e-03 5.471184104681015015e-02 7.720836997032165527e-02 1.803124439902603626e-03 9.999982118606567383e-01 5.496804951690137386e-04 -2.179459482431411743e-02 -5.471275001764297485e-02 -4.502040101215243340e-04 9.985020160675048828e-01 1.520336270332336426e+00
9.970236420631408691e-01 -3.322662319988012314e-03 7.702396064996719360e-02 1.522997319698333740e-01 3.278836142271757126e-03 9.999943375587463379e-01 6.954469718039035797e-04 -3.341738507151603699e-02 -7.702583819627761841e-02 -4.408281529322266579e-04 9.970290064811706543e-01 2.317191600799560547e+00
9.945687651634216309e-01 -4.056698642671108246e-03 1.040016412734985352e-01 2.349846363067626953e-01 3.995350562036037445e-03 9.999915957450866699e-01 7.981947856023907661e-04 -4.332351312041282654e-02 -1.040040254592895508e-01 -3.783365827985107899e-04 9.945767521858215332e-01 3.033699989318847656e+00
9.900081753730773926e-01 -4.911801312118768692e-03 1.409239172935485840e-01 3.573598265647888184e-01 4.862540867179632187e-03 9.999878406524658203e-01 6.938992883078753948e-04 -5.378811806440353394e-02 -1.409256458282470703e-01 -1.717649865895509720e-06 9.900201559066772461e-01 3.802830696105957031e+00
9.856523275375366211e-01 -5.976287182420492172e-03 1.686819791793823242e-01 4.888223409652709961e-01 5.882858764380216599e-03 9.999820590019226074e-01 1.053622690960764885e-03 -6.293939054012298584e-02 -1.686852872371673584e-01 -4.617340164259076118e-05 9.856699705123901367e-01 4.536733627319335938e+00
9.804500341415405273e-01 -7.017825730144977570e-03 1.966424882411956787e-01 6.384391784667968750e-01 6.827389821410179138e-03 9.999752044677734375e-01 1.646328484639525414e-03 -7.331640273332595825e-02 -1.966492235660552979e-01 -2.715880982577800751e-04 9.804738163948059082e-01 5.199821949005126953e+00
9.725779891014099121e-01 -8.806203491985797882e-03 2.324100732803344727e-01 8.096388578414916992e-01 8.708587847650051117e-03 9.999608993530273438e-01 1.446060137823224068e-03 -8.059157431125640869e-02 -2.324137836694717407e-01 6.175573216751217842e-04 9.726167917251586914e-01 5.845409393310546875e+00
9.650217890739440918e-01 -1.012391410768032074e-02 2.619742155075073242e-01 1.002202510833740234e+00 1.017696596682071686e-02 9.999474287033081055e-01 1.154268858954310417e-03 -9.080967307090759277e-02 -2.619721889495849609e-01 1.552208326756954193e-03 9.650741815567016602e-01 6.488275051116943359e+00
9.580821990966796875e-01 -1.133671961724758148e-02 2.862693071365356445e-01 1.160233259201049805e+00 1.145424786955118179e-02 9.999334216117858887e-01 1.264043035916984081e-03 -9.768617153167724609e-02 -2.862646281719207764e-01 2.067942637950181961e-03 9.581483602523803711e-01 6.955322265625000000e+00
9.496091008186340332e-01 -1.214479934424161911e-02 3.132016360759735107e-01 1.368941187858581543e+00 1.245892606675624847e-02 9.999216794967651367e-01 9.985300712287425995e-04 -1.060267910361289978e-01 -3.131892979145050049e-01 2.953943563625216484e-03 9.496861100196838379e-01 7.552801609039306641e+00
9.407500028610229492e-01 -1.276369113475084305e-02 3.388610184192657471e-01 1.595025539398193359e+00 1.324736420065164566e-02 9.999116659164428711e-01 8.856347994878888130e-04 -1.143115311861038208e-01 -3.388424217700958252e-01 3.655855078250169754e-03 9.408360123634338379e-01 8.147373199462890625e+00
9.336638450622558594e-01 -1.337467413395643234e-02 3.579010665416717529e-01 1.798392772674560547e+00 1.430659368634223938e-02 9.998974800109863281e-01 4.401488695293664932e-05 -1.199373900890350342e-01 -3.578650057315826416e-01 5.079251248389482498e-03 9.337595105171203613e-01 8.629535675048828125e+00
9.260659217834472656e-01 -1.397539488971233368e-02 3.771031498908996582e-01 2.006793737411499023e+00 1.520085334777832031e-02 9.998841881752014160e-01 -2.737027825787663460e-04 -1.269460320472717285e-01 -3.770557343959808350e-01 5.985756870359182358e-03 9.261712431907653809e-01 9.093128204345703125e+00
9.125487208366394043e-01 -1.436215173453092575e-02 4.087159633636474609e-01 2.260874748229980469e+00 1.572924666106700897e-02 9.998760223388671875e-01 1.631790655665099621e-05 -1.340752393007278442e-01 -4.086655974388122559e-01 6.413903553038835526e-03 9.126616716384887695e-01 9.619481086730957031e+00
9.026083946228027344e-01 -1.552882511168718338e-02 4.301827251911163330e-01 2.510215044021606445e+00 1.713227666914463043e-02 9.998529553413391113e-01 1.460058556403964758e-04 -1.428780853748321533e-01 -4.301218390464782715e-01 7.238223683089017868e-03 9.027419090270996094e-01 1.011682319641113281e+01
8.889318108558654785e-01 -1.605660840868949890e-02 4.577583372592926025e-01 2.768533945083618164e+00 1.745591685175895691e-02 9.998466968536376953e-01 1.173178432509303093e-03 -1.470097750425338745e-01 -4.577070474624633789e-01 6.947714835405349731e-03 8.890759944915771484e-01 1.058963203430175781e+01
8.746136426925659180e-01 -1.596705988049507141e-02 4.845578968524932861e-01 3.062500953674316406e+00 1.752831414341926575e-02 9.998453259468078613e-01 1.308600185438990593e-03 -1.545166969299316406e-01 -4.845038950443267822e-01 7.348963059484958649e-03 8.747583031654357910e-01 1.110283946990966797e+01
8.622819185256958008e-01 -1.684669218957424164e-02 5.061486363410949707e-01 3.366013526916503906e+00 1.841133832931518555e-02 9.998285174369812012e-01 1.912570791319012642e-03 -1.628750264644622803e-01 -5.060940980911254883e-01 7.669698446989059448e-03 8.624442219734191895e-01 1.160259056091308594e+01
8.535521030426025391e-01 -1.770297065377235413e-02 5.207069516181945801e-01 3.663125514984130859e+00 1.983296498656272888e-02 9.998021125793457031e-01 1.480685197748243809e-03 -1.695628762245178223e-01 -5.206301808357238770e-01 9.063321165740489960e-03 8.537342548370361328e-01 1.207174205780029297e+01
8.434493541717529297e-01 -1.869916729629039764e-02 5.368834137916564941e-01 3.986855030059814453e+00 2.114900760352611542e-02 9.997749328613281250e-01 1.595966168679296970e-03 -1.764614135026931763e-01 -5.367925167083740234e-01 1.000843476504087448e-02 8.436550498008728027e-01 1.256333446502685547e+01
8.332856297492980957e-01 -1.966649293899536133e-02 5.524930357933044434e-01 4.341820716857910156e+00 2.222956903278827667e-02 9.997506737709045410e-01 2.059779595583677292e-03 -1.847375631332397461e-01 -5.523958206176757812e-01 1.056529674679040909e-02 8.335151672363281250e-01 1.308053779602050781e+01
8.238703608512878418e-01 -2.099234610795974731e-02 5.663896203041076660e-01 4.690779685974121094e+00 2.352297306060791016e-02 9.997192025184631348e-01 2.836520783603191376e-03 -1.912666857242584229e-01 -5.662901997566223145e-01 1.098624337464570999e-02 8.241329193115234375e-01 1.357420063018798828e+01
8.104494214057922363e-01 -2.214428596198558807e-02 5.853901505470275879e-01 5.080342292785644531e+00 2.479494921863079071e-02 9.996863603591918945e-01 3.488773480057716370e-03 -1.987140178680419922e-01 -5.852838754653930664e-01 1.168724615126848221e-02 8.107444047927856445e-01 1.409695339202880859e+01
8.027233481407165527e-01 -2.281275205314159393e-02 5.959154367446899414e-01 5.432341098785400391e+00 2.576268091797828674e-02 9.996616244316101074e-01 3.565493505448102951e-03 -2.046478241682052612e-01 -5.957951545715332031e-01 1.249027531594038010e-02 8.030394911766052246e-01 1.456586265563964844e+01
7.881361246109008789e-01 -2.438285574316978455e-02 6.150181293487548828e-01 5.911879062652587891e+00 2.716342359781265259e-02 9.996193051338195801e-01 4.821162205189466476e-03 -2.110874652862548828e-01 -6.149016022682189941e-01 1.290626730769872665e-02 7.884984612464904785e-01 1.516404628753662109e+01
7.714751362800598145e-01 -2.535320073366165161e-02 6.357544660568237305e-01 6.353298187255859375e+00 2.837715670466423035e-02 9.995824694633483887e-01 5.427170544862747192e-03 -2.184702306985855103e-01 -6.356266140937805176e-01 1.385397929698228836e-02 7.718725204467773438e-01 1.568673992156982422e+01
7.616341114044189453e-01 -2.603500895202159882e-02 6.474844813346862793e-01 6.767073154449462891e+00 2.951049618422985077e-02 9.995493888854980469e-01 5.478249862790107727e-03 -2.250594645738601685e-01 -6.473352909088134766e-01 1.493516750633716583e-02 7.620592713356018066e-01 1.616094970703125000e+01
7.524844408035278320e-01 -2.718583680689334869e-02 6.580490469932556152e-01 7.239689350128173828e+00 3.068595938384532928e-02 9.995097517967224121e-01 6.202892400324344635e-03 -2.324070930480957031e-01 -6.578950881958007812e-01 1.552528887987136841e-02 7.529498338699340820e-01 1.669678306579589844e+01
7.403143644332885742e-01 -2.825115434825420380e-02 6.716673374176025391e-01 7.730597496032714844e+00 3.215451166033744812e-02 9.994610548019409180e-01 6.597740575671195984e-03 -2.401740252971649170e-01 -6.714917421340942383e-01 1.671273633837699890e-02 7.408238649368286133e-01 1.722346496582031250e+01
7.295381426811218262e-01 -2.949627488851547241e-02 6.833041310310363770e-01 8.246724128723144531e+00 3.337624296545982361e-02 9.994146227836608887e-01 7.507299538701772690e-03 -2.474237084388732910e-01 -6.831255555152893066e-01 1.732926629483699799e-02 7.300956249237060547e-01 1.776879882812500000e+01
7.175203561782836914e-01 -3.173704817891120911e-02 6.958144903182983398e-01 8.765205383300781250e+00 3.517143055796623230e-02 9.993379116058349609e-01 9.312566369771957397e-03 -2.528027594089508057e-01 -6.956492662429809570e-01 1.779084280133247375e-02 7.181615233421325684e-01 1.829466056823730469e+01
7.017815113067626953e-01 -3.338539600372314453e-02 7.116099596023559570e-01 9.354355812072753906e+00 3.628823906183242798e-02 9.992797970771789551e-01 1.109448447823524475e-02 -2.578797042369842529e-01 -7.114677429199218750e-01 1.803717575967311859e-02 7.024875283241271973e-01 1.885904693603515625e+01
6.886852979660034180e-01 -3.578302264213562012e-02 7.241772413253784180e-01 9.993168830871582031e+00 3.858810663223266602e-02 9.991748332977294922e-01 1.267429813742637634e-02 -2.586544454097747803e-01 -7.240330576896667480e-01 1.921603456139564514e-02 6.894977688789367676e-01 1.945553779602050781e+01
6.682865619659423828e-01 -3.686765953898429871e-02 7.429902553558349609e-01 1.066413402557373047e+01 4.016639292240142822e-02 9.991025328636169434e-01 1.344824396073818207e-02 -2.624423205852508545e-01 -7.428190708160400391e-01 2.085596509277820587e-02 6.691675186157226562e-01 2.004660797119140625e+01
6.594623327255249023e-01 -3.764724358916282654e-02 7.507947087287902832e-01 1.126900959014892578e+01 4.119686409831047058e-02 9.990542531013488770e-01 1.391040626913309097e-02 -2.641851007938385010e-01 -7.506081461906433105e-01 2.175700478255748749e-02 6.603895425796508789e-01 2.057132148742675781e+01
6.480934619903564453e-01 -3.868544846773147583e-02 7.605779767036437988e-01 1.194678592681884766e+01 4.240830987691879272e-02 9.989926218986511230e-01 1.467558834701776505e-02 -2.648680210113525391e-01 -7.603793740272521973e-01 2.274367585778236389e-02 6.490811109542846680e-01 2.114030075073242188e+01
6.348894834518432617e-01 -3.948974609375000000e-02 7.715935111045837402e-01 1.273953819274902344e+01 4.360063374042510986e-02 9.989327192306518555e-01 1.524898502975702286e-02 -2.692544460296630859e-01 -7.713720202445983887e-01 2.396054752171039581e-02 6.359335184097290039e-01 2.179189300537109375e+01
6.221635341644287109e-01 -4.016794636845588684e-02 7.818565964698791504e-01 1.351209449768066406e+01 4.437883943319320679e-02 9.988866448402404785e-01 1.600336283445358276e-02 -2.711152732372283936e-01 -7.816287279129028320e-01 2.474118210375308990e-02 6.232532858848571777e-01 2.240448188781738281e+01
6.113379597663879395e-01 -4.077064618468284607e-02 7.903191447257995605e-01 1.438935184478759766e+01 4.569270089268684387e-02 9.988245964050292969e-01 1.618212461471557617e-02 -2.728898823261260986e-01 -7.900497317314147949e-01 2.621906995773315430e-02 6.124820709228515625e-01 2.309060859680175781e+01
5.990079641342163086e-01 -4.178863018751144409e-02 7.996523380279541016e-01 1.521185207366943359e+01 4.698806628584861755e-02 9.987510442733764648e-01 1.699514500796794891e-02 -2.751460969448089600e-01 -7.993634939193725586e-01 2.739389240741729736e-02 6.002231836318969727e-01 2.370339012145996094e+01
5.880101323127746582e-01 -4.292435199022293091e-02 8.077142238616943359e-01 1.598903846740722656e+01 4.825837165117263794e-02 9.986739158630371094e-01 1.794076338410377502e-02 -2.761573493480682373e-01 -8.074128627777099609e-01 2.842962369322776794e-02 5.893017053604125977e-01 2.426952552795410156e+01
5.766878724098205566e-01 -4.339281842112541199e-02 8.158118128776550293e-01 1.685886001586914062e+01 4.959206655621528625e-02 9.986064434051513672e-01 1.805954985320568085e-02 -2.775342166423797607e-01 -8.154581785202026367e-01 3.004306927323341370e-02 5.780359506607055664e-01 2.488289642333984375e+01
5.693319439888000488e-01 -4.370792582631111145e-02 8.209454417228698730e-01 1.767694282531738281e+01 5.082489922642707825e-02 9.985470175743103027e-01 1.791612990200519562e-02 -2.762023210525512695e-01 -8.205353021621704102e-01 3.152424469590187073e-02 5.707259774208068848e-01 2.544864845275878906e+01
5.652725696563720703e-01 -4.337099194526672363e-02 8.237636089324951172e-01 1.848427963256835938e+01 5.200494080781936646e-02 9.985042810440063477e-01 1.688486710190773010e-02 -2.760424911975860596e-01 -8.232634067535400391e-01 3.329522535204887390e-02 5.666823387145996094e-01 2.600367164611816406e+01
5.637785792350769043e-01 -4.364768788218498230e-02 8.247722387313842773e-01 1.919447326660156250e+01 5.340445414185523987e-02 9.984395503997802734e-01 1.633333414793014526e-02 -2.755220234394073486e-01 -8.241977691650390625e-01 3.483812510967254639e-02 5.652295351028442383e-01 2.648993873596191406e+01
5.622704029083251953e-01 -4.324486106634140015e-02 8.258222937583923340e-01 1.987628746032714844e+01 5.459977313876152039e-02 9.983942508697509766e-01 1.510684844106435776e-02 -2.768995463848114014e-01 -8.251491189002990723e-01 3.659557551145553589e-02 5.637284517288208008e-01 2.695303535461425781e+01
5.619909763336181641e-01 -4.428712278604507446e-02 8.259572386741638184e-01 2.065377807617187500e+01 5.575084686279296875e-02 9.983231425285339355e-01 1.559568848460912704e-02 -2.782896757125854492e-01 -8.252624869346618652e-01 3.728317469358444214e-02 5.635173916816711426e-01 2.748447227478027344e+01
5.630793571472167969e-01 -4.516436159610748291e-02 8.251681327819824219e-01 2.153451156616210938e+01 5.708407610654830933e-02 9.982463717460632324e-01 1.568442210555076599e-02 -2.774635255336761475e-01 -8.244289755821228027e-01 3.827238082885742188e-02 5.646698474884033203e-01 2.808401107788085938e+01
5.643826127052307129e-01 -4.617845267057418823e-02 8.242210745811462402e-01 2.231796073913574219e+01 5.864872038364410400e-02 9.981544017791748047e-01 1.576384715735912323e-02 -2.784433960914611816e-01 -8.234274387359619141e-01 3.944266960024833679e-02 5.660490393638610840e-01 2.862266349792480469e+01
5.650339722633361816e-01 -4.775986820459365845e-02 8.236845135688781738e-01 2.316743278503417969e+01 6.006704643368721008e-02 9.980553984642028809e-01 1.666543446481227875e-02 -2.789131402969360352e-01 -8.228783011436462402e-01 4.005976021289825439e-02 5.668037533760070801e-01 2.920599746704101562e+01
5.659716129302978516e-01 -4.892536625266075134e-02 8.229720592498779297e-01 2.401544570922851562e+01 6.147265061736106873e-02 9.979632496833801270e-01 1.705274358391761780e-02 -2.768857181072235107e-01 -8.221297860145568848e-01 4.093890637159347534e-02 5.678262114524841309e-01 2.978783988952636719e+01
5.671454668045043945e-01 -4.986012354493141174e-02 8.221073746681213379e-01 2.487616348266601562e+01 6.268145889043807983e-02 9.978841543197631836e-01 1.727889850735664368e-02 -2.767582237720489502e-01 -8.212291002273559570e-01 4.173123463988304138e-02 5.690705776214599609e-01 3.038261795043945312e+01
5.693901777267456055e-01 -5.028034746646881104e-02 8.205286860466003418e-01 2.571289253234863281e+01 6.361379474401473999e-02 9.978299140930175781e-01 1.700142771005630493e-02 -2.745673060417175293e-01 -8.196024894714355469e-01 4.251648485660552979e-02 5.713528990745544434e-01 3.096333312988281250e+01
5.707315802574157715e-01 -5.126436799764633179e-02 8.195352554321289062e-01 2.650986671447753906e+01 6.497302651405334473e-02 9.977395534515380859e-01 1.716378517448902130e-02 -2.732155323028564453e-01 -8.185621500015258789e-01 4.345175251364707947e-02 5.727721452713012695e-01 3.151908302307128906e+01
5.740352272987365723e-01 -5.201490968465805054e-02 8.171772360801696777e-01 2.728101348876953125e+01 6.647816300392150879e-02 9.976465702056884766e-01 1.680380105972290039e-02 -2.750502824783325195e-01 -8.161276578903198242e-01 4.467844963073730469e-02 5.761419534683227539e-01 3.206076431274414062e+01
5.763111710548400879e-01 -5.277222022414207458e-02 8.155251145362854004e-01 2.813356781005859375e+01 6.737928837537765503e-02 9.975838661193847656e-01 1.693788915872573853e-02 -2.753068506717681885e-01 -8.144480586051940918e-01 4.518798738718032837e-02 5.784742832183837891e-01 3.265951538085937500e+01
5.793275833129882812e-01 -5.333907157182693481e-02 8.133481144905090332e-01 2.892771148681640625e+01 6.836459040641784668e-02 9.975204467773437500e-01 1.672262884676456451e-02 -2.742146849632263184e-01 -8.122228384017944336e-01 4.591631144285202026e-02 5.815373659133911133e-01 3.322394943237304688e+01
5.814597606658935547e-01 -5.429369583725929260e-02 8.117619156837463379e-01 2.982458114624023438e+01 7.029368728399276733e-02 9.973924160003662109e-01 1.635845378041267395e-02 -2.762346565723419189e-01 -8.105328083038330078e-01 4.754993319511413574e-02 5.837597846984863281e-01 3.386494827270507812e+01
5.838611125946044922e-01 -5.452502891421318054e-02 8.100208640098571777e-01 3.063311576843261719e+01 7.160335034132003784e-02 9.973126649856567383e-01 1.552069280296564102e-02 -2.777332365512847900e-01 -8.086898326873779297e-01 4.893825948238372803e-02 5.861960053443908691e-01 3.444839477539062500e+01
5.856734514236450195e-01 -5.569509044289588928e-02 8.086317777633666992e-01 3.141610527038574219e+01 7.308429479598999023e-02 9.972016811370849609e-01 1.574970036745071411e-02 -2.821171283721923828e-01 -8.072455525398254395e-01 4.987407103180885315e-02 5.881046652793884277e-01 3.501704025268554688e+01
5.879633426666259766e-01 -5.651897564530372620e-02 8.069109916687011719e-01 3.218520355224609375e+01 7.424844056367874146e-02 9.971157908439636230e-01 1.573978923261165619e-02 -2.829807102680206299e-01 -8.054727315902709961e-01 5.065743252635002136e-02 5.904636979103088379e-01 3.557802581787109375e+01
5.895271897315979004e-01 -5.706964805722236633e-02 8.057304024696350098e-01 3.296032333374023438e+01 7.559978216886520386e-02 9.970210790634155273e-01 1.530477963387966156e-02 -2.835465073585510254e-01 -8.042030334472656250e-01 5.189042165875434875e-02 5.920851230621337891e-01 3.614644622802734375e+01
5.912396907806396484e-01 -5.790934339165687561e-02 8.044145703315734863e-01 3.376039505004882812e+01 7.707519829273223877e-02 9.969109296798706055e-01 1.511727366596460342e-02 -2.857921421527862549e-01 -8.028045892715454102e-01 5.306244269013404846e-02 5.938763022422790527e-01 3.673491287231445312e+01
5.926641821861267090e-01 -5.829591676592826843e-02 8.033377528190612793e-01 3.454256057739257812e+01 7.829467952251434326e-02 9.968239665031433105e-01 1.457461062818765640e-02 -2.894526124000549316e-01 -8.016353845596313477e-01 5.425917729735374451e-02 5.953456759452819824e-01 3.731225967407226562e+01
5.938034057617187500e-01 -5.934778228402137756e-02 8.024189472198486328e-01 3.531689071655273438e+01 7.978468388319015503e-02 9.967042803764343262e-01 1.467536576092243195e-02 -2.951411604881286621e-01 -8.006447553634643555e-01 5.530641227960586548e-02 5.965810418128967285e-01 3.788591384887695312e+01
5.942087769508361816e-01 -5.992801487445831299e-02 8.020756840705871582e-01 3.612516021728515625e+01 8.082453161478042603e-02 9.966217875480651855e-01 1.458583679050207138e-02 -3.000074028968811035e-01 -8.002396225929260254e-01 5.616030842065811157e-02 5.970446467399597168e-01 3.848519134521484375e+01
5.940966010093688965e-01 -6.120812147855758667e-02 8.020620346069335938e-01 3.692447662353515625e+01 8.198101818561553955e-02 9.965162277221679688e-01 1.532333064824342728e-02 -3.052769303321838379e-01 -8.002052307128906250e-01 5.665027722716331482e-02 5.970444679260253906e-01 3.907954025268554688e+01
5.934711098670959473e-01 -6.212998554110527039e-02 8.024540543556213379e-01 3.769946289062500000e+01 8.314006030559539795e-02 9.964149594306945801e-01 1.565951481461524963e-02 -3.059438467025756836e-01 -8.005496263504028320e-01 5.742255970835685730e-02 5.965086817741394043e-01 3.965522384643554688e+01
5.926281213760375977e-01 -6.325424462556838989e-02 8.029890060424804688e-01 3.849173736572265625e+01 8.423373103141784668e-02 9.963125586509704590e-01 1.631620526313781738e-02 -3.100668489933013916e-01 -8.010596632957458496e-01 5.796926841139793396e-02 5.957706570625305176e-01 4.024377059936523438e+01
5.924072861671447754e-01 -6.460029631853103638e-02 8.030447959899902344e-01 3.924722671508789062e+01 8.572363108396530151e-02 9.961757659912109375e-01 1.689813472330570221e-02 -3.104496002197265625e-01 -8.010649681091308594e-01 5.882928892970085144e-02 5.956792235374450684e-01 4.080345153808593750e+01
5.913376808166503906e-01 -6.571917980909347534e-02 8.037420511245727539e-01 4.000571060180664062e+01 8.681592345237731934e-02 9.960695505142211914e-01 1.757200621068477631e-02 -3.115451931953430176e-01 -8.017373681068420410e-01 5.938657000660896301e-02 5.947185158729553223e-01 4.136391448974609375e+01
5.891941785812377930e-01 -6.663867086172103882e-02 8.052392005920410156e-01 4.077983474731445312e+01 8.802957087755203247e-02 9.959551692008972168e-01 1.801034249365329742e-02 -3.113101124763488770e-01 -8.031818866729736328e-01 6.027321889996528625e-02 5.926767587661743164e-01 4.193268203735351562e+01
5.887559056282043457e-01 -6.782048195600509644e-02 8.054610490798950195e-01 4.161996078491210938e+01 8.886425197124481201e-02 9.958646297454833984e-01 1.889683865010738373e-02 -3.114017844200134277e-01 -8.034113049507141113e-01 6.045101210474967957e-02 5.923476219177246094e-01 4.254747009277343750e+01
5.895430445671081543e-01 -6.902024149894714355e-02 8.047831058502197266e-01 4.239729690551757812e+01 8.988241851329803467e-02 9.957605600357055664e-01 1.955567859113216400e-02 -3.101971149444580078e-01 -8.027204871177673340e-01 6.080687418580055237e-02 5.932470560073852539e-01 4.311937713623046875e+01
5.879644155502319336e-01 -6.975676119327545166e-02 8.058736920356750488e-01 4.318881988525390625e+01 9.127116203308105469e-02 9.956336021423339844e-01 1.959113031625747681e-02 -3.098571896553039551e-01 -8.037210106849670410e-01 6.203407049179077148e-02 5.917635560035705566e-01 4.370068359375000000e+01
5.858891606330871582e-01 -7.089684158563613892e-02 8.072844147682189941e-01 4.399875640869140625e+01 9.216535836458206177e-02 9.955320954322814941e-01 2.053971961140632629e-02 -3.090726137161254883e-01 -8.051332235336303711e-01 6.236959248781204224e-02 5.898053646087646484e-01 4.429191207885742188e+01
5.854722857475280762e-01 -7.203345000743865967e-02 8.074862360954284668e-01 4.469699859619140625e+01 9.337397664785385132e-02 9.954078197479248047e-01 2.109607122838497162e-02 -3.068686425685882568e-01 -8.052972555160522461e-01 6.304696947336196899e-02 5.895093679428100586e-01 4.480079269409179688e+01
5.881353616714477539e-01 -7.279944419860839844e-02 8.054798245429992676e-01 4.536957931518554688e+01 9.441220015287399292e-02 9.953114986419677734e-01 2.101974189281463623e-02 -3.036673367023468018e-01 -8.032330274581909180e-01 6.368460506200790405e-02 5.922506451606750488e-01 4.529391098022460938e+01
5.880256891250610352e-01 -7.442551106214523315e-02 8.054112792015075684e-01 4.607021331787109375e+01 9.566331654787063599e-02 9.951682686805725098e-01 2.211716584861278534e-02 -2.982688844203948975e-01 -8.031652569770812988e-01 6.404279172420501709e-02 5.923039317131042480e-01 4.580975723266601562e+01
5.896716117858886719e-01 -7.632731646299362183e-02 8.040287494659423828e-01 4.676174545288085938e+01 9.663434326648712158e-02 9.950405955314636230e-01 2.358901873230934143e-02 -2.909823358058929443e-01 -8.018412590026855469e-01 6.378695368766784668e-02 5.941226482391357422e-01 4.632051086425781250e+01
5.900119543075561523e-01 -7.757253199815750122e-02 8.036597967147827148e-01 4.746483230590820312e+01 9.786656498908996582e-02 9.949058890342712402e-01 2.418301999568939209e-02 -2.848640978336334229e-01 -8.014413118362426758e-01 6.438308954238891602e-02 5.945977568626403809e-01 4.683929824829101562e+01
5.890753865242004395e-01 -7.996076345443725586e-02 8.041126132011413574e-01 4.819635009765625000e+01 9.886607527732849121e-02 9.947482943534851074e-01 2.649039030075073242e-02 -2.745948731899261475e-01 -8.020074367523193359e-01 6.389455497264862061e-02 5.938867926597595215e-01 4.737952041625976562e+01
5.878078937530517578e-01 -8.194050937891006470e-02 8.048405051231384277e-01 4.892881774902343750e+01 9.982237219810485840e-02 9.946013689041137695e-01 2.835563383996486664e-02 -2.629492878913879395e-01 -8.028184771537780762e-01 6.367335468530654907e-02 5.928136706352233887e-01 4.791910934448242188e+01
5.872267484664916992e-01 -8.348201215267181396e-02 8.051062822341918945e-01 4.962489700317382812e+01 1.008555814623832703e-01 9.944622516632080078e-01 2.955461479723453522e-02 -2.513599097728729248e-01 -8.031145334243774414e-01 6.384413689374923706e-02 5.923941135406494141e-01 4.843051910400390625e+01
5.850511789321899414e-01 -8.451801538467407227e-02 8.065806627273559570e-01 5.034831237792968750e+01 1.019212231040000916e-01 9.943322539329528809e-01 3.026336804032325745e-02 -2.388461083173751831e-01 -8.045665025711059570e-01 6.450200825929641724e-02 5.903490781784057617e-01 4.895965576171875000e+01
5.845707654953002930e-01 -8.558737486600875854e-02 8.068162202835083008e-01 5.107700729370117188e+01 1.030082628130912781e-01 9.942027330398559570e-01 3.083178214728832245e-02 -2.268014699220657349e-01 -8.047772049903869629e-01 6.508531421422958374e-02 5.899977684020996094e-01 4.949315261840820312e+01
5.835998654365539551e-01 -8.701523393392562866e-02 8.073661923408508301e-01 5.178655624389648438e+01 1.042257249355316162e-01 9.940454959869384766e-01 3.179595246911048889e-02 -2.133585512638092041e-01 -8.053249120712280273e-01 6.559215486049652100e-02 5.891937017440795898e-01 5.001220703125000000e+01
5.811777114868164062e-01 -8.922298252582550049e-02 8.088710308074951172e-01 5.253000640869140625e+01 1.056763008236885071e-01 9.938297271728515625e-01 3.369602560997009277e-02 -1.929244399070739746e-01 -8.068860173225402832e-01 6.589506566524505615e-02 5.870200991630554199e-01 5.055092620849609375e+01
5.792762637138366699e-01 -9.058157354593276978e-02 8.100830912590026855e-01 5.326895141601562500e+01 1.068528816103935242e-01 9.936693906784057617e-01 3.470112383365631104e-02 -1.778758615255355835e-01 -8.080974817276000977e-01 6.645812839269638062e-02 5.852875709533691406e-01 5.108526229858398438e+01
5.770478844642639160e-01 -9.155669808387756348e-02 8.115624785423278809e-01 5.398419952392578125e+01 1.080131605267524719e-01 9.935234189033508301e-01 3.528371453285217285e-02 -1.616062521934509277e-01 -8.095362186431884766e-01 6.729899346828460693e-02 5.831995010375976562e-01 5.159801483154296875e+01
5.744515061378479004e-01 -9.307951480150222778e-02 8.132295012474060059e-01 5.472314834594726562e+01 1.094229221343994141e-01 9.933289289474487305e-01 3.639857843518257141e-02 -1.445497274398803711e-01 -8.111917972564697266e-01 6.807669997215270996e-02 5.808038115501403809e-01 5.212663650512695312e+01
5.723650455474853516e-01 -9.419090300798416138e-02 8.145716190338134766e-01 5.551906967163085938e+01 1.106243655085563660e-01 9.931694269180297852e-01 3.711152449250221252e-02 -1.243415474891662598e-01 -8.125026226043701172e-01 6.887008994817733765e-02 5.788747072219848633e-01 5.269274902343750000e+01
5.704888701438903809e-01 -9.499081224203109741e-02 8.157939910888671875e-01 5.630830001831054688e+01 1.113029271364212036e-01 9.930676817893981934e-01 3.779779374599456787e-02 -1.027713716030120850e-01 -8.137285709381103516e-01 6.923700124025344849e-02 5.771062374114990234e-01 5.325377655029296875e+01
5.688976645469665527e-01 -9.695371985435485840e-02 8.166737556457519531e-01 5.714866256713867188e+01 1.123373210430145264e-01 9.928802251815795898e-01 3.961800038814544678e-02 -7.940359413623809814e-02 -8.146998286247253418e-01 6.920432299375534058e-02 5.757381916046142578e-01 5.384678649902343750e+01
5.670068264007568359e-01 -9.744969755411148071e-02 8.179287314414978027e-01 5.792746734619140625e+01 1.136007905006408691e-01 9.927401542663574219e-01 3.952640667557716370e-02 -5.832444876432418823e-02 -8.158419728279113770e-01 7.050558179616928101e-02 5.739601850509643555e-01 5.439358901977539062e+01
5.651659965515136719e-01 -9.799209237098693848e-02 8.191370964050292969e-01 5.871583938598632812e+01 1.147620305418968201e-01 9.926050305366516113e-01 3.956339135766029358e-02 -3.705471754074096680e-02 -8.169559836387634277e-01 7.164592295885086060e-02 5.722318291664123535e-01 5.494393920898437500e+01
5.635118484497070312e-01 -9.862615913152694702e-02 8.201999068260192871e-01 5.951542282104492188e+01 1.160151138901710510e-01 9.924566149711608887e-01 3.963214531540870667e-02 -1.680845953524112701e-02 -8.179210424423217773e-01 7.282236963510513306e-02 5.707026720046997070e-01 5.550138854980468750e+01
5.620078444480895996e-01 -9.968332201242446899e-02 8.211035132408142090e-01 6.032389450073242188e+01 1.173401996493339539e-01 9.922800064086914062e-01 4.015039652585983276e-02 3.402039408683776855e-03 -8.187662959098815918e-01 7.378357648849487305e-02 5.693655610084533691e-01 5.606430816650390625e+01
5.597942471504211426e-01 -1.006801128387451172e-01 8.224928379058837891e-01 6.118962478637695312e+01 1.186016425490379333e-01 9.921067953109741211e-01 4.072118178009986877e-02 2.595493756234645844e-02 -8.200999498367309570e-01 7.475348562002182007e-02 5.673160552978515625e-01 5.666373062133789062e+01
5.581955909729003906e-01 -1.013267710804939270e-01 8.234992623329162598e-01 6.204054260253906250e+01 1.195534765720367432e-01 9.919802546501159668e-01 4.101993888616561890e-02 5.061746388673782349e-02 -8.210508227348327637e-01 7.555502653121948242e-02 5.658325552940368652e-01 5.724976730346679688e+01
5.555135607719421387e-01 -1.018294319510459900e-01 8.252489566802978516e-01 6.288039398193359375e+01 1.204725503921508789e-01 9.918577671051025391e-01 4.129194095730781555e-02 7.477104663848876953e-02 -8.227337598800659180e-01 7.648159563541412354e-02 5.632576942443847656e-01 5.782595443725585938e+01
5.545279383659362793e-01 -1.024883985519409180e-01 8.258300423622131348e-01 6.359580612182617188e+01 1.214325428009033203e-01 9.917303919792175293e-01 4.153768718242645264e-02 9.533132612705230713e-02 -8.232573866844177246e-01 7.724881172180175781e-02 5.623872280120849609e-01 5.831169128417968750e+01
5.523661375045776367e-01 -1.027023494243621826e-01 8.272509574890136719e-01 6.439544677734375000e+01 1.227036342024803162e-01 9.915890693664550781e-01 4.117388278245925903e-02 1.181984022259712219e-01 -8.245213031768798828e-01 7.876362651586532593e-02 5.603218078613281250e-01 5.885086822509765625e+01
5.514367222785949707e-01 -1.032885760068893433e-01 8.277978301048278809e-01 6.516570281982421875e+01 1.240350231528282166e-01 9.914273619651794434e-01 4.107956960797309875e-02 1.396886706352233887e-01 -8.249440193176269531e-01 8.002313971519470215e-02 5.595204830169677734e-01 5.937102890014648438e+01
5.494229793548583984e-01 -1.036832258105278015e-01 8.290865421295166016e-01 6.589501190185546875e+01 1.249016672372817993e-01 9.913135766983032227e-01 4.120036587119102478e-02 1.602752506732940674e-01 -8.261559605598449707e-01 8.091786503791809082e-02 5.576002597808837891e-01 5.986069869995117188e+01
5.481930375099182129e-01 -1.044722124934196472e-01 8.298013806343078613e-01 6.661772155761718750e+01 1.260097324848175049e-01 9.911590814590454102e-01 4.154109209775924683e-02 1.825789064168930054e-01 -8.268044590950012207e-01 8.179049938917160034e-02 5.565106868743896484e-01 6.034466552734375000e+01
5.470021963119506836e-01 -1.049254611134529114e-01 8.305297493934631348e-01 6.736105346679687500e+01 1.270280480384826660e-01 9.910291433334350586e-01 4.153916612267494202e-02 2.075121551752090454e-01 -8.274371027946472168e-01 8.277854323387145996e-02 5.554232001304626465e-01 6.084127044677734375e+01
5.467021465301513672e-01 -1.055441275238990784e-01 8.306488990783691406e-01 6.806875610351562500e+01 1.283558011054992676e-01 9.908629655838012695e-01 4.142221435904502869e-02 2.291359603404998779e-01 -8.274304866790771484e-01 8.397297561168670654e-02 5.552537441253662109e-01 6.131280899047851562e+01
5.459420680999755859e-01 -1.068334057927131653e-01 8.309839367866516113e-01 6.888621520996093750e+01 1.300095319747924805e-01 9.906253814697265625e-01 4.194324836134910583e-02 2.533242106437683105e-01 -8.276741504669189453e-01 8.513722568750381470e-02 5.547130703926086426e-01 6.185552978515625000e+01
5.433600544929504395e-01 -1.083930879831314087e-01 8.324729800224304199e-01 6.965347290039062500e+01 1.310606896877288818e-01 9.904233813285827637e-01 4.341507703065872192e-02 2.781754434108734131e-01 -8.292060494422912598e-01 8.551442623138427734e-02 5.523622632026672363e-01 6.236368560791015625e+01
5.426593422889709473e-01 -1.090540364384651184e-01 8.328436613082885742e-01 7.048959350585937500e+01 1.321026831865310669e-01 9.902770519256591797e-01 4.359394684433937073e-02 3.050773441791534424e-01 -8.294994831085205078e-01 8.636417239904403687e-02 5.517891049385070801e-01 6.291387939453125000e+01
5.412334203720092773e-01 -1.101628914475440979e-01 8.336251974105834961e-01 7.138244628906250000e+01 1.335934847593307495e-01 9.900546073913574219e-01 4.409897327423095703e-02 3.336957395076751709e-01 -8.301920294761657715e-01 8.749901503324508667e-02 5.505673885345458984e-01 6.350262069702148438e+01
5.400466918945312500e-01 -1.115549430251121521e-01 8.342095017433166504e-01 7.224462127685546875e+01 1.350827366113662720e-01 9.898158311843872070e-01 4.491421207785606384e-02 3.623594045639038086e-01 -8.307237029075622559e-01 8.843147754669189453e-02 5.496156811714172363e-01 6.407305145263671875e+01
5.403324365615844727e-01 -1.117470711469650269e-01 8.339986801147460938e-01 7.305362701416015625e+01 1.357258260250091553e-01 9.897384047508239746e-01 4.468027874827384949e-02 3.903361856937408447e-01 -8.304330110549926758e-01 8.905291557312011719e-02 5.499545335769653320e-01 6.460494232177734375e+01
5.422025918960571289e-01 -1.123390570282936096e-01 8.327044248580932617e-01 7.391674804687500000e+01 1.369314491748809814e-01 9.895874857902526855e-01 4.434314742684364319e-02 4.155070781707763672e-01 -8.290150165557861328e-01 8.998042345046997070e-02 5.519394278526306152e-01 6.517564392089843750e+01
5.425674915313720703e-01 -1.135550886392593384e-01 8.323016762733459473e-01 7.472081756591796875e+01 1.380880475044250488e-01 9.893984794616699219e-01 4.497062414884567261e-02 4.403085112571716309e-01 -8.285843133926391602e-01 9.053128957748413086e-02 5.524958372116088867e-01 6.570738983154296875e+01
5.446379184722900391e-01 -1.140043735504150391e-01 8.308867812156677246e-01 7.548491668701171875e+01 1.395256072282791138e-01 9.892282485961914062e-01 4.427245259284973145e-02 4.633830487728118896e-01 -8.269836306571960449e-01 9.181749075651168823e-02 5.546775460243225098e-01 6.621404266357421875e+01
5.447064042091369629e-01 -1.146215498447418213e-01 8.307569026947021484e-01 7.631456756591796875e+01 1.404589861631393433e-01 9.890916943550109863e-01 4.437193274497985840e-02 4.907911121845245361e-01 -8.267804384231567383e-01 9.251755475997924805e-02 5.548639893531799316e-01 6.676734161376953125e+01
5.445141196250915527e-01 -1.155125722289085388e-01 8.307595252990722656e-01 7.710547637939453125e+01 1.418544501066207886e-01 9.888857603073120117e-01 4.452185332775115967e-02 5.156888961791992188e-01 -8.266687989234924316e-01 9.360412508249282837e-02 5.548480749130249023e-01 6.729290008544921875e+01
5.435631871223449707e-01 -1.164586320519447327e-01 8.312500119209289551e-01 7.793494415283203125e+01 1.432927250862121582e-01 9.886652231216430664e-01 4.481192678213119507e-02 5.417972803115844727e-01 -8.270464539527893066e-01 9.475393593311309814e-02 5.540896058082580566e-01 6.784402465820312500e+01
5.433596968650817871e-01 -1.176052466034889221e-01 8.312216401100158691e-01 7.878551483154296875e+01 1.445231139659881592e-01 9.884601831436157227e-01 4.537904262542724609e-02 5.698924064636230469e-01 -8.269660472869873047e-01 9.547355771064758301e-02 5.540860295295715332e-01 6.840705108642578125e+01
5.431905388832092285e-01 -1.185703128576278687e-01 8.311950564384460449e-01 7.966420745849609375e+01 1.457900255918502808e-01 9.882592558860778809e-01 4.570097476243972778e-02 5.958133339881896973e-01 -8.268547058105468750e-01 9.635556489229202271e-02 5.540993809700012207e-01 6.899024963378906250e+01
5.422594547271728516e-01 -1.196819692850112915e-01 8.316435813903808594e-01 8.054989624023437500e+01 1.469601839780807495e-01 9.880548119544982910e-01 4.636814072728157043e-02 6.242786645889282227e-01 -8.272585868835449219e-01 9.707488864660263062e-02 5.533704757690429688e-01 6.957740783691406250e+01
5.412663221359252930e-01 -1.209425479173660278e-01 8.321080803871154785e-01 8.138467407226562500e+01 1.482861638069152832e-01 9.878211617469787598e-01 4.711801558732986450e-02 6.515025496482849121e-01 -8.276722431182861328e-01 9.788665920495986938e-02 5.526084303855895996e-01 7.013169860839843750e+01
5.404803752899169922e-01 -1.215803995728492737e-01 8.325258493423461914e-01 8.226989746093750000e+01 1.491561979055404663e-01 9.876764416694641113e-01 4.740521684288978577e-02 6.810042858123779297e-01 -8.280293941497802734e-01 9.855473786592483521e-02 5.519542694091796875e-01 7.071437072753906250e+01
5.403359532356262207e-01 -1.217584684491157532e-01 8.325935602188110352e-01 8.311783599853515625e+01 1.499883830547332764e-01 9.875658154487609863e-01 4.708223044872283936e-02 7.119104862213134766e-01 -8.279733061790466309e-01 9.943906962871551514e-02 5.518797636032104492e-01 7.127563476562500000e+01
5.395656824111938477e-01 -1.226604655385017395e-01 8.329606056213378906e-01 8.388299560546875000e+01 1.512112319469451904e-01 9.873618483543395996e-01 4.744744673371315002e-02 7.390329837799072266e-01 -8.282531499862670898e-01 1.003519073128700256e-01 5.512942671775817871e-01 7.178047180175781250e+01
5.383279919624328613e-01 -1.238352581858634949e-01 8.335873484611511230e-01 8.472042846679687500e+01 1.525636464357376099e-01 9.871212840080261230e-01 4.811867699027061462e-02 7.669429183006286621e-01 -8.288102746009826660e-01 1.012714132666587830e-01 5.502877831459045410e-01 7.233013153076171875e+01
5.372044444084167480e-01 -1.250938475131988525e-01 8.341240882873535156e-01 8.555282592773437500e+01 1.539433002471923828e-01 9.868708252906799316e-01 4.885653778910636902e-02 7.968776226043701172e-01 -8.292840719223022461e-01 1.021617874503135681e-01 5.494087934494018555e-01 7.287477111816406250e+01
5.363627076148986816e-01 -1.266519278287887573e-01 8.344305753707885742e-01 8.644134521484375000e+01 1.551530808210372925e-01 9.866229891777038574e-01 5.002135038375854492e-02 8.295643329620361328e-01 -8.296033740043640137e-01 1.026348173618316650e-01 5.488382577896118164e-01 7.345389556884765625e+01
5.353760719299316406e-01 -1.279281526803970337e-01 8.348693847656250000e-01 8.732424926757812500e+01 1.565268039703369141e-01 9.863678812980651855e-01 5.076659098267555237e-02 8.622549176216125488e-01 -8.299825191497802734e-01 1.035001724958419800e-01 5.481019616127014160e-01 7.402877807617187500e+01
