9.990497827529907227e-01 -1.649779966101050377e-03 4.355194047093391418e-02 5.154655873775482178e-02 1.760422950610518456e-03 9.999952912330627441e-01 -2.502237213775515556e-03 -2.424882911145687103e-02 -4.354760423302650452e-02 2.576529048383235931e-03 9.990481138229370117e-01 1.000725150108337402e+00
9.960495233535766602e-01 -5.367949139326810837e-03 8.863832056522369385e-02 1.464632004499435425e-01 6.010224111378192902e-03 9.999575614929199219e-01 -6.980718579143285751e-03 -5.051622539758682251e-02 -8.859707415103912354e-02 7.485875859856605530e-03 9.960395097732543945e-01 1.995659351348876953e+00
9.909269809722900391e-01 -5.886877421289682388e-03 1.342720985412597656e-01 2.879204154014587402e-01 7.448177319020032883e-03 9.999104142189025879e-01 -1.112852059304714203e-02 -7.903058826923370361e-02 -1.341945976018905640e-01 1.202763058245182037e-02 9.908821582794189453e-01 2.986691474914550781e+00
9.836221337318420410e-01 -3.565066028386354446e-03 1.802071928977966309e-01 4.657503664493560791e-01 6.172883789986371994e-03 9.998843073844909668e-01 -1.391250267624855042e-02 -1.102928072214126587e-01 -1.801367998123168945e-01 1.479704212397336960e-02 9.835304021835327148e-01 3.963845729827880859e+00
9.740478396415710449e-01 -6.173619534820318222e-03 2.262579053640365601e-01 6.971646547317504883e-01 9.486837312579154968e-03 9.998633265495300293e-01 -1.355912256985902786e-02 -1.438770145177841187e-01 -2.261432111263275146e-01 1.535370294004678726e-02 9.739732146263122559e-01 4.934639453887939453e+00
9.624211192131042480e-01 -7.368626073002815247e-03 2.714613378047943115e-01 9.715690612792968750e-01 1.164015289396047592e-02 9.998327493667602539e-01 -1.412847172468900681e-02 -1.802237331867218018e-01 -2.713117301464080811e-01 1.675739325582981110e-02 9.623457193374633789e-01 5.887651443481445312e+00
9.488372802734375000e-01 -9.693545289337635040e-03 3.156164288520812988e-01 1.288079261779785156e+00 1.587615162134170532e-02 9.997292757034301758e-01 -1.702376455068588257e-02 -2.184877395629882812e-01 -3.153662383556365967e-01 2.116355113685131073e-02 9.487339258193969727e-01 6.826201438903808594e+00
9.336200356483459473e-01 -1.263857074081897736e-02 3.580414950847625732e-01 1.651331186294555664e+00 2.080461941659450531e-02 9.996038675308227539e-01 -1.896440982818603516e-02 -2.547290325164794922e-01 -3.576598465442657471e-01 2.515446208417415619e-02 9.335129261016845703e-01 7.743951320648193359e+00
9.161943793296813965e-01 -1.228394173085689545e-02 4.005456268787384033e-01 2.050498247146606445e+00 2.177648991346359253e-02 9.995794892311096191e-01 -1.915566809475421906e-02 -2.919527888298034668e-01 -4.001416563987731934e-01 2.627278864383697510e-02 9.160762429237365723e-01 8.646238327026367188e+00
8.965558409690856934e-01 -1.307765021920204163e-02 4.427376091480255127e-01 2.488685131072998047e+00 2.341789379715919495e-02 9.995657205581665039e-01 -1.789659447968006134e-02 -3.309237360954284668e-01 -4.423110485076904297e-01 2.641328796744346619e-02 8.964722752571105957e-01 9.527390480041503906e+00
8.745113015174865723e-01 -1.351428963243961334e-02 4.848167598247528076e-01 2.966292142868041992e+00 2.447752282023429871e-02 9.995678663253784180e-01 -1.628953963518142700e-02 -3.697385787963867188e-01 -4.843870103359222412e-01 2.611250430345535278e-02 8.744635581970214844e-01 1.038416671752929688e+01
8.503690361976623535e-01 -1.348161976784467697e-02 5.260138511657714844e-01 3.483067989349365234e+00 2.517720870673656464e-02 9.995693564414978027e-01 -1.508348900824785233e-02 -4.086031615734100342e-01 -5.255838632583618164e-01 2.607011049985885620e-02 8.503417968750000000e-01 1.121559619903564453e+01
8.245428800582885742e-01 -1.401099935173988342e-02 5.656259655952453613e-01 4.036690235137939453e+00 2.696388214826583862e-02 9.995306134223937988e-01 -1.454755943268537521e-02 -4.439736008644104004e-01 -5.651562809944152832e-01 2.724657393991947174e-02 8.245331048965454102e-01 1.201877498626708984e+01
7.970301508903503418e-01 -1.619332842528820038e-02 6.037223339080810547e-01 4.631438732147216797e+00 3.126103058457374573e-02 9.994066357612609863e-01 -1.446406263858079910e-02 -4.790227413177490234e-01 -6.031296849250793457e-01 3.040129318833351135e-02 7.970626950263977051e-01 1.279005241394042969e+01
7.681510448455810547e-01 -1.510444749146699905e-02 6.400902271270751953e-01 5.252123355865478516e+00 3.186800330877304077e-02 9.993846416473388672e-01 -1.466091163456439972e-02 -5.136187076568603516e-01 -6.394745707511901855e-01 3.166021406650543213e-02 7.681590318679809570e-01 1.353057098388671875e+01
7.374229431152343750e-01 -1.831696927547454834e-02 6.751827001571655273e-01 5.913459777832031250e+00 3.718616813421249390e-02 9.992172122001647949e-01 -1.350646466016769409e-02 -5.462713837623596191e-01 -6.744064092636108398e-01 3.506744652986526489e-02 7.375259995460510254e-01 1.423729705810546875e+01
7.051665186882019043e-01 -1.811308600008487701e-02 7.088102102279663086e-01 6.602641582489013672e+00 3.829941153526306152e-02 9.991872310638427734e-01 -1.256912760436534882e-02 -5.777429938316345215e-01 -7.080063819885253906e-01 3.601034730672836304e-02 7.052863240242004395e-01 1.491214561462402344e+01
6.706799864768981934e-01 -1.682163588702678680e-02 7.415557503700256348e-01 7.315980434417724609e+00 3.848397359251976013e-02 9.991853237152099609e-01 -1.214002072811126709e-02 -6.091556549072265625e-01 -7.407476902008056641e-01 3.668009862303733826e-02 6.707800030708312988e-01 1.555481052398681641e+01
6.350647211074829102e-01 -1.784305647015571594e-02 7.722525596618652344e-01 8.059652328491210938e+00 4.358562082052230835e-02 9.989681243896484375e-01 -1.276143174618482590e-02 -6.362919211387634277e-01 -7.712281346321105957e-01 4.176346957683563232e-02 6.351860165596008301e-01 1.615497970581054688e+01
5.983913540840148926e-01 -1.631633378565311432e-02 8.010374903678894043e-01 8.824945449829101562e+00 4.435616359114646912e-02 9.989338517189025879e-01 -1.278768200427293777e-02 -6.652781963348388672e-01 -7.999750375747680664e-01 4.318300634622573853e-02 5.984759926795959473e-01 1.672171783447265625e+01
5.606380105018615723e-01 -1.560418400913476944e-02 8.279136419296264648e-01 9.617498397827148438e+00 4.722423851490020752e-02 9.987976551055908203e-01 -1.315387804061174393e-02 -6.938754320144653320e-01 -8.267132043838500977e-01 4.647217318415641785e-02 5.606997013092041016e-01 1.724832916259765625e+01
5.217301249504089355e-01 -1.415458507835865021e-02 8.529929518699645996e-01 1.043571853637695312e+01 5.299064517021179199e-02 9.984692335128784180e-01 -1.584290526807308197e-02 -7.209801673889160156e-01 -8.514629602432250977e-01 5.346636474132537842e-02 5.216805338859558105e-01 1.773579788208007812e+01
4.824020862579345703e-01 -1.314332522451877594e-02 8.758510351181030273e-01 1.127338790893554688e+01 5.466344207525253296e-02 9.983902573585510254e-01 -1.512537896633148193e-02 -7.448948025703430176e-01 -8.742422461509704590e-01 5.517354235053062439e-02 4.823429286479949951e-01 1.818858528137207031e+01
4.437517523765563965e-01 -1.483489386737346649e-02 8.960266709327697754e-01 1.213843822479248047e+01 5.962891876697540283e-02 9.981359243392944336e-01 -1.300541590899229050e-02 -7.707226276397705078e-01 -8.941633105278015137e-01 5.920027941465377808e-02 4.438081085681915283e-01 1.860538101196289062e+01
4.063318967819213867e-01 -1.567328162491321564e-02 9.135908484458923340e-01 1.302385807037353516e+01 6.333167105913162231e-02 9.979314804077148438e-01 -1.104742474853992462e-02 -7.968986034393310547e-01 -9.115275740623474121e-01 6.234815344214439392e-02 4.064828455448150635e-01 1.898482704162597656e+01
3.705966174602508545e-01 -1.336461119353771210e-02 9.286973476409912109e-01 1.392281532287597656e+01 6.549872457981109619e-02 9.977832436561584473e-01 -1.177845522761344910e-02 -8.194981813430786133e-01 -9.264810085296630859e-01 6.519355624914169312e-02 3.706493079662322998e-01 1.933525466918945312e+01
3.367100954055786133e-01 -1.369923260062932968e-02 9.415082335472106934e-01 1.484566402435302734e+01 6.695768982172012329e-02 9.977113008499145508e-01 -9.428970515727996826e-03 -8.398213386535644531e-01 -9.392240047454833984e-01 6.621605157852172852e-02 3.368556797504425049e-01 1.965554046630859375e+01
3.032097518444061279e-01 -1.606370881199836731e-02 9.527879953384399414e-01 1.578818225860595703e+01 6.893782317638397217e-02 9.976079463958740234e-01 -5.119021981954574585e-03 -8.590105175971984863e-01 -9.504263997077941895e-01 6.723529100418090820e-02 3.035906851291656494e-01 1.994853782653808594e+01
2.700379788875579834e-01 -1.584082841873168945e-02 9.627187848091125488e-01 1.674608039855957031e+01 6.970550864934921265e-02 9.975627660751342773e-01 -3.137890947982668877e-03 -8.779572844505310059e-01 -9.603227376937866211e-01 6.795419007539749146e-02 2.704829871654510498e-01 2.020954704284667969e+01
2.373837828636169434e-01 -1.301039010286331177e-02 9.713283181190490723e-01 1.771095085144042969e+01 6.752449274063110352e-02 9.977127313613891602e-01 -3.138579195365309715e-03 -8.926421999931335449e-01 -9.690656065940856934e-01 6.633351743221282959e-02 2.377184033393859863e-01 2.044285583496093750e+01
2.058009803295135498e-01 -1.089047919958829880e-02 9.785326719284057617e-01 1.869072914123535156e+01 6.752571463584899902e-02 9.977127313613891602e-01 -3.097783308476209641e-03 -9.066809415817260742e-01 -9.762606620788574219e-01 6.671368330717086792e-02 2.060647755861282349e-01 2.064539146423339844e+01
1.748757064342498779e-01 -1.056612841784954071e-02 9.845333099365234375e-01 1.969164848327636719e+01 6.930052489042282104e-02 9.975945949554443359e-01 -1.603058190084993839e-03 -9.204744100570678711e-01 -9.821479916572570801e-01 6.850901991128921509e-02 1.751865297555923462e-01 2.081644248962402344e+01
1.440155804157257080e-01 -1.095258723944425583e-02 9.895142912864685059e-01 2.070870780944824219e+01 7.093836367130279541e-02 9.974804520606994629e-01 7.162670372053980827e-04 -9.323165416717529297e-01 -9.870288968086242676e-01 7.009137421846389771e-02 1.444288939237594604e-01 2.095885086059570312e+01
1.132277026772499084e-01 -1.188897714018821716e-02 9.934972524642944336e-01 2.174155426025390625e+01 6.960630416870117188e-02 9.975665807723999023e-01 4.004734568297863007e-03 -9.423515796661376953e-01 -9.911273121833801270e-01 6.870025396347045898e-02 1.137788221240043640e-01 2.107444572448730469e+01
8.347478508949279785e-02 -1.182119548320770264e-02 9.964391589164733887e-01 2.279074478149414062e+01 7.016372680664062500e-02 9.975177049636840820e-01 5.956161301583051682e-03 -9.484040141105651855e-01 -9.940361976623535156e-01 6.941672414541244507e-02 8.409614861011505127e-02 2.116112709045410156e+01
5.575843155384063721e-02 -1.119485404342412949e-02 9.983808398246765137e-01 2.385363197326660156e+01 7.276062667369842529e-02 9.973239898681640625e-01 7.119405549019575119e-03 -9.510458707809448242e-01 -9.957890510559082031e-01 7.224589586257934570e-02 5.642288178205490112e-02 2.121462440490722656e+01
3.022380545735359192e-02 -1.055357512086629868e-02 9.994869232177734375e-01 2.493110466003417969e+01 7.695765793323516846e-02 9.970005750656127930e-01 8.200177922844886780e-03 -9.519252181053161621e-01 -9.965756535530090332e-01 7.667036354541778564e-02 3.094449266791343689e-02 2.124063491821289062e+01
7.200535852462053299e-03 -1.011087372899055481e-02 9.999223351478576660e-01 2.602346420288085938e+01 8.125247806310653687e-02 9.966483712196350098e-01 9.492663666605949402e-03 -9.509492516517639160e-01 -9.966672062873840332e-01 8.117786049842834473e-02 7.997115142643451691e-03 2.124021530151367188e+01
-1.358801312744617462e-02 -9.968560189008712769e-03 9.998571872711181641e-01 2.712720870971679688e+01 8.719662576913833618e-02 9.961292147636413574e-01 1.111639104783535004e-02 -9.489492774009704590e-01 -9.960980415344238281e-01 8.733527362346649170e-02 -1.266705337911844254e-02 2.121558189392089844e+01
-3.162984177470207214e-02 -1.065184269100427628e-02 9.994420409202575684e-01 2.824246978759765625e+01 9.165355563163757324e-02 9.956992864608764648e-01 1.351256202906370163e-02 -9.456271529197692871e-01 -9.952881336212158203e-01 9.202988445758819580e-02 -3.051833435893058777e-02 2.116963195800781250e+01
-4.749059677124023438e-02 -1.030235178768634796e-02 9.988177418708801270e-01 2.937019920349121094e+01 9.488926827907562256e-02 9.953780770301818848e-01 1.477856002748012543e-02 -9.414369463920593262e-01 -9.943540096282958984e-01 9.547898918390274048e-02 -4.629432782530784607e-02 2.110735321044921875e+01
-6.213449314236640930e-02 -1.086215022951364517e-02 9.980078339576721191e-01 3.050288963317871094e+01 9.737472236156463623e-02 9.951043128967285156e-01 1.689296402037143707e-02 -9.363577365875244141e-01 -9.933058023452758789e-01 9.823042154312133789e-02 -6.077338010072708130e-02 2.102953910827636719e+01
-7.560884207487106323e-02 -1.193507015705108643e-02 9.970653653144836426e-01 3.164194107055664062e+01 9.751631319522857666e-02 9.950464963912963867e-01 1.930571347475051880e-02 -9.296848177909851074e-01 -9.923570752143859863e-01 9.868985414505004883e-02 -7.407124340534210205e-02 2.093977737426757812e+01
-8.805555105209350586e-02 -1.198806986212730408e-02 9.960427284240722656e-01 3.278680419921875000e+01 9.729036688804626465e-02 9.950430393218994141e-01 2.057704329490661621e-02 -9.216754436492919922e-01 -9.913523197174072266e-01 9.871729463338851929e-02 -8.645356446504592896e-02 2.083689308166503906e+01
-9.947802871465682983e-02 -9.193575941026210785e-03 9.949966073036193848e-01 3.394230270385742188e+01 9.735336899757385254e-02 9.950696229934692383e-01 1.892748847603797913e-02 -9.117441177368164062e-01 -9.902651906013488770e-01 9.874915331602096558e-02 -9.809334576129913330e-02 2.071852111816406250e+01
-1.097968444228172302e-01 -5.360665265470743179e-03 9.939388632774353027e-01 3.511471176147460938e+01 9.798070788383483887e-02 9.950563907623291016e-01 1.619029231369495392e-02 -9.007181525230407715e-01 -9.891122579574584961e-01 9.916449338197708130e-02 -1.087296530604362488e-01 2.058525848388671875e+01
-1.194555386900901794e-01 -2.512043109163641930e-03 9.928357005119323730e-01 3.630910110473632812e+01 9.905114024877548218e-02 9.949772953987121582e-01 1.443507056683301926e-02 -8.891565203666687012e-01 -9.878855347633361816e-01 1.000658646225929260e-01 -1.186075061559677124e-01 2.043690872192382812e+01
-1.270886361598968506e-01 -1.278654788620769978e-03 9.918899536132812500e-01 3.752677536010742188e+01 9.888956695795059204e-02 9.950003027915954590e-01 1.395318284630775452e-02 -8.781545162200927734e-01 -9.869489073753356934e-01 9.986086189746856689e-02 -1.263274848461151123e-01 2.027882957458496094e+01
-1.329872459173202515e-01 -7.149642333388328552e-04 9.911169409751892090e-01 3.876731109619140625e+01 9.839198738336563110e-02 9.950500130653381348e-01 1.391997560858726501e-02 -8.670173883438110352e-01 -9.862211346626281738e-01 9.936911612749099731e-02 -1.322593688964843750e-01 2.011077690124511719e+01
-1.381592452526092529e-01 8.940171683207154274e-04 9.904091954231262207e-01 4.002401351928710938e+01 9.941083937883377075e-02 9.949615001678466797e-01 1.296941749751567841e-02 -8.564452528953552246e-01 -9.854075908660888672e-01 1.002492383122444153e-01 -1.375526636838912964e-01 1.993245887756347656e+01
-1.426853537559509277e-01 2.815823303535580635e-03 9.897637367248535156e-01 4.130548477172851562e+01 9.869170933961868286e-02 9.950523376464843750e-01 1.139664929360151291e-02 -8.460335135459899902e-01 -9.848347902297973633e-01 9.930755943059921265e-02 -1.422578543424606323e-01 1.974641036987304688e+01
-1.468254476785659790e-01 3.917614929378032684e-03 9.891541600227355957e-01 4.260677337646484375e+01 9.897322207689285278e-02 9.950315356254577637e-01 1.075024809688329697e-02 -8.375454545021057129e-01 -9.841976761817932129e-01 9.947814792394638062e-02 -1.464843600988388062e-01 1.955057716369628906e+01
-1.499194502830505371e-01 3.009382169693708420e-03 9.886931777000427246e-01 4.393276977539062500e+01 9.873931854963302612e-02 9.950411319732666016e-01 1.194354891777038574e-02 -8.295470476150512695e-01 -9.837546944618225098e-01 9.941342473030090332e-02 -1.494738608598709106e-01 1.934778976440429688e+01
-1.522301286458969116e-01 5.818072240799665451e-04 9.883444309234619141e-01 4.528135681152343750e+01 9.933371096849441528e-02 9.949449896812438965e-01 1.471423543989658356e-02 -8.187876939773559570e-01 -9.833399057388305664e-01 1.004158481955528259e-01 -1.515190601348876953e-01 1.913745689392089844e+01
-1.545077413320541382e-01 -3.897722635883837938e-04 9.879909753799438477e-01 4.664848327636718750e+01 9.937378019094467163e-02 9.949222803115844727e-01 1.593317277729511261e-02 -8.059894442558288574e-01 -9.829806685447692871e-01 1.006421446800231934e-01 -1.536850333213806152e-01 1.892223739624023438e+01
-1.565156131982803345e-01 3.425852628424763680e-04 9.876748323440551758e-01 4.803557205200195312e+01 1.016060933470726013e-01 9.946995973587036133e-01 1.575637236237525940e-02 -7.907503247261047363e-01 -9.824345707893371582e-01 1.028198376297950745e-01 -1.557214409112930298e-01 1.869936370849609375e+01
-1.575242280960083008e-01 8.739929180592298508e-04 9.875141382217407227e-01 4.944198989868164062e+01 1.013350859284400940e-01 9.947345256805419922e-01 1.528419181704521179e-02 -7.765905261039733887e-01 -9.823012351989746094e-01 1.024774312973022461e-01 -1.567840576171875000e-01 1.847310447692871094e+01
-1.580663472414016724e-01 1.736317994073033333e-03 9.874264001846313477e-01 5.087123107910156250e+01 1.033929884433746338e-01 9.945300817489624023e-01 1.480226125568151474e-02 -7.612063288688659668e-01 -9.819996356964111328e-01 1.044327318668365479e-01 -1.573819220066070557e-01 1.823986244201660156e+01
-1.581476181745529175e-01 2.246284624561667442e-03 9.874123930931091309e-01 5.231631469726562500e+01 1.029208898544311523e-01 9.945874214172363281e-01 1.422159560024738312e-02 -7.488635778427124023e-01 -9.820362329483032227e-01 1.038744375109672546e-01 -1.575233340263366699e-01 1.800563240051269531e+01
-1.576228141784667969e-01 3.491315525025129318e-03 9.874926805496215820e-01 5.378411483764648438e+01 1.029739901423454285e-01 9.945998787879943848e-01 1.292019523680210114e-02 -7.385568618774414062e-01 -9.821150302886962891e-01 1.037225574254989624e-01 -1.571316272020339966e-01 1.776814270019531250e+01
-1.564354002475738525e-01 3.535465337336063385e-03 9.876813292503356934e-01 5.527558135986328125e+01 1.033157929778099060e-01 9.945659041404724121e-01 1.280372496694326401e-02 -7.282438278198242188e-01 -9.822689890861511230e-01 1.040459424257278442e-01 -1.559511423110961914e-01 1.752856826782226562e+01
-1.549454033374786377e-01 2.303019398823380470e-03 9.879198074340820312e-01 5.678686904907226562e+01 1.024080961942672729e-01 9.946472048759460449e-01 1.374300569295883179e-02 -7.193186283111572266e-01 -9.826002120971679688e-01 1.033003404736518860e-01 -1.543524712324142456e-01 1.728938674926757812e+01
-1.538085043430328369e-01 3.054224187508225441e-03 9.880954623222351074e-01 5.831967163085937500e+01 1.033842936158180237e-01 9.945560097694396973e-01 1.301878783851861954e-02 -7.090200185775756836e-01 -9.826765060424804688e-01 1.041559427976608276e-01 -1.532875746488571167e-01 1.704689598083496094e+01
-1.525997966527938843e-01 3.933841362595558167e-03 9.882798194885253906e-01 5.987001419067382812e+01 1.033113896846771240e-01 9.945763945579528809e-01 1.199337933212518692e-02 -6.982264518737792969e-01 -9.828724861145019531e-01 1.039307415485382080e-01 -1.521791666746139526e-01 1.680546379089355469e+01
-1.516316831111907959e-01 4.600361920893192291e-03 9.884259104728698730e-01 6.144928741455078125e+01 1.043178960680961609e-01 9.944785833358764648e-01 1.137462072074413300e-02 -6.898506879806518555e-01 -9.829161167144775391e-01 1.048352420330047607e-01 -1.512750983238220215e-01 1.656000328063964844e+01
-1.505876928567886353e-01 4.530991893261671066e-03 9.885857105255126953e-01 6.304560470581054688e+01 1.038797944784164429e-01 9.945257902145385742e-01 1.126544270664453506e-02 -6.822305917739868164e-01 -9.831230044364929199e-01 1.043905466794967651e-01 -1.502346396446228027e-01 1.631473922729492188e+01
-1.496366113424301147e-01 2.801789203658699989e-03 9.887364506721496582e-01 6.466142272949218750e+01 1.056380867958068848e-01 9.943171739578247070e-01 1.316982228308916092e-02 -6.742908954620361328e-01 -9.830808639526367188e-01 1.064189374446868896e-01 -1.490828543901443481e-01 1.606545639038085938e+01
-1.489502936601638794e-01 1.053399173542857170e-03 9.888436198234558105e-01 6.629268646240234375e+01 1.069189831614494324e-01 9.941537380218505859e-01 1.504627056419849396e-02 -6.659284234046936035e-01 -9.830465912818908691e-01 1.079673469066619873e-01 -1.481928378343582153e-01 1.581419658660888672e+01
-1.481741815805435181e-01 1.587234903126955032e-03 9.889593720436096191e-01 6.793352508544921875e+01 1.084502786397933960e-01 9.939935803413391113e-01 1.465364824980497360e-02 -6.566560268402099609e-01 -9.829961061477661133e-01 1.094242408871650696e-01 -1.474570184946060181e-01 1.556419658660888672e+01
-1.471094936132431030e-01 3.907499369233846664e-03 9.891119003295898438e-01 6.959140014648437500e+01 1.108430847525596619e-01 9.937582612037658691e-01 1.255973894149065018e-02 -6.495446562767028809e-01 -9.828891158103942871e-01 1.114839315414428711e-01 -1.466250121593475342e-01 1.531055545806884766e+01
-1.464651077985763550e-01 3.603558754548430443e-03 9.892087578773498535e-01 7.126341247558593750e+01 1.101153865456581116e-01 9.938375949859619141e-01 1.268359832465648651e-02 -6.455467939376831055e-01 -9.830672144889831543e-01 1.107847318053245544e-01 -1.459598988294601440e-01 1.506038475036621094e+01
-1.462604850530624390e-01 3.233260940760374069e-03 9.892402887344360352e-01 7.294948577880859375e+01 1.105104833841323853e-01 9.937884211540222168e-01 1.309102587401866913e-02 -6.411473751068115234e-01 -9.830532670021057129e-01 1.112361252307891846e-01 -1.457099467515945435e-01 1.480698204040527344e+01
-1.460362076759338379e-01 1.690027420409023762e-03 9.892771244049072266e-01 7.465670013427734375e+01 1.098324880003929138e-01 9.938437342643737793e-01 1.451556757092475891e-02 -6.351392865180969238e-01 -9.831627607345581055e-01 1.107745394110679626e-01 -1.453234702348709106e-01 1.455372333526611328e+01
-1.456358879804611206e-01 1.966703683137893677e-03 9.893357157707214355e-01 7.637574005126953125e+01 1.116861924529075623e-01 9.936378002166748047e-01 1.446560956537723541e-02 -6.266360282897949219e-01 -9.830133318901062012e-01 1.126018390059471130e-01 -1.449296921491622925e-01 1.429573345184326172e+01
-1.456204950809478760e-01 2.152583794668316841e-03 9.893376231193542480e-01 7.811197662353515625e+01 1.123678833246231079e-01 9.935621023178100586e-01 1.437765546143054962e-02 -6.192699074745178223e-01 -9.829378128051757812e-01 1.132634356617927551e-01 -1.449255645275115967e-01 1.403755378723144531e+01
-1.456043571233749390e-01 3.177504753693938255e-03 9.893371462821960449e-01 7.986406707763671875e+01 1.128565743565559387e-01 9.935202002525329590e-01 1.341859530657529831e-02 -6.121812462806701660e-01 -9.828841686248779297e-01 1.136070489883422852e-01 -1.450201421976089478e-01 1.377600955963134766e+01
-1.459369510412216187e-01 3.866783808916807175e-03 9.892856478691101074e-01 8.162644958496093750e+01 1.123298779129981995e-01 9.935894012451171875e-01 1.268704421818256378e-02 -6.069495677947998047e-01 -9.828951954841613770e-01 1.129778549075126648e-01 -1.454365402460098267e-01 1.351460647583007812e+01
-1.470604240894317627e-01 4.142632707953453064e-03 9.891180992126464844e-01 8.340303802490234375e+01 1.112116798758506775e-01 9.937192201614379883e-01 1.237288489937782288e-02 -6.037411689758300781e-01 -9.828547835350036621e-01 1.118210554122924805e-01 -1.465982496738433838e-01 1.324919128417968750e+01
-1.482341289520263672e-01 4.952501505613327026e-03 9.889390468597412109e-01 8.519365692138671875e+01 1.106077879667282104e-01 9.937958717346191406e-01 1.160243526101112366e-02 -6.018040776252746582e-01 -9.827465415000915527e-01 1.111042499542236328e-01 -1.478630304336547852e-01 1.297988700866699219e+01
-1.492423266172409058e-01 4.338061902672052383e-03 9.887903332710266113e-01 8.700525665283203125e+01 1.094670817255973816e-01 9.939153790473937988e-01 1.216180529445409775e-02 -5.994775295257568359e-01 -9.827217459678649902e-01 1.100550442934036255e-01 -1.488098353147506714e-01 1.270699691772460938e+01
-1.502286344766616821e-01 3.835829440504312515e-03 9.886431097984313965e-01 8.882734680175781250e+01 1.096198856830596924e-01 9.938905239105224609e-01 1.280104648321866989e-02 -5.948721170425415039e-01 -9.825544357299804688e-01 1.102980524301528931e-01 -1.497320383787155151e-01 1.242831516265869141e+01
-1.506723314523696899e-01 2.811849582940340042e-03 9.885790944099426270e-01 9.066648101806640625e+01 1.070117801427841187e-01 9.941656589508056641e-01 1.348227914422750473e-02 -5.892534255981445312e-01 -9.827740192413330078e-01 1.078210547566413879e-01 -1.500949710607528687e-01 1.214849376678466797e+01
-1.520677208900451660e-01 3.896034555509686470e-03 9.883615970611572266e-01 9.251598358154296875e+01 1.068059802055358887e-01 9.942004084587097168e-01 1.251398120075464249e-02 -5.822558403015136719e-01 -9.825814366340637207e-01 1.074659526348114014e-01 -1.516027897596359253e-01 1.186115169525146484e+01
-1.546860188245773315e-01 5.230317357927560806e-03 9.879491925239562988e-01 9.438401794433593750e+01 1.057141870260238647e-01 9.943317770957946777e-01 1.128789130598306656e-02 -5.761533975601196289e-01 -9.822906851768493652e-01 1.061863526701927185e-01 -1.543629467487335205e-01 1.156923007965087891e+01
-1.584947407245635986e-01 5.190454889088869095e-03 9.873454570770263672e-01 9.626361083984375000e+01 1.064536795020103455e-01 9.942461848258972168e-01 1.186190079897642136e-02 -5.690816044807434082e-01 -9.816034436225891113e-01 1.069866567850112915e-01 -1.581361293792724609e-01 1.126738929748535156e+01
-1.632049232721328735e-01 4.743009340018033981e-03 9.865800142288208008e-01 9.815368652343750000e+01 1.041818782687187195e-01 9.944795966148376465e-01 1.245332136750221252e-02 -5.670605897903442383e-01 -9.810751676559448242e-01 1.048162654042243958e-01 -1.627989262342453003e-01 1.095888805389404297e+01
-1.680724322795867920e-01 3.613151144236326218e-03 9.857673645019531250e-01 1.000525054931640625e+02 1.019228771328926086e-01 9.946967959403991699e-01 1.373191736638545990e-02 -5.652379989624023438e-01 -9.804905056953430176e-01 1.027802601456642151e-01 -1.675502061843872070e-01 1.063975620269775391e+01
-1.727782487869262695e-01 4.875210113823413849e-03 9.849480986595153809e-01 1.019551239013671875e+02 1.009595766663551331e-01 9.948076605796813965e-01 1.278621703386306763e-02 -5.641428232192993164e-01 -9.797719717025756836e-01 1.016491651535034180e-01 -1.723741292953491211e-01 1.030978393554687500e+01
-1.774521470069885254e-01 6.239541340619325638e-03 9.841092228889465332e-01 1.038696289062500000e+02 1.014657616615295410e-01 9.947659969329833984e-01 1.198897697031497955e-02 -5.624402761459350586e-01 -9.788839221000671387e-01 1.019808501005172729e-01 -1.771571934223175049e-01 9.966001510620117188e+00
-1.820546537637710571e-01 7.979454472661018372e-03 9.832556247711181641e-01 1.057908477783203125e+02 1.011782586574554443e-01 9.948104023933410645e-01 1.066045649349689484e-02 -5.643503665924072266e-01 -9.780681729316711426e-01 1.014248579740524292e-01 -1.819179505109786987e-01 9.611492156982421875e+00
-1.868758648633956909e-01 8.786962367594242096e-03 9.823439121246337891e-01 1.077246475219726562e+02 1.001206561923027039e-01 9.949226975440979004e-01 1.014697644859552383e-02 -5.687925219535827637e-01 -9.772674441337585449e-01 1.002491563558578491e-01 -1.868075728416442871e-01 9.246256828308105469e+00
-1.918873637914657593e-01 7.633142638951539993e-03 9.813867807388305664e-01 1.096681365966796875e+02 9.794170409440994263e-02 9.951258897781372070e-01 1.141024567186832428e-02 -5.717893242835998535e-01 -9.765169024467468262e-01 9.830819070339202881e-02 -1.917003393173217773e-01 8.871458053588867188e+00
-1.972643584012985229e-01 7.480836939066648483e-03 9.803212285041809082e-01 1.116204452514648438e+02 9.606298804283142090e-02 9.953052401542663574e-01 1.173504348844289780e-02 -5.733398199081420898e-01 -9.756317138671875000e-01 9.648750722408294678e-02 -1.970575898885726929e-01 8.486498832702636719e+00
-2.028929740190505981e-01 6.576723419129848480e-03 9.791784286499023438e-01 1.135813522338867188e+02 9.508161991834640503e-02 9.953836798667907715e-01 1.301607675850391388e-02 -5.727991461753845215e-01 -9.745729565620422363e-01 9.574274718761444092e-02 -2.025823146104812622e-01 8.086790084838867188e+00
-2.084031701087951660e-01 6.469223648309707642e-03 9.780212044715881348e-01 1.155476455688476562e+02 9.502283483743667603e-02 9.953804612159729004e-01 1.366407703608274460e-02 -5.705323815345764160e-01 -9.734153151512145996e-01 9.578197449445724487e-02 -2.080559134483337402e-01 7.674059391021728516e+00
-2.138450592756271362e-01 7.858305238187313080e-03 9.768356084823608398e-01 1.175180435180664062e+02 9.558612108230590820e-02 9.953364729881286621e-01 1.291823666542768478e-02 -5.680522918701171875e-01 -9.721790552139282227e-01 9.613440930843353271e-02 -2.135996818542480469e-01 7.246792793273925781e+00
-2.195383608341217041e-01 8.856312371790409088e-03 9.755632877349853516e-01 1.194961395263671875e+02 9.521897882223129272e-02 9.953784346580505371e-01 1.239167992025613785e-02 -5.658717751502990723e-01 -9.709452390670776367e-01 9.561257064342498779e-02 -2.193677127361297607e-01 6.808139801025390625e+00
-2.254576385021209717e-01 8.853214792907238007e-03 9.742123484611511230e-01 1.214859237670898438e+02 9.566880017518997192e-02 9.953263401985168457e-01 1.309514977037906647e-02 -5.645588636398315430e-01 -9.695436358451843262e-01 9.615409374237060547e-02 -2.252516001462936401e-01 6.351081371307373047e+00
-2.310452461242675781e-01 9.190862067043781281e-03 9.728990793228149414e-01 1.234815139770507812e+02 9.472616761922836304e-02 9.954164624214172363e-01 1.309212855994701385e-02 -5.636611580848693848e-01 -9.683200716972351074e-01 9.518384933471679688e-02 -2.308575958013534546e-01 5.883101940155029297e+00
-2.362092435359954834e-01 9.550867602229118347e-03 9.716547131538391113e-01 1.254791946411132812e+02 9.420286864042282104e-02 9.954657554626464844e-01 1.311582885682582855e-02 -5.607268810272216797e-01 -9.671245217323303223e-01 9.463072568178176880e-02 -2.360386997461318970e-01 5.403381347656250000e+00
-2.414041459560394287e-01 9.719225578010082245e-03 9.703754782676696777e-01 1.274886856079101562e+02 9.294887632131576538e-02 9.955831170082092285e-01 1.315158139914274216e-02 -5.591446757316589355e-01 -9.659623503684997559e-01 9.337011724710464478e-02 -2.412419617176055908e-01 4.910861015319824219e+00
-2.458159476518630981e-01 9.821950457990169525e-03 9.692662358283996582e-01 1.295001678466796875e+02 9.457504004240036011e-02 9.954198598861694336e-01 1.389826182276010513e-02 -5.556067824363708496e-01 -9.646909832954406738e-01 9.508475661277770996e-02 -2.456196993589401245e-01 4.402126312255859375e+00
-2.497010380029678345e-01 8.595710620284080505e-03 9.682843685150146484e-01 1.315230712890625000e+02 9.625851362943649292e-02 9.952269792556762695e-01 1.598826795816421509e-02 -5.494045019149780273e-01 -9.635260701179504395e-01 9.719785302877426147e-02 -2.493373751640319824e-01 3.879954099655151367e+00
-2.532929182052612305e-01 9.879234246909618378e-03 9.673386812210083008e-01 1.335483551025390625e+02 9.768541157245635986e-02 9.950969815254211426e-01 1.541575975716114044e-02 -5.427476763725280762e-01 -9.624441862106323242e-01 9.839953482151031494e-02 -2.530168592929840088e-01 3.348010063171386719e+00
-2.563419640064239502e-01 1.033140998333692551e-02 9.665305018424987793e-01 1.355834503173828125e+02 9.797853231430053711e-02 9.950692057609558105e-01 1.534929219633340836e-02 -5.360289812088012695e-01 -9.616067409515380859e-01 9.863385558128356934e-02 -2.560909390449523926e-01 2.806799888610839844e+00
-2.597614228725433350e-01 1.013192068785429001e-02 9.656192064285278320e-01 1.376247558593750000e+02 9.708423167467117310e-02 9.951518177986145020e-01 1.567489281296730042e-02 -5.295906066894531250e-01 -9.607794284820556641e-01 9.781807661056518555e-02 -2.594864368438720703e-01 2.257837533950805664e+00
-2.637027204036712646e-01 1.035061944276094437e-02 9.645480513572692871e-01 1.396794433593750000e+02 9.579546004533767700e-02 9.952793121337890625e-01 1.550964079797267914e-02 -5.224467515945434570e-01 -9.598346352577209473e-01 9.648920595645904541e-02 -2.634501159191131592e-01 1.699142217636108398e+00
-2.681714594364166260e-01 1.125920936465263367e-02 9.633050560951232910e-01 1.417301330566406250e+02 9.446868300437927246e-02 9.954188466072082520e-01 1.466431096196174622e-02 -5.179927945137023926e-01 -9.587274193763732910e-01 9.493464976549148560e-02 -2.680072486400604248e-01 1.132003784179687500e+00
-2.726489603519439697e-01 1.108767837285995483e-02 9.620493054389953613e-01 1.437924194335937500e+02 9.357611089944839478e-02 9.954975247383117676e-01 1.504673250019550323e-02 -5.127310156822204590e-01 -9.575513005256652832e-01 9.412725269794464111e-02 -2.724595069885253906e-01 5.514396429061889648e-01
-2.772302031517028809e-01 1.132109854370355606e-02 9.607363939285278320e-01 1.458615264892578125e+02 9.373709559440612793e-02 9.954782128334045410e-01 1.531832665205001831e-02 -5.061925649642944336e-01 -9.562191963195800781e-01 9.430329501628875732e-02 -2.770383954048156738e-01 -4.151993989944458008e-02
-2.817308902740478516e-01 1.185782626271247864e-02 9.594197869300842285e-01 1.479301910400390625e+02 9.322612732648849487e-02 9.955300092697143555e-01 1.507149543613195419e-02 -5.006185770034790039e-01 -9.549528360366821289e-01 9.368904680013656616e-02 -2.815775871276855469e-01 -6.450740098953247070e-01
-2.862852811813354492e-01 1.239653863012790680e-02 9.580637812614440918e-01 1.500065155029296875e+02 9.286510944366455078e-02 9.955667853355407715e-01 1.486786548048257828e-02 -4.959624707698822021e-01 -9.536326527595520020e-01 9.322710335254669189e-02 -2.861679196357727051e-01 -1.261255025863647461e+00
-2.904968261718750000e-01 1.139404904097318649e-02 9.568076133728027344e-01 1.520965118408203125e+02 9.253115952014923096e-02 9.955763816833496094e-01 1.623773016035556793e-02 -4.898235201835632324e-01 -9.523907303810119629e-01 9.325150400400161743e-02 -2.902666628360748291e-01 -1.892488002777099609e+00
-2.947362065315246582e-01 1.147144939750432968e-02 9.555092453956604004e-01 1.541808776855468750e+02 9.310735017061233521e-02 9.955138564109802246e-01 1.676816865801811218e-02 -4.829854667186737061e-01 -9.510310888290405273e-01 9.390709549188613892e-02 -2.944827079772949219e-01 -2.533330917358398438e+00
-2.986660599708557129e-01 1.208825968205928802e-02 9.542804360389709473e-01 1.562749786376953125e+02 9.410152584314346313e-02 9.954191446304321289e-01 1.684208773076534271e-02 -4.753839373588562012e-01 -9.497063159942626953e-01 9.482939541339874268e-02 -2.984361946582794189e-01 -3.187802791595458984e+00
-3.022573888301849365e-01 1.327702868729829788e-02 9.531331062316894531e-01 1.583730773925781250e+02 9.424420446157455444e-02 9.954192042350769043e-01 1.602066867053508759e-02 -4.676772058010101318e-01 -9.485553503036499023e-01 9.466964006423950195e-02 -3.021247982978820801e-01 -3.851610183715820312e+00
-3.058440089225769043e-01 1.542536728084087372e-02 9.519559144973754883e-01 1.604733581542968750e+02 9.475520998239517212e-02 9.953967332839965820e-01 1.431365869939327240e-02 -4.608669281005859375e-01 -9.473539590835571289e-01 9.458054602146148682e-02 -3.058983981609344482e-01 -4.525464057922363281e+00
-3.092559278011322021e-01 1.602772809565067291e-02 9.508430957794189453e-01 1.625871582031250000e+02 9.539841115474700928e-02 9.953362345695495605e-01 1.425004750490188599e-02 -4.555247128009796143e-01 -9.461810588836669922e-01 9.511581808328628540e-02 -3.093432486057281494e-01 -5.212120532989501953e+00
-3.126266896724700928e-01 1.689296588301658630e-02 9.497252106666564941e-01 1.647033538818359375e+02 9.518244862556457520e-02 9.953657388687133789e-01 1.362701877951622009e-02 -4.525425434112548828e-01 -9.450944066047668457e-01 9.465733915567398071e-02 -3.127863109111785889e-01 -5.908725261688232422e+00
-3.161339461803436279e-01 1.703662611544132233e-02 9.485608935356140137e-01 1.668253479003906250e+02 9.503039717674255371e-02 9.953779578208923340e-01 1.379404030740261078e-02 -4.495242238044738770e-01 -9.439421892166137695e-01 9.450288861989974976e-02 -3.162923753261566162e-01 -6.614846706390380859e+00
-3.201365470886230469e-01 1.695749536156654358e-02 9.472190737724304199e-01 1.689533538818359375e+02 9.501378983259201050e-02 9.953724741935729980e-01 1.429277658462524414e-02 -4.456061124801635742e-01 -9.425939917564392090e-01 9.457450360059738159e-02 -3.202669024467468262e-01 -7.331606864929199219e+00
-3.239253461360931396e-01 1.718208752572536469e-02 9.459258913993835449e-01 1.710867462158203125e+02 9.640561044216156006e-02 9.952291846275329590e-01 1.493578311055898666e-02 -4.416684806346893311e-01 -9.411570429801940918e-01 9.603067487478256226e-02 -3.240369856357574463e-01 -8.063216209411621094e+00
-3.271325230598449707e-01 1.815461553633213043e-02 9.448033571243286133e-01 1.732241516113281250e+02 9.878836572170257568e-02 9.949933290481567383e-01 1.508587785065174103e-02 -4.365463554859161377e-01 -9.397998452186584473e-01 9.827068448066711426e-02 -3.272886872291564941e-01 -8.806229591369628906e+00
-3.298960924148559570e-01 1.768240705132484436e-02 9.438509345054626465e-01 1.753661499023437500e+02 9.945690631866455078e-02 9.949103593826293945e-01 1.612337864935398102e-02 -4.294029772281646729e-01 -9.387626647949218750e-01 9.919157624244689941e-02 -3.299763202667236328e-01 -9.557973861694335938e+00
-3.325869739055633545e-01 1.703682914376258850e-02 9.429179430007934570e-01 1.775165557861328125e+02 9.930226951837539673e-02 9.949104785919189453e-01 1.704980619251728058e-02 -4.209271967411041260e-01 -9.378291964530944824e-01 9.930446743965148926e-02 -3.325867950916290283e-01 -1.031841659545898438e+01
-3.353595137596130371e-01 1.698545366525650024e-02 9.419363141059875488e-01 1.796710510253906250e+02 9.814406186342239380e-02 9.950263500213623047e-01 1.699967682361602783e-02 -4.118215441703796387e-01 -9.369633197784423828e-01 9.814650565385818481e-02 -3.353591859340667725e-01 -1.108575248718261719e+01
-3.383518159389495850e-01 1.880926080048084259e-02 9.408308863639831543e-01 1.818299407958984375e+02 9.724005311727523804e-02 9.951460361480712891e-01 1.507540885359048843e-02 -4.043575823307037354e-01 -9.359812736511230469e-01 9.658730030059814453e-02 -3.385390043258666992e-01 -1.186240196228027344e+01
-3.416162729263305664e-01 2.028947696089744568e-02 9.396197199821472168e-01 1.839965362548828125e+02 9.708216041326522827e-02 9.951799511909484863e-01 1.380684785544872284e-02 -3.985744416713714600e-01 -9.348111152648925781e-01 9.593702107667922974e-02 -3.419398665428161621e-01 -1.265001106262207031e+01
-3.448185920715332031e-01 2.159976214170455933e-02 9.384198188781738281e-01 1.861695251464843750e+02 9.545926004648208618e-02 9.953584671020507812e-01 1.216582953929901123e-02 -3.990453183650970459e-01 -9.338020086288452148e-01 9.377595782279968262e-02 -3.452804982662200928e-01 -1.344812011718750000e+01
-3.481357991695404053e-01 2.308833040297031403e-02 9.371587634086608887e-01 1.883435974121093750e+02 9.427352994680404663e-02 9.954904317855834961e-01 1.049534510821104050e-02 -4.000497460365295410e-01 -9.326910972595214844e-01 9.200315922498703003e-02 -3.487428128719329834e-01 -1.425559139251708984e+01
-3.519012033939361572e-01 2.312204241752624512e-02 9.357506036758422852e-01 1.905191192626953125e+02 9.504052251577377319e-02 9.954103827476501465e-01 1.114503201097249985e-02 -4.013786017894744873e-01 -9.311990737915039062e-01 9.285627305507659912e-02 -3.524839580059051514e-01 -1.507507228851318359e+01
