9.999936223030090332e-01 -3.530671121552586555e-03 5.652341642417013645e-04 8.854322368279099464e-04 3.530762856826186180e-03 9.999937415122985840e-01 -1.611974730622023344e-04 -2.253202721476554871e-02 -5.646615172736346722e-04 1.631921622902154922e-04 9.999998211860656738e-01 1.432199478149414062e+00
9.999850392341613770e-01 -5.446468945592641830e-03 5.641472525894641876e-04 -1.029353868216276169e-02 5.445585586130619049e-03 9.999840259552001953e-01 1.555358991026878357e-03 -3.672939911484718323e-02 -5.726094241254031658e-04 -1.552263624034821987e-03 9.999986290931701660e-01 2.852283239364624023e+00
9.999731779098510742e-01 -7.191262207925319672e-03 -1.389973214827477932e-03 -5.305215250700712204e-03 7.193693425506353378e-03 9.999726414680480957e-01 1.752307987771928310e-03 -6.297498941421508789e-02 1.377333654090762138e-03 -1.762259867973625660e-03 9.999974966049194336e-01 4.230613708496093750e+00
9.999271035194396973e-01 -8.493005298078060150e-03 -8.579388260841369629e-03 -7.436612620949745178e-03 8.520446717739105225e-03 9.999587535858154297e-01 3.167192451655864716e-03 -8.108431845903396606e-02 8.552134968340396881e-03 -3.240061691030859947e-03 9.999582171440124512e-01 5.588525295257568359e+00
9.998680949211120605e-01 -1.304266322404146194e-02 -9.674769826233386993e-03 -1.787069067358970642e-02 1.305267959833145142e-02 9.999144077301025391e-01 9.730402380228042603e-04 -8.789159357547760010e-02 9.661249816417694092e-03 -1.099193235859274864e-03 9.999527931213378906e-01 6.996241092681884766e+00
9.998884797096252441e-01 -1.172457542270421982e-02 -9.245664812624454498e-03 -3.508917614817619324e-02 1.174960937350988388e-02 9.999275207519531250e-01 2.658101962879300117e-03 -1.041880473494529724e-01 9.213828481733798981e-03 -2.766438294202089310e-03 9.999538064002990723e-01 8.393857955932617188e+00
9.998046159744262695e-01 -1.604508608579635620e-02 -1.154486835002899170e-02 -4.812655597925186157e-02 1.612808927893638611e-02 9.998446106910705566e-01 7.132775150239467621e-03 -1.147172898054122925e-01 1.142862625420093536e-02 -7.317578420042991638e-03 9.999080300331115723e-01 9.835010528564453125e+00
9.997232556343078613e-01 -1.919978111982345581e-02 -1.359458453953266144e-02 -5.908294022083282471e-02 1.930495537817478180e-02 9.997845292091369629e-01 7.647985126823186874e-03 -1.292885392904281616e-01 1.344481203705072403e-02 -7.908311672508716583e-03 9.998784661293029785e-01 1.130029773712158203e+01
9.996979236602783203e-01 -2.015120908617973328e-02 -1.406839489936828613e-02 -7.897368073463439941e-02 2.029098011553287506e-02 9.997455477714538574e-01 9.863954037427902222e-03 -1.386237442493438721e-01 1.386604085564613342e-02 -1.014643721282482147e-02 9.998525381088256836e-01 1.277963542938232422e+01
9.997239708900451660e-01 -2.045167796313762665e-02 -1.156121399253606796e-02 -9.469366818666458130e-02 2.056799456477165222e-02 9.997382164001464844e-01 1.003299746662378311e-02 -1.461299806833267212e-01 1.135299168527126312e-02 -1.026802044361829758e-02 9.998829960823059082e-01 1.417965793609619141e+01
9.997206926345825195e-01 -2.105556614696979523e-02 -1.073717605322599411e-02 -1.016079485416412354e-01 2.115544304251670837e-02 9.997333288192749023e-01 9.274604730308055878e-03 -1.615387052297592163e-01 1.053902599960565567e-02 -9.499164298176765442e-03 9.998995065689086914e-01 1.559980773925781250e+01
9.996892809867858887e-01 -2.340042591094970703e-02 -8.594875223934650421e-03 -1.072493642568588257e-01 2.347650378942489624e-02 9.996852278709411621e-01 8.859793655574321747e-03 -1.684709787368774414e-01 8.384842425584793091e-03 -9.058819152414798737e-03 9.999239444732666016e-01 1.718873786926269531e+01
9.995445609092712402e-01 -2.673942781984806061e-02 -1.399513613432645798e-02 -1.137903183698654175e-01 2.691496163606643677e-02 9.995595216751098633e-01 1.250801794230937958e-02 -1.685549765825271606e-01 1.365451142191886902e-02 -1.287900004535913467e-02 9.998239874839782715e-01 1.875690078735351562e+01
9.994817972183227539e-01 -2.814414165914058685e-02 -1.562713459134101868e-02 -1.484034657478332520e-01 2.840384282171726227e-02 9.994578957557678223e-01 1.665288023650646210e-02 -1.670302897691726685e-01 1.514997892081737518e-02 -1.708812266588211060e-02 9.997393488883972168e-01 2.031890296936035156e+01
9.994297027587890625e-01 -2.898424491286277771e-02 -1.733152754604816437e-02 -1.596081256866455078e-01 2.933369576930999756e-02 9.993643760681152344e-01 2.026003412902355194e-02 -1.682503968477249146e-01 1.673328876495361328e-02 -2.075687795877456665e-02 9.996446371078491211e-01 2.178851890563964844e+01
9.991331100463867188e-01 -3.315638378262519836e-02 -2.517628669738769531e-02 -1.915905773639678955e-01 3.383026272058486938e-02 9.990674853324890137e-01 2.682929672300815582e-02 -1.573377698659896851e-01 2.426324784755706787e-02 -2.765775844454765320e-02 9.993230700492858887e-01 2.334364318847656250e+01
9.990903735160827637e-01 -3.222663700580596924e-02 -2.792924642562866211e-02 -2.385504394769668579e-01 3.299827873706817627e-02 9.990737438201904297e-01 2.762210555374622345e-02 -1.372356116771697998e-01 2.701321057975292206e-02 -2.851859666407108307e-02 9.992282986640930176e-01 2.490176582336425781e+01
9.989392161369323730e-01 -3.411103039979934692e-02 -3.093755617737770081e-02 -2.716379165649414062e-01 3.496861830353736877e-02 9.990068674087524414e-01 2.761560119688510895e-02 -1.246526837348937988e-01 2.996483445167541504e-02 -2.866815030574798584e-02 9.991398453712463379e-01 2.637432670593261719e+01
9.988320469856262207e-01 -3.552691265940666199e-02 -3.275275230407714844e-02 -3.185828626155853271e-01 3.665304929018020630e-02 9.987341761589050293e-01 3.444846719503402710e-02 -1.031054183840751648e-01 3.148745000362396240e-02 -3.560872003436088562e-02 9.988697171211242676e-01 2.776530838012695312e+01
9.984948039054870605e-01 -3.685205802321434021e-02 -4.062519967555999756e-02 -3.712512254714965820e-01 3.840247541666030884e-02 9.985370039939880371e-01 3.806773573160171509e-02 -7.342724502086639404e-02 3.916290029883384705e-02 -3.957054391503334045e-02 9.984491467475891113e-01 2.918583297729492188e+01
9.982953667640686035e-01 -3.953005000948905945e-02 -4.294248670339584351e-02 -4.142701029777526855e-01 4.119757935404777527e-02 9.984025955200195312e-01 3.866636380553245544e-02 -3.818568587303161621e-02 4.134541749954223633e-02 -4.036957398056983948e-02 9.983291625976562500e-01 3.071726036071777344e+01
9.977090358734130859e-01 -4.388786479830741882e-02 -5.148524418473243713e-02 -4.665676057338714600e-01 4.602911695837974548e-02 9.980914592742919922e-01 4.116806387901306152e-02 3.145035356283187866e-03 4.958021268248558044e-02 -4.344357550144195557e-02 9.978249669075012207e-01 3.210815811157226562e+01
9.973377585411071777e-01 -4.682137444615364075e-02 -5.590450018644332886e-02 -5.477984547615051270e-01 4.924965649843215942e-02 9.978656768798828125e-01 4.287822172045707703e-02 4.571659490466117859e-02 5.377757921814918518e-02 -4.551735147833824158e-02 9.975150823593139648e-01 3.361638641357421875e+01
9.970831871032714844e-01 -4.601917043328285217e-02 -6.088895350694656372e-02 -6.236267685890197754e-01 4.892689362168312073e-02 9.976884722709655762e-01 4.715761542320251465e-02 8.439946174621582031e-02 5.857806652784347534e-02 -4.999918118119239807e-02 9.970300197601318359e-01 3.511087036132812500e+01
9.965638518333435059e-01 -4.951135441660881042e-02 -6.640212237834930420e-02 -7.065397500991821289e-01 5.305929854512214661e-02 9.971957802772521973e-01 5.277624353766441345e-02 1.384054571390151978e-01 6.360290944576263428e-02 -5.611816048622131348e-02 9.963963627815246582e-01 3.666851043701171875e+01
9.965211749076843262e-01 -5.111115798354148865e-02 -6.582761555910110474e-02 -7.847990393638610840e-01 5.456215888261795044e-02 9.971690177917480469e-01 5.173930153250694275e-02 1.988114118576049805e-01 6.299681961536407471e-02 -5.515102297067642212e-02 9.964888691902160645e-01 3.818426895141601562e+01
9.958005547523498535e-01 -5.671818554401397705e-02 -7.186403870582580566e-02 -8.768143057823181152e-01 6.061097979545593262e-02 9.967429041862487793e-01 5.319752171635627747e-02 2.558971047401428223e-01 6.861272454261779785e-02 -5.732988938689231873e-02 9.959948658943176270e-01 3.960696029663085938e+01
9.959887862205505371e-01 -5.708967521786689758e-02 -6.889998167753219604e-02 -9.708219766616821289e-01 6.090354546904563904e-02 9.966500997543334961e-01 5.458355695009231567e-02 3.059615194797515869e-01 6.555304676294326782e-02 -5.856088548898696899e-02 9.961292743682861328e-01 4.115340042114257812e+01
9.961572885513305664e-01 -5.839200317859649658e-02 -6.527822464704513550e-02 -1.067321181297302246e+00 6.208060309290885925e-02 9.964998960494995117e-01 5.598190054297447205e-02 3.629968762397766113e-01 6.178088113665580750e-02 -5.981931090354919434e-02 9.962955117225646973e-01 4.270877838134765625e+01
9.959791302680969238e-01 -6.006940454244613647e-02 -6.646347045898437500e-02 -1.158929228782653809e+00 6.388399749994277954e-02 9.963373541831970215e-01 5.683903023600578308e-02 4.119077920913696289e-01 6.280577927827835083e-02 -6.085645779967308044e-02 9.961686134338378906e-01 4.416630935668945312e+01
9.959419369697570801e-01 -6.038768216967582703e-02 -6.673215329647064209e-02 -1.242425441741943359e+00 6.428648531436920166e-02 9.962499141693115234e-01 5.790864303708076477e-02 4.735589623451232910e-01 6.298495084047317505e-02 -6.196363642811775208e-02 9.960890412330627441e-01 4.554147720336914062e+01
9.958632588386535645e-01 -5.846453830599784851e-02 -6.955856084823608398e-02 -1.329361200332641602e+00 6.242416054010391235e-02 9.964671730995178223e-01 5.618168786168098450e-02 5.306621193885803223e-01 6.602820008993148804e-02 -6.029142811894416809e-02 9.959945678710937500e-01 4.693940353393554688e+01
9.957262873649597168e-01 -6.046131625771522522e-02 -6.981141120195388794e-02 -1.434378862380981445e+00 6.442471593618392944e-02 9.963506460189819336e-01 5.598942562937736511e-02 5.967831611633300781e-01 6.617146730422973633e-02 -6.024773791432380676e-02 9.959877133369445801e-01 4.842897796630859375e+01
9.959397912025451660e-01 -5.909321084618568420e-02 -6.791184842586517334e-02 -1.514867067337036133e+00 6.284685432910919189e-02 9.965322017669677734e-01 5.453213676810264587e-02 6.513689756393432617e-01 6.445388495922088623e-02 -5.857878178358078003e-02 9.961999058723449707e-01 4.978969955444335938e+01
9.958824515342712402e-01 -5.977384001016616821e-02 -6.815677136182785034e-02 -1.599054455757141113e+00 6.355434656143188477e-02 9.964771866798400879e-01 5.471764504909515381e-02 7.109730243682861328e-01 6.464600563049316406e-02 -5.882401391863822937e-02 9.961730241775512695e-01 5.120667648315429688e+01
9.956739544868469238e-01 -6.021295487880706787e-02 -7.076703011989593506e-02 -1.698314428329467773e+00 6.413704156875610352e-02 9.964489936828613281e-01 5.455119535326957703e-02 7.705949544906616211e-01 6.723107397556304932e-02 -5.885400250554084778e-02 9.960001111030578613e-01 5.261775588989257812e+01
9.946427941322326660e-01 -6.473387777805328369e-02 -8.059351146221160889e-02 -1.794573068618774414e+00 6.943586468696594238e-02 9.959582090377807617e-01 5.697282776236534119e-02 8.282133936882019043e-01 7.657972723245620728e-02 -6.226370856165885925e-02 9.951174259185791016e-01 5.400830459594726562e+01
9.944765567779541016e-01 -6.593099236488342285e-02 -8.166748285293579102e-02 -1.900308847427368164e+00 7.073787599802017212e-02 9.958401322364807129e-01 5.743315815925598145e-02 8.823927640914916992e-01 7.754117250442504883e-02 -6.289293617010116577e-02 9.950033426284790039e-01 5.541957473754882812e+01
9.940350055694580078e-01 -6.708107888698577881e-02 -8.599237352609634399e-02 -2.009537935256958008e+00 7.238695025444030762e-02 9.955616593360900879e-01 6.014251336455345154e-02 9.420409798622131348e-01 8.157632499933242798e-02 -6.600851565599441528e-02 9.944787621498107910e-01 5.678163528442382812e+01
9.941442608833312988e-01 -6.926228851079940796e-02 -8.294672518968582153e-02 -2.121264457702636719e+00 7.431089878082275391e-02 9.954640865325927734e-01 5.940697342157363892e-02 9.987080097198486328e-01 7.845585793256759644e-02 -6.522297114133834839e-02 9.947816133499145508e-01 5.821065521240234375e+01
9.933847188949584961e-01 -6.888332962989807129e-02 -9.188161045312881470e-02 -2.251001834869384766e+00 7.481731474399566650e-02 9.952191114425659180e-01 6.278017163276672363e-02 1.066854476928710938e+00 8.711785823106765747e-02 -6.923922151327133179e-02 9.937888383865356445e-01 5.972988891601562500e+01
9.924777746200561523e-01 -7.256744056940078735e-02 -9.860055893659591675e-02 -2.375281095504760742e+00 7.912057638168334961e-02 9.947919249534606934e-01 6.425806879997253418e-02 1.140685558319091797e+00 9.342402219772338867e-02 -7.157606631517410278e-02 9.930501580238342285e-01 6.112941360473632812e+01
9.920992851257324219e-01 -7.263657450675964355e-02 -1.022894382476806641e-01 -2.507537603378295898e+00 7.942830771207809448e-02 9.947863221168518066e-01 6.396421790122985840e-02 1.204698920249938965e+00 9.711002558469772339e-02 -7.158356904983520508e-02 9.926959276199340820e-01 6.249326705932617188e+01
9.913957715034484863e-01 -8.057668805122375488e-02 -1.031597033143043518e-01 -2.660979270935058594e+00 8.723235875368118286e-02 9.942745566368103027e-01 6.171419471502304077e-02 1.276523709297180176e+00 9.759637713432312012e-02 -7.018209248781204224e-02 9.927482604980468750e-01 6.398015213012695312e+01
9.915328025817871094e-01 -7.961291074752807617e-02 -1.025892272591590881e-01 -2.801978588104248047e+00 8.647734671831130981e-02 9.941771030426025391e-01 6.429296731948852539e-02 1.334697961807250977e+00 9.687335044145584106e-02 -7.262025773525238037e-02 9.926436543464660645e-01 6.534169769287109375e+01
9.904696941375732422e-01 -8.407918363809585571e-02 -1.090897992253303528e-01 -2.959289312362670898e+00 9.208481013774871826e-02 9.932492375373840332e-01 7.054365426301956177e-02 1.415266275405883789e+00 1.024221405386924744e-01 -7.991688698530197144e-02 9.915253520011901855e-01 6.678608703613281250e+01
9.900047183036804199e-01 -8.361721038818359375e-02 -1.135729327797889709e-01 -3.113188743591308594e+00 9.222581237554550171e-02 9.930747747421264648e-01 7.277977466583251953e-02 1.502147555351257324e+00 1.067008078098297119e-01 -8.252669870853424072e-02 9.908601641654968262e-01 6.821909332275390625e+01
9.891205430030822754e-01 -8.627363294363021851e-02 -1.191523820161819458e-01 -3.284628152847290039e+00 9.561946243047714233e-02 9.925827980041503906e-01 7.507546991109848022e-02 1.585599660873413086e+00 1.117916107177734375e-01 -8.565200120210647583e-02 9.900333285331726074e-01 6.966309356689453125e+01
9.888207912445068359e-01 -8.604996651411056519e-02 -1.217736303806304932e-01 -3.448517322540283203e+00 9.589027613401412964e-02 9.923788309097290039e-01 7.739028334617614746e-02 1.670215129852294922e+00 1.141861826181411743e-01 -8.820205181837081909e-02 9.895359873771667480e-01 7.109745025634765625e+01
9.889354109764099121e-01 -8.613298833370208740e-02 -1.207798570394515991e-01 -3.611919879913330078e+00 9.626346081495285034e-02 9.920786023139953613e-01 8.070570230484008789e-02 1.769589304924011230e+00 1.128717213869094849e-01 -9.143944084644317627e-02 9.893928766250610352e-01 7.256343841552734375e+01
9.886826872825622559e-01 -8.613017946481704712e-02 -1.228333190083503723e-01 -3.767467737197875977e+00 9.654784202575683594e-02 9.919829368591308594e-01 8.153720945119857788e-02 1.859738588333129883e+00 1.148257851600646973e-01 -9.247374534606933594e-02 9.890718460083007812e-01 7.393988037109375000e+01
9.884300827980041504e-01 -8.720827102661132812e-02 -1.240990981459617615e-01 -3.938618659973144531e+00 9.790620952844619751e-02 9.917382597923278809e-01 8.288244158029556274e-02 1.957088112831115723e+00 1.158458292484283447e-01 -9.407359361648559570e-02 9.888019561767578125e-01 7.537784576416015625e+01
9.879127144813537598e-01 -8.965945988893508911e-02 -1.264498680830001831e-01 -4.102118492126464844e+00 1.006157472729682922e-01 9.914495944976806641e-01 8.308979123830795288e-02 2.048875093460083008e+00 1.179189383983612061e-01 -9.480833262205123901e-02 9.884866476058959961e-01 7.675205993652343750e+01
9.878063797950744629e-01 -9.150587767362594604e-02 -1.259571313858032227e-01 -4.271924972534179688e+00 1.023440286517143250e-01 9.913269877433776855e-01 8.243906497955322266e-02 2.146663904190063477e+00 1.173211038112640381e-01 -9.432481974363327026e-02 9.886040091514587402e-01 7.817527008056640625e+01
9.876077771186828613e-01 -9.288401156663894653e-02 -1.265045702457427979e-01 -4.464543342590332031e+00 1.039296388626098633e-01 9.910563826560974121e-01 8.369953185319900513e-02 2.249494552612304688e+00 1.175988689064979553e-01 -9.580991417169570923e-02 9.884281754493713379e-01 7.962018585205078125e+01
9.871580600738525391e-01 -9.397000074386596680e-02 -1.291841864585876465e-01 -4.637013912200927734e+00 1.053347140550613403e-01 9.908705353736877441e-01 8.414235711097717285e-02 2.343400955200195312e+00 1.200979873538017273e-01 -9.666941314935684204e-02 9.880439639091491699e-01 8.103173065185546875e+01
9.864496588706970215e-01 -9.710263460874557495e-02 -1.322424560785293579e-01 -4.819914817810058594e+00 1.091105118393898010e-01 9.902331829071044922e-01 8.679319173097610474e-02 2.447781562805175781e+00 1.225230544805526733e-01 -1.000461950898170471e-01 9.874098896980285645e-01 8.251195526123046875e+01
9.860603809356689453e-01 -9.786115586757659912e-02 -1.345662772655487061e-01 -4.979461669921875000e+00 1.105578243732452393e-01 9.897543191909790039e-01 9.035059809684753418e-02 2.553661584854125977e+00 1.243457794189453125e-01 -1.039685308933258057e-01 9.867765903472900391e-01 8.383692169189453125e+01
9.858337044715881348e-01 -9.808490425348281860e-02 -1.360560655593872070e-01 -5.169417381286621094e+00 1.111286059021949768e-01 9.895542860031127930e-01 9.182938933372497559e-02 2.666162252426147461e+00 1.256278157234191895e-01 -1.056482568383216858e-01 9.864357709884643555e-01 8.525746917724609375e+01
9.851041436195373535e-01 -1.005744934082031250e-01 -1.394795179367065430e-01 -5.377870082855224609e+00 1.142232343554496765e-01 9.890397191047668457e-01 9.355907887220382690e-02 2.787768363952636719e+00 1.285411566495895386e-01 -1.080972626805305481e-01 9.857949018478393555e-01 8.681167602539062500e+01
9.846848249435424805e-01 -1.028074622154235840e-01 -1.408059746026992798e-01 -5.571282863616943359e+00 1.166067719459533691e-01 9.887650012969970703e-01 9.352207928895950317e-02 2.895774126052856445e+00 1.296092718839645386e-01 -1.085087209939956665e-01 9.856098294258117676e-01 8.820973968505859375e+01
9.843285679817199707e-01 -1.066602021455764771e-01 -1.404307484626770020e-01 -5.760309696197509766e+00 1.204535663127899170e-01 9.882892966270446777e-01 9.367396682500839233e-02 3.006983757019042969e+00 1.287949532270431519e-01 -1.091213524341583252e-01 9.856489896774291992e-01 8.962034606933593750e+01
9.843486547470092773e-01 -1.043168827891349792e-01 -1.420406699180603027e-01 -5.959521293640136719e+00 1.189735680818557739e-01 9.879572391510009766e-01 9.892107546329498291e-02 3.123103380203247070e+00 1.300109922885894775e-01 -1.142719238996505737e-01 9.849054217338562012e-01 9.104174804687500000e+01
9.835271835327148438e-01 -1.079926118254661560e-01 -1.449544131755828857e-01 -6.145609378814697266e+00 1.229356005787849426e-01 9.875229001045227051e-01 9.841224551200866699e-02 3.230886220932006836e+00 1.325180381536483765e-01 -1.146111786365509033e-01 9.845317602157592773e-01 9.239154815673828125e+01
9.834085106849670410e-01 -1.095042824745178223e-01 -1.446251124143600464e-01 -6.354253292083740234e+00 1.245544999837875366e-01 9.872155785560607910e-01 9.945421665906906128e-02 3.357650756835937500e+00 1.318855583667755127e-01 -1.158178374171257019e-01 9.844754934310913086e-01 9.388152313232421875e+01
9.828958511352539062e-01 -1.122312769293785095e-01 -1.460128724575042725e-01 -6.540898799896240234e+00 1.276195794343948364e-01 9.867016077041625977e-01 1.006619185209274292e-01 3.467811584472656250e+00 1.327737867832183838e-01 -1.175742968916893005e-01 9.841478466987609863e-01 9.526855468750000000e+01
9.831025600433349609e-01 -1.155087947845458984e-01 -1.420102864503860474e-01 -6.743447780609130859e+00 1.304030120372772217e-01 9.863581061363220215e-01 1.004607155919075012e-01 3.600679874420166016e+00 1.284689903259277344e-01 -1.172817647457122803e-01 9.847539067268371582e-01 9.670851898193359375e+01
9.823507666587829590e-01 -1.168081760406494141e-01 -1.460913568735122681e-01 -6.936864376068115234e+00 1.320984959602355957e-01 9.862064123153686523e-01 9.973236918449401855e-02 3.725588083267211914e+00 1.324267536401748657e-01 -1.172706261277198792e-01 9.842308163642883301e-01 9.813921356201171875e+01
9.817777276039123535e-01 -1.201531365513801575e-01 -1.472263038158416748e-01 -7.149071693420410156e+00 1.357741802930831909e-01 9.855705499649047852e-01 1.010730713605880737e-01 3.852746725082397461e+00 1.329577267169952393e-01 -1.192208305001258850e-01 9.839248657226562500e-01 9.958958435058593750e+01
9.806990027427673340e-01 -1.219842731952667236e-01 -1.528039723634719849e-01 -7.372352600097656250e+00 1.384424716234207153e-01 9.850910305976867676e-01 1.021224632859230042e-01 3.984599590301513672e+00 1.380685567855834961e-01 -1.213059723377227783e-01 9.829655885696411133e-01 1.010786132812500000e+02
9.798047542572021484e-01 -1.238840222358703613e-01 -1.569558829069137573e-01 -7.586421966552734375e+00 1.409821361303329468e-01 9.846485257148742676e-01 1.029121428728103638e-01 4.110466480255126953e+00 1.417972743511199951e-01 -1.229617968201637268e-01 9.822288155555725098e-01 1.025567321777343750e+02
9.785842895507812500e-01 -1.317854225635528564e-01 -1.581301540136337280e-01 -7.789906501770019531e+00 1.501523107290267944e-01 9.824773669242858887e-01 1.104179546236991882e-01 4.239305973052978516e+00 1.408078819513320923e-01 -1.317969113588333130e-01 9.812248349189758301e-01 1.039018630981445312e+02
9.772067666053771973e-01 -1.335460841655731201e-01 -1.650216132402420044e-01 -8.008612632751464844e+00 1.534840911626815796e-01 9.814823865890502930e-01 1.146060228347778320e-01 4.375004768371582031e+00 1.466607004404067993e-01 -1.373219937086105347e-01 9.796085357666015625e-01 1.052779769897460938e+02
9.769897460937500000e-01 -1.342613101005554199e-01 -1.657245755195617676e-01 -8.239005088806152344e+00 1.543355137109756470e-01 9.813224673271179199e-01 1.148320809006690979e-01 4.518843650817871094e+00 1.472118198871612549e-01 -1.377669870853424072e-01 9.794633388519287109e-01 1.066721267700195312e+02
9.770995974540710449e-01 -1.341588050127029419e-01 -1.651591062545776367e-01 -8.476688385009765625e+00 1.544516086578369141e-01 9.810683727264404297e-01 1.168301999568939209e-01 4.664937973022460938e+00 1.463586390018463135e-01 -1.396638602018356323e-01 9.793225526809692383e-01 1.081292572021484375e+02
9.764835834503173828e-01 -1.346216499805450439e-01 -1.683944165706634521e-01 -8.715846061706542969e+00 1.553408205509185791e-01 9.809592366218566895e-01 1.165676414966583252e-01 4.815282821655273438e+00 1.494955867528915405e-01 -1.399849355220794678e-01 9.788027405738830566e-01 1.096193771362304688e+02
9.766172170639038086e-01 -1.316602230072021484e-01 -1.699535697698593140e-01 -8.946471214294433594e+00 1.529424786567687988e-01 9.810619354248046875e-01 1.188521906733512878e-01 4.960742950439453125e+00 1.510869264602661133e-01 -1.420662403106689453e-01 9.782583117485046387e-01 1.110310974121093750e+02
9.759684205055236816e-01 -1.338371336460113525e-01 -1.719685792922973633e-01 -9.171543121337890625e+00 1.552398204803466797e-01 9.808434247970581055e-01 1.176716014742851257e-01 5.115039348602294922e+00 1.529254615306854248e-01 -1.415401548147201538e-01 9.780488610267639160e-01 1.124258499145507812e+02
9.760317802429199219e-01 -1.340200155973434448e-01 -1.714655309915542603e-01 -9.419186592102050781e+00 1.554629951715469360e-01 9.807211756706237793e-01 1.183940693736076355e-01 5.255953788757324219e+00 1.522927433252334595e-01 -1.422129571437835693e-01 9.780499339103698730e-01 1.138138122558593750e+02
9.765166640281677246e-01 -1.324524730443954468e-01 -1.699154675006866455e-01 -9.647311210632324219e+00 1.542141735553741455e-01 9.804792404174804688e-01 1.219769194722175598e-01 5.390282630920410156e+00 1.504424959421157837e-01 -1.453159004449844360e-01 9.778801798820495605e-01 1.151783447265625000e+02
9.765174984931945801e-01 -1.333653181791305542e-01 -1.691948473453521729e-01 -9.893155097961425781e+00 1.552204787731170654e-01 9.801589846611022949e-01 1.232676431536674500e-01 5.549458026885986328e+00 1.493982523679733276e-01 -1.466355621814727783e-01 9.778432846069335938e-01 1.166210937500000000e+02
9.769487977027893066e-01 -1.335512548685073853e-01 -1.665373742580413818e-01 -1.012365913391113281e+01 1.550069749355316162e-01 9.801934361457824707e-01 1.232621297240257263e-01 5.705913066864013672e+00 1.467770636081695557e-01 -1.462352871894836426e-01 9.783000349998474121e-01 1.180430068969726562e+02
9.770477414131164551e-01 -1.326758414506912231e-01 -1.666565537452697754e-01 -1.034974956512451172e+01 1.542410254478454590e-01 9.802349209785461426e-01 1.238910853862762451e-01 5.867016315460205078e+00 1.469252556562423706e-01 -1.467528343200683594e-01 9.782002568244934082e-01 1.194320755004882812e+02
9.767872095108032227e-01 -1.344812214374542236e-01 -1.667368412017822266e-01 -1.057897567749023438e+01 1.563806831836700439e-01 9.796267151832580566e-01 1.260019391775131226e-01 6.029537200927734375e+00 1.463949829339981079e-01 -1.491515636444091797e-01 9.779169559478759766e-01 1.208183593750000000e+02
9.758320450782775879e-01 -1.383158117532730103e-01 -1.691747009754180908e-01 -1.082565212249755859e+01 1.602840125560760498e-01 9.792624115943908691e-01 1.239117607474327087e-01 6.197049140930175781e+00 1.485274881124496460e-01 -1.480331271886825562e-01 9.777653217315673828e-01 1.222390289306640625e+02
9.744220972061157227e-01 -1.391896307468414307e-01 -1.764297038316726685e-01 -1.106007003784179688e+01 1.622898876667022705e-01 9.789161682128906250e-01 1.240369603037834167e-01 6.349085330963134766e+00 1.554452478885650635e-01 -1.494971662759780884e-01 9.764663577079772949e-01 1.236238327026367188e+02
9.737771749496459961e-01 -1.412582546472549438e-01 -1.783362925052642822e-01 -1.128803730010986328e+01 1.646796017885208130e-01 9.785033464431762695e-01 1.241446286439895630e-01 6.485017776489257812e+00 1.569662243127822876e-01 -1.502576023340225220e-01 9.761062264442443848e-01 1.248898773193359375e+02
9.733825922012329102e-01 -1.409707665443420410e-01 -1.807022988796234131e-01 -1.152088928222656250e+01 1.649556308984756470e-01 9.783017635345458984e-01 1.253603696823120117e-01 6.630838871002197266e+00 1.591092646121978760e-01 -1.518315076828002930e-01 9.755154848098754883e-01 1.262138214111328125e+02
9.693773984909057617e-01 -1.489951610565185547e-01 -1.952118426561355591e-01 -1.177593326568603516e+01 1.753818690776824951e-01 9.764518737792968750e-01 1.256302744150161743e-01 6.789361000061035156e+00 1.718966960906982422e-01 -1.560198068618774414e-01 9.726810455322265625e-01 1.276196746826171875e+02
9.690371751785278320e-01 -1.485380828380584717e-01 -1.972389072179794312e-01 -1.207604408264160156e+01 1.752240657806396484e-01 9.764983057975769043e-01 1.254890710115432739e-01 6.971015930175781250e+00 1.739635914564132690e-01 -1.561646312475204468e-01 9.722902774810791016e-01 1.291689300537109375e+02
9.683981537818908691e-01 -1.478962749242782593e-01 -2.008267641067504883e-01 -1.236209583282470703e+01 1.752999573945999146e-01 9.763853549957275391e-01 1.262593716382980347e-01 7.136584281921386719e+00 1.774110645055770874e-01 -1.574743390083312988e-01 9.714556932449340820e-01 1.305888519287109375e+02
9.681900739669799805e-01 -1.509059220552444458e-01 -1.995873898267745972e-01 -1.263737869262695312e+01 1.784702837467193604e-01 9.755662679672241211e-01 1.281357258558273315e-01 7.294516563415527344e+00 1.753743290901184082e-01 -1.596802175045013428e-01 9.714654684066772461e-01 1.319874877929687500e+02
9.661397933959960938e-01 -1.549223065376281738e-01 -2.063313275575637817e-01 -1.292139625549316406e+01 1.840646564960479736e-01 9.742279052734375000e-01 1.303845047950744629e-01 7.452256202697753906e+00 1.808143109083175659e-01 -1.639480292797088623e-01 9.697558283805847168e-01 1.333540191650390625e+02
9.639225602149963379e-01 -1.559430509805679321e-01 -2.157191485166549683e-01 -1.321633338928222656e+01 1.872374862432479858e-01 9.732572436332702637e-01 1.330877989530563354e-01 7.616843700408935547e+00 1.891961395740509033e-01 -1.686771064996719360e-01 9.673427939414978027e-01 1.347652893066406250e+02
9.630615115165710449e-01 -1.572200357913970947e-01 -2.186184227466583252e-01 -1.352244091033935547e+01 1.889316141605377197e-01 9.730037450790405273e-01 1.325457692146301270e-01 7.788074970245361328e+00 1.918777376413345337e-01 -1.689537316560745239e-01 9.667661190032958984e-01 1.361606140136718750e+02
9.622711539268493652e-01 -1.601337790489196777e-01 -2.199794948101043701e-01 -1.382366371154785156e+01 1.921961456537246704e-01 9.723097681999206543e-01 1.329444348812103271e-01 7.954272270202636719e+00 1.925993412733078003e-01 -1.702079027891159058e-01 9.664025902748107910e-01 1.375575103759765625e+02
9.605361819267272949e-01 -1.631705015897750854e-01 -2.252670228481292725e-01 -1.415528488159179688e+01 1.960550248622894287e-01 9.716442823410034180e-01 1.321726888418197632e-01 8.130464553833007812e+00 1.973127424716949463e-01 -1.711214631795883179e-01 9.652897119522094727e-01 1.390549774169921875e+02
9.584947228431701660e-01 -1.638524234294891357e-01 -2.333232611417770386e-01 -1.447166728973388672e+01 1.979085206985473633e-01 9.714540243148803711e-01 1.308016777038574219e-01 8.290224075317382812e+00 2.052306532859802246e-01 -1.715494543313980103e-01 9.635612368583679199e-01 1.404082946777343750e+02
9.575451016426086426e-01 -1.645954251289367676e-01 -2.366751581430435181e-01 -1.478676605224609375e+01 1.995232552289962769e-01 9.709643721580505371e-01 1.319788992404937744e-01 8.456900596618652344e+00 2.080800235271453857e-01 -1.735980361700057983e-01 9.625827074050903320e-01 1.417743988037109375e+02
9.560752511024475098e-01 -1.677424013614654541e-01 -2.403788268566131592e-01 -1.511607551574707031e+01 2.034093737602233887e-01 9.701495170593261719e-01 1.320389658212661743e-01 8.628602027893066406e+00 2.110548615455627441e-01 -1.751345843076705933e-01 9.616563320159912109e-01 1.431681976318359375e+02
9.555032253265380859e-01 -1.681032925844192505e-01 -2.423929125070571899e-01 -1.546141147613525391e+01 2.039837390184402466e-01 9.701298475265502930e-01 1.312951296567916870e-01 8.807529449462890625e+00 2.130814641714096069e-01 -1.748972088098526001e-01 9.612525701522827148e-01 1.445782318115234375e+02
9.551165103912353516e-01 -1.691683828830718994e-01 -2.431747764348983765e-01 -1.580927181243896484e+01 2.051430046558380127e-01 9.699259996414184570e-01 1.309945285320281982e-01 8.977100372314453125e+00 2.137014269828796387e-01 -1.750007122755050659e-01 9.610961079597473145e-01 1.459934082031250000e+02
9.540005326271057129e-01 -1.722353547811508179e-01 -2.453921288251876831e-01 -1.614574813842773438e+01 2.085220217704772949e-01 9.692940115928649902e-01 1.303355991840362549e-01 9.138123512268066406e+00 2.154087573289871216e-01 -1.755099743604660034e-01 9.606219530105590820e-01 1.473863220214843750e+02
9.539063572883605957e-01 -1.713082939386367798e-01 -2.464051842689514160e-01 -1.650888633728027344e+01 2.081937789916992188e-01 9.691087007522583008e-01 1.322249472141265869e-01 9.306418418884277344e+00 2.161422222852706909e-01 -1.774303019046783447e-01 9.601042866706848145e-01 1.488333129882812500e+02
9.534041881561279297e-01 -1.702600717544555664e-01 -2.490609735250473022e-01 -1.687062072753906250e+01 2.078910022974014282e-01 9.690156579017639160e-01 1.333785504102706909e-01 9.486922264099121094e+00 2.186349779367446899e-01 -1.789412498474121094e-01 9.592590928077697754e-01 1.502879486083984375e+02
9.524726271629333496e-01 -1.744882762432098389e-01 -2.496981173753738403e-01 -1.722711181640625000e+01 2.123218923807144165e-01 9.680469632148742676e-01 1.334325373172760010e-01 9.654054641723632812e+00 2.184371501207351685e-01 -1.801072657108306885e-01 9.590858817100524902e-01 1.516909332275390625e+02
9.510765671730041504e-01 -1.767306476831436157e-01 -2.534147500991821289e-01 -1.758005905151367188e+01 2.153483182191848755e-01 9.673580527305603027e-01 1.335788071155548096e-01 9.828173637390136719e+00 2.215353846549987793e-01 -1.816161721944808960e-01 9.580901861190795898e-01 1.531399230957031250e+02
9.499593973159790039e-01 -1.774253696203231812e-01 -2.570928335189819336e-01 -1.797052764892578125e+01 2.172997891902923584e-01 9.666053652763366699e-01 1.358481645584106445e-01 1.002858543395996094e+01 2.244044691324234009e-01 -1.849165260791778564e-01 9.567902684211730957e-01 1.546618652343750000e+02
9.491115212440490723e-01 -1.787834316492080688e-01 -2.592741847038269043e-01 -1.834700393676757812e+01 2.194284200668334961e-01 9.659353494644165039e-01 1.371857970952987671e-01 1.021499156951904297e+01 2.259156256914138794e-01 -1.870968192815780640e-01 9.560105204582214355e-01 1.560574645996093750e+02
9.512744545936584473e-01 -1.794685721397399902e-01 -2.507334947586059570e-01 -1.870781707763671875e+01 2.192131280899047852e-01 9.654912948608398438e-01 1.406131982803344727e-01 1.038394641876220703e+01 2.168454080820083618e-01 -1.887258887290954590e-01 9.577890038490295410e-01 1.574446258544921875e+02
9.505159854888916016e-01 -1.799988150596618652e-01 -2.532176375389099121e-01 -1.909692955017089844e+01 2.202026993036270142e-01 9.652957916259765625e-01 1.404088735580444336e-01 1.059245395660400391e+01 2.191565632820129395e-01 -1.892201602458953857e-01 9.571652412414550781e-01 1.589940795898437500e+02
9.466248154640197754e-01 -1.832953840494155884e-01 -2.651482820510864258e-01 -1.950044250488281250e+01 2.249064743518829346e-01 9.648479223251342773e-01 1.359609067440032959e-01 1.079928588867187500e+01 2.309068292379379272e-01 -1.883376091718673706e-01 9.545733332633972168e-01 1.605304107666015625e+02
9.459156394004821777e-01 -1.840885579586029053e-01 -2.671223878860473633e-01 -1.988780784606933594e+01 2.260272651910781860e-01 9.646354913711547852e-01 1.356093585491180420e-01 1.097822570800781250e+01 2.327116578817367554e-01 -1.886520385742187500e-01 9.540728330612182617e-01 1.619455718994140625e+02
9.442516565322875977e-01 -1.877433508634567261e-01 -2.704454064369201660e-01 -2.028319358825683594e+01 2.305732518434524536e-01 9.634766578674316406e-01 1.361928731203079224e-01 1.115750980377197266e+01 2.349985986948013306e-01 -1.909578889608383179e-01 9.530529975891113281e-01 1.633464202880859375e+02
9.432561397552490234e-01 -1.888367235660552979e-01 -2.731447219848632812e-01 -2.068707275390625000e+01 2.323724627494812012e-01 9.629706144332885742e-01 1.367130428552627563e-01 1.135181999206542969e+01 2.372139543294906616e-01 -1.924268007278442383e-01 9.522083401679992676e-01 1.647762603759765625e+02
9.418781995773315430e-01 -1.932659149169921875e-01 -2.747966349124908447e-01 -2.106493568420410156e+01 2.372281104326248169e-01 9.617909789085388184e-01 1.366773694753646851e-01 1.152443313598632812e+01 2.378819286823272705e-01 -1.939230114221572876e-01 9.517379999160766602e-01 1.661167602539062500e+02
9.395501613616943359e-01 -1.963120400905609131e-01 -2.805468440055847168e-01 -2.151033401489257812e+01 2.420279383659362793e-01 9.603237509727478027e-01 1.385657042264938354e-01 1.173211860656738281e+01 2.422137558460235596e-01 -1.980896890163421631e-01 9.497852921485900879e-01 1.676309356689453125e+02
9.388186335563659668e-01 -1.969003230333328247e-01 -2.825762331485748291e-01 -2.192601013183593750e+01 2.425535172224044800e-01 9.604747891426086426e-01 1.365856528282165527e-01 1.191864871978759766e+01 2.445136606693267822e-01 -1.967690885066986084e-01 9.494704604148864746e-01 1.690554962158203125e+02
9.373751878738403320e-01 -1.984641253948211670e-01 -2.862504124641418457e-01 -2.235813903808593750e+01 2.448958009481430054e-01 9.599024653434753418e-01 1.364292502403259277e-01 1.210481834411621094e+01 2.476962357759475708e-01 -1.979869902133941650e-01 9.483917355537414551e-01 1.705321044921875000e+02
9.354323744773864746e-01 -2.007300257682800293e-01 -2.909867167472839355e-01 -2.278211784362792969e+01 2.481678873300552368e-01 9.590982794761657715e-01 1.361723244190216064e-01 1.228369426727294922e+01 2.517510354518890381e-01 -1.995936334133148193e-01 9.469863176345825195e-01 1.719651489257812500e+02
9.351645112037658691e-01 -2.011180371046066284e-01 -2.915793061256408691e-01 -2.320001983642578125e+01 2.492486536502838135e-01 9.585196971893310547e-01 1.382566690444946289e-01 1.246295452117919922e+01 2.516786456108093262e-01 -2.019685357809066772e-01 9.465019106864929199e-01 1.733731384277343750e+02
9.347182512283325195e-01 -2.001069635152816772e-01 -2.936981022357940674e-01 -2.361410140991210938e+01 2.492830008268356323e-01 9.581815600395202637e-01 1.405199617147445679e-01 1.264212417602539062e+01 2.532971501350402832e-01 -2.045605778694152832e-01 9.455130100250244141e-01 1.747547607421875000e+02
9.337580204010009766e-01 -1.990667432546615601e-01 -2.974354326725006104e-01 -2.406441497802734375e+01 2.486175000667572021e-01 9.585844874382019043e-01 1.389417350292205811e-01 1.283697223663330078e+01 2.574583590030670166e-01 -2.036857008934020996e-01 9.445775151252746582e-01 1.762188415527343750e+02
9.330673217773437500e-01 -1.988333910703659058e-01 -2.997499704360961914e-01 -2.451984977722167969e+01 2.487937808036804199e-01 9.585900306701660156e-01 1.385873109102249146e-01 1.303797245025634766e+01 2.597815990447998047e-01 -2.038872987031936646e-01 9.438976645469665527e-01 1.777070465087890625e+02
9.311612844467163086e-01 -1.990808397531509399e-01 -3.054585456848144531e-01 -2.496747398376464844e+01 2.504895329475402832e-01 9.580621719360351562e-01 1.391817629337310791e-01 1.323225498199462891e+01 2.649398744106292725e-01 -2.061149030923843384e-01 9.419781565666198730e-01 1.791617279052734375e+02
9.289216399192810059e-01 -2.051860988140106201e-01 -3.082251548767089844e-01 -2.540763473510742188e+01 2.567480802536010742e-01 9.567361474037170410e-01 1.368797719478607178e-01 1.341478633880615234e+01 2.668043375015258789e-01 -2.062868624925613403e-01 9.414141178131103516e-01 1.805410614013671875e+02
9.279057979583740234e-01 -2.100617587566375732e-01 -3.080005049705505371e-01 -2.585256195068359375e+01 2.616903483867645264e-01 9.554102420806884766e-01 1.367814242839813232e-01 1.360131359100341797e+01 2.655343413352966309e-01 -2.075211256742477417e-01 9.415019154548645020e-01 1.819705963134765625e+02
9.266859889030456543e-01 -2.098364382982254028e-01 -3.118031919002532959e-01 -2.631280517578125000e+01 2.623974978923797607e-01 9.551796913146972656e-01 1.370366960763931274e-01 1.377535343170166016e+01 2.690728008747100830e-01 -2.088064402341842651e-01 9.402122497558593750e-01 1.833872528076171875e+02
9.217407107353210449e-01 -2.103475332260131836e-01 -3.258028030395507812e-01 -2.678584098815917969e+01 2.665636539459228516e-01 9.538404345512390137e-01 1.383183151483535767e-01 1.396536159515380859e+01 2.816690206527709961e-01 -2.143408805131912231e-01 9.352646470069885254e-01 1.847929840087890625e+02
9.213460087776184082e-01 -2.103154808282852173e-01 -3.269380033016204834e-01 -2.727241706848144531e+01 2.669413089752197266e-01 9.536668658256530762e-01 1.387855708599090576e-01 1.415724277496337891e+01 2.826012372970581055e-01 -2.151428461074829102e-01 9.347991943359375000e-01 1.861878356933593750e+02
9.213624000549316406e-01 -2.103363871574401855e-01 -3.268782496452331543e-01 -2.773876762390136719e+01 2.677921354770660400e-01 9.530174732208251953e-01 1.415794044733047485e-01 1.434211540222167969e+01 2.817414402961730957e-01 -2.179814279079437256e-01 9.344009757041931152e-01 1.875433044433593750e+02
