9.999901056289672852e-01 8.293341961689293385e-04 4.368054680526256561e-03 9.555134456604719162e-04 -8.250477840192615986e-04 9.999991655349731445e-01 -9.828626643866300583e-04 -3.785176202654838562e-02 -4.368865862488746643e-03 9.792486671358346939e-04 9.999899864196777344e-01 2.074302434921264648e+00
9.999755024909973145e-01 3.141946508549153805e-04 6.988422945141792297e-03 8.421882987022399902e-03 -2.936872188001871109e-04 9.999956488609313965e-01 -2.934726886451244354e-03 -8.470137417316436768e-02 -6.989313289523124695e-03 2.932603238150477409e-03 9.999712705612182617e-01 4.138302326202392578e+00
9.999574422836303711e-01 -2.291413402417674661e-04 9.223029017448425293e-03 2.113237231969833374e-02 2.418000367470085621e-04 9.999990463256835938e-01 -1.372273894958198071e-03 -1.313114315271377563e-01 -9.222706779837608337e-03 1.374450512230396271e-03 9.999564886093139648e-01 6.312219142913818359e+00
9.999660849571228027e-01 -1.175122568383812904e-03 8.142220787703990936e-03 3.862026706337928772e-02 1.191347604617476463e-03 9.999973177909851074e-01 -1.990623073652386665e-03 -1.744373887777328491e-01 -8.139849640429019928e-03 2.000242006033658981e-03 9.999648332595825195e-01 8.406679153442382812e+00
9.999134540557861328e-01 -1.466246903873980045e-03 1.306583452969789505e-02 6.240782141685485840e-02 1.492073643021285534e-03 9.999969005584716797e-01 -1.968675525858998299e-03 -2.251162827014923096e-01 -1.306289900094270706e-02 1.987985102459788322e-03 9.999126791954040527e-01 1.064169883728027344e+01
9.998779892921447754e-01 -2.038975944742560387e-03 1.547512225806713104e-02 9.094668924808502197e-02 2.048668451607227325e-03 9.999976754188537598e-01 -6.126040825620293617e-04 -2.722767889499664307e-01 -1.547383144497871399e-02 6.442226003855466843e-04 9.998800754547119141e-01 1.276411533355712891e+01
9.997925162315368652e-01 -1.002179458737373352e-03 2.033599466085433960e-02 1.243843510746955872e-01 1.006818143650889397e-03 9.999994635581970215e-01 -2.195830165874212980e-04 -3.093363642692565918e-01 -2.033575810492038727e-02 2.399967634119093418e-04 9.997931718826293945e-01 1.466282653808593750e+01
9.997030496597290039e-01 -7.976159104146063328e-04 2.434756793081760406e-02 1.723889410495758057e-01 8.298284374177455902e-04 9.999988079071044922e-01 -1.314975786954164505e-03 -3.445645272731781006e-01 -2.434648387134075165e-02 1.334777218289673328e-03 9.997026920318603516e-01 1.672929763793945312e+01
9.996492266654968262e-01 -1.344016171060502529e-03 2.644041925668716431e-02 2.162347882986068726e-01 1.352645806036889553e-03 9.999990463256835938e-01 -3.111214609816670418e-04 -3.836500942707061768e-01 -2.643997408449649811e-02 3.467755159363150597e-04 9.996502995491027832e-01 1.845865631103515625e+01
9.996865987777709961e-01 -2.025241032242774963e-03 2.493813633918762207e-02 2.740633785724639893e-01 1.999017316848039627e-03 9.999973773956298828e-01 1.074553001672029495e-03 -4.239171147346496582e-01 -2.494025789201259613e-02 -1.024377066642045975e-03 9.996883869171142578e-01 2.062661743164062500e+01
9.995821714401245117e-01 -2.417112700641155243e-03 2.879210188984870911e-02 3.315162360668182373e-01 2.384967170655727386e-03 9.999964833259582520e-01 1.149137737229466438e-03 -4.683470129966735840e-01 -2.879478968679904938e-02 -1.080002752132713795e-03 9.995847344398498535e-01 2.275088500976562500e+01
9.994245171546936035e-01 -2.422555582597851753e-03 3.382625430822372437e-02 3.919649124145507812e-01 2.414456801488995552e-03 9.999970197677612305e-01 2.787434495985507965e-04 -5.011292099952697754e-01 -3.382684290409088135e-02 -1.969240838661789894e-04 9.994276762008666992e-01 2.466790390014648438e+01
9.996439814567565918e-01 -3.393218619748950005e-03 2.645193785429000854e-02 4.458500742912292480e-01 3.392305457964539528e-03 9.999942183494567871e-01 7.746391929686069489e-05 -5.322489142417907715e-01 -2.645205892622470856e-02 1.228455221280455589e-05 9.996500611305236816e-01 2.659026527404785156e+01
9.996223449707031250e-01 -3.391217906028032303e-03 2.725777588784694672e-02 4.902192652225494385e-01 3.421386471018195152e-03 9.999935030937194824e-01 -1.062897383235394955e-03 -5.662650465965270996e-01 -2.725400961935520172e-02 1.155743724666535854e-03 9.996278882026672363e-01 2.845471000671386719e+01
9.996626973152160645e-01 -5.375995766371488571e-03 2.539510652422904968e-02 5.394844412803649902e-01 5.421787034720182419e-03 9.999836683273315430e-01 -1.737776445224881172e-03 -6.118954420089721680e-01 -2.538535930216312408e-02 1.874846406280994415e-03 9.996759891510009766e-01 3.045831680297851562e+01
9.996922612190246582e-01 -6.614294368773698807e-03 2.389476820826530457e-02 5.946139693260192871e-01 6.699674297124147415e-03 9.999712705612182617e-01 -3.498699981719255447e-03 -6.628880500793457031e-01 -2.387093938887119293e-02 3.657672088593244553e-03 9.997083544731140137e-01 3.284111022949218750e+01
9.996954202651977539e-01 -6.641083862632513046e-03 2.375451661646366119e-02 6.382119655609130859e-01 6.719210185110569000e-03 9.999721646308898926e-01 -3.216102020815014839e-03 -7.105292677879333496e-01 -2.373248897492885590e-02 3.374699270352721214e-03 9.997127056121826172e-01 3.493700790405273438e+01
9.996333718299865723e-01 -7.005363237112760544e-03 2.614039927721023560e-02 6.882489919662475586e-01 7.097302470356225967e-03 9.999687671661376953e-01 -3.431163029745221138e-03 -7.539765238761901855e-01 -2.611554041504859924e-02 3.615390276536345482e-03 9.996524453163146973e-01 3.702944183349609375e+01
9.995763897895812988e-01 -7.337982300668954849e-03 2.814897149801254272e-02 7.428871393203735352e-01 7.433064281940460205e-03 9.999668598175048828e-01 -3.279453609138727188e-03 -8.028359413146972656e-01 -2.812396734952926636e-02 3.487256355583667755e-03 9.995984435081481934e-01 3.921054077148437500e+01
9.994432330131530762e-01 -6.069713272154331207e-03 3.279428184032440186e-02 8.059368133544921875e-01 6.177776027470827103e-03 9.999756217002868652e-01 -3.198980819433927536e-03 -8.464835286140441895e-01 -3.277406096458435059e-02 3.399750217795372009e-03 9.994571208953857422e-01 4.130398941040039062e+01
9.996845722198486328e-01 -6.203163415193557739e-03 2.431854233145713806e-02 8.475376367568969727e-01 6.314070429652929306e-03 9.999698400497436523e-01 -4.491699859499931335e-03 -8.925074338912963867e-01 -2.428993582725524902e-02 4.643788561224937439e-03 9.996942877769470215e-01 4.309950637817382812e+01
9.996966123580932617e-01 -5.810521543025970459e-03 2.392365410923957825e-02 8.902313113212585449e-01 5.923747085034847260e-03 9.999715089797973633e-01 -4.667256027460098267e-03 -9.387115240097045898e-01 -2.389577589929103851e-02 4.807358141988515854e-03 9.997031092643737793e-01 4.506448745727539062e+01
9.997731447219848633e-01 -7.315792609006166458e-03 1.998845674097537994e-02 9.216701388359069824e-01 7.407558150589466095e-03 9.999623298645019531e-01 -4.523902665823698044e-03 -9.725415110588073730e-01 -1.995452865958213806e-02 4.670747555792331696e-03 9.997901916503906250e-01 4.662723922729492188e+01
9.999247193336486816e-01 -8.328336291015148163e-03 8.970418944954872131e-03 9.400783181190490723e-01 8.366924710571765900e-03 9.999558329582214355e-01 -4.279824439436197281e-03 -1.019594788551330566e+00 -8.934292942285537720e-03 4.354360047727823257e-03 9.999508261680603027e-01 4.858315277099609375e+01
9.999412298202514648e-01 -1.011013053357601166e-02 3.811805974692106247e-03 9.470206499099731445e-01 1.012586057186126709e-02 9.999400973320007324e-01 -4.146833438426256180e-03 -1.060120224952697754e+00 -3.769563045352697372e-03 4.184992983937263489e-03 9.999843835830688477e-01 5.017125701904296875e+01
9.999349713325500488e-01 -1.044919155538082123e-02 -4.472702741622924805e-03 9.415456056594848633e-01 1.042777486145496368e-02 9.999341964721679688e-01 -4.771581850945949554e-03 -1.103127479553222656e+00 4.522362723946571350e-03 4.724437836557626724e-03 9.999788403511047363e-01 5.181261444091796875e+01
9.999067187309265137e-01 -1.128107775002717972e-02 -7.642732933163642883e-03 9.264625310897827148e-01 1.125217974185943604e-02 9.999294281005859375e-01 -3.805150743573904037e-03 -1.144927501678466797e+00 7.685218006372451782e-03 3.718606662005186081e-03 9.999637603759765625e-01 5.343486022949218750e+01
9.997346997261047363e-01 -1.191982440650463104e-02 -1.968692615628242493e-02 8.987832069396972656e-01 1.184734981507062912e-02 9.999225735664367676e-01 -3.790650051087141037e-03 -1.184241652488708496e+00 1.973069086670875549e-02 3.556213108822703362e-03 9.997991323471069336e-01 5.504400634765625000e+01
9.996009469032287598e-01 -1.133294310420751572e-02 -2.585802227258682251e-02 8.531274795532226562e-01 1.123104710131883621e-02 9.999285936355590820e-01 -4.079960286617279053e-03 -1.218555092811584473e+00 2.590252086520195007e-02 3.787722438573837280e-03 9.996574521064758301e-01 5.666442871093750000e+01
9.994797706604003906e-01 -1.140040066093206406e-02 -3.015403449535369873e-02 8.017648458480834961e-01 1.124432589858770370e-02 9.999225139617919922e-01 -5.338621325790882111e-03 -1.252615571022033691e+00 3.021267056465148926e-02 4.996586591005325317e-03 9.995311498641967773e-01 5.829169082641601562e+01
9.991967082023620605e-01 -1.234815549105405807e-02 -3.811124712228775024e-02 7.336360812187194824e-01 1.209982112050056458e-02 9.999040961265563965e-01 -6.738515570759773254e-03 -1.298211693763732910e+00 3.819091618061065674e-02 6.271771620959043503e-03 9.992509484291076660e-01 5.995515441894531250e+01
9.988018274307250977e-01 -1.233248226344585419e-02 -4.734812676906585693e-02 6.511145830154418945e-01 1.203605625778436661e-02 9.999061822891235352e-01 -6.539547350257635117e-03 -1.347884178161621094e+00 4.742445796728134155e-02 5.961635150015354156e-03 9.988572001457214355e-01 6.167909240722656250e+01
9.984110593795776367e-01 -1.310534495860338211e-02 -5.479791760444641113e-02 5.612823963165283203e-01 1.277665514498949051e-02 9.998982548713684082e-01 -6.343343295156955719e-03 -1.391057729721069336e+00 5.487560853362083435e-02 5.632942076772451401e-03 9.984775185585021973e-01 6.330651092529296875e+01
9.980548620223999023e-01 -1.303923688828945160e-02 -6.095625460147857666e-02 4.639534354209899902e-01 1.273222640156745911e-02 9.999042153358459473e-01 -5.421324167400598526e-03 -1.430334210395812988e+00 6.102124601602554321e-02 4.634480923414230347e-03 9.981259107589721680e-01 6.489129638671875000e+01
9.976572394371032715e-01 -1.314508821815252304e-02 -6.713013350963592529e-02 3.555880486965179443e-01 1.271637622267007828e-02 9.998959302902221680e-01 -6.808879785239696503e-03 -1.475687503814697266e+00 6.721279770135879517e-02 5.939088296145200729e-03 9.977212548255920410e-01 6.646447753906250000e+01
9.968840479850769043e-01 -1.295461319386959076e-02 -7.780470699071884155e-02 2.430432885885238647e-01 1.234047487378120422e-02 9.998887777328491211e-01 -8.368424139916896820e-03 -1.518402576446533203e+00 7.790461927652359009e-02 7.382013835012912750e-03 9.969337582588195801e-01 6.791233062744140625e+01
9.966436624526977539e-01 -1.408969424664974213e-02 -8.063516020774841309e-02 1.113068461418151855e-01 1.354830060154199600e-02 9.998818039894104004e-01 -7.256942801177501678e-03 -1.560947179794311523e+00 8.072803169488906860e-02 6.139917764812707901e-03 9.967175126075744629e-01 6.953540802001953125e+01
9.959051609039306641e-01 -1.558444090187549591e-02 -8.904591947793960571e-02 -2.786499261856079102e-02 1.498908363282680511e-02 9.998605251312255859e-01 -7.350419647991657257e-03 -1.606371283531188965e+00 8.914821594953536987e-02 5.985402502119541168e-03 9.960006475448608398e-01 7.112486267089843750e+01
9.958730340003967285e-01 -1.544318161904811859e-02 -8.942929655313491821e-02 -1.741560250520706177e-01 1.495540700852870941e-02 9.998692870140075684e-01 -6.121508777141571045e-03 -1.647855997085571289e+00 8.951230347156524658e-02 4.758590832352638245e-03 9.959746003150939941e-01 7.275698852539062500e+01
9.958115816116333008e-01 -1.579979434609413147e-02 -9.005184471607208252e-02 -3.341532349586486816e-01 1.532930601388216019e-02 9.998649358749389648e-01 -5.911840591579675674e-03 -1.692625999450683594e+00 9.013332426548004150e-02 4.506663884967565536e-03 9.959200024604797363e-01 7.451579284667968750e+01
9.950661659240722656e-01 -1.523224916309118271e-02 -9.803549945354461670e-02 -5.078923106193542480e-01 1.480750367045402527e-02 9.998775124549865723e-01 -5.056887865066528320e-03 -1.732437968254089355e+00 9.810075908899307251e-02 3.580296644940972328e-03 9.951704740524291992e-01 7.627378082275390625e+01
9.945578575134277344e-01 -1.669464074075222015e-02 -1.028372794389724731e-01 -6.868103146553039551e-01 1.615864969789981842e-02 9.998511075973510742e-01 -6.041097920387983322e-03 -1.777729868888854980e+00 1.029230728745460510e-01 4.346516449004411697e-03 9.946802258491516113e-01 7.800844573974609375e+01
9.941552281379699707e-01 -1.801935769617557526e-02 -1.064433157444000244e-01 -8.870304822921752930e-01 1.743894442915916443e-02 9.998275041580200195e-01 -6.379315629601478577e-03 -1.827273249626159668e+00 1.065401658415794373e-01 4.485761746764183044e-03 9.942986369132995605e-01 7.986251831054687500e+01
9.943922162055969238e-01 -1.877440139651298523e-02 -1.040724366903305054e-01 -1.071928381919860840e+00 1.822322793304920197e-02 9.998143911361694336e-01 -6.242588162422180176e-03 -1.879225254058837891e+00 1.041705757379531860e-01 4.311040975153446198e-03 9.945504069328308105e-01 8.162617492675781250e+01
9.947580695152282715e-01 -1.835245452821254730e-02 -1.005925983190536499e-01 -1.264221429824829102e+00 1.783766224980354309e-02 9.998227357864379883e-01 -6.012779660522937775e-03 -1.923195838928222656e+00 1.006853654980659485e-01 4.186914302408695221e-03 9.949097633361816406e-01 8.348804473876953125e+01
9.949606060981750488e-01 -1.913952082395553589e-02 -9.841942787170410156e-02 -1.448855161666870117e+00 1.852987706661224365e-02 9.998029470443725586e-01 -7.102821487933397293e-03 -1.967803716659545898e+00 9.853623062372207642e-02 5.243321880698204041e-03 9.951198697090148926e-01 8.535384368896484375e+01
9.952817559242248535e-01 -1.869775541126728058e-02 -9.520437568426132202e-02 -1.616527199745178223e+00 1.808513328433036804e-02 9.998098015785217285e-01 -7.291653659194707870e-03 -2.011751651763916016e+00 9.532284736633300781e-02 5.535456351935863495e-03 9.954311847686767578e-01 8.710822296142578125e+01
9.953313469886779785e-01 -1.932978630065917969e-02 -9.456188976764678955e-02 -1.777994751930236816e+00 1.872505433857440948e-02 9.997982978820800781e-01 -7.276778109371662140e-03 -2.059752225875854492e+00 9.468372166156768799e-02 5.471708718687295914e-03 9.954927563667297363e-01 8.881271362304687500e+01
9.958129525184631348e-01 -1.894494704902172089e-02 -8.943002671003341675e-02 -1.956061840057373047e+00 1.835602335631847382e-02 9.998041987419128418e-01 -7.401552982628345490e-03 -2.114967823028564453e+00 8.955298364162445068e-02 5.728567019104957581e-03 9.959659576416015625e-01 9.076618957519531250e+01
9.954295754432678223e-01 -1.936596632003784180e-02 -9.351516515016555786e-02 -2.094279050827026367e+00 1.875391229987144470e-02 9.997966885566711426e-01 -7.417825981974601746e-03 -2.154911518096923828e+00 9.364005178213119507e-02 5.629729479551315308e-03 9.955906271934509277e-01 9.227233886718750000e+01
9.956603646278381348e-01 -1.959509402513504028e-02 -9.097614139318466187e-02 -2.248490810394287109e+00 1.902794092893600464e-02 9.997938275337219238e-01 -7.095704320818185806e-03 -2.201310873031616211e+00 9.109667688608169556e-02 5.333403591066598892e-03 9.958282113075256348e-01 9.392526245117187500e+01
9.959124922752380371e-01 -1.977146230638027191e-02 -8.813304454088211060e-02 -2.400393962860107422e+00 1.907693594694137573e-02 9.997801184654235840e-01 -8.713943883776664734e-03 -2.244438886642456055e+00 8.828620612621307373e-02 6.996597163379192352e-03 9.960709810256958008e-01 9.565637207031250000e+01
9.955765008926391602e-01 -2.007394656538963318e-02 -9.178420901298522949e-02 -2.538535118103027344e+00 1.922132074832916260e-02 9.997637271881103516e-01 -1.016216631978750229e-02 -2.289305686950683594e+00 9.196677058935165405e-02 8.352579548954963684e-03 9.957274198532104492e-01 9.716307830810546875e+01
9.928890466690063477e-01 -2.127228677272796631e-02 -1.171263530850410461e-01 -2.707055091857910156e+00 1.991211995482444763e-02 9.997202754020690918e-01 -1.276933588087558746e-02 -2.339577674865722656e+00 1.173654869198799133e-01 1.034587807953357697e-02 9.930352568626403809e-01 9.863694763183593750e+01
9.925124049186706543e-01 -2.148190699517726898e-02 -1.202384531497955322e-01 -2.885921239852905273e+00 1.988445967435836792e-02 9.996976256370544434e-01 -1.446831133216619492e-02 -2.387315034866333008e+00 1.205131709575653076e-01 1.196867972612380981e-02 9.926399588584899902e-01 1.001476593017578125e+02
9.922518730163574219e-01 -2.264214120805263519e-02 -1.221601590514183044e-01 -3.074177742004394531e+00 2.090942300856113434e-02 9.996621012687683105e-01 -1.544595323503017426e-02 -2.442228555679321289e+00 1.224688813090324402e-01 1.277155149728059769e-02 9.923905134201049805e-01 1.016614837646484375e+02
9.925907850265502930e-01 -2.367299608886241913e-02 -1.191752254962921143e-01 -3.280793666839599609e+00 2.199951373040676117e-02 9.996404051780700684e-01 -1.533686649054288864e-02 -2.504167795181274414e+00 1.194957047700881958e-01 1.260100305080413818e-02 9.927551150321960449e-01 1.033681182861328125e+02
9.925424456596374512e-01 -2.544699981808662415e-02 -1.192116960883140564e-01 -3.479399681091308594e+00 2.378543652594089508e-02 9.995994567871093750e-01 -1.533870957791805267e-02 -2.565139293670654297e+00 1.195545345544815063e-01 1.238838583230972290e-02 9.927507042884826660e-01 1.050146255493164062e+02
9.926496148109436035e-01 -2.701218426227569580e-02 -1.179688125848770142e-01 -3.647731542587280273e+00 2.538847737014293671e-02 9.995614886283874512e-01 -1.524370070546865463e-02 -2.619252920150756836e+00 1.183291077613830566e-01 1.213615387678146362e-02 9.929006099700927734e-01 1.064230041503906250e+02
9.933995604515075684e-01 -2.969450876116752625e-02 -1.107935607433319092e-01 -3.779936552047729492e+00 2.814903110265731812e-02 9.994838237762451172e-01 -1.548607274889945984e-02 -2.667070150375366211e+00 1.111964806914329529e-01 1.226466894149780273e-02 9.937230944633483887e-01 1.076438064575195312e+02
9.956055879592895508e-01 -3.106189332902431488e-02 -8.834131062030792236e-02 -3.851576328277587891e+00 2.994156070053577423e-02 9.994539618492126465e-01 -1.397711783647537231e-02 -2.710520505905151367e+00 8.872747421264648438e-02 1.127015985548496246e-02 9.959925413131713867e-01 1.085729980468750000e+02
9.978138804435729980e-01 -3.390863910317420959e-02 -5.671798437833786011e-02 -3.867106914520263672e+00 3.313000500202178955e-02 9.993442296981811523e-01 -1.460970472544431686e-02 -2.750153303146362305e+00 5.717642232775688171e-02 1.269824430346488953e-02 9.982836842536926270e-01 1.092702026367187500e+02
9.985136985778808594e-01 -3.559822216629981995e-02 -4.125872999429702759e-02 -3.883831977844238281e+00 3.498890623450279236e-02 9.992691278457641602e-01 -1.539322175085544586e-02 -2.786331653594970703e+00 4.177676886320114136e-02 1.392628997564315796e-02 9.990302324295043945e-01 1.098806076049804688e+02
9.993366003036499023e-01 -3.586148843169212341e-02 -6.272170692682266235e-03 -3.876260042190551758e+00 3.576358780264854431e-02 9.992468357086181641e-01 -1.505383569747209549e-02 -2.833343982696533203e+00 6.807494908571243286e-03 1.481908094137907028e-02 9.998672604560852051e-01 1.107188262939453125e+02
9.991391301155090332e-01 -3.690335527062416077e-02 1.892771013081073761e-02 -3.856173038482666016e+00 3.723643347620964050e-02 9.991519451141357422e-01 -1.756769046187400818e-02 -2.874033451080322266e+00 -1.826317608356475830e-02 1.825691573321819305e-02 9.996668100357055664e-01 1.118277740478515625e+02
9.988229274749755859e-01 -3.841014578938484192e-02 2.960533276200294495e-02 -3.830346822738647461e+00 3.901716694235801697e-02 9.990339875221252441e-01 -2.021255530416965485e-02 -2.914669275283813477e+00 -2.880020067095756531e-02 2.134343050420284271e-02 9.993575811386108398e-01 1.125158996582031250e+02
9.987146258354187012e-01 -3.617813810706138611e-02 3.548618406057357788e-02 -3.813963413238525391e+00 3.686252608895301819e-02 9.991427659988403320e-01 -1.883043535053730011e-02 -2.954528331756591797e+00 -3.477435186505317688e-02 2.011388354003429413e-02 9.991930127143859863e-01 1.129715042114257812e+02
9.983775615692138672e-01 -3.559023886919021606e-02 4.443668574094772339e-02 -3.796993970870971680e+00 3.649332746863365173e-02 9.991398453712463379e-01 -1.968402974307537079e-02 -2.991008281707763672e+00 -4.369775205850601196e-02 2.127327956259250641e-02 9.988185167312622070e-01 1.134298782348632812e+02
9.979901313781738281e-01 -3.512371703982353210e-02 5.273493751883506775e-02 -3.755986213684082031e+00 3.625578060746192932e-02 9.991285800933837891e-01 -2.066935598850250244e-02 -3.034144401550292969e+00 -5.196285620331764221e-02 2.253930456936359406e-02 9.983948469161987305e-01 1.141921844482421875e+02
9.972089529037475586e-01 -3.517575189471244812e-02 6.584808975458145142e-02 -3.683645963668823242e+00 3.667438775300979614e-02 9.990916252136230469e-01 -2.169268392026424408e-02 -3.081160783767700195e+00 -6.502508372068405151e-02 2.404662221670150757e-02 9.975939989089965820e-01 1.152112655639648438e+02
9.968902468681335449e-01 -3.619014471769332886e-02 6.999284029006958008e-02 -3.587522745132446289e+00 3.779937699437141418e-02 9.990471601486206055e-01 -2.180735766887664795e-02 -3.137428998947143555e+00 -6.913679838180541992e-02 2.438477426767349243e-02 9.973092675209045410e-01 1.165435485839843750e+02
9.950182437896728516e-01 -3.815504908561706543e-02 9.209732711315155029e-02 -3.485600948333740234e+00 4.021973535418510437e-02 9.989768266677856445e-01 -2.066885493695735931e-02 -3.186944484710693359e+00 -9.121435880661010742e-02 2.426955662667751312e-02 9.955356121063232422e-01 1.175250854492187500e+02
9.915487170219421387e-01 -3.875195607542991638e-02 1.238080412149429321e-01 -3.378025531768798828e+00 4.144132882356643677e-02 9.989557862281799316e-01 -1.922161690890789032e-02 -3.227621316909790039e+00 -1.229337826371192932e-01 2.418947778642177582e-02 9.921201467514038086e-01 1.181288833618164062e+02
9.892541170120239258e-01 -4.083742573857307434e-02 1.403834074735641479e-01 -3.245928049087524414e+00 4.384911432862281799e-02 9.988679289817810059e-01 -1.842748373746871948e-02 -3.276094675064086914e+00 -1.394718587398529053e-01 2.438468299806118011e-02 9.899259209632873535e-01 1.190420227050781250e+02
9.873266816139221191e-01 -4.073560237884521484e-02 1.533809155225753784e-01 -3.135108470916748047e+00 4.402840510010719299e-02 9.988654255867004395e-01 -1.813276484608650208e-02 -3.317584753036499023e+00 -1.524681746959686279e-01 2.465560659766197205e-02 9.880009889602661133e-01 1.197287368774414062e+02
9.844170212745666504e-01 -4.091016948223114014e-02 1.710217446088790894e-01 -3.004499197006225586e+00 4.477009177207946777e-02 9.988206028938293457e-01 -1.877369359135627747e-02 -3.359608650207519531e+00 -1.700519621372222900e-01 2.613733336329460144e-02 9.850885272026062012e-01 1.203943099975585938e+02
9.815304279327392578e-01 -4.168490692973136902e-02 1.867062002420425415e-01 -2.858951807022094727e+00 4.600369557738304138e-02 9.987629055976867676e-01 -1.885783486068248749e-02 -3.398121356964111328e+00 -1.856891214847564697e-01 2.709824778139591217e-02 9.822348952293395996e-01 1.210901794433593750e+02
9.766883254051208496e-01 -4.176105931401252747e-02 2.105583250522613525e-01 -2.708365201950073242e+00 4.694836586713790894e-02 9.987027049064636230e-01 -1.969631388783454895e-02 -3.437261581420898438e+00 -2.094626426696777344e-01 2.912206202745437622e-02 9.773829579353332520e-01 1.217114944458007812e+02
9.712687134742736816e-01 -4.234902560710906982e-02 2.341848611831665039e-01 -2.533055067062377930e+00 4.807993397116661072e-02 9.986658096313476562e-01 -1.881500892341136932e-02 -3.479149341583251953e+00 -2.330756634473800659e-01 2.953355014324188232e-02 9.720101356506347656e-01 1.223561553955078125e+02
9.660894274711608887e-01 -4.525578767061233521e-02 2.542083263397216797e-01 -2.355098247528076172e+00 5.140705034136772156e-02 9.985221028327941895e-01 -1.760399341583251953e-02 -3.523170948028564453e+00 -2.530360221862792969e-01 3.007466718554496765e-02 9.669893383979797363e-01 1.229770507812500000e+02
9.617639183998107910e-01 -4.499357566237449646e-02 2.701563537120819092e-01 -2.155258417129516602e+00 5.232053250074386597e-02 9.984299540519714355e-01 -1.997823081910610199e-02 -3.566893577575683594e+00 -2.688333988189697266e-01 3.334860503673553467e-02 9.626092314720153809e-01 1.236490020751953125e+02
9.562124013900756836e-01 -4.360182583332061768e-02 2.894051671028137207e-01 -1.938274383544921875e+00 5.185873433947563171e-02 9.984347224235534668e-01 -2.092075720429420471e-02 -3.606145143508911133e+00 -2.880401015281677246e-01 3.501242026686668396e-02 9.569780230522155762e-01 1.243340759277343750e+02
9.436749815940856934e-01 -4.467083513736724854e-02 3.278423547744750977e-01 -1.672551631927490234e+00 5.302059277892112732e-02 9.984552860260009766e-01 -1.657063327729701996e-02 -3.641316413879394531e+00 -3.265959322452545166e-01 3.301922976970672607e-02 9.445869922637939453e-01 1.250350418090820312e+02
9.293810129165649414e-01 -4.476769641041755676e-02 3.663949072360992432e-01 -1.357239723205566406e+00 5.344712361693382263e-02 9.984777569770812988e-01 -1.357381790876388550e-02 -3.673627853393554688e+00 -3.652297854423522949e-01 3.219754621386528015e-02 9.303602576255798340e-01 1.257706832885742188e+02
9.130070805549621582e-01 -4.511722922325134277e-02 4.054391384124755859e-01 -1.006759047508239746e+00 5.548190325498580933e-02 9.983630180358886719e-01 -1.384220924228429794e-02 -3.700292825698852539e+00 -4.041512906551361084e-01 3.513211756944656372e-02 9.140170216560363770e-01 1.264971008300781250e+02
8.841733336448669434e-01 -4.960770905017852783e-02 4.645156860351562500e-01 -5.518751144409179688e-01 5.985360965132713318e-02 9.981794357299804688e-01 -7.327508181333541870e-03 -3.729003667831420898e+00 -4.633070230484008789e-01 3.428127989172935486e-02 8.855342268943786621e-01 1.273088226318359375e+02
8.513373732566833496e-01 -5.290995538234710693e-02 5.219418406486511230e-01 -6.046295166015625000e-02 6.228455528616905212e-02 9.980574250221252441e-01 -4.179975949227809906e-04 -3.747570753097534180e+00 -5.209064483642578125e-01 3.286432474851608276e-02 8.529804944992065430e-01 1.280425567626953125e+02
8.305106163024902344e-01 -5.310355126857757568e-02 5.544638633728027344e-01 3.978943824768066406e-01 6.138195469975471497e-02 9.981067180633544922e-01 3.651225473731756210e-03 -3.768277406692504883e+00 -5.536087751388549805e-01 3.100124560296535492e-02 8.321992158889770508e-01 1.287045135498046875e+02
7.938150167465209961e-01 -5.504333600401878357e-02 6.056613922119140625e-01 9.644033908843994141e-01 6.305832415819168091e-02 9.979763627052307129e-01 8.049258030951023102e-03 -3.783225536346435547e+00 -6.048797369003295898e-01 3.180192783474922180e-02 7.956809997558593750e-01 1.294091949462890625e+02
7.560114860534667969e-01 -5.391243472695350647e-02 6.523326039314270020e-01 1.586511969566345215e+00 6.222945451736450195e-02 9.980070590972900391e-01 1.036071218550205231e-02 -3.785086393356323242e+00 -6.515921354293823242e-01 3.276104480028152466e-02 7.578611373901367188e-01 1.300876617431640625e+02
7.434388399124145508e-01 -5.557421967387199402e-02 6.664893627166748047e-01 2.489397525787353516e+00 6.163461878895759583e-02 9.979929327964782715e-01 1.446525007486343384e-02 -3.798334360122680664e+00 -6.659565567970275879e-01 3.032434731721878052e-02 7.453732490539550781e-01 1.310969543457031250e+02
7.123383283615112305e-01 -5.699519068002700806e-02 6.995165944099426270e-01 3.463631629943847656e+00 6.301523745059967041e-02 9.978644251823425293e-01 1.713344082236289978e-02 -3.802371501922607422e+00 -6.990002989768981934e-01 3.187495842576026917e-02 7.144098877906799316e-01 1.320954895019531250e+02
6.966455578804016113e-01 -5.815108865499496460e-02 7.150533199310302734e-01 4.564765930175781250e+00 6.477067619562149048e-02 9.977360963821411133e-01 1.803649216890335083e-02 -3.801963806152343750e+00 -7.144843935966491699e-01 3.374900296330451965e-02 6.988361477851867676e-01 1.331665191650390625e+02
6.865084171295166016e-01 -5.891639739274978638e-02 7.247294783592224121e-01 5.623831272125244141e+00 6.602788716554641724e-02 9.976441264152526855e-01 1.855687238276004791e-02 -3.805180788040161133e+00 -7.241164445877075195e-01 3.511246666312217712e-02 6.887825131416320801e-01 1.341665802001953125e+02
6.872301697731018066e-01 -5.847301334142684937e-02 7.240810394287109375e-01 6.275261878967285156e+00 6.666733324527740479e-02 9.976243376731872559e-01 1.728825457394123077e-02 -3.812939643859863281e+00 -7.233728766441345215e-01 3.639111295342445374e-02 6.894970536231994629e-01 1.347855529785156250e+02
6.394875645637512207e-01 -6.065410748124122620e-02 7.664034962654113770e-01 6.887440681457519531e+00 6.494959443807601929e-02 9.975802302360534668e-01 2.475546672940254211e-02 -3.813347339630126953e+00 -7.660517096519470215e-01 3.394635021686553955e-02 6.418809294700622559e-01 1.352434997558593750e+02
6.253710389137268066e-01 -6.136809289455413818e-02 7.779091596603393555e-01 7.673701286315917969e+00 6.445097923278808594e-02 9.975575208663940430e-01 2.688260748982429504e-02 -3.819277048110961914e+00 -7.776600718498229980e-01 3.332496806979179382e-02 6.278000473976135254e-01 1.358654327392578125e+02
6.440465450286865234e-01 -5.979557707905769348e-02 7.626442313194274902e-01 8.468715667724609375e+00 6.469391286373138428e-02 9.976251125335693359e-01 2.358568273484706879e-02 -3.818385124206542969e+00 -7.622445821762084961e-01 3.414772823452949524e-02 6.463866829872131348e-01 1.365419158935546875e+02
6.149039864540100098e-01 -6.391280144453048706e-02 7.860062718391418457e-01 9.102170944213867188e+00 6.487537920475006104e-02 9.974303245544433594e-01 3.035122156143188477e-02 -3.818300962448120117e+00 -7.859276533126831055e-01 3.232893347740173340e-02 6.174715161323547363e-01 1.370176086425781250e+02
6.029970049858093262e-01 -6.653939187526702881e-02 7.949621081352233887e-01 9.393250465393066406e+00 6.771582365036010742e-02 9.971866607666015625e-01 3.210162371397018433e-02 -3.835997819900512695e+00 -7.948629856109619141e-01 3.447389975190162659e-02 6.058076024055480957e-01 1.372117462158203125e+02
5.745067000389099121e-01 -6.888240575790405273e-02 8.155947327613830566e-01 9.808161735534667969e+00 6.629712879657745361e-02 9.970930814743041992e-01 3.751108422875404358e-02 -3.846247911453247070e+00 -8.158091306686401367e-01 3.252078220248222351e-02 5.774046778678894043e-01 1.374569549560546875e+02
5.445039868354797363e-01 -6.656376272439956665e-02 8.361113071441650391e-01 1.032330322265625000e+01 6.548096239566802979e-02 9.971755743026733398e-01 3.674262762069702148e-02 -3.850320339202880859e+00 -8.361969590187072754e-01 3.474243357777595520e-02 5.473260879516601562e-01 1.377503204345703125e+02
5.335038304328918457e-01 -6.489939987659454346e-02 8.433025479316711426e-01 1.071871852874755859e+01 6.493294239044189453e-02 9.972503781318664551e-01 3.566785529255867004e-02 -3.859601736068725586e+00 -8.433001041412353516e-01 3.572875633835792542e-02 5.362523794174194336e-01 1.379800415039062500e+02
4.835993647575378418e-01 -6.258849054574966431e-02 8.730473518371582031e-01 1.141126918792724609e+01 6.463559716939926147e-02 9.972687959671020508e-01 3.569065034389495850e-02 -3.849156856536865234e+00 -8.728983998298645020e-01 3.916954621672630310e-02 4.863252639770507812e-01 1.383321075439453125e+02
4.178668558597564697e-01 -6.381259858608245850e-02 9.062628746032714844e-01 1.230560493469238281e+01 6.380889564752578735e-02 9.971264600753784180e-01 4.078885167837142944e-02 -3.833071947097778320e+00 -9.062634110450744629e-01 4.078291356563568115e-02 4.207390844821929932e-01 1.387258300781250000e+02
3.705458641052246094e-01 -6.352156400680541992e-02 9.266379475593566895e-01 1.301594066619873047e+01 6.264608353376388550e-02 9.970942735671997070e-01 4.330014437437057495e-02 -3.818313121795654297e+00 -9.266977906227111816e-01 4.200514778494834900e-02 3.734496235847473145e-01 1.389842681884765625e+02
3.755975365638732910e-01 -6.382970511913299561e-02 9.245806336402893066e-01 1.398361587524414062e+01 6.266399472951889038e-02 9.970897436141967773e-01 4.337892681360244751e-02 -3.795242547988891602e+00 -9.246605634689331055e-01 4.164449870586395264e-02 3.785053789615631104e-01 1.393767089843750000e+02
3.663518130779266357e-01 -6.337878108024597168e-02 9.283138513565063477e-01 1.487924575805664062e+01 6.332276016473770142e-02 9.970610141754150391e-01 4.308231547474861145e-02 -3.785290956497192383e+00 -9.283178448677062988e-01 4.299971833825111389e-02 3.692895174026489258e-01 1.397275848388671875e+02
3.539043068885803223e-01 -6.290881335735321045e-02 9.331619739532470703e-01 1.601403617858886719e+01 6.354125589132308960e-02 9.970455765724182129e-01 4.311710223555564880e-02 -3.763603687286376953e+00 -9.331194162368774414e-01 4.403456300497055054e-02 3.568571209907531738e-01 1.401594696044921875e+02
3.371247053146362305e-01 -6.371042132377624512e-02 9.393002390861511230e-01 1.745140838623046875e+01 6.356035917997360229e-02 9.969696998596191406e-01 4.480931535363197327e-02 -3.727647542953491211e+00 -9.393107295036315918e-01 4.459553584456443787e-02 3.401536345481872559e-01 1.406788940429687500e+02
3.184089958667755127e-01 -6.293939054012298584e-02 9.458600878715515137e-01 1.893503570556640625e+01 6.363104283809661865e-02 9.969602227210998535e-01 4.491909593343734741e-02 -3.690241575241088867e+00 -9.458141326904296875e-01 4.588302224874496460e-02 3.214470446109771729e-01 1.411839447021484375e+02
3.112315535545349121e-01 -6.293118745088577271e-02 9.482465982437133789e-01 2.032538795471191406e+01 6.430344283580780029e-02 9.969109296798706055e-01 4.505509883165359497e-02 -3.657542467117309570e+00 -9.481548070907592773e-01 4.695255681872367859e-02 3.143178522586822510e-01 1.416426849365234375e+02
3.043475449085235596e-01 -6.293396651744842529e-02 9.504782557487487793e-01 2.171319580078125000e+01 6.397284567356109619e-02 9.969108700752258301e-01 4.552381113171577454e-02 -3.620447158813476562e+00 -9.504092335700988770e-01 4.694934561848640442e-02 3.074344694614410400e-01 1.420897369384765625e+02
3.018863499164581299e-01 -6.264737248420715332e-02 9.512817859649658203e-01 2.307621002197265625e+01 6.468773633241653442e-02 9.968830347061157227e-01 4.512181133031845093e-02 -3.589517831802368164e+00 -9.511455893516540527e-01 4.791421443223953247e-02 3.049989342689514160e-01 1.425279235839843750e+02
3.021824657917022705e-01 -6.171261146664619446e-02 9.512488842010498047e-01 2.448721122741699219e+01 6.512677669525146484e-02 9.969052076339721680e-01 4.398559406399726868e-02 -3.552365541458129883e+00 -9.510214924812316895e-01 4.865971207618713379e-02 3.052675127983093262e-01 1.429810791015625000e+02
3.062104880809783936e-01 -6.073678657412528992e-02 9.500228166580200195e-01 2.603733825683593750e+01 6.474582850933074951e-02 9.969786405563354492e-01 4.286973178386688232e-02 -3.511227130889892578e+00 -9.497582316398620605e-01 4.838247969746589661e-02 3.092188537120819092e-01 1.434864349365234375e+02
3.115736246109008789e-01 -6.055156514048576355e-02 9.482892751693725586e-01 2.757121086120605469e+01 6.531548500061035156e-02 9.969700574874877930e-01 4.219947382807731628e-02 -3.472409486770629883e+00 -9.479732513427734375e-01 4.878935590386390686e-02 3.145856261253356934e-01 1.439932403564453125e+02
3.128368854522705078e-01 -6.101814657449722290e-02 9.478433728218078613e-01 2.912479400634765625e+01 6.657772511243820190e-02 9.968864917755126953e-01 4.220105707645416260e-02 -3.437889337539672852e+00 -9.474692940711975098e-01 4.990283772349357605e-02 3.159264028072357178e-01 1.445120849609375000e+02
3.193761706352233887e-01 -5.995008721947669983e-02 9.457283020019531250e-01 3.063940811157226562e+01 6.571258604526519775e-02 9.969936609268188477e-01 4.100820794701576233e-02 -3.398314237594604492e+00 -9.453455209732055664e-01 4.904884845018386841e-02 3.223565816879272461e-01 1.450229644775390625e+02
3.221593797206878662e-01 -6.113144382834434509e-02 9.447081089019775391e-01 3.223118591308593750e+01 6.625445187091827393e-02 9.969200491905212402e-01 4.191608354449272156e-02 -3.357586622238159180e+00 -9.443627595901489258e-01 4.908709228038787842e-02 3.252184689044952393e-01 1.455681762695312500e+02
3.329370021820068359e-01 -6.018580868840217590e-02 9.410248398780822754e-01 3.394702529907226562e+01 6.634405255317687988e-02 9.969810247421264648e-01 4.029173031449317932e-02 -3.317955732345581055e+00 -9.406107664108276367e-01 4.901642352342605591e-02 3.359259963035583496e-01 1.461784362792968750e+02
3.408533036708831787e-01 -5.965746194124221802e-02 9.382201433181762695e-01 3.544367218017578125e+01 6.680911779403686523e-02 9.969965219497680664e-01 3.912297636270523071e-02 -3.289484262466430664e+00 -9.377380609512329102e-01 4.934610053896903992e-02 3.438163995742797852e-01 1.467237091064453125e+02
3.466054499149322510e-01 -5.878745764493942261e-02 9.361654520034790039e-01 3.695093536376953125e+01 6.901208311319351196e-02 9.969255924224853516e-01 3.705170750617980957e-02 -3.259985685348510742e+00 -9.354673027992248535e-01 5.176404863595962524e-02 3.495980799198150635e-01 1.472829437255859375e+02
3.545473217964172363e-01 -5.815561488270759583e-02 9.332261681556701660e-01 3.848037338256835938e+01 7.043551653623580933e-02 9.968873858451843262e-01 3.536297380924224854e-02 -3.233514070510864258e+00 -9.323797821998596191e-01 5.319406837224960327e-02 3.575411736965179443e-01 1.478667449951171875e+02
3.635703921318054199e-01 -5.967728048563003540e-02 9.296516776084899902e-01 3.993774414062500000e+01 7.132902741432189941e-02 9.967977404594421387e-01 3.609183430671691895e-02 -3.212684392929077148e+00 -9.288303256034851074e-01 5.318887904286384583e-02 3.666641116142272949e-01 1.484422912597656250e+02
3.751648962497711182e-01 -5.971438437700271606e-02 9.250311255455017090e-01 4.156554031372070312e+01 7.245312631130218506e-02 9.967569708824157715e-01 3.495951741933822632e-02 -3.186063051223754883e+00 -9.241205453872680664e-01 5.390546470880508423e-02 3.782759904861450195e-01 1.491031646728515625e+02
3.885237276554107666e-01 -6.097003072500228882e-02 9.194177985191345215e-01 4.317730712890625000e+01 7.436357438564300537e-02 9.966264963150024414e-01 3.466554731130599976e-02 -3.162084817886352539e+00 -9.184314608573913574e-01 5.490246042609214783e-02 3.917483091354370117e-01 1.497846069335937500e+02
3.951489329338073730e-01 -6.155217066407203674e-02 9.165509939193725586e-01 4.481076812744140625e+01 7.448334991931915283e-02 9.966123104095458984e-01 3.481684625148773193e-02 -3.139279365539550781e+00 -9.155908226966857910e-01 5.450959876179695129e-02 3.983962237834930420e-01 1.504883117675781250e+02
4.046929776668548584e-01 -6.252951174974441528e-02 9.123106598854064941e-01 4.633890914916992188e+01 7.582812756299972534e-02 9.965162277221679688e-01 3.466400504112243652e-02 -3.114898920059204102e+00 -9.113016128540039062e-01 5.515018478035926819e-02 4.080259799957275391e-01 1.511695404052734375e+02
4.102522432804107666e-01 -6.251357495784759521e-02 9.098253846168518066e-01 4.781347656250000000e+01 7.679957896471023560e-02 9.964702129364013672e-01 3.383670747280120850e-02 -3.093415737152099609e+00 -9.087309241294860840e-01 5.599228665232658386e-02 4.136065542697906494e-01 1.518396911621093750e+02
4.149341583251953125e-01 -6.192336603999137878e-02 9.077401161193847656e-01 4.926340484619140625e+01 7.789248228073120117e-02 9.964340925216674805e-01 3.236838802695274353e-02 -3.073351621627807617e+00 -9.065094590187072754e-01 5.727505683898925781e-02 4.182793200016021729e-01 1.525052642822265625e+02
