9.999998807907104492e-01 -2.423110272502526641e-04 -3.714044287335127592e-04 1.292228698730468750e-03 2.408903237665072083e-04 9.999926686286926270e-01 -3.819784149527549744e-03 -9.443956427276134491e-03 3.723274858202785254e-04 3.819694276899099350e-03 9.999926090240478516e-01 9.533117413520812988e-01
9.999964833259582520e-01 1.467778347432613373e-03 -2.203324576839804649e-03 -3.637103363871574402e-03 -1.482861582189798355e-03 9.999753832817077637e-01 -6.859108805656433105e-03 -2.048889175057411194e-02 2.193201798945665359e-03 6.862352602183818817e-03 9.999740123748779297e-01 1.835840940475463867e+00
9.999969601631164551e-01 1.766865607351064682e-03 -1.689928350970149040e-03 -5.869494751095771790e-03 -1.784396707080304623e-03 9.999439716339111328e-01 -1.042857021093368530e-02 -4.198032990097999573e-02 1.671406673267483711e-03 1.043155416846275330e-02 9.999441504478454590e-01 2.690642595291137695e+00
9.999983906745910645e-01 1.758512225933372974e-03 -7.778732106089591980e-05 -3.756366204470396042e-03 -1.759315258823335171e-03 9.999272823333740234e-01 -1.192221604287624359e-02 -5.842334777116775513e-02 5.681510083377361298e-05 1.192233432084321976e-02 9.999288320541381836e-01 3.562583923339843750e+00
9.999933242797851562e-01 3.130375174805521965e-03 -1.855874666944146156e-03 -3.610355313867330551e-03 -3.154365811496973038e-03 9.999095797538757324e-01 -1.306749135255813599e-02 -7.618314772844314575e-02 1.814799266867339611e-03 1.307325903326272964e-02 9.999127984046936035e-01 4.469716548919677734e+00
9.999907612800598145e-01 3.004464088007807732e-03 -3.067248500883579254e-03 -8.272253908216953278e-03 -3.042932134121656418e-03 9.999157190322875977e-01 -1.261460129171609879e-02 -1.000128984451293945e-01 3.029088489711284637e-03 1.262381765991449356e-02 9.999156594276428223e-01 5.391447067260742188e+00
9.999865293502807617e-01 2.949440386146306992e-03 -4.266804549843072891e-03 -1.370420493185520172e-02 -3.009981708601117134e-03 9.998938441276550293e-01 -1.425245776772499084e-02 -1.217218637466430664e-01 4.224313423037528992e-03 1.426510792225599289e-02 9.998892545700073242e-01 6.296897888183593750e+00
9.999782443046569824e-01 3.710423130542039871e-03 -5.444493610411882401e-03 -1.939330250024795532e-02 -3.763201646506786346e-03 9.999457001686096191e-01 -9.715879335999488831e-03 -1.398119479417800903e-01 5.408146884292364120e-03 9.736156091094017029e-03 9.999379515647888184e-01 7.085813999176025391e+00
9.999544620513916016e-01 4.244860727339982986e-03 -8.534534834325313568e-03 -2.867385745048522949e-02 -4.316928796470165253e-03 9.999549984931945801e-01 -8.443699218332767487e-03 -1.491076946258544922e-01 8.498307317495346069e-03 8.480157703161239624e-03 9.999278783798217773e-01 7.909075736999511719e+00
9.999104738235473633e-01 6.500478368252515793e-03 -1.168459374457597733e-02 -4.223832115530967712e-02 -6.565826945006847382e-03 9.999629259109497070e-01 -5.563263781368732452e-03 -1.599773019552230835e-01 1.164799649268388748e-02 5.639486480504274368e-03 9.999161958694458008e-01 8.693793296813964844e+00
9.998798966407775879e-01 7.317243609577417374e-03 -1.365505065768957138e-02 -5.247437208890914917e-02 -7.357405498623847961e-03 9.999687075614929199e-01 -2.893494907766580582e-03 -1.676542907953262329e-01 1.363345142453908920e-02 2.993615344166755676e-03 9.999025464057922363e-01 9.578372001647949219e+00
9.998740553855895996e-01 8.366405963897705078e-03 -1.347975619137287140e-02 -6.561534106731414795e-02 -8.416675031185150146e-03 9.999577403068542480e-01 -3.676992608234286308e-03 -1.803349852561950684e-01 1.344842277467250824e-02 3.789986483752727509e-03 9.999023675918579102e-01 1.041491985321044922e+01
9.998588562011718750e-01 8.207364939153194427e-03 -1.465525478124618530e-02 -7.759286463260650635e-02 -8.257280103862285614e-03 9.999602437019348145e-01 -3.348834579810500145e-03 -1.900292634963989258e-01 1.462718565016984940e-02 3.469376359134912491e-03 9.998869895935058594e-01 1.125042915344238281e+01
9.998425245285034180e-01 7.550595793873071671e-03 -1.605523563921451569e-02 -9.052731096744537354e-02 -7.593581452965736389e-03 9.999676346778869629e-01 -2.618249040096998215e-03 -1.978791058063507080e-01 1.603494584560394287e-02 2.739755203947424889e-03 9.998676776885986328e-01 1.208456802368164062e+01
9.998728632926940918e-01 7.000188343226909637e-03 -1.432005502283573151e-02 -1.019493415951728821e-01 -7.050558924674987793e-03 9.999690055847167969e-01 -3.470242489129304886e-03 -2.142747491598129272e-01 1.429531816393136978e-02 3.570768050849437714e-03 9.998914599418640137e-01 1.298335075378417969e+01
9.998838901519775391e-01 5.618212278932332993e-03 -1.415857020765542984e-02 -1.149615645408630371e-01 -5.703803151845932007e-03 9.999655485153198242e-01 -6.012266501784324646e-03 -2.329758554697036743e-01 1.412430312484502792e-02 6.092329043895006180e-03 9.998817443847656250e-01 1.386979198455810547e+01
9.998947381973266602e-01 5.487593356519937515e-03 -1.342369057238101959e-02 -1.252803504467010498e-01 -5.591438151895999908e-03 9.999545216560363770e-01 -7.710969075560569763e-03 -2.541295886039733887e-01 1.338076405227184296e-02 7.785218302160501480e-03 9.998801946640014648e-01 1.477348995208740234e+01
9.999222159385681152e-01 4.848152399063110352e-03 -1.148272957652807236e-02 -1.329608410596847534e-01 -4.952673334628343582e-03 9.999462962150573730e-01 -9.091960266232490540e-03 -2.723642587661743164e-01 1.143803168088197708e-02 9.148126468062400818e-03 9.998927116394042969e-01 1.562110137939453125e+01
9.998897314071655273e-01 4.911195952445268631e-03 -1.400980912148952484e-02 -1.460148841142654419e-01 -5.052606109529733658e-03 9.999364018440246582e-01 -1.007643900811672211e-02 -2.862604558467864990e-01 1.395942922681570053e-02 1.014611683785915375e-02 9.998510479927062988e-01 1.649780654907226562e+01
9.997839927673339844e-01 4.662852268666028976e-03 -2.024932205677032471e-02 -1.670572459697723389e-01 -4.776939284056425095e-03 9.999728798866271973e-01 -5.589836277067661285e-03 -2.990126609802246094e-01 2.022270858287811279e-02 5.685362499207258224e-03 9.997792840003967285e-01 1.741058158874511719e+01
9.997896552085876465e-01 4.104531835764646530e-03 -2.008660696446895599e-02 -1.869788318872451782e-01 -4.130763933062553406e-03 9.999906420707702637e-01 -1.265071332454681396e-03 -3.090905547142028809e-01 2.008122391998767853e-02 1.347781624644994736e-03 9.997974038124084473e-01 1.829980278015136719e+01
9.997649192810058594e-01 4.634642042219638824e-03 -2.117487415671348572e-02 -2.100081443786621094e-01 -4.628794267773628235e-03 9.999892115592956543e-01 3.247614949941635132e-04 -3.181121945381164551e-01 2.117614820599555969e-02 -2.266678493469953537e-04 9.997757077217102051e-01 1.926650238037109375e+01
9.997273683547973633e-01 4.712623544037342072e-03 -2.286462858319282532e-02 -2.340265959501266479e-01 -4.655708558857440948e-03 9.999859333038330078e-01 2.541403053328394890e-03 -3.219332098960876465e-01 2.287627942860126495e-02 -2.434256020933389664e-03 9.997352957725524902e-01 2.024896621704101562e+01
9.996777176856994629e-01 5.084328353404998779e-03 -2.486808411777019501e-02 -2.571328580379486084e-01 -4.937089048326015472e-03 9.999699592590332031e-01 5.978203844279050827e-03 -3.277814090251922607e-01 2.489772625267505646e-02 -5.853498354554176331e-03 9.996728301048278809e-01 2.119629859924316406e+01
9.996654987335205078e-01 6.044411100447177887e-03 -2.514297887682914734e-02 -2.811306416988372803e-01 -5.865720566362142563e-03 9.999570846557617188e-01 7.174223661422729492e-03 -3.307784795761108398e-01 2.518525905907154083e-02 -7.024339865893125534e-03 9.996580481529235840e-01 2.211026191711425781e+01
9.996592402458190918e-01 6.823573261499404907e-03 -2.519211731851100922e-02 -3.093138933181762695e-01 -6.572795566171407700e-03 9.999281764030456543e-01 1.002359576523303986e-02 -3.362336158752441406e-01 2.525870129466056824e-02 -9.854594245553016663e-03 9.996322989463806152e-01 2.322325515747070312e+01
9.996401667594909668e-01 8.095808327198028564e-03 -2.556833624839782715e-02 -3.336999416351318359e-01 -7.774621713906526566e-03 9.998899698257446289e-01 1.263597793877124786e-02 -3.348863720893859863e-01 2.566781826317310333e-02 -1.243264228105545044e-02 9.995931386947631836e-01 2.425464820861816406e+01
9.996358752250671387e-01 7.432275451719760895e-03 -2.593326941132545471e-02 -3.583531081676483154e-01 -7.039966061711311340e-03 9.998599290847778320e-01 1.518587395548820496e-02 -3.365037143230438232e-01 2.604249864816665649e-02 -1.499777100980281830e-02 9.995482563972473145e-01 2.523527145385742188e+01
9.996439218521118164e-01 8.690016344189643860e-03 -2.522388473153114319e-02 -3.869393765926361084e-01 -8.239894174039363861e-03 9.998059272766113281e-01 1.789410039782524109e-02 -3.321699500083923340e-01 2.537448890507221222e-02 -1.767988130450248718e-02 9.995215535163879395e-01 2.633738327026367188e+01
9.996560215950012207e-01 9.328812360763549805e-03 -2.450647018849849701e-02 -4.104861021041870117e-01 -8.915624581277370453e-03 9.998171329498291016e-01 1.691550202667713165e-02 -3.262890279293060303e-01 2.465979196131229401e-02 -1.669118553400039673e-02 9.995564818382263184e-01 2.729850387573242188e+01
9.996895194053649902e-01 8.229045197367668152e-03 -2.351381257176399231e-02 -4.403722286224365234e-01 -7.886927574872970581e-03 9.998621344566345215e-01 1.460516732186079025e-02 -3.303008675575256348e-01 2.363076061010360718e-02 -1.441517286002635956e-02 9.996167421340942383e-01 2.842137336730957031e+01
9.997022747993469238e-01 8.656169287860393524e-03 -2.280806936323642731e-02 -4.691888689994812012e-01 -8.412264287471771240e-03 9.999065995216369629e-01 1.076774019747972488e-02 -3.369338810443878174e-01 2.289914712309837341e-02 -1.057265885174274445e-02 9.996817708015441895e-01 2.952377891540527344e+01
9.997215270996093750e-01 9.293041191995143890e-03 -2.168734185397624969e-02 -4.930783808231353760e-01 -9.004917927086353302e-03 9.998703598976135254e-01 1.334500499069690704e-02 -3.373508155345916748e-01 2.180854417383670807e-02 -1.314598694443702698e-02 9.996756315231323242e-01 3.063063621520996094e+01
9.997482299804687500e-01 9.345017373561859131e-03 -2.039625123143196106e-02 -5.159342885017395020e-01 -8.987894281744956970e-03 9.998058676719665527e-01 1.753088459372520447e-02 -3.399203419685363770e-01 2.055611647665500641e-02 -1.734314300119876862e-02 9.996381402015686035e-01 3.174234962463378906e+01
9.997327923774719238e-01 1.008403208106756210e-02 -2.079790644347667694e-02 -5.374737381935119629e-01 -9.638274088501930237e-03 9.997239112854003906e-01 2.142246998846530914e-02 -3.336467444896697998e-01 2.100819163024425507e-02 -2.121628075838088989e-02 9.995540380477905273e-01 3.285920333862304688e+01
9.997704625129699707e-01 1.002234779298305511e-02 -1.893376931548118591e-02 -5.573233366012573242e-01 -9.638423100113868713e-03 9.997481107711791992e-01 2.026035264134407043e-02 -3.260084986686706543e-01 1.913205906748771667e-02 -2.007320150732994080e-02 9.996153116226196289e-01 3.394321441650390625e+01
9.997442960739135742e-01 9.668936952948570251e-03 -2.043756283819675446e-02 -5.790258646011352539e-01 -9.332551620900630951e-03 9.998202919960021973e-01 1.649052836000919342e-02 -3.206804394721984863e-01 2.059333771467208862e-02 -1.629556715488433838e-02 9.996550083160400391e-01 3.503913879394531250e+01
9.997712969779968262e-01 8.317435160279273987e-03 -1.969944313168525696e-02 -6.028435230255126953e-01 -8.044366724789142609e-03 9.998708367347717285e-01 1.390019431710243225e-02 -3.255457282066345215e-01 1.981251500546932220e-02 -1.373853348195552826e-02 9.997091889381408691e-01 3.612051391601562500e+01
9.997608065605163574e-01 8.879866451025009155e-03 -1.998524367809295654e-02 -6.254859566688537598e-01 -8.678199723362922668e-03 9.999105930328369141e-01 1.015452854335308075e-02 -3.283497989177703857e-01 2.007362805306911469e-02 -9.978652000427246094e-03 9.997485876083374023e-01 3.721163558959960938e+01
9.997569918632507324e-01 8.562815375626087189e-03 -2.031117863953113556e-02 -6.490243077278137207e-01 -8.323640562593936920e-03 9.998951554298400879e-01 1.183054875582456589e-02 -3.361199796199798584e-01 2.041035331785678864e-02 -1.165859960019588470e-02 9.997236132621765137e-01 3.834371185302734375e+01
9.997461438179016113e-01 8.864289149641990662e-03 -2.071290090680122375e-02 -6.696134805679321289e-01 -8.592632599174976349e-03 9.998761415481567383e-01 1.316735334694385529e-02 -3.384663760662078857e-01 2.082705497741699219e-02 -1.298602018505334854e-02 9.996986985206604004e-01 3.943894577026367188e+01
9.997404217720031738e-01 8.702914230525493622e-03 -2.105389721691608429e-02 -6.938138604164123535e-01 -8.383196778595447540e-03 9.998486638069152832e-01 1.522615738213062286e-02 -3.421114981174468994e-01 2.118322439491748810e-02 -1.504569500684738159e-02 9.996622800827026367e-01 4.052443695068359375e+01
9.997354745864868164e-01 8.205579593777656555e-03 -2.148561924695968628e-02 -7.222677469253540039e-01 -7.858960889279842377e-03 9.998381137847900391e-01 1.616725325584411621e-02 -3.459464907646179199e-01 2.161480486392974854e-02 -1.599410921335220337e-02 9.996383190155029297e-01 4.163389968872070312e+01
9.997467994689941406e-01 8.313431404531002045e-03 -2.090880647301673889e-02 -7.492242455482482910e-01 -7.886460050940513611e-03 9.997600913047790527e-01 2.042048983275890350e-02 -3.464811444282531738e-01 2.107355929911136627e-02 -2.025040984153747559e-02 9.995726943016052246e-01 4.279402542114257812e+01
9.997254014015197754e-01 8.337395265698432922e-03 -2.189714834094047546e-02 -7.741639614105224609e-01 -7.829565554857254028e-03 9.997004866600036621e-01 2.317541465163230896e-02 -3.412055075168609619e-01 2.208381704986095428e-02 -2.299759536981582642e-02 9.994914531707763672e-01 4.390679168701171875e+01
9.996672868728637695e-01 8.620341308414936066e-03 -2.430710196495056152e-02 -8.031642436981201172e-01 -8.021029643714427948e-03 9.996638298034667969e-01 2.464606985449790955e-02 -3.360122740268707275e-01 2.451139315962791443e-02 -2.444289438426494598e-02 9.994005560874938965e-01 4.501974868774414062e+01
9.996386766433715820e-01 9.440746158361434937e-03 -2.516293153166770935e-02 -8.279537558555603027e-01 -8.828437887132167816e-03 9.996646642684936523e-01 2.433440089225769043e-02 -3.234571218490600586e-01 2.538423240184783936e-02 -2.410345152020454407e-02 9.993870258331298828e-01 4.600991058349609375e+01
9.996349215507507324e-01 1.003044750541448593e-02 -2.508689090609550476e-02 -8.502303361892700195e-01 -9.458363056182861328e-03 9.996945858001708984e-01 2.281940169632434845e-02 -3.109495043754577637e-01 2.530812472105026245e-02 -2.257378026843070984e-02 9.994246959686279297e-01 4.698182296752929688e+01
9.996086359024047852e-01 1.016376726329326630e-02 -2.606084570288658142e-02 -8.751025199890136719e-01 -9.459922090172767639e-03 9.995906352996826172e-01 2.698994241654872894e-02 -3.027710616588592529e-01 2.632450498640537262e-02 -2.673283591866493225e-02 9.992958307266235352e-01 4.793993759155273438e+01
9.996157288551330566e-01 1.088250707834959030e-02 -2.549170516431331635e-02 -9.024855494499206543e-01 -1.010372675955295563e-02 9.994839429855346680e-01 3.048213571310043335e-02 -2.898452281951904297e-01 2.581028081476688385e-02 -3.021285310387611389e-02 9.992100596427917480e-01 4.894655990600585938e+01
9.996529221534729004e-01 1.029682625085115433e-02 -2.424440905451774597e-02 -9.247592091560363770e-01 -9.531582705676555634e-03 9.994589090347290039e-01 3.147017583250999451e-02 -2.698131501674652100e-01 2.455534227192401886e-02 -3.122815489768981934e-02 9.992104768753051758e-01 4.992446136474609375e+01
9.996997714042663574e-01 8.670957759022712708e-03 -2.291272766888141632e-02 -9.450990557670593262e-01 -8.007559925317764282e-03 9.995502233505249023e-01 2.888773754239082336e-02 -2.603340148925781250e-01 2.315291576087474823e-02 -2.869557775557041168e-02 9.993199110031127930e-01 5.080454254150390625e+01
9.997159838676452637e-01 7.012086920440196991e-03 -2.277247980237007141e-02 -9.726956486701965332e-01 -6.436390336602926254e-03 9.996598958969116211e-01 2.525567449629306793e-02 -2.502655386924743652e-01 2.294184081256389618e-02 -2.510191500186920166e-02 9.994214773178100586e-01 5.169637680053710938e+01
9.996523857116699219e-01 7.929052226245403290e-03 -2.514103613793849945e-02 -1.001346230506896973e+00 -7.249505724757909775e-03 9.996085166931152344e-01 2.700590714812278748e-02 -2.373402118682861328e-01 2.534533850848674774e-02 -2.681424468755722046e-02 9.993188977241516113e-01 5.274937820434570312e+01
9.996145963668823242e-01 7.543909829109907150e-03 -2.671452611684799194e-02 -1.030066370964050293e+00 -6.741182878613471985e-03 9.995263218879699707e-01 3.001156635582447052e-02 -2.205312550067901611e-01 2.692829258739948273e-02 -2.981989830732345581e-02 9.991922974586486816e-01 5.378332901000976562e+01
9.995760321617126465e-01 7.990325801074504852e-03 -2.799627929925918579e-02 -1.061510324478149414e+00 -7.166413124650716782e-03 9.995413422584533691e-01 2.940676920115947723e-02 -2.034732252359390259e-01 2.821842581033706665e-02 -2.919365279376506805e-02 9.991751909255981445e-01 5.481847381591796875e+01
9.994581937789916992e-01 9.088145568966865540e-03 -3.163371980190277100e-02 -1.097938776016235352e+00 -8.135749958455562592e-03 9.995130300521850586e-01 3.010625764727592468e-02 -1.919020861387252808e-01 3.189194574952125549e-02 -2.983256429433822632e-02 9.990458488464355469e-01 5.586104965209960938e+01
9.994468092918395996e-01 8.802602998912334442e-03 -3.207066655158996582e-02 -1.138889789581298828e+00 -7.795600686222314835e-03 9.994762539863586426e-01 3.139002993702888489e-02 -1.782332509756088257e-01 3.233020380139350891e-02 -3.112263791263103485e-02 9.989924430847167969e-01 5.691411590576171875e+01
9.994457960128784180e-01 9.619788266718387604e-03 -3.186630457639694214e-02 -1.172562718391418457e+00 -8.615160360932350159e-03 9.994655847549438477e-01 3.151467815041542053e-02 -1.604436337947845459e-01 3.215245530009269714e-02 -3.122266381978988647e-02 9.989950656890869141e-01 5.796328735351562500e+01
9.995043873786926270e-01 1.036401744931936264e-02 -2.972260676324367523e-02 -1.199800252914428711e+00 -9.412991814315319061e-03 9.994443058967590332e-01 3.195967525243759155e-02 -1.492889672517776489e-01 3.003733232617378235e-02 -3.166403993964195251e-02 9.990470409393310547e-01 5.882907485961914062e+01
9.994710683822631836e-01 9.696050547063350677e-03 -3.103870898485183716e-02 -1.231232762336730957e+00 -8.713524788618087769e-03 9.994609355926513672e-01 3.163470700383186340e-02 -1.347806453704833984e-01 3.132872283458709717e-02 -3.134749829769134521e-02 9.990173578262329102e-01 5.973578262329101562e+01
9.994833469390869141e-01 9.682001546025276184e-03 -3.064675442874431610e-02 -1.258919835090637207e+00 -8.666519075632095337e-03 9.994140267372131348e-01 3.309582173824310303e-02 -1.156153604388237000e-01 3.094924427568912506e-02 -3.281310200691223145e-02 9.989821314811706543e-01 6.069266891479492188e+01
9.994859695434570312e-01 9.882435202598571777e-03 -3.049923665821552277e-02 -1.294557809829711914e+00 -8.839108049869537354e-03 9.993768930435180664e-01 3.415515646338462830e-02 -9.818435460329055786e-02 3.081778436899185181e-02 -3.386798873543739319e-02 9.989509582519531250e-01 6.185214996337890625e+01
9.994846582412719727e-01 9.435851126909255981e-03 -3.068424016237258911e-02 -1.323787093162536621e+00 -8.453570306301116943e-03 9.994519948959350586e-01 3.198577836155891418e-02 -8.096132427453994751e-02 3.096925467252731323e-02 -3.170987963676452637e-02 9.990171194076538086e-01 6.273804473876953125e+01
9.994972944259643555e-01 9.007179178297519684e-03 -3.040021844208240509e-02 -1.357459425926208496e+00 -8.124651387333869934e-03 9.995449781417846680e-01 2.902961522340774536e-02 -6.789152324199676514e-02 3.064787760376930237e-02 -2.876800671219825745e-02 9.991160631179809570e-01 6.388397598266601562e+01
9.994866847991943359e-01 8.406937122344970703e-03 -3.091699071228504181e-02 -1.394331932067871094e+00 -7.655882742255926132e-03 9.996740818023681641e-01 2.433089725673198700e-02 -5.999626964330673218e-02 3.111148066818714142e-02 -2.408168651163578033e-02 9.992256164550781250e-01 6.489120483398437500e+01
9.994755387306213379e-01 9.440744295716285706e-03 -3.097985312342643738e-02 -1.428870081901550293e+00 -8.699532598257064819e-03 9.996742010116577148e-01 2.397337555885314941e-02 -5.169486254453659058e-02 3.119610249996185303e-02 -2.369126677513122559e-02 9.992322921752929688e-01 6.593424224853515625e+01
9.994778633117675781e-01 9.314472787082195282e-03 -3.094218112528324127e-02 -1.463157296180725098e+00 -8.507966995239257812e-03 9.996227025985717773e-01 2.609468996524810791e-02 -4.376866668462753296e-02 3.117358312010765076e-02 -2.581778354942798615e-02 9.991803169250488281e-01 6.699286651611328125e+01
9.994357228279113770e-01 9.294111281633377075e-03 -3.228100389242172241e-02 -1.497733831405639648e+00 -8.475081995129585266e-03 9.996404647827148438e-01 2.541628666222095490e-02 -3.093581087887287140e-02 3.250563517212867737e-02 -2.512833476066589355e-02 9.991554617881774902e-01 6.804027557373046875e+01
9.994606971740722656e-01 8.930525742471218109e-03 -3.160204738378524780e-02 -1.525594711303710938e+00 -8.177863433957099915e-03 9.996811747550964355e-01 2.386609464883804321e-02 -2.198223769664764404e-02 3.180512413382530212e-02 -2.359476312994956970e-02 9.992154240608215332e-01 6.893742370605468750e+01
9.994348883628845215e-01 8.481132797896862030e-03 -3.252708539366722107e-02 -1.559834241867065430e+00 -7.648503873497247696e-03 9.996414780616760254e-01 2.563716657459735870e-02 -1.651698164641857147e-02 3.273287042975425720e-02 -2.537387609481811523e-02 9.991418123245239258e-01 6.983551025390625000e+01
9.995083808898925781e-01 8.948504924774169922e-03 -3.005036711692810059e-02 -1.591744184494018555e+00 -8.064155466854572296e-03 9.995339512825012207e-01 2.942186966538429260e-02 -7.422095164656639099e-03 3.029965795576572418e-02 -2.916505746543407440e-02 9.991150498390197754e-01 7.088896942138671875e+01
9.995799660682678223e-01 8.626664988696575165e-03 -2.766807749867439270e-02 -1.615558266639709473e+00 -7.814500480890274048e-03 9.995386600494384766e-01 2.932848408818244934e-02 7.429615594446659088e-03 2.790833264589309692e-02 -2.909993566572666168e-02 9.991865754127502441e-01 7.177883148193359375e+01
9.996386766433715820e-01 9.121913462877273560e-03 -2.528448961675167084e-02 -1.636148095130920410e+00 -8.323271758854389191e-03 9.994680881500244141e-01 3.151309117674827576e-02 2.039615064859390259e-02 2.555851265788078308e-02 -3.129124268889427185e-02 9.991831779479980469e-01 7.266762542724609375e+01
9.996879696846008301e-01 1.105787418782711029e-02 -2.240039967000484467e-02 -1.659007549285888672e+00 -1.027684379369020462e-02 9.993448257446289062e-01 3.468639403581619263e-02 4.092855378985404968e-02 2.276929467916488647e-02 -3.444535285234451294e-02 9.991468787193298340e-01 7.370455932617187500e+01
9.997330904006958008e-01 1.071806345134973526e-02 -2.047072723507881165e-02 -1.674877285957336426e+00 -9.923834353685379028e-03 9.992082118988037109e-01 3.851307183504104614e-02 6.509488821029663086e-02 2.086731605231761932e-02 -3.829963132739067078e-02 9.990481138229370117e-01 7.454628753662109375e+01
9.997771978378295898e-01 1.081298105418682098e-02 -1.813184469938278198e-02 -1.689844131469726562e+00 -1.006811857223510742e-02 9.991209506988525391e-01 4.067975282669067383e-02 9.113054722547531128e-02 1.855578459799289703e-02 -4.048812016844749451e-02 9.990074634552001953e-01 7.542689514160156250e+01
9.997850060462951660e-01 1.137958746403455734e-02 -1.733818650245666504e-02 -1.704172015190124512e+00 -1.072566304355859756e-02 9.992440342903137207e-01 3.735252842307090759e-02 1.089710742235183716e-01 1.775014586746692657e-02 -3.715851902961730957e-02 9.991515278816223145e-01 7.627746582031250000e+01
9.998276233673095703e-01 1.211325451731681824e-02 -1.407974958419799805e-02 -1.716260194778442383e+00 -1.165297348052263260e-02 9.994089007377624512e-01 3.232485428452491760e-02 1.285371184349060059e-01 1.446299627423286438e-02 -3.215519338846206665e-02 9.993780255317687988e-01 7.721810150146484375e+01
9.998529553413391113e-01 1.158937253057956696e-02 -1.264935079962015152e-02 -1.729307055473327637e+00 -1.120292861014604568e-02 9.994804263114929199e-01 3.020421601831912994e-02 1.373344659805297852e-01 1.299283560365438461e-02 -3.005804680287837982e-02 9.994634985923767090e-01 7.810790252685546875e+01
9.998683333396911621e-01 1.192766241729259491e-02 -1.101597119122743607e-02 -1.738456130027770996e+00 -1.162111014127731323e-02 9.995542168617248535e-01 2.748349867761135101e-02 1.461545675992965698e-01 1.133888307958841324e-02 -2.735184319317340851e-02 9.995613098144531250e-01 7.898340606689453125e+01
9.999017715454101562e-01 1.076082978397607803e-02 -9.001323953270912170e-03 -1.742426276206970215e+00 -1.045021228492259979e-02 9.993710517883300781e-01 3.386964648962020874e-02 1.566219627857208252e-01 9.360134601593017578e-03 -3.377223387360572815e-02 9.993854761123657227e-01 7.970624542236328125e+01
9.999071955680847168e-01 1.084555499255657196e-02 -8.261585608124732971e-03 -1.751901030540466309e+00 -1.052671018987894058e-02 9.992328882217407227e-01 3.770432621240615845e-02 1.744307279586791992e-01 8.664179593324661255e-03 -3.761384263634681702e-02 9.992545247077941895e-01 8.057189941406250000e+01
9.999155998229980469e-01 1.135926693677902222e-02 -6.324465386569499969e-03 -1.757730007171630859e+00 -1.114452350884675980e-02 9.993922114372253418e-01 3.301068022847175598e-02 1.896473914384841919e-01 6.695605814456939697e-03 -3.293739631772041321e-02 9.994347095489501953e-01 8.143640899658203125e+01
9.999087452888488770e-01 1.201595924794673920e-02 -6.197590380907058716e-03 -1.764170885086059570e+00 -1.182340551167726517e-02 9.994726777076721191e-01 3.022002801299095154e-02 2.082117497920989990e-01 6.557452492415904999e-03 -3.014398179948329926e-02 9.995237588882446289e-01 8.260411071777343750e+01
9.999230504035949707e-01 1.176493801176548004e-02 -3.970896825194358826e-03 -1.769624114036560059e+00 -1.164944842457771301e-02 9.995408058166503906e-01 2.794774621725082397e-02 2.198813855648040771e-01 4.297884181141853333e-03 -2.789932489395141602e-02 9.996011853218078613e-01 8.375524139404296875e+01
9.999181032180786133e-01 1.271982770413160324e-02 -1.532654976472258568e-03 -1.770276546478271484e+00 -1.267454680055379868e-02 9.995649456977844238e-01 2.660638093948364258e-02 2.335893511772155762e-01 1.870422856882214546e-03 -2.658476121723651886e-02 9.996445178985595703e-01 8.460964965820312500e+01
9.999208450317382812e-01 1.258505322039127350e-02 5.962107097730040550e-04 -1.768128752708435059e+00 -1.259687636047601700e-02 9.995186328887939453e-01 2.832684479653835297e-02 2.496758699417114258e-01 -2.394231269136071205e-04 -2.833209745585918427e-02 9.995982050895690918e-01 8.549799346923828125e+01
9.999208450317382812e-01 1.255460362881422043e-02 1.065610907971858978e-03 -1.767990469932556152e+00 -1.258185971528291702e-02 9.994270205497741699e-01 3.139815106987953186e-02 2.668218612670898438e-01 -6.708033615723252296e-04 -3.140905499458312988e-02 9.995060563087463379e-01 8.654156494140625000e+01
9.999165534973144531e-01 1.277077011764049530e-02 2.068792004138231277e-03 -1.764903783798217773e+00 -1.283458527177572250e-02 9.993207454681396484e-01 3.452339395880699158e-02 2.892368435859680176e-01 -1.626490848138928413e-03 -3.454704582691192627e-02 9.994014501571655273e-01 8.761100769042968750e+01
9.999232888221740723e-01 1.240033935755491257e-02 3.795287339016795158e-04 -1.766755342483520508e+00 -1.240581180900335312e-02 9.992086887359619141e-01 3.777023404836654663e-02 3.090127110481262207e-01 8.914095815271139145e-05 -3.777202591300010681e-02 9.992860555648803711e-01 8.860524749755859375e+01
9.999082684516906738e-01 1.293474808335304260e-02 4.071194212883710861e-03 -1.758359909057617188e+00 -1.307759433984756470e-02 9.992187023162841797e-01 3.727539256215095520e-02 3.351039886474609375e-01 -3.585860366001725197e-03 -3.732519596815109253e-02 9.992964267730712891e-01 8.948999786376953125e+01
9.997643828392028809e-01 1.260787900537252426e-02 1.768074370920658112e-02 -1.735868811607360840e+00 -1.320828776806592941e-02 9.993247985839843750e-01 3.426420688629150391e-02 3.496220409870147705e-01 -1.723680458962917328e-02 -3.448964655399322510e-02 9.992560744285583496e-01 9.007850646972656250e+01
9.993492960929870605e-01 9.712398983538150787e-03 3.474050015211105347e-02 -1.703081369400024414e+00 -1.096299104392528534e-02 9.992912411689758301e-01 3.599095717072486877e-02 3.612933158874511719e-01 -3.436632081866264343e-02 -3.634837269783020020e-02 9.987477660179138184e-01 9.060694885253906250e+01
9.986797571182250977e-01 8.280358277261257172e-03 5.069783329963684082e-02 -1.664782524108886719e+00 -1.036872155964374542e-02 9.991017580032348633e-01 4.106913506984710693e-02 3.764901459217071533e-01 -5.031223222613334656e-02 -4.154056683182716370e-02 9.978689551353454590e-01 9.116553497314453125e+01
9.971110224723815918e-01 6.427098065614700317e-03 7.568670809268951416e-02 -1.621738314628601074e+00 -9.813805110752582550e-03 9.989622235298156738e-01 4.445995762944221497e-02 3.877210319042205811e-01 -7.532242685556411743e-02 -4.507426917552947998e-02 9.961396455764770508e-01 9.156200408935546875e+01
9.952706098556518555e-01 7.015024777501821518e-03 9.688897430896759033e-02 -1.573440432548522949e+00 -1.166858710348606110e-02 9.988000392913818359e-01 4.754722118377685547e-02 4.024771451950073242e-01 -9.643919020891189575e-02 -4.845289140939712524e-02 9.941585063934326172e-01 9.202509307861328125e+01
9.923007488250732422e-01 8.021372370421886444e-03 1.235926300287246704e-01 -1.488769292831420898e+00 -1.381296105682849884e-02 9.988417029380798340e-01 4.607506468892097473e-02 4.190221428871154785e-01 -1.230799108743667603e-01 -4.742748290300369263e-02 9.912624955177307129e-01 9.263439178466796875e+01
9.889220595359802246e-01 7.693565450608730316e-03 1.482371985912322998e-01 -1.410670161247253418e+00 -1.488723233342170715e-02 9.987605214118957520e-01 4.747994989156723022e-02 4.259992539882659912e-01 -1.476881951093673706e-01 -4.916078969836235046e-02 9.878111481666564941e-01 9.307023620605468750e+01
9.861515164375305176e-01 5.231307353824377060e-03 1.657652854919433594e-01 -1.290344238281250000e+00 -1.392352394759654999e-02 9.985845685005187988e-01 5.131840705871582031e-02 4.464094340801239014e-01 -1.652622222900390625e-01 -5.291574448347091675e-02 9.848287701606750488e-01 9.371628570556640625e+01
9.815481305122375488e-01 5.731995217502117157e-03 1.911302506923675537e-01 -1.205021023750305176e+00 -1.605364494025707245e-02 9.984912276268005371e-01 5.249867588281631470e-02 4.621788859367370605e-01 -1.905409991741180420e-01 -5.459829792380332947e-02 9.801594614982604980e-01 9.402074432373046875e+01
9.762241244316101074e-01 4.994302056729793549e-03 2.167067974805831909e-01 -1.127493977546691895e+00 -1.755170896649360657e-02 9.982722997665405273e-01 5.606069043278694153e-02 4.741825759410858154e-01 -2.160524576902389526e-01 -5.853135883808135986e-02 9.746254682540893555e-01 9.428927612304687500e+01
9.655416011810302734e-01 1.772318966686725616e-03 2.602434754371643066e-01 -9.822762012481689453e-01 -1.605709455907344818e-02 9.984765648841857910e-01 5.277432128787040710e-02 4.908045828342437744e-01 -2.597535550594329834e-01 -5.513454601168632507e-02 9.640994071960449219e-01 9.468750000000000000e+01
9.548384547233581543e-01 -4.595860838890075684e-03 2.970906198024749756e-01 -8.544145822525024414e-01 -1.075058337301015854e-02 9.986905455589294434e-01 5.000128224492073059e-02 4.987546205520629883e-01 -2.969314754009246826e-01 -5.093703046441078186e-02 9.535388946533203125e-01 9.498798370361328125e+01
9.473868608474731445e-01 -5.066977813839912415e-03 3.200514018535614014e-01 -7.346836328506469727e-01 -1.078521925956010818e-02 9.988008737564086914e-01 4.773820564150810242e-02 5.130750536918640137e-01 -3.199096024036407471e-01 -4.867835715413093567e-02 9.461963176727294922e-01 9.530136871337890625e+01
9.385467767715454102e-01 -4.451905842870473862e-03 3.451241850852966309e-01 -5.592998266220092773e-01 -1.149236038327217102e-02 9.989585280418395996e-01 4.413885623216629028e-02 5.239494442939758301e-01 -3.449613749980926514e-01 -4.539265483617782593e-02 9.375182390213012695e-01 9.571192169189453125e+01
9.292304515838623047e-01 -2.753711771219968796e-03 3.694912195205688477e-01 -4.015193581581115723e-01 -1.383175700902938843e-02 9.990113973617553711e-01 4.223072156310081482e-02 5.381849408149719238e-01 -3.692423403263092041e-01 -4.435277357697486877e-02 9.282737374305725098e-01 9.603243255615234375e+01
9.137409925460815430e-01 -5.806380417197942734e-03 4.062564373016357422e-01 -2.884584069252014160e-01 -1.120080426335334778e-02 9.991571307182312012e-01 3.947289660573005676e-02 5.476949214935302734e-01 -4.061433672904968262e-01 -4.061838984489440918e-02 9.129057526588439941e-01 9.620156097412109375e+01
9.036314487457275391e-01 -5.716841667890548706e-03 4.282735586166381836e-01 -7.643926143646240234e-02 -1.179285906255245209e-02 9.991989731788635254e-01 3.822009265422821045e-02 5.635545849800109863e-01 -4.281491935253143311e-01 -3.958743065595626831e-02 9.028401374816894531e-01 9.661830139160156250e+01
8.812264204025268555e-01 -5.043099634349346161e-03 4.726682007312774658e-01 8.193662762641906738e-02 -1.476612593978643417e-02 9.991606473922729492e-01 3.818992525339126587e-02 5.724109411239624023e-01 -4.724642038345336914e-01 -4.063343256711959839e-02 8.804122209548950195e-01 9.680364227294921875e+01
8.572876453399658203e-01 -4.548382014036178589e-03 5.148183107376098633e-01 2.174108177423477173e-01 -1.700738817453384399e-02 9.991642832756042480e-01 3.714863583445549011e-02 5.793688893318176270e-01 -5.145571827888488770e-01 -4.060276597738265991e-02 8.564937114715576172e-01 9.693334960937500000e+01
8.379458785057067871e-01 -2.818255918100476265e-03 5.457465648651123047e-01 3.572742640972137451e-01 -1.938456855714321136e-02 9.992012977600097656e-01 3.492320328950881958e-02 5.854397416114807129e-01 -5.454092621803283691e-01 -3.984280675649642944e-02 8.372218608856201172e-01 9.708321380615234375e+01
8.233285546302795410e-01 1.634888001717627048e-03 5.675630569458007812e-01 4.654881358146667480e-01 -2.383384853601455688e-02 9.992126226425170898e-01 3.169600293040275574e-02 5.901095271110534668e-01 -5.670645833015441895e-01 -3.962343931198120117e-02 8.227191567420959473e-01 9.720563507080078125e+01
8.084222674369812012e-01 -4.795845597982406616e-06 5.886032581329345703e-01 7.688862085342407227e-01 -2.425513602793216705e-02 9.991495609283447266e-01 3.332155197858810425e-02 5.971589088439941406e-01 -5.881031155586242676e-01 -4.121453687548637390e-02 8.077344894409179688e-01 9.759746551513671875e+01
8.005345463752746582e-01 2.478405367583036423e-04 5.992868542671203613e-01 1.043072819709777832e+00 -2.144665829837322235e-02 9.993704557418823242e-01 2.823541685938835144e-02 6.049659252166748047e-01 -5.989027619361877441e-01 -3.545612469315528870e-02 8.000357151031494141e-01 9.794816589355468750e+01
7.787817120552062988e-01 1.635930966585874557e-03 6.272931694984436035e-01 1.377922058105468750e+00 -2.222253382205963135e-02 9.994401335716247559e-01 2.498272620141506195e-02 5.986140966415405273e-01 -6.269013285636901855e-01 -3.339613229036331177e-02 7.783818244934082031e-01 9.832291412353515625e+01
7.654389142990112305e-01 5.136586725711822510e-03 6.434883475303649902e-01 1.635670900344848633e+00 -2.603715285658836365e-02 9.993957281112670898e-01 2.299400418996810913e-02 6.006919741630554199e-01 -6.429816484451293945e-01 -3.435510769486427307e-02 7.651098966598510742e-01 9.862044525146484375e+01
7.399742603302001953e-01 7.072512060403823853e-03 6.725983023643493652e-01 2.002397298812866211e+00 -2.773885428905487061e-02 9.994142055511474609e-01 2.000848576426506042e-02 6.017893552780151367e-01 -6.720629930496215820e-01 -3.346286714076995850e-02 7.397366762161254883e-01 9.899703216552734375e+01
7.269725799560546875e-01 5.877327639609575272e-03 6.866416931152343750e-01 2.346736192703247070e+00 -2.778960764408111572e-02 9.993952512741088867e-01 2.086752653121948242e-02 6.073768734931945801e-01 -6.861039400100708008e-01 -3.425161913037300110e-02 7.266958951950073242e-01 9.934358215332031250e+01
7.145248651504516602e-01 5.735653452575206757e-03 6.995869278907775879e-01 2.770582199096679688e+00 -2.863308228552341461e-02 9.993675947189331055e-01 2.105103246867656708e-02 6.133206486701965332e-01 -6.990238428115844727e-01 -3.507281094789505005e-02 7.142368555068969727e-01 9.976114654541015625e+01
7.055572867393493652e-01 5.274588707834482193e-03 7.086336612701416016e-01 3.133210420608520508e+00 -2.732321992516517639e-02 9.994305372238159180e-01 1.976552233099937439e-02 6.146479845046997070e-01 -7.081259489059448242e-01 -3.330785408616065979e-02 7.052991986274719238e-01 1.001182785034179688e+02
6.909879446029663086e-01 3.568511223420500755e-03 7.228578925132751465e-01 3.613117933273315430e+00 -2.898344770073890686e-02 9.993197917938232422e-01 2.277229353785514832e-02 6.227031946182250977e-01 -7.222849726676940918e-01 -3.668628633022308350e-02 6.906208992004394531e-01 1.005606079101562500e+02
6.778932213783264160e-01 1.560873235575854778e-03 7.351591587066650391e-01 4.050030708312988281e+00 -2.866327203810214996e-02 9.992928504943847656e-01 2.430885098874568939e-02 6.253750920295715332e-01 -7.346012592315673828e-01 -3.755086287856101990e-02 6.774581670761108398e-01 1.009439926147460938e+02
6.680555343627929688e-01 -5.818896461278200150e-03 7.440890669822692871e-01 4.502584457397460938e+00 -2.578568272292613983e-02 9.991871714591979980e-01 3.096462599933147430e-02 6.320858001708984375e-01 -7.436643838882446289e-01 -3.987292572855949402e-02 6.673620343208312988e-01 1.013374938964843750e+02
6.561005711555480957e-01 -7.384458556771278381e-03 7.546377778053283691e-01 4.989976406097412109e+00 -2.271147072315216064e-02 9.993053674697875977e-01 2.952455356717109680e-02 6.409593820571899414e-01 -7.543314695358276367e-01 -3.650999814271926880e-02 6.554766893386840820e-01 1.017492675781250000e+02
6.412616372108459473e-01 -6.050635129213333130e-03 7.672988772392272949e-01 5.441901206970214844e+00 -2.278423123061656952e-02 9.993771910667419434e-01 2.692239917814731598e-02 6.508520841598510742e-01 -7.669837474822998047e-01 -3.474660217761993408e-02 6.407240629196166992e-01 1.021061706542968750e+02
6.317424178123474121e-01 -6.103930994868278503e-03 7.751547694206237793e-01 5.836014747619628906e+00 -2.405546605587005615e-02 9.993323683738708496e-01 2.747414633631706238e-02 6.553261280059814453e-01 -7.748048305511474609e-01 -3.600328043103218079e-02 6.311734318733215332e-01 1.024184875488281250e+02
6.207475662231445312e-01 -1.018934324383735657e-02 7.839447259902954102e-01 6.237222194671630859e+00 -2.444426342844963074e-02 9.991772174835205078e-01 3.234241902828216553e-02 6.669166684150695801e-01 -7.836291193962097168e-01 -3.923940286040306091e-02 6.199873685836791992e-01 1.027261352539062500e+02
6.099905967712402344e-01 -1.118775364011526108e-02 7.923301458358764648e-01 6.663745403289794922e+00 -2.693492546677589417e-02 9.990290999412536621e-01 3.484271839261054993e-02 6.744964122772216797e-01 -7.919505238533020020e-01 -4.259505495429039001e-02 6.090966463088989258e-01 1.030476684570312500e+02
6.038588881492614746e-01 -1.234259176999330521e-02 7.969961166381835938e-01 7.066299438476562500e+00 -2.684342116117477417e-02 9.989973902702331543e-01 3.580927103757858276e-02 6.863644123077392578e-01 -7.966388463973999023e-01 -4.301781952381134033e-02 6.029217839241027832e-01 1.033433151245117188e+02
5.894441008567810059e-01 -1.168265286833047867e-02 8.077251315116882324e-01 7.474068641662597656e+00 -2.819193154573440552e-02 9.989881515502929688e-01 3.502230718731880188e-02 6.946135759353637695e-01 -8.073168396949768066e-01 -4.341499134898185730e-02 5.885179638862609863e-01 1.036138458251953125e+02
