9.999558925628662109e-01 -7.502667140215635300e-03 5.649852100759744644e-03 -3.073707222938537598e-02 7.506272289901971817e-03 9.999716281890869141e-01 -6.170821143314242363e-04 -1.767514646053314209e-02 -5.645062308758497238e-03 6.594642763957381248e-04 9.999838471412658691e-01 2.049791812896728516e+00
9.999029636383056641e-01 5.256034783087670803e-04 -1.392105594277381897e-02 -4.478537291288375854e-02 -5.385594558902084827e-04 9.999994635581970215e-01 -9.269937872886657715e-04 -4.074758291244506836e-02 1.392055861651897430e-02 9.344011778011918068e-04 9.999026656150817871e-01 4.005251884460449219e+00
9.998320341110229492e-01 -5.710897967219352722e-04 -1.831807196140289307e-02 -9.800015389919281006e-02 6.346714217215776443e-04 9.999938011169433594e-01 3.465312765911221504e-03 -7.246497273445129395e-02 1.831597834825515747e-02 -3.476355923339724541e-03 9.998261928558349609e-01 6.120302200317382812e+00
9.998162388801574707e-01 -3.429990028962492943e-03 -1.886013895273208618e-02 -1.265314370393753052e-01 3.601694479584693909e-03 9.999523162841796875e-01 9.077649563550949097e-03 -9.767547249794006348e-02 1.882810331881046295e-02 -9.143909439444541931e-03 9.997808933258056641e-01 8.285430908203125000e+00
9.996973872184753418e-01 -3.138640196993947029e-03 -2.439653500914573669e-02 -1.436752229928970337e-01 3.437080187723040581e-03 9.999196529388427734e-01 1.220057345926761627e-02 -1.083310842514038086e-01 2.435628138482570648e-02 -1.228073332458734512e-02 9.996278882026672363e-01 1.038072776794433594e+01
9.992386698722839355e-01 -4.593184683471918106e-03 -3.874233365058898926e-02 -2.020728737115859985e-01 5.302240606397390366e-03 9.998199939727783203e-01 1.821896061301231384e-02 -1.053692549467086792e-01 3.865167498588562012e-02 -1.841051131486892700e-02 9.990831017494201660e-01 1.240777015686035156e+01
9.993610382080078125e-01 -8.483041077852249146e-03 -3.472004830837249756e-02 -2.952772974967956543e-01 9.356608614325523376e-03 9.996417760848999023e-01 2.507559023797512054e-02 -1.126293465495109558e-01 3.449489176273345947e-02 -2.538442984223365784e-02 9.990823864936828613e-01 1.441652679443359375e+01
9.991665482521057129e-01 -1.351328659802675247e-02 -3.851712122559547424e-02 -3.933634757995605469e-01 1.456080190837383270e-02 9.995281100273132324e-01 2.704650349915027618e-02 -8.491057157516479492e-02 3.813345730304718018e-02 -2.758480049669742584e-02 9.988917708396911621e-01 1.673053169250488281e+01
9.994163513183593750e-01 -9.733431972563266754e-03 -3.274441510438919067e-02 -4.656147360801696777e-01 1.075467932969331741e-02 9.994565844535827637e-01 3.115819767117500305e-02 -9.064945578575134277e-02 3.242333978414535522e-02 -3.149216622114181519e-02 9.989778995513916016e-01 1.896617889404296875e+01
9.994149208068847656e-01 -1.772036775946617126e-02 -2.925445139408111572e-02 -5.238756537437438965e-01 1.865176483988761902e-02 9.993177056312561035e-01 3.187793120741844177e-02 -4.542204737663269043e-02 2.866959571838378906e-02 -3.240492567420005798e-02 9.990634322166442871e-01 2.108749771118164062e+01
9.992959499359130859e-01 -2.329091355204582214e-02 -2.941264957189559937e-02 -6.079877018928527832e-01 2.412037551403045654e-02 9.993121027946472168e-01 2.816814370453357697e-02 -5.806640535593032837e-02 2.873635105788707733e-02 -2.885775454342365265e-02 9.991702437400817871e-01 2.310809707641601562e+01
9.993329644203186035e-01 -2.010389417409896851e-02 -3.048679232597351074e-02 -6.775296926498413086e-01 2.102385275065898895e-02 9.993239045143127441e-01 3.016145713627338409e-02 -6.738118827342987061e-03 2.985981293022632599e-02 -3.078228607773780823e-02 9.990798830986022949e-01 2.519021034240722656e+01
9.988973736763000488e-01 -2.388921566307544708e-02 -4.041419178247451782e-02 -7.623804211616516113e-01 2.510993182659149170e-02 9.992352128028869629e-01 2.997205965220928192e-02 8.656155318021774292e-03 3.966727107763290405e-02 -3.095380403101444244e-02 9.987332820892333984e-01 2.721960830688476562e+01
9.985105395317077637e-01 -2.973011508584022522e-02 -4.574762284755706787e-02 -8.599552512168884277e-01 3.116625361144542694e-02 9.990330934524536133e-01 3.100615553557872772e-02 3.498464822769165039e-02 4.478157311677932739e-02 -3.238574787974357605e-02 9.984716176986694336e-01 2.934739875793457031e+01
9.984726309776306152e-01 -3.071262687444686890e-02 -4.592550173401832581e-02 -9.414170980453491211e-01 3.239682316780090332e-02 9.988123774528503418e-01 3.638898208737373352e-02 7.229679822921752930e-02 4.475336521863937378e-02 -3.782123327255249023e-02 9.982817173004150391e-01 3.157106971740722656e+01
9.983474612236022949e-01 -2.797409333288669586e-02 -5.019772425293922424e-02 -1.056415438652038574e+00 2.990023605525493622e-02 9.988287091255187988e-01 3.803929314017295837e-02 1.065013557672500610e-01 4.907482117414474487e-02 -3.947734832763671875e-02 9.980144500732421875e-01 3.388810348510742188e+01
9.981198906898498535e-01 -3.139343485236167908e-02 -5.264199525117874146e-02 -1.174809813499450684e+00 3.382088243961334229e-02 9.983745217323303223e-01 4.587363451719284058e-02 1.531866192817687988e-01 5.111629888415336609e-02 -4.756777733564376831e-02 9.975590109825134277e-01 3.598353195190429688e+01
9.980647563934326172e-01 -3.374436497688293457e-02 -5.223160237073898315e-02 -1.289387106895446777e+00 3.607429191470146179e-02 9.983654618263244629e-01 4.432678967714309692e-02 2.308027744293212891e-01 5.065045878291130066e-02 -4.612521827220916748e-02 9.976505041122436523e-01 3.818658447265625000e+01
9.976888298988342285e-01 -3.825589269399642944e-02 -5.615587159991264343e-02 -1.419946789741516113e+00 4.094841331243515015e-02 9.980263710021972656e-01 4.760629683732986450e-02 3.189896345138549805e-01 5.422383174300193787e-02 -4.979576170444488525e-02 9.972861409187316895e-01 4.064902114868164062e+01
9.971970915794372559e-01 -4.820622876286506653e-02 -5.721987038850784302e-02 -1.564062476158142090e+00 5.111264437437057495e-02 9.974168539047241211e-01 5.046606808900833130e-02 4.072081446647644043e-01 5.463929474353790283e-02 -5.324926599860191345e-02 9.970850348472595215e-01 4.317779159545898438e+01
9.960900545120239258e-01 -4.639569297432899475e-02 -7.517922669649124146e-02 -1.711054682731628418e+00 5.099611729383468628e-02 9.968660473823547363e-01 6.047443300485610962e-02 4.865368306636810303e-01 7.213787734508514404e-02 -6.407182663679122925e-02 9.953342676162719727e-01 4.559599304199218750e+01
9.957342743873596191e-01 -5.230827257037162781e-02 -7.600633054971694946e-02 -1.864631056785583496e+00 5.697080492973327637e-02 9.965391755104064941e-01 6.052817031741142273e-02 5.693578720092773438e-01 7.257717847824096680e-02 -6.460011005401611328e-02 9.952681660652160645e-01 4.796153259277343750e+01
9.958177208900451660e-01 -5.638457089662551880e-02 -7.188680768013000488e-02 -2.046169996261596680e+00 6.080067157745361328e-02 9.962962865829467773e-01 6.079872697591781616e-02 6.660964488983154297e-01 6.819247454404830933e-02 -6.491521000862121582e-02 9.955577254295349121e-01 5.030350112915039062e+01
9.949360489845275879e-01 -6.649385392665863037e-02 -7.536954432725906372e-02 -2.193751335144042969e+00 7.125008106231689453e-02 9.955121278762817383e-01 6.227754428982734680e-02 7.655739188194274902e-01 7.089024782180786133e-02 -6.733226776123046875e-02 9.952087402343750000e-01 5.254758071899414062e+01
9.941679239273071289e-01 -7.057135552167892456e-02 -8.154434710741043091e-02 -2.383053779602050781e+00 7.596817612648010254e-02 9.949831366539001465e-01 6.509114801883697510e-02 8.658722639083862305e-01 7.654169946908950806e-02 -7.090631872415542603e-02 9.945417046546936035e-01 5.483828735351562500e+01
9.940460324287414551e-01 -7.417958974838256836e-02 -7.980944961309432983e-02 -2.572396755218505859e+00 7.960767298936843872e-02 9.945632815361022949e-01 6.712726503610610962e-02 9.782096147537231445e-01 7.439608126878738403e-02 -7.308105379343032837e-02 9.945470690727233887e-01 5.721932983398437500e+01
9.933729767799377441e-01 -7.699078321456909180e-02 -8.533593267202377319e-02 -2.766789436340332031e+00 8.304361253976821899e-02 9.940978884696960449e-01 6.980542838573455811e-02 1.099203348159790039e+00 7.945790141820907593e-02 -7.642944902181625366e-02 9.939036369323730469e-01 5.973088073730468750e+01
9.918286204338073730e-01 -9.054560959339141846e-02 -8.987320959568023682e-02 -2.983660936355590820e+00 9.655059874057769775e-02 9.932112693786621094e-01 6.487727910280227661e-02 1.213767409324645996e+00 8.338873833417892456e-02 -7.302447408437728882e-02 9.938375949859619141e-01 6.205577468872070312e+01
9.906504154205322266e-01 -9.530547261238098145e-02 -9.761369973421096802e-02 -3.219094276428222656e+00 1.025892719626426697e-01 9.920759797096252441e-01 7.252909243106842041e-02 1.330954551696777344e+00 8.992779254913330078e-02 -8.186511695384979248e-02 9.925777316093444824e-01 6.432572174072265625e+01
9.896602630615234375e-01 -9.869267046451568604e-02 -1.040773987770080566e-01 -3.464359998703002930e+00 1.071561276912689209e-01 9.910886883735656738e-01 7.912356406450271606e-02 1.473677396774291992e+00 9.534102678298950195e-02 -8.945801109075546265e-02 9.914165139198303223e-01 6.668684387207031250e+01
9.890968799591064453e-01 -1.008829995989799500e-01 -1.072837933897972107e-01 -3.681891202926635742e+00 1.103338152170181274e-01 9.901549816131591797e-01 8.613633364439010620e-02 1.610019207000732422e+00 9.753788262605667114e-02 -9.703423082828521729e-02 9.904897809028625488e-01 6.895624542236328125e+01
9.869149923324584961e-01 -1.161265522241592407e-01 -1.118627637624740601e-01 -3.976596832275390625e+00 1.257394552230834961e-01 9.885780215263366699e-01 8.308391273021697998e-02 1.749726891517639160e+00 1.009368225932121277e-01 -9.606234729290008545e-02 9.902439117431640625e-01 7.150701141357421875e+01
9.862186908721923828e-01 -1.140680238604545593e-01 -1.198375746607780457e-01 -4.283038616180419922e+00 1.246760338544845581e-01 9.885421991348266602e-01 8.508831262588500977e-02 1.934346914291381836e+00 1.087586432695388794e-01 -9.885658323764801025e-02 9.891401529312133789e-01 7.400028991699218750e+01
9.851676821708679199e-01 -1.182819902896881104e-01 -1.243131607770919800e-01 -4.594548702239990234e+00 1.293259859085083008e-01 9.879641532897949219e-01 8.486177027225494385e-02 2.109213590621948242e+00 1.127793192863464355e-01 -9.968002885580062866e-02 9.886071085929870605e-01 7.652158355712890625e+01
9.831554889678955078e-01 -1.202302873134613037e-01 -1.376581192016601562e-01 -4.907323837280273438e+00 1.326004713773727417e-01 9.875609874725341797e-01 8.450030535459518433e-02 2.273078203201293945e+00 1.257862895727157593e-01 -1.013305038213729858e-01 9.868683815002441406e-01 7.900527954101562500e+01
9.826936125755310059e-01 -1.217173561453819275e-01 -1.396351456642150879e-01 -5.238234996795654297e+00 1.345032900571823120e-01 9.871669411659240723e-01 8.608271181583404541e-02 2.448670864105224609e+00 1.273654252290725708e-01 -1.033743470907211304e-01 9.864538311958312988e-01 8.137631225585937500e+01
9.819289445877075195e-01 -1.281570494174957275e-01 -1.392522752285003662e-01 -5.594712257385253906e+00 1.411960124969482422e-01 9.860491156578063965e-01 8.815155923366546631e-02 2.634966611862182617e+00 1.260123252868652344e-01 -1.062204539775848389e-01 9.863252639770507812e-01 8.400828552246093750e+01
9.817588329315185547e-01 -1.268004029989242554e-01 -1.416723579168319702e-01 -5.897438049316406250e+00 1.399880945682525635e-01 9.862945675849914551e-01 8.732821792364120483e-02 2.817372322082519531e+00 1.286574155092239380e-01 -1.055677160620689392e-01 9.860538840293884277e-01 8.628723144531250000e+01
9.811152815818786621e-01 -1.291427910327911377e-01 -1.439956128597259521e-01 -6.250560760498046875e+00 1.430106014013290405e-01 9.855757951736450195e-01 9.048787504434585571e-02 3.004133939743041992e+00 1.302327364683151245e-01 -1.093719601631164551e-01 9.854322671890258789e-01 8.885250854492187500e+01
9.815106391906738281e-01 -1.287910193204879761e-01 -1.415961533784866333e-01 -6.620065689086914062e+00 1.425507068634033203e-01 9.855281114578247070e-01 9.172458946704864502e-02 3.213134765625000000e+00 1.277336925268173218e-01 -1.102133244276046753e-01 9.856655597686767578e-01 9.139650726318359375e+01
9.805732369422912598e-01 -1.313170790672302246e-01 -1.457111537456512451e-01 -6.967096328735351562e+00 1.450086534023284912e-01 9.855392575263977051e-01 8.766270428895950317e-02 3.385097503662109375e+00 1.320924609899520874e-01 -1.070891171693801880e-01 9.854354262351989746e-01 9.391755676269531250e+01
9.796557426452636719e-01 -1.386973112821578979e-01 -1.450431495904922485e-01 -7.348857879638671875e+00 1.528421938419342041e-01 9.840179085731506348e-01 9.136631339788436890e-02 3.559582710266113281e+00 1.300528198480606079e-01 -1.116762757301330566e-01 9.851975440979003906e-01 9.657121276855468750e+01
9.784770011901855469e-01 -1.446238011121749878e-01 -1.471960693597793579e-01 -7.720279693603515625e+00 1.586730778217315674e-01 9.833471775054931641e-01 8.860629051923751831e-02 3.741158962249755859e+00 1.319302767515182495e-01 -1.100552976131439209e-01 9.851303696632385254e-01 9.896814727783203125e+01
9.781995415687561035e-01 -1.455745697021484375e-01 -1.481007486581802368e-01 -8.111359596252441406e+00 1.604260206222534180e-01 9.825821518898010254e-01 9.378486871719360352e-02 3.934292554855346680e+00 1.318684816360473633e-01 -1.154995486140251160e-01 9.845151901245117188e-01 1.017508850097656250e+02
9.783530831336975098e-01 -1.389962881803512573e-01 -1.533143967390060425e-01 -8.458150863647460938e+00 1.555627733469009399e-01 9.825553894042968750e-01 1.019063368439674377e-01 4.137129783630371094e+00 1.364753097295761108e-01 -1.235504075884819031e-01 9.829086065292358398e-01 1.040750961303710938e+02
9.769353270530700684e-01 -1.426730602979660034e-01 -1.588764786720275879e-01 -8.814029693603515625e+00 1.601006686687469482e-01 9.817267656326293945e-01 1.028598025441169739e-01 4.382079601287841797e+00 1.412979960441589355e-01 -1.259236335754394531e-01 9.819255471229553223e-01 1.064337387084960938e+02
9.754196405410766602e-01 -1.512425243854522705e-01 -1.602568030357360840e-01 -9.214915275573730469e+00 1.695085465908050537e-01 9.796863198280334473e-01 1.071511059999465942e-01 4.611027240753173828e+00 1.407956331968307495e-01 -1.316822171211242676e-01 9.812421202659606934e-01 1.089082641601562500e+02
9.735705852508544922e-01 -1.586814522743225098e-01 -1.642575711011886597e-01 -9.613882064819335938e+00 1.779442578554153442e-01 9.778710007667541504e-01 1.100177690386772156e-01 4.823986053466796875e+00 1.431649625301361084e-01 -1.363387703895568848e-01 9.802628755569458008e-01 1.113961257934570312e+02
9.734566807746887207e-01 -1.606865525245666504e-01 -1.629787981510162354e-01 -1.002792072296142578e+01 1.804283559322357178e-01 9.768981933593750000e-01 1.145225390791893005e-01 5.058829784393310547e+00 1.408115029335021973e-01 -1.408887505531311035e-01 9.799603223800659180e-01 1.137890777587890625e+02
9.709094762802124023e-01 -1.691635102033615112e-01 -1.694660186767578125e-01 -1.039775466918945312e+01 1.899653375148773193e-01 9.750239849090576172e-01 1.150709465146064758e-01 5.276916980743408203e+00 1.457676738500595093e-01 -1.439161449670791626e-01 9.787949919700622559e-01 1.160940017700195312e+02
9.702261090278625488e-01 -1.713431775569915771e-01 -1.711812168359756470e-01 -1.078659343719482422e+01 1.927061527967453003e-01 9.742498397827148438e-01 1.170538589358329773e-01 5.496668338775634766e+00 1.467169374227523804e-01 -1.465563923120498657e-01 9.782612323760986328e-01 1.183298950195312500e+02
9.689736962318420410e-01 -1.752296239137649536e-01 -1.743120402097702026e-01 -1.118749046325683594e+01 1.981247663497924805e-01 9.723126292228698730e-01 1.239137127995491028e-01 5.727122306823730469e+00 1.477724909782409668e-01 -1.546046435832977295e-01 9.768625497817993164e-01 1.206260681152343750e+02
9.696123003959655762e-01 -1.733176261186599731e-01 -1.726648062467575073e-01 -1.162804412841796875e+01 1.959631890058517456e-01 9.727354645729064941e-01 1.240325570106506348e-01 6.000960350036621094e+00 1.464602053165435791e-01 -1.540994197130203247e-01 9.771399497985839844e-01 1.230814895629882812e+02
9.693065881729125977e-01 -1.695741862058639526e-01 -1.780154407024383545e-01 -1.205623626708984375e+01 1.939132511615753174e-01 9.724262356758117676e-01 1.295558661222457886e-01 6.258492469787597656e+00 1.511376053094863892e-01 -1.600989103317260742e-01 9.754616618156433105e-01 1.256022109985351562e+02
9.675285220146179199e-01 -1.767148226499557495e-01 -1.807223111391067505e-01 -1.250990772247314453e+01 2.019253820180892944e-01 9.704495072364807129e-01 1.321126818656921387e-01 6.559941768646240234e+00 1.520356535911560059e-01 -1.643151938915252686e-01 9.746206402778625488e-01 1.281440887451171875e+02
9.669623970985412598e-01 -1.779307276010513306e-01 -1.825498789548873901e-01 -1.293974685668945312e+01 2.032131254673004150e-01 9.703880548477172852e-01 1.305811107158660889e-01 6.831344127655029297e+00 1.539098620414733887e-01 -1.633635461330413818e-01 9.744864106178283691e-01 1.304035797119140625e+02
9.670557379722595215e-01 -1.837855577468872070e-01 -1.761421710252761841e-01 -1.336786556243896484e+01 2.084085494279861450e-01 9.689242243766784668e-01 1.332354843616485596e-01 7.079005718231201172e+00 1.461817026138305664e-01 -1.655556708574295044e-01 9.753060340881347656e-01 1.326670074462890625e+02
9.655463099479675293e-01 -1.901094317436218262e-01 -1.777043044567108154e-01 -1.378154563903808594e+01 2.150970697402954102e-01 9.673829674720764160e-01 1.338039934635162354e-01 7.350469112396240234e+00 1.464707553386688232e-01 -1.674176305532455444e-01 9.749448299407958984e-01 1.349547119140625000e+02
9.642308354377746582e-01 -1.938599795103073120e-01 -1.807683408260345459e-01 -1.416837882995605469e+01 2.193936705589294434e-01 9.664096236228942871e-01 1.338620185852050781e-01 7.631410121917724609e+00 1.487458050251007080e-01 -1.687333434820175171e-01 9.743733406066894531e-01 1.372165069580078125e+02
9.645423889160156250e-01 -1.955465376377105713e-01 -1.772552728652954102e-01 -1.461920833587646484e+01 2.208410203456878662e-01 9.657354354858398438e-01 1.363250464200973511e-01 7.949064254760742188e+00 1.445238292217254639e-01 -1.706365644931793213e-01 9.746772646903991699e-01 1.396097412109375000e+02
9.634382128715515137e-01 -2.002925574779510498e-01 -1.779592931270599365e-01 -1.499919414520263672e+01 2.252334803342819214e-01 9.651745557785034180e-01 1.330714523792266846e-01 8.206240653991699219e+00 1.451086103916168213e-01 -1.682885736227035522e-01 9.749985337257385254e-01 1.416691589355468750e+02
9.610725045204162598e-01 -2.037342339754104614e-01 -1.866332143545150757e-01 -1.541281414031982422e+01 2.299191057682037354e-01 9.643114805221557617e-01 1.313040405511856079e-01 8.487310409545898438e+00 1.532214730978012085e-01 -1.691032797098159790e-01 9.736154079437255859e-01 1.438068695068359375e+02
9.576677680015563965e-01 -2.042001336812973022e-01 -2.029155045747756958e-01 -1.588212013244628906e+01 2.339459061622619629e-01 9.628003835678100586e-01 1.352213323116302490e-01 8.753851890563964844e+00 1.677549779415130615e-01 -1.769683957099914551e-01 9.698144793510437012e-01 1.461971130371093750e+02
9.565951228141784668e-01 -2.053456157445907593e-01 -2.067822217941284180e-01 -1.634345817565917969e+01 2.353055775165557861e-01 9.628649950027465820e-01 1.323715001344680786e-01 9.000056266784667969e+00 1.719215363264083862e-01 -1.752829551696777344e-01 9.693908095359802246e-01 1.484069824218750000e+02
9.568230509757995605e-01 -2.058436125516891479e-01 -2.052264511585235596e-01 -1.684035110473632812e+01 2.356403768062591553e-01 9.626917243003845215e-01 1.330346763134002686e-01 9.241040229797363281e+00 1.701855212450027466e-01 -1.756503134965896606e-01 9.696306586265563965e-01 1.505952148437500000e+02
9.551081657409667969e-01 -2.046961337327957153e-01 -2.141676545143127441e-01 -1.733801651000976562e+01 2.358407676219940186e-01 9.628549218177795410e-01 1.314894706010818481e-01 9.527842521667480469e+00 1.792970597743988037e-01 -1.760961562395095825e-01 9.679062366485595703e-01 1.529537811279296875e+02
9.524444341659545898e-01 -2.128091007471084595e-01 -2.180865854024887085e-01 -1.787802314758300781e+01 2.459007352590560913e-01 9.594690799713134766e-01 1.376657485961914062e-01 9.828551292419433594e+00 1.799508780241012573e-01 -1.847466379404067993e-01 9.661708474159240723e-01 1.553712768554687500e+02
9.510841369628906250e-01 -2.129117101430892944e-01 -2.238469272851943970e-01 -1.842588424682617188e+01 2.475325316190719604e-01 9.587380290031433105e-01 1.398175358772277832e-01 1.014415168762207031e+01 1.848418265581130981e-01 -1.883876621723175049e-01 9.645430445671081543e-01 1.578436431884765625e+02
9.475855827331542969e-01 -2.190694510936737061e-01 -2.325726449489593506e-01 -1.896704292297363281e+01 2.559489905834197998e-01 9.561793208122253418e-01 1.421659737825393677e-01 1.042997169494628906e+01 1.912369728088378906e-01 -1.942412108182907104e-01 9.621322154998779297e-01 1.602285919189453125e+02
9.477226138114929199e-01 -2.208811044692993164e-01 -2.302895784378051758e-01 -1.950441932678222656e+01 2.571749687194824219e-01 9.559540748596191406e-01 1.414671391248703003e-01 1.072761631011962891e+01 1.888988614082336426e-01 -1.932963728904724121e-01 9.627841711044311523e-01 1.625609130859375000e+02
9.470542073249816895e-01 -2.268037497997283936e-01 -2.272627204656600952e-01 -2.009889793395996094e+01 2.629797458648681641e-01 9.540253877639770508e-01 1.437966525554656982e-01 1.106699466705322266e+01 1.842007786035537720e-01 -1.959487646818161011e-01 9.631582498550415039e-01 1.650351562500000000e+02
9.473493695259094238e-01 -2.281452715396881104e-01 -2.246748656034469604e-01 -2.065214920043945312e+01 2.631178200244903564e-01 9.545260667800903320e-01 1.401757895946502686e-01 1.137433147430419922e+01 1.824775636196136475e-01 -1.919114589691162109e-01 9.642985463142395020e-01 1.674453430175781250e+02
9.450057148933410645e-01 -2.342835813760757446e-01 -2.282004058361053467e-01 -2.115032958984375000e+01 2.692906260490417480e-01 9.533506631851196289e-01 1.364013701677322388e-01 1.162615585327148438e+01 1.855983883142471313e-01 -1.903523504734039307e-01 9.640119671821594238e-01 1.696727600097656250e+02
9.421740770339965820e-01 -2.387410104274749756e-01 -2.351824343204498291e-01 -2.162230300903320312e+01 2.751857638359069824e-01 9.516714215278625488e-01 1.363620162010192871e-01 1.187842750549316406e+01 1.912611573934555054e-01 -1.931956708431243896e-01 9.623380899429321289e-01 1.717940979003906250e+02
9.389839172363281250e-01 -2.422316521406173706e-01 -2.441990375518798828e-01 -2.211781120300292969e+01 2.801759243011474609e-01 9.504798054695129395e-01 1.344986110925674438e-01 1.214041233062744141e+01 1.995263993740081787e-01 -1.947107762098312378e-01 9.603525400161743164e-01 1.739184112548828125e+02
9.382945299148559570e-01 -2.425115108489990234e-01 -2.465596199035644531e-01 -2.265246391296386719e+01 2.820866405963897705e-01 9.491265416145324707e-01 1.399510055780410767e-01 1.241261291503906250e+01 2.000764906406402588e-01 -2.008664906024932861e-01 9.589692950248718262e-01 1.760118713378906250e+02
9.377940297126770020e-01 -2.478705197572708130e-01 -2.431101799011230469e-01 -2.321025276184082031e+01 2.867600321769714355e-01 9.477355480194091797e-01 1.398798078298568726e-01 1.269709300994873047e+01 1.957320272922515869e-01 -2.008928209543228149e-01 9.598599076271057129e-01 1.781578979492187500e+02
9.348939657211303711e-01 -2.559887170791625977e-01 -2.458518147468566895e-01 -2.369981956481933594e+01 2.945037186145782471e-01 9.460961222648620605e-01 1.347960829734802246e-01 1.295687103271484375e+01 1.980931460857391357e-01 -1.984243988990783691e-01 9.598889350891113281e-01 1.801681365966796875e+02
9.329562187194824219e-01 -2.572418153285980225e-01 -2.518321871757507324e-01 -2.423301506042480469e+01 2.972222566604614258e-01 9.451173543930053711e-01 1.356923580169677734e-01 1.323365688323974609e+01 2.031051963567733765e-01 -2.014452219009399414e-01 9.582108259201049805e-01 1.822427368164062500e+02
9.321594834327697754e-01 -2.606281042098999023e-01 -2.513000369071960449e-01 -2.481786346435546875e+01 3.014812469482421875e-01 9.431112408638000488e-01 1.401804834604263306e-01 1.348780059814453125e+01 2.004689127206802368e-01 -2.064328789710998535e-01 9.577043056488037109e-01 1.843871917724609375e+02
9.323288202285766602e-01 -2.586875557899475098e-01 -2.526732087135314941e-01 -2.531330299377441406e+01 2.998977601528167725e-01 9.435591101646423340e-01 1.405623108148574829e-01 1.375946998596191406e+01 2.020504176616668701e-01 -2.068264931440353394e-01 9.572868943214416504e-01 1.863659057617187500e+02
9.296511411666870117e-01 -2.589358389377593994e-01 -2.621086835861206055e-01 -2.581130409240722656e+01 3.021848201751708984e-01 9.428613781929016113e-01 1.403457820415496826e-01 1.401055717468261719e+01 2.107916325330734253e-01 -2.096779644489288330e-01 9.547783732414245605e-01 1.883363342285156250e+02
9.292693138122558594e-01 -2.586820721626281738e-01 -2.637082636356353760e-01 -2.640902519226074219e+01 3.024226129055023193e-01 9.426923394203186035e-01 1.409682631492614746e-01 1.428533172607421875e+01 2.121298015117645264e-01 -2.107489109039306641e-01 9.542460441589355469e-01 1.904871826171875000e+02
9.291308522224426270e-01 -2.596765756607055664e-01 -2.632184028625488281e-01 -2.694426345825195312e+01 3.036381304264068604e-01 9.420865774154663086e-01 1.423979699611663818e-01 1.453834056854248047e+01 2.109970897436141968e-01 -2.122295796871185303e-01 9.541690349578857422e-01 1.924647979736328125e+02
9.265109896659851074e-01 -2.654917240142822266e-01 -2.666297554969787598e-01 -2.752863883972167969e+01 3.107324540615081787e-01 9.394816160202026367e-01 1.442918926477432251e-01 1.485427856445312500e+01 2.121854424476623535e-01 -2.165386527776718140e-01 9.529365301132202148e-01 1.946371459960937500e+02
9.251065254211425781e-01 -2.692680358886718750e-01 -2.677172720432281494e-01 -2.812919044494628906e+01 3.147031366825103760e-01 9.382346868515014648e-01 1.437985748052597046e-01 1.516724395751953125e+01 2.124612778425216675e-01 -2.172805666923522949e-01 9.527062177658081055e-01 1.967720489501953125e+02
9.234942197799682617e-01 -2.691835463047027588e-01 -2.733105123043060303e-01 -2.864500999450683594e+01 3.170514404773712158e-01 9.366680979728698730e-01 1.487668305635452271e-01 1.541510105133056641e+01 2.159556895494461060e-01 -2.240388989448547363e-01 9.503522515296936035e-01 1.985860443115234375e+02
9.248995780944824219e-01 -2.762624919414520264e-01 -2.612273991107940674e-01 -2.915224647521972656e+01 3.215948343276977539e-01 9.349392056465148926e-01 1.498856395483016968e-01 1.568167972564697266e+01 2.028240263462066650e-01 -2.226386517286300659e-01 9.535691738128662109e-01 2.004160003662109375e+02
9.304223060607910156e-01 -2.735410928726196289e-01 -2.439047992229461670e-01 -2.957993125915527344e+01 3.166136145591735840e-01 9.351286292076110840e-01 1.590300351381301880e-01 1.593924140930175781e+01 1.845811903476715088e-01 -2.251887619495391846e-01 9.566710591316223145e-01 2.022203979492187500e+02
9.364868402481079102e-01 -2.766682803630828857e-01 -2.155156284570693970e-01 -2.995125579833984375e+01 3.161017000675201416e-01 9.320622086524963379e-01 1.770310997962951660e-01 1.619453048706054688e+01 1.518951952457427979e-01 -2.339122593402862549e-01 9.603190422058105469e-01 2.039003601074218750e+02
9.449725151062011719e-01 -2.787199616432189941e-01 -1.712952256202697754e-01 -3.023591804504394531e+01 3.093406856060028076e-01 9.316567778587341309e-01 1.905894428491592407e-01 1.645269203186035156e+01 1.064673811197280884e-01 -2.330904752016067505e-01 9.666091799736022949e-01 2.055373535156250000e+02
9.480365514755249023e-01 -2.834206521511077881e-01 -1.445662975311279297e-01 -3.047991561889648438e+01 3.086774647235870361e-01 9.294593930244445801e-01 2.020491212606430054e-01 1.678942680358886719e+01 7.710371911525726318e-02 -2.361744344234466553e-01 9.686467051506042480e-01 2.072916259765625000e+02
9.566243290901184082e-01 -2.891893982887268066e-01 -3.520577400922775269e-02 -3.058188629150390625e+01 2.888166010379791260e-01 9.256151914596557617e-01 2.445851117372512817e-01 1.715400314331054688e+01 -3.814426809549331665e-02 -2.441442012786865234e-01 9.689882993698120117e-01 2.089976959228515625e+02
9.581078886985778809e-01 -2.861100435256958008e-01 1.305381208658218384e-02 -3.053557395935058594e+01 2.732004523277282715e-01 9.266571998596191406e-01 2.582020163536071777e-01 1.755290222167968750e+01 -8.597043901681900024e-02 -2.438191920518875122e-01 9.660025835037231445e-01 2.104907684326171875e+02
9.553969502449035645e-01 -2.884927988052368164e-01 6.315570324659347534e-02 -3.039909744262695312e+01 2.613573670387268066e-01 9.255243539810180664e-01 2.740390300750732422e-01 1.794582366943359375e+01 -1.375102400779724121e-01 -2.453099340200424194e-01 9.596425294876098633e-01 2.118805847167968750e+02
9.426015615463256836e-01 -2.879084944725036621e-01 1.691477000713348389e-01 -3.010389709472656250e+01 2.271700799465179443e-01 9.241674542427062988e-01 3.070973157882690430e-01 1.837136650085449219e+01 -2.447364926338195801e-01 -2.510451972484588623e-01 9.365255832672119141e-01 2.132079467773437500e+02
9.085631966590881348e-01 -2.821733653545379639e-01 3.080439567565917969e-01 -2.968639183044433594e+01 1.732503175735473633e-01 9.255059957504272461e-01 3.367840647697448730e-01 1.877811431884765625e+01 -3.801277577877044678e-01 -2.526209652423858643e-01 8.897670507431030273e-01 2.143814697265625000e+02
8.745889067649841309e-01 -2.929950058460235596e-01 3.863265514373779297e-01 -2.911479377746582031e+01 1.525202542543411255e-01 9.225699901580810547e-01 3.544046282768249512e-01 1.926231956481933594e+01 -4.602517783641815186e-01 -2.510357797145843506e-01 8.515568971633911133e-01 2.155983734130859375e+02
8.488258719444274902e-01 -2.929620146751403809e-01 4.400772154331207275e-01 -2.850999450683593750e+01 1.298612356185913086e-01 9.224566817283630371e-01 3.636071383953094482e-01 1.974349403381347656e+01 -5.124748945236206055e-01 -2.514902055263519287e-01 8.210492730140686035e-01 2.166873779296875000e+02
8.279954791069030762e-01 -2.941932976245880127e-01 4.773612618446350098e-01 -2.797650718688964844e+01 1.123269796371459961e-01 9.210803508758544922e-01 3.728192448616027832e-01 2.013775062561035156e+01 -5.493685603141784668e-01 -2.550721466541290283e-01 7.956959605216979980e-01 2.175634460449218750e+02
7.807735204696655273e-01 -2.990809082984924316e-01 5.485830307006835938e-01 -2.729208564758300781e+01 8.623099327087402344e-02 9.211716651916503906e-01 3.794831633567810059e-01 2.058003234863281250e+01 -6.188349127769470215e-01 -2.489855885505676270e-01 7.450162172317504883e-01 2.184249420166015625e+02
6.950180530548095703e-01 -3.022445142269134521e-01 6.523788571357727051e-01 -2.642734718322753906e+01 3.919246047735214233e-02 9.219289422035217285e-01 3.853719532489776611e-01 2.105882835388183594e+01 -7.179230451583862305e-01 -2.422721832990646362e-01 6.526027321815490723e-01 2.192181854248046875e+02
5.912137627601623535e-01 -3.052928745746612549e-01 7.465002536773681641e-01 -2.542544364929199219e+01 -8.567284792661666870e-03 9.231582880020141602e-01 3.843250870704650879e-01 2.157002258300781250e+01 -8.064692020416259766e-01 -2.336138188838958740e-01 5.431681871414184570e-01 2.199371948242187500e+02
5.572713017463684082e-01 -3.101475238800048828e-01 7.702319622039794922e-01 -2.426465034484863281e+01 -1.824306324124336243e-02 9.228239059448242188e-01 3.847904503345489502e-01 2.210762596130371094e+01 -8.301298022270202637e-01 -2.284841090440750122e-01 5.086050629615783691e-01 2.206916351318359375e+02
5.118168592453002930e-01 -3.151893019676208496e-01 7.991866469383239746e-01 -2.304533386230468750e+01 -4.207531362771987915e-02 9.199533462524414062e-01 3.897641599178314209e-01 2.265658378601074219e+01 -8.580633401870727539e-01 -2.331139147281646729e-01 4.575857222080230713e-01 2.213720703125000000e+02
4.244952499866485596e-01 -3.220151662826538086e-01 8.462328910827636719e-01 -2.206819915771484375e+01 -7.904000580310821533e-02 9.178728461265563965e-01 3.889249563217163086e-01 2.306765747070312500e+01 -9.019733071327209473e-01 -2.319830656051635742e-01 3.641803860664367676e-01 2.217257080078125000e+02
3.020807504653930664e-01 -3.238052129745483398e-01 8.966032862663269043e-01 -2.103311157226562500e+01 -1.358737945556640625e-01 9.163155555725097656e-01 3.767023682594299316e-01 2.348152160644531250e+01 -9.435490369796752930e-01 -2.356194406747817993e-01 2.328045368194580078e-01 2.219710998535156250e+02
2.068553864955902100e-01 -3.282176554203033447e-01 9.216746091842651367e-01 -1.979184341430664062e+01 -1.769688576459884644e-01 9.139586687088012695e-01 3.651877939701080322e-01 2.393882560729980469e+01 -9.622328281402587891e-01 -2.386487722396850586e-01 1.309729367494583130e-01 2.221050415039062500e+02
1.447359919548034668e-01 -3.329274356365203857e-01 9.317783117294311523e-01 -1.865814590454101562e+01 -1.968441158533096313e-01 9.131834506988525391e-01 3.568598031997680664e-01 2.433040237426757812e+01 -9.696921706199645996e-01 -2.350655496120452881e-01 6.663573533296585083e-02 2.221422119140625000e+02
4.273395240306854248e-02 -3.314494192600250244e-01 9.425047039985656738e-01 -1.765438079833984375e+01 -2.384654581546783447e-01 9.127171635627746582e-01 3.317862749099731445e-01 2.465862274169921875e+01 -9.702097773551940918e-01 -2.389333546161651611e-01 -4.003510624170303345e-02 2.220553436279296875e+02
-7.101051509380340576e-02 -3.311988413333892822e-01 9.408851861953735352e-01 -1.666018486022949219e+01 -2.730945050716400146e-01 9.136804342269897461e-01 3.010115623474121094e-01 2.494790649414062500e+01 -9.593622088432312012e-01 -2.355755865573883057e-01 -1.553292870521545410e-01 2.218331604003906250e+02
-1.175731569528579712e-01 -3.342503905296325684e-01 9.351220130920410156e-01 -1.576086425781250000e+01 -2.881799638271331787e-01 9.126163125038146973e-01 2.899729609489440918e-01 2.521957969665527344e+01 -9.503303766250610352e-01 -2.353904098272323608e-01 -2.036231905221939087e-01 2.215660858154296875e+02
-1.896686255931854248e-01 -3.318590521812438965e-01 9.240645766258239746e-01 -1.480494976043701172e+01 -3.108935356140136719e-01 9.130209088325500488e-01 2.640805542469024658e-01 2.547885894775390625e+01 -9.313270449638366699e-01 -2.371979206800460815e-01 -2.763439416885375977e-01 2.212811431884765625e+02
-2.060852348804473877e-01 -3.323875069618225098e-01 9.203517436981201172e-01 -1.365404891967773438e+01 -3.171502649784088135e-01 9.124599099159240723e-01 2.585210204124450684e-01 2.578048515319824219e+01 -9.257125258445739746e-01 -2.386124581098556519e-01 -2.934609651565551758e-01 2.209232025146484375e+02
-2.797357439994812012e-01 -3.346520364284515381e-01 8.998643159866333008e-01 -1.263151073455810547e+01 -3.363167941570281982e-01 9.120514392852783203e-01 2.346353977918624878e-01 2.602258491516113281e+01 -8.992431163787841797e-01 -2.370035946369171143e-01 -3.676820695400238037e-01 2.204730377197265625e+02
-4.055339992046356201e-01 -3.359947204589843750e-01 8.500880002975463867e-01 -1.165526580810546875e+01 -3.612511456012725830e-01 9.131959676742553711e-01 1.886032819747924805e-01 2.622515487670898438e+01 -8.396660685539245605e-01 -2.306102216243743896e-01 -4.917100071907043457e-01 2.198730621337890625e+02
-4.623572826385498047e-01 -3.386909663677215576e-01 8.194595575332641602e-01 -1.059213352203369141e+01 -3.741946518421173096e-01 9.123781919479370117e-01 1.659662574529647827e-01 2.641085815429687500e+01 -8.038678765296936035e-01 -2.299017161130905151e-01 -5.485805273056030273e-01 2.191466522216796875e+02
-5.438890457153320312e-01 -3.394552469253540039e-01 7.674338221549987793e-01 -9.734964370727539062e+00 -3.924495875835418701e-01 9.112491607666015625e-01 1.249349042773246765e-01 2.652313995361328125e+01 -7.417327761650085449e-01 -2.332284152507781982e-01 -6.288369297981262207e-01 2.184353332519531250e+02
-6.337630748748779297e-01 -3.361592888832092285e-01 6.966643333435058594e-01 -8.835765838623046875e+00 -3.975307643413543701e-01 9.141421318054199219e-01 7.946015894412994385e-02 2.660752487182617188e+01 -6.635611057281494141e-01 -2.265866249799728394e-01 -7.129825353622436523e-01 2.175382843017578125e+02
-6.903771758079528809e-01 -3.351519107818603516e-01 6.411337256431579590e-01 -7.885230064392089844e+00 -3.995840251445770264e-01 9.154254794120788574e-01 4.826281219720840454e-02 2.665970611572265625e+01 -6.030852198600769043e-01 -2.228672951459884644e-01 -7.659094333648681641e-01 2.164304656982421875e+02
-7.275300025939941406e-01 -3.355069756507873535e-01 5.984439253807067871e-01 -6.867914676666259766e+00 -4.004938304424285889e-01 9.159132242202758789e-01 2.660905197262763977e-02 2.666342735290527344e+01 -5.570499897003173828e-01 -2.203142642974853516e-01 -8.007220625877380371e-01 2.150415191650390625e+02
-7.555245757102966309e-01 -3.334321677684783936e-01 5.639198422431945801e-01 -5.919099807739257812e+00 -3.998829424381256104e-01 9.165455698966979980e-01 6.178881973028182983e-03 2.664027976989746094e+01 -5.189182758331298828e-01 -2.208336889743804932e-01 -8.258057832717895508e-01 2.136297302246093750e+02
-7.756996154785156250e-01 -3.293954730033874512e-01 5.383203029632568359e-01 -4.919472694396972656e+00 -3.945397734642028809e-01 9.188576340675354004e-01 -6.272840313613414764e-03 2.659447479248046875e+01 -4.925733208656311035e-01 -2.172546684741973877e-01 -8.427163362503051758e-01 2.120572814941406250e+02
-7.916807532310485840e-01 -3.231202065944671631e-01 5.184929966926574707e-01 -3.894849777221679688e+00 -3.872443139553070068e-01 9.218241572380065918e-01 -1.680613309144973755e-02 2.653111076354980469e+01 -4.725288152694702148e-01 -2.140886038541793823e-01 -8.549160361289978027e-01 2.103790588378906250e+02
-8.005458712577819824e-01 -3.170822262763977051e-01 5.085127949714660645e-01 -2.990507125854492188e+00 -3.792619407176971436e-01 9.250680804252624512e-01 -2.024313807487487793e-02 2.644716644287109375e+01 -4.639901220798492432e-01 -2.090651690959930420e-01 -8.608157634735107422e-01 2.088893127441406250e+02
-8.108785748481750488e-01 -3.145734667778015137e-01 4.934770166873931885e-01 -2.137299537658691406e+00 -3.763382732868194580e-01 9.260572195053100586e-01 -2.806931734085083008e-02 2.636857223510742188e+01 -4.481580257415771484e-01 -2.084751427173614502e-01 -8.693051338195800781e-01 2.073671264648437500e+02
-8.222083449363708496e-01 -3.125671446323394775e-01 4.756841063499450684e-01 -1.338608980178833008e+00 -3.722484707832336426e-01 9.275116324424743652e-01 -3.396386280655860901e-02 2.628218841552734375e+01 -4.305865168571472168e-01 -2.049980908632278442e-01 -8.789595961570739746e-01 2.058860931396484375e+02
-8.384760618209838867e-01 -3.088878393173217773e-01 4.489390552043914795e-01 -5.298738479614257812e-01 -3.657897114753723145e-01 9.296794533729553223e-01 -4.352305084466934204e-02 2.616511917114257812e+01 -4.039256572723388672e-01 -2.007103562355041504e-01 -8.925011754035949707e-01 2.043225250244140625e+02
-8.494551181793212891e-01 -3.015207350254058838e-01 4.330256879329681396e-01 2.682337164878845215e-01 -3.578644096851348877e-01 9.322763681411743164e-01 -5.285849794745445251e-02 2.603631210327148438e+01 -3.877616822719573975e-01 -1.998654454946517944e-01 -8.998297452926635742e-01 2.027415924072265625e+02
-8.556915521621704102e-01 -3.015259206295013428e-01 4.205640554428100586e-01 1.143452882766723633e+00 -3.556813597679138184e-01 9.330018758773803711e-01 -5.475813150405883789e-02 2.588914299011230469e+01 -3.758760392665863037e-01 -1.964429169893264771e-01 -9.056082367897033691e-01 2.009121856689453125e+02
-8.607468008995056152e-01 -2.991732358932495117e-01 4.118377268314361572e-01 1.931503772735595703e+00 -3.522995412349700928e-01 9.341042041778564453e-01 -5.774537846446037292e-02 2.575157737731933594e+01 -3.674234747886657715e-01 -1.947944462299346924e-01 -9.094250798225402832e-01 1.992218170166015625e+02
