9.999822378158569336e-01 4.392871633172035217e-03 -4.021794069558382034e-03 -4.576767329126596451e-03 -4.399446770548820496e-03 9.999889731407165527e-01 -1.628244644962251186e-03 -5.020456761121749878e-02 4.014600533992052078e-03 1.645901123993098736e-03 9.999905824661254883e-01 2.783407688140869141e+00
9.999924302101135254e-01 1.940475427545607090e-03 -3.376782406121492386e-03 -1.818316057324409485e-02 -1.945673371665179729e-03 9.999969005584716797e-01 -1.537533360533416271e-03 -9.333927929401397705e-02 3.373791929334402084e-03 1.544081489555537701e-03 9.999930858612060547e-01 5.552250862121582031e+00
9.999933838844299316e-01 1.360238878987729549e-03 -3.422059817239642143e-03 -2.601766772568225861e-02 -1.365880598314106464e-03 9.999978542327880859e-01 -1.649105921387672424e-03 -1.483191847801208496e-01 3.419748274609446526e-03 1.653784886002540588e-03 9.999927878379821777e-01 8.297669410705566406e+00
1.000000000000000000e+00 -3.951627295464277267e-04 -1.500917132943868637e-04 -3.482364863157272339e-02 3.951081016566604376e-04 1.000000000000000000e+00 -3.981561167165637016e-04 -1.884144246578216553e-01 1.501871738582849503e-04 3.981168847531080246e-04 9.999998807907104492e-01 1.103035163879394531e+01
9.999997019767761230e-01 6.146184750832617283e-04 -6.879824213683605194e-04 -3.712701797485351562e-02 -6.144871586002409458e-04 9.999999403953552246e-01 1.761367893777787685e-04 -2.299997210502624512e-01 6.880385335534811020e-04 -1.756845740601420403e-04 9.999997019767761230e-01 1.358769798278808594e+01
9.999933838844299316e-01 1.540748635306954384e-03 -3.344852011650800705e-03 -4.002983495593070984e-02 -1.531011424958705902e-03 9.999946951866149902e-01 2.910584211349487305e-03 -2.731458246707916260e-01 3.349263919517397881e-03 -2.905416069552302361e-03 9.999901056289672852e-01 1.649545478820800781e+01
9.999908208847045898e-01 3.755608107894659042e-03 2.133714733645319939e-03 -4.036615416407585144e-02 -3.764193039387464523e-03 9.999848604202270508e-01 4.031291697174310684e-03 -3.160004019737243652e-01 -2.118591917678713799e-03 -4.039276391267776489e-03 9.999895095825195312e-01 1.909165000915527344e+01
9.999752640724182129e-01 6.279081106185913086e-03 -3.225850639864802361e-03 -4.166604578495025635e-02 -6.265023257583379745e-03 9.999710321426391602e-01 4.351731855422258377e-03 -3.503444492816925049e-01 3.253029426559805870e-03 -4.331419244408607483e-03 9.999852180480957031e-01 2.155738449096679688e+01
9.999544620513916016e-01 9.322101250290870667e-03 -2.127367537468671799e-03 -4.521682858467102051e-02 -9.314298629760742188e-03 9.999500513076782227e-01 3.651967272162437439e-03 -3.860639929771423340e-01 2.161254873499274254e-03 -3.631989471614360809e-03 9.999909996986389160e-01 2.456619834899902344e+01
9.999274015426635742e-01 1.149900443851947784e-02 -3.639530390501022339e-03 -5.180738493800163269e-02 -1.149254571646451950e-02 9.999324679374694824e-01 1.790276495739817619e-03 -4.352177977561950684e-01 3.659832291305065155e-03 -1.748332986608147621e-03 9.999917149543762207e-01 2.739215660095214844e+01
9.999340772628784180e-01 1.074374001473188400e-02 -4.079257603734731674e-03 -5.930551141500473022e-02 -1.072977576404809952e-02 9.999366998672485352e-01 3.430088981986045837e-03 -4.827031791210174561e-01 4.115815274417400360e-03 -3.386105876415967941e-03 9.999857544898986816e-01 3.012163162231445312e+01
9.999257326126098633e-01 1.057412102818489075e-02 -6.082585547119379044e-03 -6.806514412164688110e-02 -1.055854931473731995e-02 9.999410510063171387e-01 2.587539609521627426e-03 -5.340059399604797363e-01 6.109551526606082916e-03 -2.523137722164392471e-03 9.999780654907226562e-01 3.314196014404296875e+01
9.998947978019714355e-01 1.382446940988302231e-02 -4.420428071171045303e-03 -8.442106842994689941e-02 -1.380738429725170135e-02 9.998973608016967773e-01 3.872153582051396370e-03 -5.870743989944458008e-01 4.473457112908363342e-03 -3.810709808021783829e-03 9.999826550483703613e-01 3.619210052490234375e+01
9.999116063117980957e-01 1.109522487968206406e-02 -7.350101135671138763e-03 -9.932753443717956543e-02 -1.107471622526645660e-02 9.999348521232604980e-01 2.823535818606615067e-03 -6.273208856582641602e-01 7.380890659987926483e-03 -2.741856500506401062e-03 9.999689459800720215e-01 3.889863967895507812e+01
9.999043941497802734e-01 9.208698756992816925e-03 -1.032987050712108612e-02 -1.258286386728286743e-01 -9.132501669228076935e-03 9.999310970306396484e-01 7.400579750537872314e-03 -6.699027419090270996e-01 1.039726193994283676e-02 -7.305494043976068497e-03 9.999192357063293457e-01 4.164332580566406250e+01
9.999222755432128906e-01 8.945379406213760376e-03 -8.704972453415393829e-03 -1.500622779130935669e-01 -8.877238258719444275e-03 9.999300837516784668e-01 7.835328578948974609e-03 -6.972875595092773438e-01 8.774410001933574677e-03 -7.757409010082483292e-03 9.999314546585083008e-01 4.439312362670898438e+01
9.998847842216491699e-01 1.288022287189960480e-02 -8.053386583924293518e-03 -1.748058348894119263e-01 -1.280318386852741241e-02 9.998726248741149902e-01 9.545503184199333191e-03 -7.217383980751037598e-01 8.175261318683624268e-03 -9.441258385777473450e-03 9.999220371246337891e-01 4.715390777587890625e+01
9.998627901077270508e-01 1.577834784984588623e-02 -5.081161856651306152e-03 -1.855833381414413452e-01 -1.572184637188911438e-02 9.998163580894470215e-01 1.097265072166919708e-02 -7.442837953567504883e-01 5.253304727375507355e-03 -1.089121028780937195e-02 9.999269247055053711e-01 4.991626739501953125e+01
9.998048543930053711e-01 1.722016930580139160e-02 -9.700730443000793457e-03 -2.090673446655273438e-01 -1.709138229489326477e-02 9.997669458389282227e-01 1.320535503327846527e-02 -7.616729736328125000e-01 9.925810620188713074e-03 -1.303692907094955444e-02 9.998657703399658203e-01 5.263838195800781250e+01
9.997522234916687012e-01 1.864473149180412292e-02 -1.217288617044687271e-02 -2.410714030265808105e-01 -1.847659982740879059e-02 9.997345805168151855e-01 1.378041133284568787e-02 -7.804140448570251465e-01 1.242652814835309982e-02 -1.355203334242105484e-02 9.998309612274169922e-01 5.540150451660156250e+01
9.996894598007202148e-01 2.018790878355503082e-02 -1.461576949805021286e-02 -2.837263941764831543e-01 -1.996620930731296539e-02 9.996860027313232422e-01 1.515676267445087433e-02 -7.846267223358154297e-01 1.491711288690567017e-02 -1.486016530543565750e-02 9.997783303260803223e-01 5.831554031372070312e+01
9.997556209564208984e-01 1.888002268970012665e-02 -1.150382030755281448e-02 -3.147019743919372559e-01 -1.868667267262935638e-02 9.996863603591918945e-01 1.668739505112171173e-02 -7.969983220100402832e-01 1.181521546095609665e-02 -1.646827161312103271e-02 9.997946023941040039e-01 6.111156463623046875e+01
9.997292160987854004e-01 1.857009530067443848e-02 -1.402366533875465393e-02 -3.448866903781890869e-01 -1.828216947615146637e-02 9.996252059936523438e-01 2.038751728832721710e-02 -8.058508634567260742e-01 1.439695525914430618e-02 -2.012553438544273376e-02 9.996938109397888184e-01 6.381760406494140625e+01
9.998095035552978516e-01 1.882241480052471161e-02 -5.163984373211860657e-03 -3.715524971485137939e-01 -1.872670650482177734e-02 9.996629357337951660e-01 1.799176633358001709e-02 -8.049483895301818848e-01 5.500841885805130005e-03 -1.789155602455139160e-02 9.998247623443603516e-01 6.643866729736328125e+01
9.998481273651123047e-01 1.674591749906539917e-02 -4.823748022317886353e-03 -3.797090947628021240e-01 -1.665625534951686859e-02 9.996984004974365234e-01 1.806022785604000092e-02 -8.095037937164306641e-01 5.124678835272789001e-03 -1.797706633806228638e-02 9.998252391815185547e-01 6.924347686767578125e+01
9.998050928115844727e-01 1.972371712327003479e-02 -7.980871014297008514e-04 -3.904607594013214111e-01 -1.970565132796764374e-02 9.996361732482910156e-01 1.843091472983360291e-02 -8.100246191024780273e-01 1.161277294158935547e-03 -1.841154880821704865e-02 9.998297691345214844e-01 7.207353973388671875e+01
9.997867941856384277e-01 1.905090548098087311e-02 -7.947861216962337494e-03 -4.033098518848419189e-01 -1.887029781937599182e-02 9.995754957199096680e-01 2.220831811428070068e-02 -8.118507266044616699e-01 8.367527276277542114e-03 -2.205356210470199585e-02 9.997217059135437012e-01 7.475659942626953125e+01
9.996387958526611328e-01 2.346655167639255524e-02 -1.309003587812185287e-02 -4.307985007762908936e-01 -2.314211428165435791e-02 9.994344711303710938e-01 2.440632507205009460e-02 -7.959327101707458496e-01 1.365532539784908295e-02 -2.409451454877853394e-02 9.996163249015808105e-01 7.756948089599609375e+01
9.996178746223449707e-01 2.080961316823959351e-02 -1.818828471004962921e-02 -4.752241969108581543e-01 -2.036431618034839630e-02 9.994967579841613770e-01 2.433204278349876404e-02 -7.809649705886840820e-01 1.868543028831481934e-02 -2.395227178931236267e-02 9.995383620262145996e-01 8.043762969970703125e+01
9.996089935302734375e-01 2.209382876753807068e-02 -1.713501289486885071e-02 -5.257624387741088867e-01 -2.166081219911575317e-02 9.994516968727111816e-01 2.505490556359291077e-02 -7.637078166007995605e-01 1.767912507057189941e-02 -2.467385493218898773e-02 9.995390772819519043e-01 8.333502960205078125e+01
9.995940327644348145e-01 2.305623888969421387e-02 -1.673298329114913940e-02 -5.697785615921020508e-01 -2.261857315897941589e-02 9.994091987609863281e-01 2.588754333555698395e-02 -7.386100292205810547e-01 1.731993071734905243e-02 -2.549846842885017395e-02 9.995246529579162598e-01 8.630212402343750000e+01
9.995356798171997070e-01 2.573245763778686523e-02 -1.631126925349235535e-02 -6.139476895332336426e-01 -2.526291087269783020e-02 9.992786645889282227e-01 2.836452051997184753e-02 -7.165910005569458008e-01 1.702933385968208313e-02 -2.793918736279010773e-02 9.994643926620483398e-01 8.905976104736328125e+01
9.993440508842468262e-01 3.043698519468307495e-02 -1.961329951882362366e-02 -6.629403233528137207e-01 -2.987595647573471069e-02 9.991535544395446777e-01 2.828724496066570282e-02 -6.868264079093933105e-01 2.045761607587337494e-02 -2.768262103199958801e-02 9.994072318077087402e-01 9.183129882812500000e+01
9.992849826812744141e-01 3.103521279990673065e-02 -2.158609777688980103e-02 -7.261519432067871094e-01 -3.037602826952934265e-02 9.990818500518798828e-01 3.022036328911781311e-02 -6.523261666297912598e-01 2.250411733984947205e-02 -2.954294718801975250e-02 9.993099570274353027e-01 9.452073669433593750e+01
9.991604685783386230e-01 3.129641339182853699e-02 -2.642574720084667206e-02 -7.939460873603820801e-01 -3.047931939363479614e-02 9.990617632865905762e-01 3.077482432126998901e-02 -6.233120560646057129e-01 2.736403420567512512e-02 -2.994344197213649750e-02 9.991768002510070801e-01 9.732328796386718750e+01
9.992046952247619629e-01 3.036857210099697113e-02 -2.583053521811962128e-02 -8.692647814750671387e-01 -2.964999713003635406e-02 9.991750717163085938e-01 2.775953523814678192e-02 -5.906727910041809082e-01 2.665217034518718719e-02 -2.697147615253925323e-02 9.992806911468505859e-01 1.000696716308593750e+02
9.991372823715209961e-01 2.993923053145408630e-02 -2.876997366547584534e-02 -9.518096446990966797e-01 -2.907930128276348114e-02 9.991314411163330078e-01 2.985479682683944702e-02 -5.592089891433715820e-01 2.963873557746410370e-02 -2.899233251810073853e-02 9.991399645805358887e-01 1.028628005981445312e+02
9.991033077239990234e-01 3.079698793590068817e-02 -2.904301322996616364e-02 -1.035512685775756836e+00 -2.989509515464305878e-02 9.990727901458740234e-01 3.099045343697071075e-02 -5.247969031333923340e-01 2.997040376067161560e-02 -3.009432740509510040e-02 9.990975260734558105e-01 1.058285522460937500e+02
9.991608262062072754e-01 2.893165498971939087e-02 -2.898151613771915436e-02 -1.116938114166259766e+00 -2.805210277438163757e-02 9.991471767425537109e-01 3.030663542449474335e-02 -4.821212291717529297e-01 2.983354404568672180e-02 -2.946811541914939880e-02 9.991202950477600098e-01 1.087763214111328125e+02
9.991773366928100586e-01 2.910399436950683594e-02 -2.823041193187236786e-02 -1.199576973915100098e+00 -2.821918018162250519e-02 9.991135001182556152e-01 3.124722093343734741e-02 -4.471276402473449707e-01 2.911472320556640625e-02 -3.042477555572986603e-02 9.991128444671630859e-01 1.116616897583007812e+02
9.992724061012268066e-01 2.378111518919467926e-02 -2.980654314160346985e-02 -1.281549334526062012e+00 -2.278471924364566803e-02 9.991847872734069824e-01 3.333099558949470520e-02 -3.950722813606262207e-01 3.057480789721012115e-02 -3.262751549482345581e-02 9.989996552467346191e-01 1.145026016235351562e+02
9.992046952247619629e-01 2.444730326533317566e-02 -3.148917108774185181e-02 -1.373910188674926758e+00 -2.336788177490234375e-02 9.991419911384582520e-01 3.419931977987289429e-02 -3.571672439575195312e-01 3.229815885424613953e-02 -3.343617916107177734e-02 9.989186525344848633e-01 1.173820953369140625e+02
9.993132352828979492e-01 2.298966422677040100e-02 -2.904612757265567780e-02 -1.469844222068786621e+00 -2.191382274031639099e-02 9.990816116333007812e-01 3.682618588209152222e-02 -3.181061148643493652e-01 2.986599504947662354e-02 -3.616427630186080933e-02 9.988992810249328613e-01 1.202674255371093750e+02
9.992728829383850098e-01 2.205589413642883301e-02 -3.108751028776168823e-02 -1.550464272499084473e+00 -2.094961516559123993e-02 9.991514086723327637e-01 3.546980023384094238e-02 -2.728697657585144043e-01 3.184336423873901367e-02 -3.479262813925743103e-02 9.988869428634643555e-01 1.230600357055664062e+02
9.989939928054809570e-01 2.241644822061061859e-02 -3.882882744073867798e-02 -1.657799363136291504e+00 -2.098372764885425568e-02 9.990981817245483398e-01 3.691822662949562073e-02 -2.184228003025054932e-01 3.962130099534988403e-02 -3.606620430946350098e-02 9.985635280609130859e-01 1.260725555419921875e+02
9.989682435989379883e-01 2.397427894175052643e-02 -3.856154903769493103e-02 -1.775045871734619141e+00 -2.256242372095584869e-02 9.990741014480590820e-01 3.663794696331024170e-02 -1.688783764839172363e-01 3.940412774682044983e-02 -3.572999686002731323e-02 9.985842108726501465e-01 1.289506988525390625e+02
9.989103078842163086e-01 2.087301388382911682e-02 -4.173552989959716797e-02 -1.881788492202758789e+00 -1.929783821105957031e-02 9.990994930267333984e-01 3.779253363609313965e-02 -1.123845130205154419e-01 4.248670488595962524e-02 -3.694583103060722351e-02 9.984135627746582031e-01 1.315434265136718750e+02
9.990144968032836914e-01 1.939302682876586914e-02 -3.991565480828285217e-02 -1.994247913360595703e+00 -1.787799783051013947e-02 9.991192817687988281e-01 3.796642273664474487e-02 -5.316761508584022522e-02 4.061669856309890747e-02 -3.721526637673377991e-02 9.984813928604125977e-01 1.343156890869140625e+02
9.989620447158813477e-01 1.730207726359367371e-02 -4.212709516286849976e-02 -2.116760969161987305e+00 -1.571233384311199188e-02 9.991628527641296387e-01 3.777740895748138428e-02 1.014846190810203552e-02 4.274537041783332825e-02 -3.707616776227951050e-02 9.983976483345031738e-01 1.371763763427734375e+02
9.989134073257446289e-01 1.776121929287910461e-02 -4.307934641838073730e-02 -2.228051185607910156e+00 -1.616866141557693481e-02 9.991832971572875977e-01 3.703611344099044800e-02 7.021217048168182373e-02 4.370189085602760315e-02 -3.629922866821289062e-02 9.983847737312316895e-01 1.398597259521484375e+02
9.987694025039672852e-01 1.951942220330238342e-02 -4.558472707867622375e-02 -2.346943616867065430e+00 -1.776234433054924011e-02 9.990957379341125488e-01 3.863511234521865845e-02 1.297131031751632690e-01 4.629754647612571716e-02 -3.777778521180152893e-02 9.982129335403442383e-01 1.425304870605468750e+02
9.986830949783325195e-01 2.082096971571445465e-02 -4.688053578138351440e-02 -2.473210334777832031e+00 -1.897740922868251801e-02 9.990423321723937988e-01 3.942994028329849243e-02 1.844108998775482178e-01 4.765651375055313110e-02 -3.848825395107269287e-02 9.981217980384826660e-01 1.452514343261718750e+02
9.985551834106445312e-01 2.279072441160678864e-02 -4.865566641092300415e-02 -2.593719959259033203e+00 -2.082782611250877380e-02 9.989637136459350586e-01 4.047328233718872070e-02 2.441531717777252197e-01 4.952757433056831360e-02 -3.940131515264511108e-02 9.979950785636901855e-01 1.479615478515625000e+02
9.984667301177978516e-01 2.058591693639755249e-02 -5.137638002634048462e-02 -2.728351116180419922e+00 -1.843203045427799225e-02 9.989457726478576660e-01 4.204905405640602112e-02 3.110090494155883789e-01 5.218774825334548950e-02 -4.103750735521316528e-02 9.977935552597045898e-01 1.506956787109375000e+02
9.986107945442199707e-01 1.835539191961288452e-02 -4.938292130827903748e-02 -2.858015298843383789e+00 -1.626026071608066559e-02 9.989644885063171387e-01 4.249647259712219238e-02 3.830267786979675293e-01 5.011174082756042480e-02 -4.163434728980064392e-02 9.978752732276916504e-01 1.533291320800781250e+02
9.985101222991943359e-01 1.584714651107788086e-02 -5.220504105091094971e-02 -2.999437093734741211e+00 -1.357190962880849838e-02 9.989548325538635254e-01 4.365042597055435181e-02 4.565073549747467041e-01 5.284212529659271240e-02 -4.287678003311157227e-02 9.976817369461059570e-01 1.561205291748046875e+02
9.985626935958862305e-01 1.376492809504270554e-02 -5.178941413760185242e-02 -3.144704580307006836e+00 -1.157857291400432587e-02 9.990389347076416016e-01 4.227988794445991516e-02 5.269647836685180664e-01 5.232151225209236145e-02 -4.161938279867172241e-02 9.977624416351318359e-01 1.589249114990234375e+02
9.987822771072387695e-01 1.069141738116741180e-02 -4.815227165818214417e-02 -3.280539035797119141e+00 -8.700314909219741821e-03 9.991062283515930176e-01 4.136914014816284180e-02 6.000828742980957031e-01 4.855142906308174133e-02 -4.089971631765365601e-02 9.979826807975769043e-01 1.617054138183593750e+02
9.984525442123413086e-01 9.073731489479541779e-03 -5.485465377569198608e-02 -3.427659511566162109e+00 -6.785093806684017181e-03 9.991046786308288574e-01 4.176289588212966919e-02 6.680019497871398926e-01 5.518438294529914856e-02 -4.132597148418426514e-02 9.976203441619873047e-01 1.645740966796875000e+02
9.986529350280761719e-01 9.488143958151340485e-03 -5.100073292851448059e-02 -3.586978197097778320e+00 -7.434501312673091888e-03 9.991599917411804199e-01 4.030464962124824524e-02 7.332255244255065918e-01 5.134020373225212097e-02 -3.987108916044235229e-02 9.978847503662109375e-01 1.675873260498046875e+02
9.982520341873168945e-01 7.626808248460292816e-03 -5.859616771340370178e-02 -3.746020793914794922e+00 -5.055652465671300888e-03 9.990232586860656738e-01 4.390076920390129089e-02 7.983325123786926270e-01 5.887366086244583130e-02 -4.352768883109092712e-02 9.973157644271850586e-01 1.704458465576171875e+02
9.983165264129638672e-01 8.716658689081668854e-03 -5.733127892017364502e-02 -3.905070066452026367e+00 -6.200650241225957870e-03 9.990161657333374023e-01 4.391575232148170471e-02 8.673900961875915527e-01 5.765756964683532715e-02 -4.348620027303695679e-02 9.973886609077453613e-01 1.732940063476562500e+02
9.984821081161499023e-01 8.567010983824729919e-03 -5.439468100666999817e-02 -4.070178508758544922e+00 -6.094121374189853668e-03 9.989475607872009277e-01 4.546393081545829773e-02 9.406896829605102539e-01 5.472682043910026550e-02 -4.506330192089080811e-02 9.974837303161621094e-01 1.762670745849609375e+02
9.985001087188720703e-01 8.846716023981571198e-03 -5.401951447129249573e-02 -4.228371620178222656e+00 -6.353192497044801712e-03 9.989146590232849121e-01 4.615145921707153320e-02 1.016829133033752441e+00 5.436886847019195557e-02 -4.573880136013031006e-02 9.974728226661682129e-01 1.791337585449218750e+02
9.982077479362487793e-01 1.005581673234701157e-02 -5.898266658186912537e-02 -4.388320922851562500e+00 -7.251371163874864578e-03 9.988422989845275879e-01 4.756372049450874329e-02 1.092787027359008789e+00 5.939236655831336975e-02 -4.705053195357322693e-02 9.971253275871276855e-01 1.819035034179687500e+02
9.982531070709228516e-01 1.239573303610086441e-02 -5.775626003742218018e-02 -4.554406166076660156e+00 -9.515391662716865540e-03 9.987105727195739746e-01 4.987517744302749634e-02 1.176492810249328613e+00 5.829969421029090881e-02 -4.923823103308677673e-02 9.970842003822326660e-01 1.847312622070312500e+02
9.981176853179931641e-01 1.392603013664484024e-02 -5.971472710371017456e-02 -4.718089103698730469e+00 -1.077121309936046600e-02 9.985460638999938965e-01 5.282596126198768616e-02 1.261760234832763672e+00 6.036321818828582764e-02 -5.208308994770050049e-02 9.968168139457702637e-01 1.874956512451171875e+02
9.979268312454223633e-01 1.842573098838329315e-02 -6.165408343076705933e-02 -4.891384601593017578e+00 -1.524580549448728561e-02 9.985492825508117676e-01 5.165013298392295837e-02 1.366112470626831055e+00 6.251599639654159546e-02 -5.060286074876785278e-02 9.967603683471679688e-01 1.904040527343750000e+02
9.976649880409240723e-01 1.581046730279922485e-02 -6.643326580524444580e-02 -5.070073604583740234e+00 -1.246242318302392960e-02 9.986463189125061035e-01 5.050747469067573547e-02 1.458846330642700195e+00 6.714154779911041260e-02 -4.956137016415596008e-02 9.965118765830993652e-01 1.931902465820312500e+02
9.973354935646057129e-01 1.598636619746685028e-02 -7.116860896348953247e-02 -5.269775867462158203e+00 -1.223819237202405930e-02 9.985310435295104980e-01 5.278889834880828857e-02 1.549156069755554199e+00 7.190763950347900391e-02 -5.177702009677886963e-02 9.960665702819824219e-01 1.961129455566406250e+02
9.975488185882568359e-01 1.777584850788116455e-02 -6.766733527183532715e-02 -5.463990688323974609e+00 -1.415723841637372971e-02 9.984635710716247559e-01 5.358000099658966064e-02 1.654479861259460449e+00 6.851546466350555420e-02 -5.249045416712760925e-02 9.962682723999023438e-01 1.989915771484375000e+02
9.974094629287719727e-01 2.018553949892520905e-02 -6.903138756752014160e-02 -5.662794589996337891e+00 -1.640357635915279388e-02 9.983565807342529297e-01 5.491568520665168762e-02 1.759256601333618164e+00 7.002610713243484497e-02 -5.364084988832473755e-02 9.961019158363342285e-01 2.018979034423828125e+02
9.971234798431396484e-01 2.224878221750259399e-02 -7.244414091110229492e-02 -5.867454528808593750e+00 -1.834830828011035919e-02 9.983692169189453125e-01 5.406351387500762939e-02 1.864247083663940430e+00 7.352851331233978271e-02 -5.257857590913772583e-02 9.959061145782470703e-01 2.048782653808593750e+02
9.970773458480834961e-01 2.113517187535762787e-02 -7.340557873249053955e-02 -6.071012020111083984e+00 -1.715264283120632172e-02 9.983687996864318848e-01 5.446185171604156494e-02 1.966003894805908203e+00 7.443656772375106812e-02 -5.304337665438652039e-02 9.958140254020690918e-01 2.076856231689453125e+02
9.971449971199035645e-01 2.197556011378765106e-02 -7.223103940486907959e-02 -6.281930923461914062e+00 -1.812860369682312012e-02 9.984043240547180176e-01 5.348473414778709412e-02 2.071969747543334961e+00 7.329080998897552490e-02 -5.202239006757736206e-02 9.959528446197509766e-01 2.106849975585937500e+02
9.969527125358581543e-01 2.320196852087974548e-02 -7.446711510419845581e-02 -6.476595401763916016e+00 -1.938497275114059448e-02 9.984813332557678223e-01 5.157263576984405518e-02 2.174117326736450195e+00 7.555027306079864502e-02 -4.997172206640243530e-02 9.958889484405517578e-01 2.133674774169921875e+02
9.966974258422851562e-01 2.579395100474357605e-02 -7.698885351419448853e-02 -6.709238052368164062e+00 -2.189581096172332764e-02 9.984562397003173828e-01 5.104994401335716248e-02 2.280006408691406250e+00 7.818643748760223389e-02 -4.919537156820297241e-02 9.957240819931030273e-01 2.164758758544921875e+02
9.965523481369018555e-01 2.798522263765335083e-02 -7.809279859066009521e-02 -6.925347328186035156e+00 -2.365447022020816803e-02 9.981598258018493652e-01 5.583661049604415894e-02 2.372061252593994141e+00 7.951137423515319824e-02 -5.379662290215492249e-02 9.953811168670654297e-01 2.192018432617187500e+02
9.964894056320190430e-01 2.668060921132564545e-02 -7.934201508760452271e-02 -7.150999069213867188e+00 -2.217208035290241241e-02 9.981185197830200195e-01 5.716763064265251160e-02 2.476409673690795898e+00 8.071766793727874756e-02 -5.520752444863319397e-02 9.952067732810974121e-01 2.219512939453125000e+02
9.964577555656433105e-01 2.467967383563518524e-02 -8.037947863340377808e-02 -7.387023925781250000e+00 -1.995943859219551086e-02 9.980583786964416504e-01 5.900305137038230896e-02 2.595045089721679688e+00 8.167923241853713989e-02 -5.718950554728507996e-02 9.950163364410400391e-01 2.249353027343750000e+02
9.962023496627807617e-01 2.068254724144935608e-02 -8.456400781869888306e-02 -7.610538959503173828e+00 -1.568465679883956909e-02 9.981147050857543945e-01 5.934052914381027222e-02 2.702143907546997070e+00 8.563154190778732300e-02 -5.778863281011581421e-02 9.946493506431579590e-01 2.276394500732421875e+02
9.955445528030395508e-01 1.988705061376094818e-02 -9.216003119945526123e-02 -7.859543323516845703e+00 -1.474317349493503571e-02 9.983130693435668945e-01 5.615902692079544067e-02 2.817394256591796875e+00 9.312105923891067505e-02 -5.454989150166511536e-02 9.941591620445251465e-01 2.303591766357421875e+02
9.953337311744689941e-01 2.051752991974353790e-02 -9.427450597286224365e-02 -8.127818107604980469e+00 -1.521002035588026047e-02 9.982770085334777832e-01 5.667211860418319702e-02 2.933982133865356445e+00 9.527450054883956909e-02 -5.497356876730918884e-02 9.939317703247070312e-01 2.331933898925781250e+02
9.950834512710571289e-01 2.160941250622272491e-02 -9.664279967546463013e-02 -8.415831565856933594e+00 -1.581010594964027405e-02 9.980508089065551758e-01 6.037216633558273315e-02 3.048377037048339844e+00 9.775868058204650879e-02 -5.854723230004310608e-02 9.934864044189453125e-01 2.361772918701171875e+02
9.947521686553955078e-01 2.367242053151130676e-02 -9.952735155820846558e-02 -8.682696342468261719e+00 -1.772559434175491333e-02 9.980282783508300781e-01 6.021246314048767090e-02 3.163824558258056641e+00 1.007561311125755310e-01 -5.813214182853698730e-02 9.932112693786621094e-01 2.388686370849609375e+02
9.946794509887695312e-01 2.232223749160766602e-02 -1.005606055259704590e-01 -8.985607147216796875e+00 -1.636178046464920044e-02 9.980818629264831543e-01 5.970828235149383545e-02 3.292110919952392578e+00 1.017001718282699585e-01 -5.774507671594619751e-02 9.931376576423645020e-01 2.418482513427734375e+02
9.950129985809326172e-01 1.959294453263282776e-02 -9.779178351163864136e-02 -9.275329589843750000e+00 -1.354904100298881531e-02 9.979789257049560547e-01 6.208593398332595825e-02 3.415630817413330078e+00 9.881020337343215942e-02 -6.045113876461982727e-02 9.932683706283569336e-01 2.447794036865234375e+02
9.951165914535522461e-01 2.274098992347717285e-02 -9.604031592607498169e-02 -9.545839309692382812e+00 -1.681158132851123810e-02 9.979284405708312988e-01 6.209910288453102112e-02 3.547066211700439453e+00 9.725316613912582397e-02 -6.018108129501342773e-02 9.934384226799011230e-01 2.476103363037109375e+02
9.951511621475219727e-01 2.132385224103927612e-02 -9.600742906332015991e-02 -9.807201385498046875e+00 -1.548655796796083450e-02 9.980092644691467285e-01 6.113649159669876099e-02 3.667142629623413086e+00 9.711959213018417358e-02 -5.935304611921310425e-02 9.935013055801391602e-01 2.503536529541015625e+02
9.945792555809020996e-01 2.212160453200340271e-02 -1.015901267528533936e-01 -1.006855106353759766e+01 -1.584726199507713318e-02 9.979406595230102539e-01 6.215470284223556519e-02 3.776826381683349609e+00 1.027555093169212341e-01 -6.020767241716384888e-02 9.928827285766601562e-01 2.529394226074218750e+02
9.947004914283752441e-01 2.565982006490230560e-02 -9.955111891031265259e-02 -1.035346508026123047e+01 -1.940454542636871338e-02 9.978058934211730957e-01 6.329838186502456665e-02 3.905045032501220703e+00 1.009565442800521851e-01 -6.103099510073661804e-02 9.930169582366943359e-01 2.557362976074218750e+02
9.947450160980224609e-01 2.351013571023941040e-02 -9.963724762201309204e-02 -1.064122390747070312e+01 -1.717677712440490723e-02 9.978052973747253418e-01 6.394840776920318604e-02 4.046763420104980469e+00 1.009216532111167908e-01 -6.190072372555732727e-02 9.929666519165039062e-01 2.586244812011718750e+02
9.949047565460205078e-01 2.594278752803802490e-02 -9.741341322660446167e-02 -1.090982818603515625e+01 -1.959383301436901093e-02 9.976553320884704590e-01 6.557178497314453125e-02 4.177886486053466797e+00 9.888575971126556396e-02 -6.332878023386001587e-02 9.930813908576965332e-01 2.613436279296875000e+02
9.943943619728088379e-01 2.455590665340423584e-02 -1.028340458869934082e-01 -1.119604969024658203e+01 -1.777554303407669067e-02 9.976388216018676758e-01 6.633642315864562988e-02 4.326956748962402344e+00 1.042198389768600464e-01 -6.413642317056655884e-02 9.924839735031127930e-01 2.641771545410156250e+02
9.947677254676818848e-01 2.401665039360523224e-02 -9.928908944129943848e-02 -1.147060298919677734e+01 -1.743900403380393982e-02 9.976279139518737793e-01 6.658883392810821533e-02 4.459021568298339844e+00 1.006524562835693359e-01 -6.450870633125305176e-02 9.928280115127563477e-01 2.668444213867187500e+02
9.947257637977600098e-01 2.276962250471115112e-02 -1.000003218650817871e-01 -1.175425243377685547e+01 -1.583221182227134705e-02 9.974474310874938965e-01 6.962382048368453979e-02 4.598481655120849609e+00 1.013300120830535889e-01 -6.767317652702331543e-02 9.925483465194702148e-01 2.696109008789062500e+02
9.942714571952819824e-01 2.336157113313674927e-02 -1.042898893356323242e-01 -1.201951503753662109e+01 -1.618821360170841217e-02 9.974778890609741211e-01 6.910341978073120117e-02 4.736554622650146484e+00 1.056408658623695374e-01 -6.701908260583877563e-02 9.921431541442871094e-01 2.721980895996093750e+02
9.938326478004455566e-01 2.093374356627464294e-02 -1.088863462209701538e-01 -1.230863857269287109e+01 -1.339580211788415909e-02 9.974917173385620117e-01 6.950064748525619507e-02 4.874722480773925781e+00 1.100677922368049622e-01 -6.761316955089569092e-02 9.916214346885681152e-01 2.748282775878906250e+02
9.936808943748474121e-01 1.957075297832489014e-02 -1.105122044682502747e-01 -1.260949707031250000e+01 -1.178581267595291138e-02 9.974305629730224609e-01 7.065958529710769653e-02 5.008412361145019531e+00 1.116107702255249023e-01 -6.891039758920669556e-02 9.913595914840698242e-01 2.775987548828125000e+02
9.930240511894226074e-01 1.873144134879112244e-02 -1.164042949676513672e-01 -1.292596340179443359e+01 -1.033121719956398010e-02 9.973255395889282227e-01 7.234954833984375000e-02 5.157428741455078125e+00 1.174478456377983093e-01 -7.064204663038253784e-02 9.905630350112915039e-01 2.803009033203125000e+02
9.927791357040405273e-01 2.234502509236335754e-02 -1.178462430834770203e-01 -1.325075149536132812e+01 -1.386829745024442673e-02 9.972888827323913574e-01 7.226272672414779663e-02 5.317474842071533203e+00 1.191411167383193970e-01 -7.010640203952789307e-02 9.903988242149353027e-01 2.830446777343750000e+02
9.927061200141906738e-01 1.933648437261581421e-02 -1.189885213971138000e-01 -1.356292343139648438e+01 -1.070502679795026779e-02 9.972921609878540039e-01 7.275310903787612915e-02 5.466108322143554688e+00 1.200727745890617371e-01 -7.094846665859222412e-02 9.902263283729553223e-01 2.856773071289062500e+02
9.928252100944519043e-01 1.822573877871036530e-02 -1.181671395897865295e-01 -1.388361167907714844e+01 -9.545513428747653961e-03 9.972411990165710449e-01 7.360782474279403687e-02 5.623649120330810547e+00 1.191823780536651611e-01 -7.195153832435607910e-02 9.902614951133728027e-01 2.884035644531250000e+02
9.929000139236450195e-01 1.745248958468437195e-02 -1.176541745662689209e-01 -1.421451091766357422e+01 -8.758944459259510040e-03 9.972191452980041504e-01 7.400321960449218750e-02 5.776747703552246094e+00 1.186182200908660889e-01 -7.244709134101867676e-02 9.902931451797485352e-01 2.911346435546875000e+02
9.932249188423156738e-01 1.539514400064945221e-02 -1.151731684803962708e-01 -1.455012893676757812e+01 -6.761100608855485916e-03 9.971617460250854492e-01 7.498040795326232910e-02 5.933538436889648438e+00 1.160002946853637695e-01 -7.369355112314224243e-02 9.905112981796264648e-01 2.939967346191406250e+02
9.927903413772583008e-01 1.934894733130931854e-02 -1.182823404669761658e-01 -1.486623954772949219e+01 -1.077047921717166901e-02 9.972927570343017578e-01 7.273533940315246582e-02 6.093031406402587891e+00 1.193691790103912354e-01 -7.093682885169982910e-02 9.903122782707214355e-01 2.966460266113281250e+02
9.929330348968505859e-01 2.159620448946952820e-02 -1.166838705539703369e-01 -1.519485855102539062e+01 -1.301395613700151443e-02 9.971866607666015625e-01 7.381512224674224854e-02 6.245794773101806641e+00 1.179494410753250122e-01 -7.177484035491943359e-02 9.904219508171081543e-01 2.993757629394531250e+02
9.928109645843505859e-01 2.215946465730667114e-02 -1.176131740212440491e-01 -1.551481914520263672e+01 -1.343316026031970978e-02 9.971323013305664062e-01 7.447213679552078247e-02 6.406672954559326172e+00 1.189258694648742676e-01 -7.235673069953918457e-02 9.902628064155578613e-01 3.020925598144531250e+02
9.930615425109863281e-01 2.444048412144184113e-02 -1.150171011686325073e-01 -1.584032440185546875e+01 -1.563447341322898865e-02 9.969199299812316895e-01 7.684755325317382812e-02 6.571121692657470703e+00 1.165407449007034302e-01 -7.451602071523666382e-02 9.903862476348876953e-01 3.048884277343750000e+02
9.929705858230590820e-01 2.613794431090354919e-02 -1.154286041855812073e-01 -1.618314743041992188e+01 -1.734888739883899689e-02 9.969184398651123047e-01 7.649781554937362671e-02 6.752116203308105469e+00 1.170721203088760376e-01 -7.395742088556289673e-02 9.903654456138610840e-01 3.078529968261718750e+02
9.925968647003173828e-01 2.610954083502292633e-02 -1.186058074235916138e-01 -1.651485061645507812e+01 -1.698679290711879730e-02 9.968640804290771484e-01 7.728282362222671509e-02 6.916548728942871094e+00 1.202514246106147766e-01 -7.469585537910461426e-02 9.899289608001708984e-01 3.106956481933593750e+02
9.925506711006164551e-01 2.578387968242168427e-02 -1.190625205636024475e-01 -1.685194015502929688e+01 -1.635631173849105835e-02 9.967012405395507812e-01 7.948698848485946655e-02 7.087488174438476562e+00 1.207189857959747314e-01 -7.694734632968902588e-02 9.896995425224304199e-01 3.134866333007812500e+02
9.918765425682067871e-01 2.309348620474338531e-02 -1.250807046890258789e-01 -1.719082260131835938e+01 -1.318342518061399460e-02 9.967486858367919922e-01 7.948174327611923218e-02 7.257130146026611328e+00 1.265092939138412476e-01 -7.718700170516967773e-02 9.889573454856872559e-01 3.162361450195312500e+02
9.912924766540527344e-01 2.435525879263877869e-02 -1.293969601392745972e-01 -1.752840995788574219e+01 -1.418303325772285461e-02 9.967767000198364258e-01 7.895684987306594849e-02 7.414650917053222656e+00 1.309026628732681274e-01 -7.643401622772216797e-02 9.884439110755920410e-01 3.188265075683593750e+02
9.908894300460815430e-01 2.515047043561935425e-02 -1.322995275259017944e-01 -1.789960479736328125e+01 -1.483077928423881531e-02 9.968101382255554199e-01 7.841406017541885376e-02 7.579981327056884766e+00 1.338494271039962769e-01 -7.573747634887695312e-02 9.881028532981872559e-01 3.216473999023437500e+02
9.905825257301330566e-01 2.709852717816829681e-02 -1.341999769210815430e-01 -1.826419448852539062e+01 -1.635002903640270233e-02 9.966157078742980957e-01 8.055388927459716797e-02 7.748088359832763672e+00 1.359284669160842896e-01 -7.760101556777954102e-02 9.876743555068969727e-01 3.243710937500000000e+02
9.899083375930786133e-01 2.801589667797088623e-02 -1.389039605855941772e-01 -1.863683319091796875e+01 -1.669313386082649231e-02 9.964906573295593262e-01 8.201695978641510010e-02 7.916811943054199219e+00 1.407140493392944336e-01 -7.887044548988342285e-02 9.869033694267272949e-01 3.270647583007812500e+02
9.893900752067565918e-01 3.015812486410140991e-02 -1.421107649803161621e-01 -1.903058624267578125e+01 -1.847353391349315643e-02 9.963918328285217285e-01 8.283217996358871460e-02 8.103236198425292969e+00 1.440958529710769653e-01 -7.932794839143753052e-02 9.863786101341247559e-01 3.298052368164062500e+02
9.891940951347351074e-01 3.043457306921482086e-02 -1.434102952480316162e-01 -1.942312240600585938e+01 -1.872533559799194336e-02 9.964312314987182617e-01 8.229915052652359009e-02 8.289438247680664062e+00 1.454030275344848633e-01 -7.872430980205535889e-02 9.862350821495056152e-01 3.325429687500000000e+02
9.883677363395690918e-01 3.133474290370941162e-02 -1.488123983144760132e-01 -1.984829139709472656e+01 -1.923646777868270874e-02 9.964420199394226074e-01 8.205047249794006348e-02 8.476272583007812500e+00 1.508537530899047852e-01 -7.823330163955688477e-02 9.854551553726196289e-01 3.353912963867187500e+02
9.881938099861145020e-01 3.219367936253547668e-02 -1.497809886932373047e-01 -2.024596214294433594e+01 -2.011036686599254608e-02 9.964702725410461426e-01 8.149681240320205688e-02 8.651559829711914062e+00 1.518757790327072144e-01 -7.752240449190139771e-02 9.853543639183044434e-01 3.380100402832031250e+02
9.885290861129760742e-01 3.389383107423782349e-02 -1.471709311008453369e-01 -2.065534591674804688e+01 -2.180301398038864136e-02 9.963104724884033203e-01 8.300159871578216553e-02 8.822088241577148438e+00 1.494409590959548950e-01 -7.884062081575393677e-02 9.856219887733459473e-01 3.407561645507812500e+02
9.879395365715026855e-01 3.766711801290512085e-02 -1.501816958189010620e-01 -2.104026031494140625e+01 -2.523582614958286285e-02 9.961595535278320312e-01 8.383544534444808960e-02 8.991700172424316406e+00 1.527625471353530884e-01 -7.903429865837097168e-02 9.850971102714538574e-01 3.433260803222656250e+02
9.874768257141113281e-01 3.856908157467842102e-02 -1.529698818922042847e-01 -2.148442459106445312e+01 -2.558534778654575348e-02 9.959701299667358398e-01 8.595336228609085083e-02 9.181414604187011719e+00 1.556683480739593506e-01 -8.096308261156082153e-02 9.844853878021240234e-01 3.461804809570312500e+02
9.874425530433654785e-01 3.834309056401252747e-02 -1.532474756240844727e-01 -2.192305183410644531e+01 -2.505454421043395996e-02 9.958296418190002441e-01 8.771971613168716431e-02 9.371167182922363281e+00 1.559716016054153442e-01 -8.277855813503265381e-02 9.842863678932189941e-01 3.489988098144531250e+02
9.873354434967041016e-01 3.910910338163375854e-02 -1.537431925535202026e-01 -2.237167549133300781e+01 -2.536514587700366974e-02 9.955856800079345703e-01 9.035919606685638428e-02 9.582067489624023438e+00 1.565981954336166382e-01 -8.531503379344940186e-02 9.839702248573303223e-01 3.518372802734375000e+02
9.880540966987609863e-01 3.869697079062461853e-02 -1.491619050502777100e-01 -2.279047012329101562e+01 -2.503710426390171051e-02 9.954077005386352539e-01 9.238839149475097656e-02 9.777374267578125000e+00 1.520518511533737183e-01 -8.755006641149520874e-02 9.844867587089538574e-01 3.545683898925781250e+02
9.873223900794982910e-01 4.108353331685066223e-02 -1.533107459545135498e-01 -2.322785186767578125e+01 -2.670155465602874756e-02 9.951457977294921875e-01 9.471384435892105103e-02 9.988809585571289062e+00 1.564575284719467163e-01 -8.941940218210220337e-02 9.836280345916748047e-01 3.574353027343750000e+02
9.860239624977111816e-01 4.195366799831390381e-02 -1.612273752689361572e-01 -2.365890312194824219e+01 -2.661045268177986145e-02 9.950085282325744629e-01 9.617044031620025635e-02 1.019538879394531250e+01 1.644571274518966675e-01 -9.053596109151840210e-02 9.822199344635009766e-01 3.600720214843750000e+02
9.860566258430480957e-01 4.279487952589988708e-02 -1.608058810234069824e-01 -2.408322334289550781e+01 -2.702502533793449402e-02 9.947195053100585938e-01 9.900309890508651733e-02 1.040038585662841797e+01 1.641933768987655640e-01 -9.327681362628936768e-02 9.820075631141662598e-01 3.626790161132812500e+02
9.861733317375183105e-01 4.409704357385635376e-02 -1.597348749637603760e-01 -2.450636291503906250e+01 -2.818819880485534668e-02 9.945346117019653320e-01 1.005239784717559814e-01 1.060808086395263672e+01 1.632945239543914795e-01 -9.463138133287429810e-02 9.820278882980346680e-01 3.652398071289062500e+02
