9.999991059303283691e-01 1.178803038783371449e-03 5.960988346487283707e-04 -2.920846454799175262e-03 -1.179122715257108212e-03 9.999991655349731445e-01 5.360022187232971191e-04 -2.616790495812892914e-02 -5.954663502052426338e-04 -5.367047851905226707e-04 9.999997019767761230e-01 1.125875234603881836e+00
9.999993443489074707e-01 1.073492225259542465e-03 3.163392830174416304e-04 -5.183872766792774200e-03 -1.073651132173836231e-03 9.999992847442626953e-01 5.022872937843203545e-04 -4.929646477103233337e-02 -3.157996397931128740e-04 -5.026267608627676964e-04 9.999998211860656738e-01 2.257308006286621094e+00
9.999979734420776367e-01 1.600445248186588287e-03 1.173008698970079422e-03 -4.424863029271364212e-03 -1.598391681909561157e-03 9.999971985816955566e-01 -1.749375369399785995e-03 -6.710078567266464233e-02 -1.175805227831006050e-03 1.747496542520821095e-03 9.999977350234985352e-01 3.170977592468261719e+00
9.999985694885253906e-01 1.502327853813767433e-03 -7.180919637903571129e-04 -6.066011730581521988e-03 -1.503667677752673626e-03 9.999971389770507812e-01 -1.869025873020291328e-03 -9.324969351291656494e-02 7.152820471674203873e-04 1.870102481916546822e-03 9.999979734420776367e-01 4.315021038055419922e+00
9.999994635581970215e-01 7.721719448454678059e-04 -5.636251880787312984e-04 -7.102127652615308762e-03 -7.738128188066184521e-04 9.999954104423522949e-01 -2.917259000241756439e-03 -1.143455058336257935e-01 5.613701650872826576e-04 2.917693462222814560e-03 9.999955892562866211e-01 5.275147914886474609e+00
9.999982118606567383e-01 1.381331589072942734e-03 -1.201754901558160782e-03 -7.619766518473625183e-03 -1.387029071338474751e-03 9.999877214431762695e-01 -4.753067158162593842e-03 -1.350284963846206665e-01 1.195174641907215118e-03 4.754725843667984009e-03 9.999879598617553711e-01 6.199327945709228516e+00
9.999946951866149902e-01 3.009162377566099167e-03 1.161804655566811562e-03 -7.831472903490066528e-03 -3.001323901116847992e-03 9.999730587005615234e-01 -6.690067704766988754e-03 -1.598100662231445312e-01 -1.181905739940702915e-03 6.686544511467218399e-03 9.999769330024719238e-01 7.149064540863037109e+00
9.999934434890747070e-01 3.374843625351786613e-03 1.279136282391846180e-03 -7.534730248153209686e-03 -3.366102231666445732e-03 9.999713897705078125e-01 -6.774904206395149231e-03 -1.849810630083084106e-01 -1.301964744925498962e-03 6.770553067326545715e-03 9.999762177467346191e-01 8.065706253051757812e+00
9.999843835830688477e-01 4.172518849372863770e-03 3.708809381350874901e-03 -3.820040961727499962e-03 -4.137092735618352890e-03 9.999461770057678223e-01 -9.508223272860050201e-03 -2.113245576620101929e-01 -3.748284652829170227e-03 9.492728859186172485e-03 9.999479055404663086e-01 8.973650932312011719e+00
9.999775886535644531e-01 4.027585033327341080e-03 5.348506849259138107e-03 6.888427305966615677e-04 -3.968917299062013626e-03 9.999322891235351562e-01 -1.093421224504709244e-02 -2.393123209476470947e-01 -5.392184946686029434e-03 1.091273687779903412e-02 9.999258518218994141e-01 9.889619827270507812e+00
9.999768137931823730e-01 3.404155839234590530e-03 5.897005088627338409e-03 7.663907483220100403e-03 -3.333905246108770370e-03 9.999238252639770508e-01 -1.188166253268718719e-02 -2.685851454734802246e-01 -5.937004461884498596e-03 1.186172477900981903e-02 9.999119639396667480e-01 1.079457950592041016e+01
9.999653100967407227e-01 3.944041207432746887e-03 7.331546861678361893e-03 1.489063538610935211e-02 -3.839469514787197113e-03 9.998914599418640137e-01 -1.422261167317628860e-02 -2.986946105957031250e-01 -7.386847399175167084e-03 1.419396698474884033e-02 9.998719096183776855e-01 1.173436832427978516e+01
9.999580979347229004e-01 5.299229640513658524e-03 7.455779705196619034e-03 2.016748301684856415e-02 -5.194521974772214890e-03 9.998885989189147949e-01 -1.399344578385353088e-02 -3.309567868709564209e-01 -7.529105525463819504e-03 1.395412720739841461e-02 9.998741745948791504e-01 1.265181541442871094e+01
9.999586343765258789e-01 5.782186519354581833e-03 7.020001765340566635e-03 2.591440640389919281e-02 -5.676957312971353531e-03 9.998726248741149902e-01 -1.491806469857692719e-02 -3.628029227256774902e-01 -7.105369120836257935e-03 1.487759128212928772e-02 9.998639225959777832e-01 1.356257915496826172e+01
9.999653100967407227e-01 5.372643470764160156e-03 6.365439854562282562e-03 3.102069161832332611e-02 -5.267692264169454575e-03 9.998517632484436035e-01 -1.639091037213802338e-02 -3.947500288486480713e-01 -6.452561356127262115e-03 1.635680720210075378e-02 9.998452067375183105e-01 1.448452281951904297e+01
9.999476075172424316e-01 5.207119509577751160e-03 8.813673630356788635e-03 3.771659731864929199e-02 -5.049337167292833328e-03 9.998282790184020996e-01 -1.783025264739990234e-02 -4.238190650939941406e-01 -8.905005641281604767e-03 1.778481341898441315e-02 9.998019933700561523e-01 1.532499408721923828e+01
9.999396204948425293e-01 5.843958351761102676e-03 9.308008477091789246e-03 4.701666161417961121e-02 -5.656098015606403351e-03 9.997823238372802734e-01 -2.008238807320594788e-02 -4.557166397571563721e-01 -9.423344396054744720e-03 2.002852596342563629e-02 9.997547864913940430e-01 1.619498443603515625e+01
9.999216198921203613e-01 6.330843083560466766e-03 1.080225966870784760e-02 5.708573013544082642e-02 -6.087537854909896851e-03 9.997303485870361328e-01 -2.240936830639839172e-02 -4.895260632038116455e-01 -1.094121672213077545e-02 2.234184928238391876e-02 9.996902942657470703e-01 1.704976463317871094e+01
9.998474717140197754e-01 6.811393890529870987e-03 1.607950776815414429e-02 6.950110197067260742e-02 -6.435747724026441574e-03 9.997078180313110352e-01 -2.329875342547893524e-02 -5.135469436645507812e-01 -1.623350754380226135e-02 2.319171093404293060e-02 9.995990395545959473e-01 1.754797172546386719e+01
9.997586607933044434e-01 6.495451088994741440e-03 2.098318748176097870e-02 8.398915082216262817e-02 -5.958036053925752640e-03 9.996551871299743652e-01 -2.557313628494739532e-02 -5.431132912635803223e-01 -2.114206179976463318e-02 2.544194273650646210e-02 9.994525313377380371e-01 1.823001098632812500e+01
9.997560381889343262e-01 6.876004394143819809e-03 2.098799124360084534e-02 9.894017875194549561e-02 -6.341636180877685547e-03 9.996567368507385254e-01 -2.542155608534812927e-02 -5.785416364669799805e-01 -2.115558460354804993e-02 2.528225071728229523e-02 9.994562864303588867e-01 1.904961585998535156e+01
9.997347593307495117e-01 6.785276345908641815e-03 2.200669609010219574e-02 1.153222694993019104e-01 -6.187552120536565781e-03 9.996131658554077148e-01 -2.711596712470054626e-02 -6.037439703941345215e-01 -2.218217216432094574e-02 2.697260305285453796e-02 9.993898272514343262e-01 1.959956550598144531e+01
9.997290968894958496e-01 5.115084815770387650e-03 2.270348928868770599e-02 1.333043128252029419e-01 -4.488426726311445236e-03 9.996098875999450684e-01 -2.756715379655361176e-02 -6.370232701301574707e-01 -2.283564023673534393e-02 2.745777927339076996e-02 9.993618726730346680e-01 2.025693321228027344e+01
9.997491836547851562e-01 4.007746931165456772e-03 2.203093655407428741e-02 1.502849757671356201e-01 -3.384285140782594681e-03 9.995948076248168945e-01 -2.826383709907531738e-02 -6.721169948577880859e-01 -2.213528566062450409e-02 2.818218432366847992e-02 9.993574619293212891e-01 2.097228240966796875e+01
9.997078180313110352e-01 2.962491707876324654e-03 2.398599870502948761e-02 1.696914434432983398e-01 -2.219800138846039772e-03 9.995191097259521484e-01 -3.093081153929233551e-02 -7.075440287590026855e-01 -2.406609803438186646e-02 3.086852468550205231e-02 9.992334246635437012e-01 2.169040679931640625e+01
9.996960759162902832e-01 8.513225475326180458e-04 2.463650330901145935e-02 1.835118383169174194e-01 -4.671218266594223678e-05 9.994671940803527832e-01 -3.264107182621955872e-02 -7.383441925048828125e-01 -2.465116605162620544e-02 3.262999281287193298e-02 9.991632103919982910e-01 2.222284698486328125e+01
9.995566606521606445e-01 2.200468210503458977e-03 2.969088219106197357e-02 2.036578804254531860e-01 -1.227131811901926994e-03 9.994625449180603027e-01 -3.276051580905914307e-02 -7.661707401275634766e-01 -2.974701300263404846e-02 3.270954638719558716e-02 9.990218281745910645e-01 2.266648292541503906e+01
9.996173381805419922e-01 1.219829893670976162e-03 2.763337269425392151e-02 2.218603938817977905e-01 -2.624775224830955267e-04 9.994004964828491211e-01 -3.462165221571922302e-02 -8.032499551773071289e-01 -2.765904180705547333e-02 3.460113704204559326e-02 9.990180730819702148e-01 2.335202598571777344e+01
9.995753765106201172e-01 9.189164265990257263e-04 2.912375889718532562e-02 2.367051541805267334e-01 1.779345184331759810e-04 9.992915391921997070e-01 -3.763645887374877930e-02 -8.360688090324401855e-01 -2.913771010935306549e-02 3.762564435601234436e-02 9.988666772842407227e-01 2.389194297790527344e+01
9.995737075805664062e-01 -2.605682937428355217e-03 2.907942421734333038e-02 2.521559894084930420e-01 3.697452135384082794e-03 9.992877840995788574e-01 -3.755369409918785095e-02 -8.708537817001342773e-01 -2.896085940301418304e-02 3.764518722891807556e-02 9.988710880279541016e-01 2.441617965698242188e+01
9.994746446609497070e-01 -1.104998518712818623e-03 3.239123523235321045e-02 2.733229398727416992e-01 2.356759505346417427e-03 9.992507100105285645e-01 -3.863208740949630737e-02 -9.039061665534973145e-01 -3.232427686452865601e-02 3.868810832500457764e-02 9.987280368804931641e-01 2.491114425659179688e+01
9.993965029716491699e-01 -5.444569396786391735e-04 3.473129868507385254e-02 2.963993549346923828e-01 1.898584421724081039e-03 9.992386698722839355e-01 -3.896734490990638733e-02 -9.385696053504943848e-01 -3.468364104628562927e-02 3.900974616408348083e-02 9.986363649368286133e-01 2.545283126831054688e+01
9.992870092391967773e-01 -5.532113718800246716e-04 3.774901852011680603e-02 3.201192021369934082e-01 2.100018085911870003e-03 9.991590976715087891e-01 -4.094845056533813477e-02 -9.752024412155151367e-01 -3.769461810588836670e-02 4.099851101636886597e-02 9.984475374221801758e-01 2.598501205444335938e+01
9.995769858360290527e-01 -9.311399771831929684e-04 2.906564250588417053e-02 3.276873826980590820e-01 2.182484371587634087e-03 9.990705847740173340e-01 -4.305009543895721436e-02 -1.005030035972595215e+00 -2.899854257702827454e-02 4.309530183672904968e-02 9.986496567726135254e-01 2.642464447021484375e+01
9.997261166572570801e-01 6.405023159459233284e-04 2.338756434619426727e-02 3.343311548233032227e-01 3.981147310696542263e-04 9.990148544311523438e-01 -4.437703639268875122e-02 -1.034323573112487793e+00 -2.339294739067554474e-02 4.437418282032012939e-02 9.987406730651855469e-01 2.683262252807617188e+01
9.998644590377807617e-01 -1.239285571500658989e-03 1.640918478369712830e-02 3.382608592510223389e-01 2.003233414143323898e-03 9.989106655120849609e-01 -4.662161320447921753e-02 -1.065235018730163574e+00 -1.633353531360626221e-02 4.664815217256546021e-02 9.987774491310119629e-01 2.724123954772949219e+01
9.999557733535766602e-01 -4.460270050913095474e-03 8.269621059298515320e-03 3.292024731636047363e-01 4.859404638409614563e-03 9.987924098968505859e-01 -4.889040067791938782e-02 -1.091994285583496094e+00 -8.041576482355594635e-03 4.892840236425399780e-02 9.987695217132568359e-01 2.757962608337402344e+01
9.999726414680480957e-01 -1.872644876129925251e-03 7.138831075280904770e-03 3.245555162429809570e-01 2.235004911199212074e-03 9.986914396286010742e-01 -5.109359696507453918e-02 -1.105944037437438965e+00 -7.033818401396274567e-03 5.110813677310943604e-02 9.986679553985595703e-01 2.769518470764160156e+01
9.999866485595703125e-01 -1.167189795523881912e-03 5.014754831790924072e-03 3.267293274402618408e-01 1.427272334694862366e-03 9.986369013786315918e-01 -5.217686295509338379e-02 -1.124788045883178711e+00 -4.947029054164886475e-03 5.218330770730972290e-02 9.986248612403869629e-01 2.785325431823730469e+01
9.999549388885498047e-01 -6.830604252172634006e-05 -9.483347646892070770e-03 3.118810653686523438e-01 -4.280122811906039715e-04 9.986301660537719727e-01 -5.232385918498039246e-02 -1.148972153663635254e+00 9.473914280533790588e-03 5.232555419206619263e-02 9.985846877098083496e-01 2.817826652526855469e+01
9.997649788856506348e-01 -5.786673282273113728e-04 -2.166543714702129364e-02 2.932049632072448730e-01 -6.019328720867633820e-04 9.985166192054748535e-01 -5.444653332233428955e-02 -1.181353926658630371e+00 2.166478335857391357e-02 5.444677174091339111e-02 9.982811808586120605e-01 2.861153411865234375e+01
9.993860721588134766e-01 1.173462835140526295e-03 -3.501110896468162537e-02 2.707148194313049316e-01 -3.164687193930149078e-03 9.983765482902526855e-01 -5.687293037772178650e-02 -1.212721347808837891e+00 3.488750010728836060e-02 5.694881826639175415e-02 9.977669119834899902e-01 2.897484397888183594e+01
9.988965988159179688e-01 4.487028345465660095e-03 -4.674526304006576538e-02 2.358909100294113159e-01 -7.151195779442787170e-03 9.983496665954589844e-01 -5.698287487030029297e-02 -1.245861768722534180e+00 4.641239345073699951e-02 5.725429579615592957e-02 9.972798228263854980e-01 2.939010620117187500e+01
9.983482360839843750e-01 2.560368273407220840e-03 -5.739210173487663269e-02 2.057754695415496826e-01 -6.030762568116188049e-03 9.981575608253479004e-01 -6.037670373916625977e-02 -1.283301830291748047e+00 5.713172629475593567e-02 6.062310561537742615e-02 9.965239763259887695e-01 2.981508064270019531e+01
9.973292350769042969e-01 -3.886065678671002388e-05 -7.303462177515029907e-02 1.676838696002960205e-01 -4.579418804496526718e-03 9.979989528656005859e-01 -6.306562572717666626e-02 -1.307371020317077637e+00 7.289087027311325073e-02 6.323166191577911377e-02 9.953330755233764648e-01 3.009983253479003906e+01
9.953641295433044434e-01 -1.332356361672282219e-03 -9.616723656654357910e-02 1.290878951549530029e-01 -4.902038723230361938e-03 9.979016780853271484e-01 -6.456330418586730957e-02 -1.337213635444641113e+00 9.605140984058380127e-02 6.473542749881744385e-02 9.932686686515808105e-01 3.039667701721191406e+01
9.930504560470581055e-01 -2.169070648960769176e-04 -1.176872923970222473e-01 9.271411597728729248e-02 -7.336259353905916214e-03 9.979394674301147461e-01 -6.374295800924301147e-02 -1.362911105155944824e+00 1.174585595726966858e-01 6.416338682174682617e-02 9.910023212432861328e-01 3.063086509704589844e+01
9.891194701194763184e-01 -2.636535558849573135e-03 -1.470896452665328979e-01 2.917302399873733521e-02 -6.722970865666866302e-03 9.979847669601440430e-01 -6.309786438941955566e-02 -1.387519359588623047e+00 1.469595283269882202e-01 6.340023130178451538e-02 9.871080517768859863e-01 3.091731452941894531e+01
9.853389263153076172e-01 8.910741889849305153e-04 -1.706053614616394043e-01 -3.607411682605743408e-02 -1.186917722225189209e-02 9.979215860366821289e-01 -6.333881616592407227e-02 -1.412930488586425781e+00 1.701942533254623413e-01 6.443516165018081665e-02 9.833011031150817871e-01 3.117683792114257812e+01
9.800934791564941406e-01 3.260836470872163773e-03 -1.985095292329788208e-01 -1.122775077819824219e-01 -1.581361144781112671e-02 9.979706406593322754e-01 -6.168268248438835144e-02 -1.435113549232482910e+00 1.979054361581802368e-01 6.359394639730453491e-02 9.781556129455566406e-01 3.142340278625488281e+01
9.781595468521118164e-01 4.483272787183523178e-03 -2.078064829111099243e-01 -1.426154226064682007e-01 -1.781266927719116211e-02 9.978975653648376465e-01 -6.231656670570373535e-02 -1.448082327842712402e+00 2.070900797843933105e-01 6.465713679790496826e-02 9.761825203895568848e-01 3.153863334655761719e+01
9.736754298210144043e-01 7.117094006389379501e-03 -2.278272658586502075e-01 -1.366285979747772217e-01 -2.095476165413856506e-02 9.980747699737548828e-01 -5.837640538811683655e-02 -1.431711554527282715e+00 2.269730567932128906e-01 6.161374226212501526e-02 9.719496965408325195e-01 3.135409927368164062e+01
9.704894423484802246e-01 8.248599246144294739e-03 -2.410019487142562866e-01 -1.619171202182769775e-01 -2.252293936908245087e-02 9.981466531753540039e-01 -5.653463304042816162e-02 -1.434379935264587402e+00 2.400888353586196899e-01 6.029434502124786377e-02 9.688762426376342773e-01 3.132716751098632812e+01
9.668836593627929688e-01 1.080186571925878525e-02 -2.549882531166076660e-01 -1.685841083526611328e-01 -2.622918039560317993e-02 9.980193972587585449e-01 -5.717945471405982971e-02 -1.430621027946472168e+00 2.538654506206512451e-01 6.197402998805046082e-02 9.652516841888427734e-01 3.124075317382812500e+01
9.620161056518554688e-01 1.234322506934404373e-02 -2.727130949497222900e-01 -2.073532491922378540e-01 -2.905777841806411743e-02 9.979320764541625977e-01 -5.733624473214149475e-02 -1.444172382354736328e+00 2.714412510395050049e-01 6.308283656835556030e-02 9.603850245475769043e-01 3.130929946899414062e+01
9.576436877250671387e-01 1.495892275124788284e-02 -2.875666022300720215e-01 -2.285036742687225342e-01 -3.331530466675758362e-02 9.976992607116699219e-01 -5.904609709978103638e-02 -1.447511911392211914e+00 2.860215306282043457e-01 6.612549722194671631e-02 9.559384584426879883e-01 3.131941223144531250e+01
9.470941424369812012e-01 1.585464924573898315e-02 -3.205637931823730469e-01 -2.264783084392547607e-01 -3.675597906112670898e-02 9.975660443305969238e-01 -5.925595760345458984e-02 -1.445220589637756348e+00 3.188438713550567627e-01 6.790361553430557251e-02 9.453713297843933105e-01 3.116861152648925781e+01
9.377444982528686523e-01 1.612901501357555389e-02 -3.469508290290832520e-01 -2.336918562650680542e-01 -3.960572928190231323e-02 9.973712563514709473e-01 -6.068134680390357971e-02 -1.447275638580322266e+00 3.450598418712615967e-01 7.064484804868698120e-02 9.359179139137268066e-01 3.109332466125488281e+01
9.240722656250000000e-01 1.691554114222526550e-02 -3.818429410457611084e-01 -3.849014043807983398e-01 -4.199861362576484680e-02 9.974646568298339844e-01 -5.745059624314308167e-02 -1.473349213600158691e+00 3.799028098583221436e-01 6.912539154291152954e-02 9.224395751953125000e-01 3.137128639221191406e+01
9.074947237968444824e-01 2.157597616314888000e-02 -4.195087552070617676e-01 -4.937007427215576172e-01 -4.928561672568321228e-02 9.972512722015380859e-01 -5.532606318593025208e-02 -1.484126210212707520e+00 4.171617031097412109e-01 7.088387757539749146e-02 9.060633778572082520e-01 3.148986434936523438e+01
8.903689384460449219e-01 2.373563870787620544e-02 -4.546202719211578369e-01 -6.800112724304199219e-01 -5.285403504967689514e-02 9.972762465476989746e-01 -5.144644528627395630e-02 -1.507709264755249023e+00 4.521606862545013428e-01 6.983485072851181030e-02 8.891980051994323730e-01 3.177589607238769531e+01
8.782914876937866211e-01 2.603163942694664001e-02 -4.774162173271179199e-01 -8.033261299133300781e-01 -5.461869016289710999e-02 9.974429011344909668e-01 -4.609405249357223511e-02 -1.526108741760253906e+00 4.749953150749206543e-01 6.655988842248916626e-02 8.774670958518981934e-01 3.196837234497070312e+01
8.725678324699401855e-01 2.945518307387828827e-02 -4.876039922237396240e-01 -7.644738554954528809e-01 -5.942340567708015442e-02 9.971678853034973145e-01 -4.610132426023483276e-02 -1.532908320426940918e+00 4.848649203777313232e-01 6.920163333415985107e-02 8.718466162681579590e-01 3.186735916137695312e+01
8.618637323379516602e-01 2.965733408927917480e-02 -5.062718987464904785e-01 -7.517572045326232910e-01 -6.163283810019493103e-02 9.970144629478454590e-01 -4.651712626218795776e-02 -1.536625146865844727e+00 5.033806562423706055e-01 7.129441201686859131e-02 8.611180782318115234e-01 3.179681015014648438e+01
8.485014438629150391e-01 2.678701654076576233e-02 -5.285145044326782227e-01 -8.540453314781188965e-01 -6.211948767304420471e-02 9.968551993370056152e-01 -4.920527338981628418e-02 -1.548338770866394043e+00 5.255342125892639160e-01 7.458180934190750122e-02 8.474967479705810547e-01 3.191621398925781250e+01
8.333262205123901367e-01 2.843472920358181000e-02 -5.520495176315307617e-01 -9.777461886405944824e-01 -6.401418894529342651e-02 9.969213008880615234e-01 -4.528130590915679932e-02 -1.562685728073120117e+00 5.490621328353881836e-01 7.307311892509460449e-02 8.325806260108947754e-01 3.205159759521484375e+01
8.182018399238586426e-01 2.883215807378292084e-02 -5.742075443267822266e-01 -1.111108183860778809e+00 -6.843891739845275879e-02 9.965248703956604004e-01 -4.748263210058212280e-02 -1.578544616699218750e+00 5.708428025245666504e-01 7.814853638410568237e-02 8.173314332962036133e-01 3.220149230957031250e+01
8.010683655738830566e-01 3.274161741137504578e-02 -5.976766347885131836e-01 -1.225342273712158203e+00 -7.352668046951293945e-02 9.963237047195434570e-01 -4.396799206733703613e-02 -1.591763854026794434e+00 5.940395593643188477e-01 7.916655391454696655e-02 8.005304932594299316e-01 3.230127334594726562e+01
7.854867577552795410e-01 3.213965147733688354e-02 -6.180433630943298340e-01 -1.419623017311096191e+00 -7.425751537084579468e-02 9.963304400444030762e-01 -4.256427660584449768e-02 -1.607706308364868164e+00 6.144071221351623535e-01 7.932804524898529053e-02 7.849906682968139648e-01 3.251998901367187500e+01
7.658571600914001465e-01 3.232054784893989563e-02 -6.421979069709777832e-01 -1.705549597740173340e+00 -7.626362144947052002e-02 9.962523579597473145e-01 -4.080922901630401611e-02 -1.631601691246032715e+00 6.384719014167785645e-01 8.023038506507873535e-02 7.654516100883483887e-01 3.282987594604492188e+01
7.512416243553161621e-01 3.083915077149868011e-02 -6.593062877655029297e-01 -2.171900987625122070e+00 -7.601038366556167603e-02 9.963042736053466797e-01 -4.000716283917427063e-02 -1.668014526367187500e+00 6.556355953216552734e-01 8.016918599605560303e-02 7.508090734481811523e-01 3.334292221069335938e+01
7.411211133003234863e-01 3.162170574069023132e-02 -6.706261634826660156e-01 -2.605708599090576172e+00 -7.899755239486694336e-02 9.960586428642272949e-01 -4.033495485782623291e-02 -1.703987836837768555e+00 6.667072176933288574e-01 8.287091553211212158e-02 7.406979203224182129e-01 3.381522750854492188e+01
7.330403327941894531e-01 2.862262725830078125e-02 -6.795825958251953125e-01 -3.048964023590087891e+00 -7.708650082349777222e-02 9.961732029914855957e-01 -4.119355231523513794e-02 -1.739813923835754395e+00 6.758025288581848145e-01 8.258318156003952026e-02 7.324413657188415527e-01 3.428850173950195312e+01
7.212556004524230957e-01 2.519450895488262177e-02 -6.922106742858886719e-01 -3.475553035736083984e+00 -7.478586584329605103e-02 9.963291287422180176e-01 -4.166028648614883423e-02 -1.777229905128479004e+00 6.886197328567504883e-01 8.181528002023696899e-02 7.204919457435607910e-01 3.471567916870117188e+01
7.057381272315979004e-01 2.438936382532119751e-02 -7.080528736114501953e-01 -4.071308135986328125e+00 -7.559286057949066162e-02 9.962944388389587402e-01 -4.102768003940582275e-02 -1.827431678771972656e+00 7.044282555580139160e-01 8.247853070497512817e-02 7.049664258956909180e-01 3.529734039306640625e+01
6.938166022300720215e-01 2.296697162091732025e-02 -7.197854518890380859e-01 -4.490108013153076172e+00 -7.650779932737350464e-02 9.961857199668884277e-01 -4.196112230420112610e-02 -1.862300753593444824e+00 7.160760760307312012e-01 8.418252319097518921e-02 6.929271221160888672e-01 3.567868804931640625e+01
6.806997656822204590e-01 2.089925482869148254e-02 -7.322642803192138672e-01 -5.028425693511962891e+00 -7.641820609569549561e-02 9.961652159690856934e-01 -4.260584339499473572e-02 -1.904147386550903320e+00 7.285656332969665527e-01 8.496011048555374146e-02 6.796863079071044922e-01 3.616405868530273438e+01
6.648385524749755859e-01 1.934934221208095551e-02 -7.467363476753234863e-01 -5.645881652832031250e+00 -7.797867059707641602e-02 9.960004687309265137e-01 -4.361815378069877625e-02 -1.954476594924926758e+00 7.429056167602539062e-01 8.722853660583496094e-02 6.636881232261657715e-01 3.670449447631835938e+01
6.507248878479003906e-01 1.883128285408020020e-02 -7.590799331665039062e-01 -6.546058654785156250e+00 -7.928346097469329834e-02 9.959130883216857910e-01 -4.325946792960166931e-02 -2.027730226516723633e+00 7.551627755165100098e-01 8.833249658346176147e-02 6.495582461357116699e-01 3.747305679321289062e+01
6.336737871170043945e-01 1.902137883007526398e-02 -7.733663320541381836e-01 -7.351381301879882812e+00 -7.880387455224990845e-02 9.960845112800598145e-01 -4.007033631205558777e-02 -2.095162630081176758e+00 7.695758342742919922e-01 8.633579313755035400e-02 6.326914429664611816e-01 3.812981796264648438e+01
6.183773875236511230e-01 1.756324432790279388e-02 -7.856848835945129395e-01 -8.183700561523437500e+00 -7.969310134649276733e-02 9.959980845451354980e-01 -4.045827314257621765e-02 -2.159632682800292969e+00 7.818298339843750000e-01 8.763214945793151855e-02 6.173021793365478516e-01 3.877985382080078125e+01
6.028697490692138672e-01 1.753113791346549988e-02 -7.976469397544860840e-01 -8.958833694458007812e+00 -8.003168553113937378e-02 9.960448145866394043e-01 -3.859712556004524231e-02 -2.219885110855102539e+00 7.938151359558105469e-01 8.710606396198272705e-02 6.018881201744079590e-01 3.936086654663085938e+01
6.028361320495605469e-01 1.779613271355628967e-02 -7.976664900779724121e-01 -9.936483383178710938e+00 -7.971243560314178467e-02 9.960926175117492676e-01 -3.801957517862319946e-02 -2.291088104248046875e+00 7.938727140426635742e-01 8.650349825620651245e-02 6.018990278244018555e-01 4.009702301025390625e+01
6.030530333518981934e-01 1.741587556898593903e-02 -7.975108623504638672e-01 -1.073513603210449219e+01 -7.956948876380920410e-02 9.960888624191284180e-01 -3.841561079025268555e-02 -2.346783161163330078e+00 7.937222719192504883e-01 8.662417531013488770e-02 6.020800471305847168e-01 4.070013427734375000e+01
6.024336218833923340e-01 1.647381857037544250e-02 -7.979987859725952148e-01 -1.141137123107910156e+01 -8.041820675134658813e-02 9.959522485733032227e-01 -4.014981165528297424e-02 -2.396051168441772461e+00 7.941069602966308594e-01 8.836122602224349976e-02 6.013198494911193848e-01 4.120996093750000000e+01
6.048956513404846191e-01 1.446154527366161346e-02 -7.961732149124145508e-01 -1.211379241943359375e+01 -7.887664437294006348e-02 9.960060715675354004e-01 -4.183556884527206421e-02 -2.447638273239135742e+00 7.923880815505981445e-01 8.810562640428543091e-02 6.036204099655151367e-01 4.174369812011718750e+01
6.065499782562255859e-01 1.256463117897510529e-02 -7.949458360671997070e-01 -1.279266452789306641e+01 -7.888636738061904907e-02 9.958919882774353027e-01 -4.445022717118263245e-02 -2.502108573913574219e+00 7.911214232444763184e-01 8.967167884111404419e-02 6.050494909286499023e-01 4.225948333740234375e+01
6.085591912269592285e-01 1.126233302056789398e-02 -7.934282422065734863e-01 -1.351671028137207031e+01 -7.933868467807769775e-02 9.957522153854370117e-01 -4.671854153275489807e-02 -2.560028791427612305e+00 7.895315289497375488e-01 9.138055890798568726e-02 6.068678498268127441e-01 4.281237030029296875e+01
6.105195879936218262e-01 9.660115465521812439e-03 -7.919419407844543457e-01 -1.417178630828857422e+01 -8.002094924449920654e-02 9.955609440803527832e-01 -4.954548552632331848e-02 -2.616516113281250000e+00 7.879475355148315430e-01 9.362043440341949463e-02 6.085826754570007324e-01 4.331551361083984375e+01
6.141607165336608887e-01 6.646136287599802017e-03 -7.891527414321899414e-01 -1.484360980987548828e+01 -7.886522263288497925e-02 9.954755306243896484e-01 -5.299338698387145996e-02 -2.677026271820068359e+00 7.852298021316528320e-01 9.478315711021423340e-02 6.119062900543212891e-01 4.383131408691406250e+01
6.167261600494384766e-01 4.576185718178749084e-03 -7.871642112731933594e-01 -1.548432159423828125e+01 -7.755744457244873047e-02 9.954707026481628418e-01 -5.497743189334869385e-02 -2.736403703689575195e+00 7.833470702171325684e-01 9.495645761489868164e-02 6.142879128456115723e-01 4.432950973510742188e+01
6.189221143722534180e-01 3.637823974713683128e-03 -7.854436635971069336e-01 -1.613246917724609375e+01 -7.873781770467758179e-02 9.952391982078552246e-01 -5.743518099188804626e-02 -2.797512054443359375e+00 7.814951539039611816e-01 9.739201515913009644e-02 6.162622570991516113e-01 4.483917999267578125e+01
6.176767349243164062e-01 2.711956854909658432e-03 -7.864271998405456543e-01 -1.681250381469726562e+01 -7.982654124498367310e-02 9.950450658798217773e-01 -5.926613509654998779e-02 -2.863909006118774414e+00 7.823695540428161621e-01 9.938505291938781738e-02 6.148329377174377441e-01 4.537011718750000000e+01
6.154633164405822754e-01 2.697691088542342186e-03 -7.881607413291931152e-01 -1.750041580200195312e+01 -7.980509102344512939e-02 9.950677752494812012e-01 -5.891278013586997986e-02 -2.933494567871093750e+00 7.841142416000366211e-01 9.915786981582641602e-02 6.126431822776794434e-01 4.590408325195312500e+01
6.120024323463439941e-01 3.617424750700592995e-03 -7.908474206924438477e-01 -1.826613044738769531e+01 -8.007503300905227661e-02 9.951336383819580078e-01 -5.741476640105247498e-02 -3.004448175430297852e+00 7.867910265922546387e-01 9.846509248018264771e-02 6.093141436576843262e-01 4.649296188354492188e+01
6.130636334419250488e-01 2.672127448022365570e-03 -7.900288105010986328e-01 -1.925629043579101562e+01 -8.002432435750961304e-02 9.950608015060424805e-01 -5.873342603445053101e-02 -3.102606058120727539e+00 7.859696149826049805e-01 9.922884404659271240e-02 6.102496385574340820e-01 4.725448226928710938e+01
6.136648058891296387e-01 1.641266280785202980e-03 -7.895647287368774414e-01 -2.023516082763671875e+01 -7.940700650215148926e-02 9.950558543205261230e-01 -5.964826047420501709e-02 -3.201557397842407227e+00 7.855629324913024902e-01 9.930100291967391968e-02 6.107612848281860352e-01 4.800735855102539062e+01
6.134791374206542969e-01 1.163368811830878258e-03 -7.897098064422607422e-01 -2.121501922607421875e+01 -7.855389267206192017e-02 9.951289892196655273e-01 -5.955794453620910645e-02 -3.299663543701171875e+00 7.857937216758728027e-01 9.857233613729476929e-02 6.105824112892150879e-01 4.876314544677734375e+01
6.143276691436767578e-01 1.105639734305441380e-03 -7.890500426292419434e-01 -2.218871307373046875e+01 -7.767449319362640381e-02 9.952265024185180664e-01 -5.908021703362464905e-02 -3.397255182266235352e+00 7.852180600166320801e-01 9.758366644382476807e-02 6.114811897277832031e-01 4.951274871826171875e+01
6.144379377365112305e-01 9.482845780439674854e-04 -7.889643907546997070e-01 -2.298618125915527344e+01 -7.732734829187393188e-02 9.952567815780639648e-01 -5.902559682726860046e-02 -3.475119352340698242e+00 7.851660251617431641e-01 9.727607667446136475e-02 6.115970015525817871e-01 5.012947845458984375e+01
6.160945296287536621e-01 4.340846790000796318e-04 -7.876718640327453613e-01 -2.394983673095703125e+01 -7.749908417463302612e-02 9.951810240745544434e-01 -6.006916239857673645e-02 -3.573451757431030273e+00 7.838498950004577637e-01 9.805212914943695068e-02 6.131592988967895508e-01 5.087601089477539062e+01
6.188965439796447754e-01 -5.615535192191600800e-04 -7.854720354080200195e-01 -2.492403411865234375e+01 -7.764605432748794556e-02 9.950579404830932617e-01 -6.189103797078132629e-02 -3.673988342285156250e+00 7.816247344017028809e-01 9.929296374320983887e-02 6.157944202423095703e-01 5.163532257080078125e+01
6.158764958381652832e-01 -4.284900496713817120e-04 -7.878423333168029785e-01 -2.587223625183105469e+01 -7.824399322271347046e-02 9.950225949287414551e-01 -6.170653924345970154e-02 -3.768456220626831055e+00 7.839470505714416504e-01 9.964755177497863770e-02 6.127776503562927246e-01 5.237229537963867188e+01
6.132825613021850586e-01 -1.136430888436734676e-03 -7.898624539375305176e-01 -2.675998687744140625e+01 -7.831717282533645630e-02 9.949836134910583496e-01 -6.224034726619720459e-02 -3.860619783401489258e+00 7.859706282615661621e-01 1.000307351350784302e-01 6.101172566413879395e-01 5.305630111694335938e+01
6.113119125366210938e-01 -6.158945616334676743e-04 -7.913891077041625977e-01 -2.772652816772460938e+01 -7.873706519603729248e-02 9.949906468391418457e-01 -6.159516796469688416e-02 -3.959966659545898438e+00 7.874623537063598633e-01 9.996555000543594360e-02 6.082013249397277832e-01 5.379335784912109375e+01
6.077274680137634277e-01 9.333177586086094379e-04 -7.941446900367736816e-01 -2.866551208496093750e+01 -7.938490808010101318e-02 9.950618743896484375e-01 -5.958072468638420105e-02 -4.053519248962402344e+00 7.901670932769775391e-01 9.925198554992675781e-02 6.048007011413574219e-01 5.450958251953125000e+01
6.030314564704895020e-01 2.432145178318023682e-03 -7.977132797241210938e-01 -2.959866333007812500e+01 -8.035646378993988037e-02 9.950940012931823730e-01 -5.771157890558242798e-02 -4.142823696136474609e+00 7.936589717864990234e-01 9.890335053205490112e-02 6.002686619758605957e-01 5.520886230468750000e+01
6.046068072319030762e-01 2.260576235130429268e-03 -7.965204715728759766e-01 -3.060033416748046875e+01 -8.047207444906234741e-02 9.950527548789978027e-01 -5.825914442539215088e-02 -4.239518165588378906e+00 7.924478650093078613e-01 9.932155907154083252e-02 6.017978191375732422e-01 5.596354675292968750e+01
6.049074530601501465e-01 2.597267273813486099e-03 -7.962911128997802734e-01 -3.161112785339355469e+01 -8.089829236268997192e-02 9.950211048126220703e-01 -5.820946022868156433e-02 -4.337482929229736328e+00 7.921749949455261230e-01 9.962995350360870361e-02 6.021060347557067871e-01 5.672477340698242188e+01
6.063003540039062500e-01 1.685088616795837879e-03 -7.952334880828857422e-01 -3.259614944458007812e+01 -8.031020313501358032e-02 9.950149655342102051e-01 -5.912156775593757629e-02 -4.434866905212402344e+00 7.911693453788757324e-01 9.971081465482711792e-02 6.034134626388549805e-01 5.746854400634765625e+01
6.088489294052124023e-01 3.427236806601285934e-04 -7.932856678962707520e-01 -3.351699066162109375e+01 -7.991185784339904785e-02 9.949395656585693359e-01 -6.090278178453445435e-02 -4.525067806243896484e+00 7.892501354217529297e-01 1.004735529422760010e-01 6.057955622673034668e-01 5.817024612426757812e+01
6.097750663757324219e-01 3.266665735282003880e-04 -7.925740480422973633e-01 -3.445295333862304688e+01 -7.991585880517959595e-02 9.949287772178649902e-01 -6.107407435774803162e-02 -4.619733333587646484e+00 7.885344624519348145e-01 1.005806997418403625e-01 6.067091226577758789e-01 5.888228607177734375e+01
6.112297773361206055e-01 3.161731874570250511e-04 -7.914527654647827148e-01 -3.543303680419921875e+01 -7.969029247760772705e-02 9.949424266815185547e-01 -6.114647164940834045e-02 -4.719377517700195312e+00 7.874302864074707031e-01 1.004456505179405212e-01 6.081638932228088379e-01 5.963075637817382812e+01
6.116224527359008789e-01 9.833527728915214539e-04 -7.911488413810729980e-01 -3.641087722778320312e+01 -7.963018119335174561e-02 9.949975013732910156e-01 -6.032393500208854675e-02 -4.820639610290527344e+00 7.871313691139221191e-01 9.989479929208755493e-02 6.086413264274597168e-01 6.037675094604492188e+01
6.132656335830688477e-01 4.829448880627751350e-05 -7.898764014244079590e-01 -3.734444046020507812e+01 -7.892574369907379150e-02 9.949990510940551758e-01 -6.121771782636642456e-02 -4.915319919586181641e+00 7.859228849411010742e-01 9.988430887460708618e-02 6.102027297019958496e-01 6.109075546264648438e+01
6.148712038993835449e-01 -1.684479648247361183e-03 -7.886254191398620605e-01 -3.828593444824218750e+01 -7.751581817865371704e-02 9.950262308120727539e-01 -6.256250292062759399e-02 -5.012925624847412109e+00 7.848078608512878418e-01 9.959882497787475586e-02 6.116825938224792480e-01 6.181282043457031250e+01
6.168004274368286133e-01 -3.373167477548122406e-03 -7.871119976043701172e-01 -3.926310729980468750e+01 -7.777290046215057373e-02 9.948362708091735840e-01 -6.520818173885345459e-02 -5.116289615631103516e+00 7.832670211791992188e-01 1.014364212751388550e-01 6.133533120155334473e-01 6.256800460815429688e+01
6.185060739517211914e-01 -3.589447122067213058e-03 -7.857714891433715820e-01 -4.021957397460937500e+01 -7.833263278007507324e-02 9.947267174720764160e-01 -6.620215624570846558e-02 -5.221087455749511719e+00 7.818650603294372559e-01 1.024979799985885620e-01 6.149635314941406250e-01 6.331309127807617188e+01
6.202174425125122070e-01 -4.880251828581094742e-03 -7.844144105911254883e-01 -4.120120239257812500e+01 -7.760392129421234131e-02 9.946932792663574219e-01 -6.754808872938156128e-02 -5.328272819519042969e+00 7.805809974670410156e-01 1.027681380510330200e-01 6.165475845336914062e-01 6.408261108398437500e+01
6.214757561683654785e-01 -5.007398780435323715e-03 -7.834170460700988770e-01 -4.212795639038085938e+01 -7.781090587377548218e-02 9.946405887603759766e-01 -6.808403134346008301e-02 -5.430300712585449219e+00 7.795588970184326172e-01 1.032709628343582153e-01 6.177555918693542480e-01 6.480860137939453125e+01
6.215001940727233887e-01 -5.862128920853137970e-03 -7.833916544914245605e-01 -4.308311080932617188e+01 -7.706653326749801636e-02 9.946642518043518066e-01 -6.858351826667785645e-02 -5.537036418914794922e+00 7.796132564544677734e-01 1.029979512095451355e-01 6.177325248718261719e-01 6.555876159667968750e+01
6.235103011131286621e-01 -6.929655093699693680e-03 -7.817839384078979492e-01 -4.402962493896484375e+01 -7.561032474040985107e-02 9.947388172149658203e-01 -6.912018358707427979e-02 -5.643020153045654297e+00 7.781493663787841797e-01 1.022080928087234497e-01 6.197062730789184570e-01 6.630356597900390625e+01
6.251779794692993164e-01 -7.980403490364551544e-03 -7.804409265518188477e-01 -4.495873641967773438e+01 -7.486017793416976929e-02 9.947242140769958496e-01 -7.013890147209167480e-02 -5.747758865356445312e+00 7.768828272819519043e-01 1.022732630372047424e-01 6.212825775146484375e-01 6.703713989257812500e+01
6.271361112594604492e-01 -1.047329977154731750e-02 -7.788388133049011230e-01 -4.587878799438476562e+01 -7.435350120067596436e-02 9.945383071899414062e-01 -7.324480265378952026e-02 -5.852300167083740234e+00 7.753517627716064453e-01 1.038438677787780762e-01 6.229324340820312500e-01 6.776919555664062500e+01
6.280407309532165527e-01 -1.240926608443260193e-02 -7.780810594558715820e-01 -4.672683715820312500e+01 -7.436394691467285156e-02 9.943397045135498047e-01 -7.588238269090652466e-02 -5.954482555389404297e+00 7.746182084083557129e-01 1.055184304714202881e-01 6.235632896423339844e-01 6.844627380371093750e+01
6.371670365333557129e-01 -1.299843844026327133e-02 -7.706156373023986816e-01 -4.758735275268554688e+01 -7.339155673980712891e-02 9.942908287048339844e-01 -7.745358347892761230e-02 -6.059568881988525391e+00 7.672225236892700195e-01 1.059075891971588135e-01 6.325755715370178223e-01 6.914991760253906250e+01
6.390402317047119141e-01 -1.589570567011833191e-02 -7.690085172653198242e-01 -4.839478683471679688e+01 -7.214862853288650513e-02 9.941394329071044922e-01 -8.050425350666046143e-02 -6.164661884307861328e+00 7.657810449600219727e-01 1.069284081459045410e-01 6.341484189033508301e-01 6.981097412109375000e+01
6.400222778320312500e-01 -1.780341006815433502e-02 -7.681496143341064453e-01 -4.930038833618164062e+01 -7.142775505781173706e-02 9.940235018730163574e-01 -8.255214244127273560e-02 -6.281848430633544922e+00 7.650281190872192383e-01 1.077024489641189575e-01 6.349257230758666992e-01 7.055628204345703125e+01
6.410846114158630371e-01 -1.823820173740386963e-02 -7.672530412673950195e-01 -5.020724105834960938e+01 -7.076457887887954712e-02 9.940538406372070312e-01 -8.275740593671798706e-02 -6.403310775756835938e+00 7.641997933387756348e-01 1.073488667607307434e-01 6.359822750091552734e-01 7.130197906494140625e+01
6.420977115631103516e-01 -1.849158667027950287e-02 -7.663993239402770996e-01 -5.115238571166992188e+01 -7.090008258819580078e-02 9.939917922019958496e-01 -8.338382095098495483e-02 -6.531346321105957031e+00 7.633361816406250000e-01 1.078783571720123291e-01 6.369290947914123535e-01 7.208489227294921875e+01
6.433237195014953613e-01 -2.006824500858783722e-02 -7.653307914733886719e-01 -5.209556961059570312e+01 -7.064048945903778076e-02 9.938357472419738770e-01 -8.543922752141952515e-02 -6.659293651580810547e+00 7.623273134231567383e-01 1.090284362435340881e-01 6.379407644271850586e-01 7.286686706542968750e+01
