9.999966621398925781e-01 -2.550501609221100807e-03 -4.306475166231393814e-04 -1.079858653247356415e-02 2.552414080128073692e-03 9.999865889549255371e-01 4.500876180827617645e-03 -1.650762930512428284e-02 4.191622720099985600e-04 -4.501960240304470062e-03 9.999898076057434082e-01 1.399052977561950684e+00
9.999305009841918945e-01 -1.097370591014623642e-02 -4.313840530812740326e-03 -1.142826396971940994e-02 1.099039521068334579e-02 9.999321103096008301e-01 3.864530241116881371e-03 -3.872143477201461792e-02 4.271139856427907944e-03 -3.911672160029411316e-03 9.999832510948181152e-01 2.806076526641845703e+00
9.996717572212219238e-01 -1.594314910471439362e-02 -2.005609311163425446e-02 -4.577737674117088318e-02 1.610976271331310272e-02 9.998368024826049805e-01 8.173473179340362549e-03 -3.492694720625877380e-02 1.992250978946685791e-02 -8.493889123201370239e-03 9.997654557228088379e-01 4.330486297607421875e+00
9.990187883377075195e-01 -1.663775928318500519e-02 -4.104559496045112610e-02 -1.037599891424179077e-01 1.711259223520755768e-02 9.997903704643249512e-01 1.124432310461997986e-02 -4.206735640764236450e-02 4.084990918636322021e-02 -1.193568762391805649e-02 9.990940093994140625e-01 5.690733909606933594e+00
9.971793889999389648e-01 -2.385484054684638977e-02 -7.116378098726272583e-02 -1.967110931873321533e-01 2.509227022528648376e-02 9.995481967926025391e-01 1.654538884758949280e-02 -4.096080735325813293e-02 7.073694467544555664e-02 -1.828438229858875275e-02 9.973274469375610352e-01 6.993671894073486328e+00
9.970129132270812988e-01 -2.429810911417007446e-02 -7.331442087888717651e-02 -3.032844066619873047e-01 2.582639269530773163e-02 9.994668960571289062e-01 1.996997743844985962e-02 -4.552474245429039001e-02 7.279011607170104980e-02 -2.180377393960952759e-02 9.971088767051696777e-01 8.296828269958496094e+00
9.941616058349609375e-01 -2.670948952436447144e-02 -1.045438498258590698e-01 -4.702693819999694824e-01 2.901559881865978241e-02 9.993665814399719238e-01 2.060016617178916931e-02 -3.685253858566284180e-02 1.039274185895919800e-01 -2.351330034434795380e-02 9.943069219589233398e-01 9.547811508178710938e+00
9.844639301300048828e-01 -2.228630706667900085e-02 -1.741667687892913818e-01 -7.403630018234252930e-01 2.745234966278076172e-02 9.992499351501464844e-01 2.730864658951759338e-02 -3.560658544301986694e-02 1.734275221824645996e-01 -3.166567161679267883e-02 9.843373894691467285e-01 1.090775012969970703e+01
9.744826555252075195e-01 -1.963647268712520599e-02 -2.236021459102630615e-01 -1.100099921226501465e+00 2.726225182414054871e-02 9.991452693939208984e-01 3.106814250349998474e-02 -1.636670716106891632e-02 2.228009551763534546e-01 -3.637127205729484558e-02 9.741851091384887695e-01 1.224831008911132812e+01
9.600781798362731934e-01 -2.057264931499958038e-02 -2.789742946624755859e-01 -1.456910848617553711e+00 3.134014084935188293e-02 9.989236593246459961e-01 3.419124335050582886e-02 8.168382570147514343e-03 2.779706120491027832e-01 -4.156937077641487122e-02 9.596895575523376465e-01 1.344209003448486328e+01
9.510483741760253906e-01 -2.179894223809242249e-02 -3.082724213600158691e-01 -1.875731348991394043e+00 3.417577594518661499e-02 9.988093972206115723e-01 3.480629995465278625e-02 3.115272335708141327e-02 3.071466684341430664e-01 -4.363792762160301208e-02 9.506610035896301270e-01 1.464692592620849609e+01
9.355971217155456543e-01 -2.149252779781818390e-02 -3.524146676063537598e-01 -2.348330020904541016e+00 3.555027395486831665e-02 9.988072514533996582e-01 3.346580639481544495e-02 4.713185876607894897e-02 3.512750267982482910e-01 -4.383895173668861389e-02 9.352452754974365234e-01 1.580473709106445312e+01
9.055921435356140137e-01 -2.405255287885665894e-02 -4.234670996665954590e-01 -2.944281578063964844e+00 4.146246612071990967e-02 9.986290335655212402e-01 3.194700926542282104e-02 7.313165068626403809e-02 4.221180677413940430e-01 -4.648894816637039185e-02 9.053478837013244629e-01 1.693276786804199219e+01
8.439279198646545410e-01 -2.253576740622520447e-02 -5.359829664230346680e-01 -3.657919883728027344e+00 4.412748292088508606e-02 9.986474514007568359e-01 2.749179303646087646e-02 8.451019227504730225e-02 5.346384048461914062e-01 -4.685267060995101929e-02 8.437808752059936523e-01 1.795590972900390625e+01
8.292788863182067871e-01 -2.194807492196559906e-02 -5.584036707878112793e-01 -4.373720645904541016e+00 4.475528001785278320e-02 9.986271262168884277e-01 2.721449173986911774e-02 1.013348549604415894e-01 5.570396780967712402e-01 -4.755992069840431213e-02 8.291226625442504883e-01 1.896649169921875000e+01
7.845779657363891602e-01 -1.446128170937299728e-02 -6.198614835739135742e-01 -5.239552021026611328e+00 4.205461591482162476e-02 9.986668229103088379e-01 2.993108704686164856e-02 1.108791902661323547e-01 6.186021566390991211e-01 -4.955131188035011292e-02 7.841400504112243652e-01 2.001177406311035156e+01
7.744746804237365723e-01 -2.171740122139453888e-02 -6.322320699691772461e-01 -6.000523090362548828e+00 5.068777129054069519e-02 9.983275532722473145e-01 2.779883705079555511e-02 1.242233663797378540e-01 6.305708289146423340e-01 -5.357592925429344177e-02 7.742800712585449219e-01 2.092382240295410156e+01
7.609679102897644043e-01 -2.180601656436920166e-02 -6.484230756759643555e-01 -6.895422935485839844e+00 5.236703529953956604e-02 9.982384443283081055e-01 2.788616530597209930e-02 1.275718659162521362e-01 6.466726064682006836e-01 -5.517646297812461853e-02 7.607691884040832520e-01 2.194359970092773438e+01
7.054997682571411133e-01 -2.678969874978065491e-02 -7.082037329673767090e-01 -7.754575729370117188e+00 5.946023389697074890e-02 9.979994893074035645e-01 2.148121967911720276e-02 1.411182135343551636e-01 7.062113285064697266e-01 -5.726495385169982910e-02 7.056811451911926270e-01 2.275978279113769531e+01
6.521373391151428223e-01 -2.522009611129760742e-02 -7.576813101768493652e-01 -8.666251182556152344e+00 5.899131670594215393e-02 9.981042146682739258e-01 1.755112223327159882e-02 1.385711580514907837e-01 7.558021545410156250e-01 -5.614236369729042053e-02 6.523885130882263184e-01 2.352281188964843750e+01
6.661235094070434570e-01 -2.016406878829002380e-02 -7.455688714981079102e-01 -9.472319602966308594e+00 5.451899021863937378e-02 9.982766509056091309e-01 2.171102538704872131e-02 1.378816664218902588e-01 7.438461780548095703e-01 -5.510989204049110413e-02 6.660746335983276367e-01 2.424090576171875000e+01
6.219436526298522949e-01 -2.066917717456817627e-02 -7.827891707420349121e-01 -1.043120384216308594e+01 6.211559474468231201e-02 9.978038072586059570e-01 2.300570905208587646e-02 1.418833136558532715e-01 7.805944681167602539e-01 -6.293167918920516968e-02 6.218613982200622559e-01 2.496959114074707031e+01
6.004058718681335449e-01 -1.248539797961711884e-02 -7.995979785919189453e-01 -1.137092590332031250e+01 5.863555148243904114e-02 9.978740215301513672e-01 2.844714000821113586e-02 1.399157941341400146e-01 7.975429296493530273e-01 -6.396470963954925537e-02 5.998613238334655762e-01 2.564566040039062500e+01
5.514999032020568848e-01 -1.465676724910736084e-02 -8.340462446212768555e-01 -1.240243530273437500e+01 5.958281084895133972e-02 9.979839324951171875e-01 2.186053618788719177e-02 1.561101675033569336e-01 8.320443630218505859e-01 -6.175091862678527832e-02 5.512611269950866699e-01 2.628493118286132812e+01
4.458428621292114258e-01 -1.959342882037162781e-02 -8.948968052864074707e-01 -1.343900489807128906e+01 5.912275984883308411e-02 9.982218146324157715e-01 7.599620148539543152e-03 1.621795147657394409e-01 8.931565880775451660e-01 -5.629702657461166382e-02 4.462082087993621826e-01 2.677676200866699219e+01
3.998490273952484131e-01 -2.582441456615924835e-02 -9.162171483039855957e-01 -1.443040275573730469e+01 6.716790050268173218e-02 9.977409839630126953e-01 1.190707087516784668e-03 1.481264829635620117e-01 9.141166210174560547e-01 -6.201650947332382202e-02 4.006800651550292969e-01 2.714450454711914062e+01
3.007860779762268066e-01 -1.927744969725608826e-02 -9.534968137741088867e-01 -1.540187549591064453e+01 6.568477302789688110e-02 9.978402853012084961e-01 5.466726142913103104e-04 1.259147971868515015e-01 9.514268636703491211e-01 -6.279467046260833740e-02 3.014024198055267334e-01 2.742514038085937500e+01
2.549971640110015869e-01 -2.417261153459548950e-02 -9.666396379470825195e-01 -1.631324577331542969e+01 7.234783470630645752e-02 9.973623156547546387e-01 -5.855702329427003860e-03 9.538909792900085449e-02 9.642313122749328613e-01 -6.844111531972885132e-02 2.560731470584869385e-01 2.765948677062988281e+01
1.184828877449035645e-01 -2.333946153521537781e-02 -9.926818013191223145e-01 -1.723561096191406250e+01 6.829140335321426392e-02 9.975480437278747559e-01 -1.530285552144050598e-02 6.981248408555984497e-02 9.906047582626342773e-01 -6.597852706909179688e-02 1.197860538959503174e-01 2.772208213806152344e+01
1.693195104598999023e-02 -2.627939172089099884e-02 -9.995112419128417969e-01 -1.802906417846679688e+01 6.657315790653228760e-02 9.974658489227294922e-01 -2.509784325957298279e-02 3.819851949810981750e-02 9.976376891136169434e-01 -6.611567735671997070e-02 1.863836497068405151e-02 2.763164138793945312e+01
-5.244983732700347900e-02 -2.805868536233901978e-02 -9.982293248176574707e-01 -1.902359390258789062e+01 5.844669416546821594e-02 9.978054761886596680e-01 -3.111772239208221436e-02 -1.516257598996162415e-02 9.969115853309631348e-01 -5.997533723711967468e-02 -5.069497227668762207e-02 2.755196189880371094e+01
-4.936556890606880188e-02 -3.103412315249443054e-02 -9.982985258102416992e-01 -2.032056999206542969e+01 6.114415079355239868e-02 9.975485801696777344e-01 -3.403436392545700073e-02 -7.078015804290771484e-02 9.969072937965393066e-01 -6.272026151418685913e-02 -4.734716936945915222e-02 2.747972488403320312e+01
-7.175967097282409668e-03 -2.636490203440189362e-02 -9.996266961097717285e-01 -2.163911437988281250e+01 6.367189437150955200e-02 9.976118803024291992e-01 -2.676883526146411896e-02 -1.274201273918151855e-01 9.979449510574340820e-01 -6.384023278951644897e-02 -5.480308085680007935e-03 2.750322151184082031e+01
1.170457080006599426e-01 -2.533739246428012848e-02 -9.928033947944641113e-01 -2.271133232116699219e+01 7.127045094966888428e-02 9.973114132881164551e-01 -1.705006882548332214e-02 -1.669869422912597656e-01 9.905657768249511719e-01 -6.876190751791000366e-02 1.185366064310073853e-01 2.766038703918457031e+01
1.042210385203361511e-01 -2.682611532509326935e-02 -9.941924214363098145e-01 -2.396158981323242188e+01 7.154736667871475220e-02 9.972484707832336426e-01 -1.940827257931232452e-02 -2.216813415288925171e-01 9.919770956039428711e-01 -6.910910457372665405e-02 1.058533936738967896e-01 2.778213691711425781e+01
7.451430708169937134e-02 -2.384865842759609222e-02 -9.969348311424255371e-01 -2.531235885620117188e+01 7.241232693195343018e-02 9.972043037414550781e-01 -1.844275742769241333e-02 -2.630530595779418945e-01 9.945871829986572266e-01 -7.081612199544906616e-02 7.603272795677185059e-02 2.786154556274414062e+01
1.299000829458236694e-01 -2.336449548602104187e-02 -9.912518262863159180e-01 -2.643298339843750000e+01 8.194458484649658203e-02 9.965553879737854004e-01 -1.275094784796237946e-02 -2.774178087711334229e-01 9.881349205970764160e-01 -7.957137376070022583e-02 1.313669979572296143e-01 2.806139373779296875e+01
6.894231587648391724e-02 -1.727031730115413666e-02 -9.974712133407592773e-01 -2.756512832641601562e+01 8.623826503753662109e-02 9.962106943130493164e-01 -1.128794811666011810e-02 -3.097178339958190918e-01 9.938859939575195312e-01 -8.524198085069656372e-02 7.017023116350173950e-02 2.813570022583007812e+01
5.951735749840736389e-02 -1.248747855424880981e-02 -9.981491565704345703e-01 -2.874877738952636719e+01 9.032784402370452881e-02 9.958871006965637207e-01 -7.073127664625644684e-03 -3.421878814697265625e-01 9.941318035125732422e-01 -8.973969519138336182e-02 6.040032953023910522e-02 2.820541763305664062e+01
1.226524263620376587e-01 -1.552280597388744354e-02 -9.923282861709594727e-01 -3.009110260009765625e+01 1.004397571086883545e-01 9.949382543563842773e-01 -3.149205818772315979e-03 -3.562588393688201904e-01 9.873539805412292480e-01 -9.928295761346817017e-02 1.235904693603515625e-01 2.839585876464843750e+01
1.476439684629440308e-01 -1.721964962780475616e-02 -9.888906478881835938e-01 -3.157171058654785156e+01 1.061058416962623596e-01 9.943538308143615723e-01 -1.472892239689826965e-03 -3.757568597793579102e-01 9.833323359489440918e-01 -1.047096103429794312e-01 1.486372202634811401e-01 2.862296485900878906e+01
1.438057124614715576e-01 -1.684350892901420593e-02 -9.894625544548034668e-01 -3.322585678100585938e+01 1.081639826297760010e-01 9.941323995590209961e-01 -1.202746061608195305e-03 -3.989471495151519775e-01 9.836768507957458496e-01 -1.068512499332427979e-01 1.447835415601730347e-01 2.885564994812011719e+01
1.175023466348648071e-01 -1.486466825008392334e-02 -9.929612874984741211e-01 -3.520058441162109375e+01 1.139499098062515259e-01 9.934855699539184570e-01 -1.388216274790465832e-03 -4.301819801330566406e-01 9.865131974220275879e-01 -1.129847317934036255e-01 1.184304803609848022e-01 2.909097099304199219e+01
1.102019846439361572e-01 -9.419787675142288208e-03 -9.938645362854003906e-01 -3.711761474609375000e+01 1.143043935298919678e-01 9.934405088424682617e-01 3.258574753999710083e-03 -4.851339459419250488e-01 9.873143434524536133e-01 -1.139621883630752563e-01 1.105556115508079529e-01 2.931123733520507812e+01
9.117348492145538330e-02 -9.851718321442604065e-03 -9.957862496376037598e-01 -3.908734512329101562e+01 1.181186065077781677e-01 9.929991364479064941e-01 9.907232597470283508e-04 -5.143505334854125977e-01 9.888047575950622559e-01 -1.177112162113189697e-01 9.169863909482955933e-02 2.949299621582031250e+01
9.638462960720062256e-02 -1.496537588536739349e-02 -9.952316284179687500e-01 -4.105204391479492188e+01 1.233679279685020447e-01 9.923566579818725586e-01 -2.974391449242830276e-03 -5.360754132270812988e-01 9.876688122749328613e-01 -1.224929764866828918e-01 9.749396145343780518e-02 2.968505287170410156e+01
9.369014203548431396e-02 -1.430834364145994186e-02 -9.954985380172729492e-01 -4.330011749267578125e+01 1.276838630437850952e-01 9.918124675750732422e-01 -2.238541841506958008e-03 -5.582154989242553711e-01 9.873794913291931152e-01 -1.268993616104125977e-01 9.474978595972061157e-02 2.991403388977050781e+01
1.049757376313209534e-01 -9.318844415247440338e-03 -9.944310784339904785e-01 -4.541915130615234375e+01 1.361289918422698975e-01 9.906780719757080078e-01 5.086603574454784393e-03 -5.892693400382995605e-01 9.851133227348327637e-01 -1.359048634767532349e-01 1.052655279636383057e-01 3.012686920166015625e+01
1.092622578144073486e-01 -5.579757504165172577e-03 -9.939972758293151855e-01 -4.742429351806640625e+01 1.431928575038909912e-01 9.896424412727355957e-01 1.018475741147994995e-02 -6.319392323493957520e-01 9.836446642875671387e-01 -1.434461176395416260e-01 1.089293435215950012e-01 3.034842491149902344e+01
1.105769723653793335e-01 -6.825080607086420059e-03 -9.938440918922424316e-01 -4.960382461547851562e+01 1.447880119085311890e-01 9.894188642501831055e-01 9.314706549048423767e-03 -6.415084600448608398e-01 9.832642078399658203e-01 -1.449266970157623291e-01 1.103949248790740967e-01 3.061892700195312500e+01
1.245913431048393250e-01 -6.898536346852779388e-03 -9.921841025352478027e-01 -5.168762969970703125e+01 1.487616747617721558e-01 9.888026714324951172e-01 1.180540584027767181e-02 -6.609177589416503906e-01 9.809925556182861328e-01 -1.490698158740997314e-01 1.242222711443901062e-01 3.089103317260742188e+01
1.342334747314453125e-01 -1.172899268567562103e-02 -9.908802509307861328e-01 -5.379341125488281250e+01 1.551630347967147827e-01 9.878449440002441406e-01 9.326714091002941132e-03 -6.795893907546997070e-01 9.787263274192810059e-01 -1.549999266862869263e-01 1.344215422868728638e-01 3.115549659729003906e+01
1.403925418853759766e-01 -8.471473120152950287e-03 -9.900596141815185547e-01 -5.597019577026367188e+01 1.586654484272003174e-01 9.872325062751770020e-01 1.405182294547557831e-02 -6.822950839996337891e-01 9.772996902465820312e-01 -1.590609997510910034e-01 1.399439871311187744e-01 3.148483848571777344e+01
1.406904608011245728e-01 -8.712814189493656158e-03 -9.900152087211608887e-01 -5.820851135253906250e+01 1.661790311336517334e-01 9.859825372695922852e-01 1.493828650563955307e-02 -6.925790309906005859e-01 9.760072827339172363e-01 -1.666214019060134888e-01 1.401659995317459106e-01 3.182188224792480469e+01
1.402634680271148682e-01 -6.566324271261692047e-03 -9.900923371315002441e-01 -6.035067367553710938e+01 1.695859432220458984e-01 9.853602647781372070e-01 1.748980768024921417e-02 -6.890412569046020508e-01 9.754825830459594727e-01 -1.703588813543319702e-01 1.393233686685562134e-01 3.213577270507812500e+01
1.351427137851715088e-01 -5.683482624590396881e-03 -9.908097982406616211e-01 -6.264541244506835938e+01 1.792302429676055908e-01 9.836274385452270508e-01 1.880405284464359283e-02 -6.824057698249816895e-01 9.744806289672851562e-01 -1.801242381334304810e-01 1.339485198259353638e-01 3.247576522827148438e+01
1.381938755512237549e-01 -9.693812578916549683e-03 -9.903576970100402832e-01 -6.509169006347656250e+01 1.862491369247436523e-01 9.823660850524902344e-01 1.637350395321846008e-02 -6.527701020240783691e-01 9.727348685264587402e-01 -1.867159008979797363e-01 1.375622302293777466e-01 3.281140136718750000e+01
1.376076936721801758e-01 -1.621708273887634277e-02 -9.903540015220642090e-01 -6.759062957763671875e+01 1.958955079317092896e-01 9.805611968040466309e-01 1.116256788372993469e-02 -6.395646929740905762e-01 9.709214568138122559e-01 -1.955418735742568970e-01 1.381094008684158325e-01 3.315972137451171875e+01
1.352348923683166504e-01 -6.124435923993587494e-03 -9.907945990562438965e-01 -6.971680450439453125e+01 1.964638978242874146e-01 9.802913069725036621e-01 2.075611799955368042e-02 -6.359279751777648926e-01 9.711400270462036133e-01 -1.974622309207916260e-01 1.337726116180419922e-01 3.348479461669921875e+01
1.379003822803497314e-01 -3.033632878214120865e-03 -9.904413819313049316e-01 -7.208472442626953125e+01 1.985009312629699707e-01 9.797910451889038086e-01 2.463652752339839935e-02 -6.169166564941406250e-01 9.703506231307983398e-01 -2.000008672475814819e-01 1.357155293226242065e-01 3.379918670654296875e+01
1.524039655923843384e-01 -3.965323790907859802e-03 -9.883102178573608398e-01 -7.428060150146484375e+01 2.066564559936523438e-01 9.780144691467285156e-01 2.794378437101840973e-02 -5.872089862823486328e-01 9.664707183837890625e-01 -2.084993869066238403e-01 1.498725414276123047e-01 3.411592102050781250e+01
1.456511020660400391e-01 -1.494780415669083595e-03 -9.893347620964050293e-01 -7.671398925781250000e+01 2.093047499656677246e-01 9.774103164672851562e-01 2.933735027909278870e-02 -5.384663939476013184e-01 9.669420123100280762e-01 -2.113454341888427734e-01 1.426735520362854004e-01 3.446453094482421875e+01
1.462968289852142334e-01 1.407674630172550678e-03 -9.892396330833435059e-01 -7.913003540039062500e+01 2.096979022026062012e-01 9.772292375564575195e-01 3.240242600440979004e-02 -5.167651176452636719e-01 9.667593240737915039e-01 -2.121817767620086670e-01 1.426701396703720093e-01 3.483602142333984375e+01
1.550349295139312744e-01 2.583038061857223511e-03 -9.879055023193359375e-01 -8.131443786621093750e+01 2.160975337028503418e-01 9.756907224655151367e-01 3.646393120288848877e-02 -4.663027524948120117e-01 9.639841914176940918e-01 -2.191370427608489990e-01 1.507077366113662720e-01 3.514653015136718750e+01
1.571089476346969604e-01 3.791667986661195755e-03 -9.875739216804504395e-01 -8.356554412841796875e+01 2.177637517452239990e-01 9.752463698387145996e-01 3.838745504617691040e-02 -4.288159310817718506e-01 9.632731676101684570e-01 -2.210887372493743896e-01 1.523940116167068481e-01 3.548981094360351562e+01
1.668064594268798828e-01 -1.156578306108713150e-03 -9.859889149665832520e-01 -8.583774566650390625e+01 2.269600182771682739e-01 9.731912612915039062e-01 3.725481033325195312e-02 -3.523229062557220459e-01 9.595124721527099609e-01 -2.299943268299102783e-01 1.625968664884567261e-01 3.585739517211914062e+01
1.621512025594711304e-01 4.338277503848075867e-03 -9.867563247680664062e-01 -8.799979400634765625e+01 2.346240133047103882e-01 9.711424708366394043e-01 4.282481223344802856e-02 -3.022916913032531738e-01 9.584664702415466309e-01 -2.384607344865798950e-01 1.564538180828094482e-01 3.623348999023437500e+01
1.571845859289169312e-01 6.637240294367074966e-04 -9.875689148902893066e-01 -9.031931304931640625e+01 2.381262034177780151e-01 9.704688191413879395e-01 3.855315223336219788e-02 -2.590668201446533203e-01 9.584301710128784180e-01 -2.412259131669998169e-01 1.523844599723815918e-01 3.660834121704101562e+01
1.562801897525787354e-01 9.828833863139152527e-04 -9.877121448516845703e-01 -9.225798797607421875e+01 2.471000552177429199e-01 9.681615829467773438e-01 4.006069153547286987e-02 -2.161912620067596436e-01 9.563041329383850098e-01 -2.503243386745452881e-01 1.510613709688186646e-01 3.692604064941406250e+01
1.523889750242233276e-01 6.823394913226366043e-03 -9.882968664169311523e-01 -9.430937957763671875e+01 2.531081438064575195e-01 9.663580656051635742e-01 4.569955170154571533e-02 -1.512565314769744873e-01 9.553603529930114746e-01 -2.571099996566772461e-01 1.455350220203399658e-01 3.723099899291992188e+01
1.530880481004714966e-01 1.348590757697820663e-02 -9.881203770637512207e-01 -9.678672027587890625e+01 2.534082233905792236e-01 9.659368991851806641e-01 5.244329944252967834e-02 -6.882786750793457031e-02 9.551690220832824707e-01 -2.584261596202850342e-01 1.444557160139083862e-01 3.758546066284179688e+01
1.522082239389419556e-01 1.436691358685493469e-02 -9.882438778877258301e-01 -9.929766082763671875e+01 2.546850144863128662e-01 9.655561447143554688e-01 5.326338112354278564e-02 2.178704738616943359e-02 9.549700021743774414e-01 -2.597979605197906494e-01 1.433063149452209473e-01 3.795940780639648438e+01
1.595368087291717529e-01 1.098377816379070282e-02 -9.871307611465454102e-01 -1.017071609497070312e+02 2.598168551921844482e-01 9.642177820205688477e-01 5.271956697106361389e-02 1.159445345401763916e-01 9.523879885673522949e-01 -2.648838758468627930e-01 1.509742289781570435e-01 3.834801483154296875e+01
1.621081829071044922e-01 1.022820547223091125e-02 -9.867198467254638672e-01 -1.039556961059570312e+02 2.589727640151977539e-01 9.644544124603271484e-01 5.254403129220008850e-02 2.007422745227813721e-01 9.521836638450622559e-01 -2.640513181686401367e-01 1.536968946456909180e-01 3.871397018432617188e+01
1.705449819564819336e-01 8.974360302090644836e-03 -9.853088855743408203e-01 -1.061468124389648438e+02 2.602602541446685791e-01 9.640368819236755371e-01 5.382849276065826416e-02 2.667081356048583984e-01 9.503571391105651855e-01 -2.656168937683105469e-01 1.620757430791854858e-01 3.906549453735351562e+01
1.776044815778732300e-01 1.244457904249429703e-02 -9.840230941772460938e-01 -1.084179382324218750e+02 2.628107964992523193e-01 9.630040526390075684e-01 5.961298197507858276e-02 3.403699994087219238e-01 9.483600854873657227e-01 -2.691993713378906250e-01 1.677630245685577393e-01 3.949581909179687500e+01
1.815097779035568237e-01 1.152844633907079697e-02 -9.833213686943054199e-01 -1.107853622436523438e+02 2.647993862628936768e-01 9.624249339103698730e-01 6.016236171126365662e-02 4.386168122291564941e-01 9.470666646957397461e-01 -2.713029086589813232e-01 1.716365665197372437e-01 3.991144180297851562e+01
1.857258826494216919e-01 8.737679570913314819e-03 -9.825626015663146973e-01 -1.128612976074218750e+02 2.720701992511749268e-01 9.604070186614990234e-01 5.996789410710334778e-02 5.246450304985046387e-01 9.441840648651123047e-01 -2.784635126590728760e-01 1.759949475526809692e-01 4.027690505981445312e+01
1.922964155673980713e-01 1.013308763504028320e-02 -9.812844991683959961e-01 -1.149818725585937500e+02 2.785005569458007812e-01 9.582697153091430664e-01 6.447152048349380493e-02 6.238982081413269043e-01 9.409884214401245117e-01 -2.856858372688293457e-01 1.814495474100112915e-01 4.068608474731445312e+01
1.930083930492401123e-01 1.386924274265766144e-02 -9.810990095138549805e-01 -1.173960342407226562e+02 2.813200652599334717e-01 9.571391940116882324e-01 6.887371838092803955e-02 7.401890754699707031e-01 9.400034546852111816e-01 -2.892959713935852051e-01 1.808339953422546387e-01 4.115019607543945312e+01
1.924917101860046387e-01 1.716262847185134888e-02 -9.811484813690185547e-01 -1.195748519897460938e+02 2.813212573528289795e-01 9.569139480590820312e-01 7.193119078874588013e-02 8.464005589485168457e-01 9.401090741157531738e-01 -2.898640036582946777e-01 1.793695837259292603e-01 4.155481338500976562e+01
2.035078257322311401e-01 1.630046032369136810e-02 -9.789376258850097656e-01 -1.216754455566406250e+02 2.878929376602172852e-01 9.546624422073364258e-01 7.574528455734252930e-02 9.496469497680664062e-01 9.357895255088806152e-01 -2.972438931465148926e-01 1.895882785320281982e-01 4.194598388671875000e+01
2.031329870223999023e-01 1.708924397826194763e-02 -9.790019989013671875e-01 -1.239111633300781250e+02 2.902307212352752686e-01 9.538643360137939453e-01 7.687038183212280273e-02 1.101765871047973633e+00 9.351486563682556152e-01 -2.997513115406036377e-01 1.888012737035751343e-01 4.239926528930664062e+01
2.026809006929397583e-01 2.082786150276660919e-02 -9.790233373641967773e-01 -1.263491287231445312e+02 2.959226071834564209e-01 9.517279267311096191e-01 8.151011914014816284e-02 1.236100077629089355e+00 9.334614276885986328e-01 -3.062355518341064453e-01 1.867334097623825073e-01 4.289769744873046875e+01
2.021621912717819214e-01 2.495054714381694794e-02 -9.790342450141906738e-01 -1.287563781738281250e+02 3.003653585910797119e-01 9.499183297157287598e-01 8.623141050338745117e-02 1.426278948783874512e+00 9.321539998054504395e-01 -3.115005493164062500e-01 1.845430731773376465e-01 4.338090515136718750e+01
1.993904411792755127e-01 2.360800467431545258e-02 -9.796357750892639160e-01 -1.311594238281250000e+02 3.012827038764953613e-01 9.498090744018554688e-01 8.421088010072708130e-02 1.593312621116638184e+00 9.324549436569213867e-01 -3.119379878044128418e-01 1.822699457406997681e-01 4.384368133544921875e+01
1.954413950443267822e-01 2.365983650088310242e-02 -9.804300069808959961e-01 -1.334077301025390625e+02 3.056191802024841309e-01 9.484580755233764648e-01 8.381117880344390869e-02 1.771270513534545898e+00 9.318796396255493164e-01 -3.160181939601898193e-01 1.781368404626846313e-01 4.427140426635742188e+01
1.962799280881881714e-01 1.950276643037796021e-02 -9.803540110588073730e-01 -1.354797668457031250e+02 3.092546761035919189e-01 9.475433230400085449e-01 8.076695352792739868e-02 1.905601739883422852e+00 9.305030107498168945e-01 -3.190318048000335693e-01 1.799522042274475098e-01 4.463909530639648438e+01
1.953190714120864868e-01 2.199334464967250824e-02 -9.804932475090026855e-01 -1.375657806396484375e+02 3.117971420288085938e-01 9.464865326881408691e-01 8.334207534790039062e-02 2.050070524215698242e+00 9.298565983772277832e-01 -3.219930827617645264e-01 1.780091971158981323e-01 4.503582763671875000e+01
1.904677599668502808e-01 2.750319801270961761e-02 -9.813082814216613770e-01 -1.397671508789062500e+02 3.139787018299102783e-01 9.453951716423034668e-01 8.743859827518463135e-02 2.204702854156494141e+00 9.301289319992065430e-01 -3.247639238834381104e-01 1.714316755533218384e-01 4.542910766601562500e+01
1.911524981260299683e-01 3.088474832475185394e-02 -9.810744524002075195e-01 -1.418095245361328125e+02 3.151556551456451416e-01 9.446533918380737305e-01 9.114310890436172485e-02 2.361484766006469727e+00 9.295902848243713379e-01 -3.266131877899169922e-01 1.708391457796096802e-01 4.578425979614257812e+01
1.914252787828445435e-01 2.315670624375343323e-02 -9.812340736389160156e-01 -1.440397186279296875e+02 3.226841390132904053e-01 9.426645040512084961e-01 8.519773185253143311e-02 2.519621372222900391e+00 9.269475936889648438e-01 -3.329375088214874268e-01 1.729773133993148804e-01 4.617039108276367188e+01
1.944630742073059082e-01 2.670562826097011566e-02 -9.805462956428527832e-01 -1.460967864990234375e+02 3.306113481521606445e-01 9.393549561500549316e-01 9.115099161863327026e-02 2.707397222518920898e+00 9.235154390335083008e-01 -3.419050872325897217e-01 1.738404482603073120e-01 4.656717300415039062e+01
2.034578472375869751e-01 2.773305773735046387e-02 -9.786909222602844238e-01 -1.481465454101562500e+02 3.294430673122406006e-01 9.393733143806457520e-01 9.510608762502670288e-02 2.877105712890625000e+00 9.219938516616821289e-01 -3.417728543281555176e-01 1.819861829280853271e-01 4.693439483642578125e+01
2.038577646017074585e-01 3.193765878677368164e-02 -9.784795045852661133e-01 -1.505455017089843750e+02 3.335867226123809814e-01 9.373904466629028320e-01 1.000964120030403137e-01 3.062021493911743164e+00 9.204143285751342773e-01 -3.468130528926849365e-01 1.804400980472564697e-01 4.739096450805664062e+01
2.069006115198135376e-01 3.313831984996795654e-02 -9.778006076812744141e-01 -1.528802032470703125e+02 3.338794112205505371e-01 9.370367527008056641e-01 1.024049893021583557e-01 3.256542205810546875e+00 9.196288585662841797e-01 -3.476550281047821045e-01 1.828090548515319824e-01 4.783693313598632812e+01
2.018377333879470825e-01 3.553126007318496704e-02 -9.787742495536804199e-01 -1.550813751220703125e+02 3.355231881141662598e-01 9.363641738891601562e-01 1.031815260648727417e-01 3.448092460632324219e+00 9.201555848121643066e-01 -3.492272496223449707e-01 1.770718544721603394e-01 4.822746276855468750e+01
2.045835852622985840e-01 3.469294682145118713e-02 -9.782341122627258301e-01 -1.572973632812500000e+02 3.377341628074645996e-01 9.354994893074035645e-01 1.038095951080322266e-01 3.663444757461547852e+00 9.187392592430114746e-01 -3.516206443309783936e-01 1.796706616878509521e-01 4.861700820922851562e+01
2.110265642404556274e-01 3.057564049959182739e-02 -9.770020246505737305e-01 -1.593322296142578125e+02 3.419550359249114990e-01 9.340444207191467285e-01 1.030914783477783203e-01 3.871926069259643555e+00 9.157156944274902344e-01 -3.558456003665924072e-01 1.866525113582611084e-01 4.899257659912109375e+01
2.050610333681106567e-01 3.042291477322578430e-02 -9.782762527465820312e-01 -1.614349975585937500e+02 3.472011685371398926e-01 9.322522282600402832e-01 1.017700806260108948e-01 4.046681880950927734e+00 9.150967001914978027e-01 -3.605275750160217285e-01 1.806055754423141479e-01 4.942892074584960938e+01
2.034569680690765381e-01 2.922330424189567566e-02 -9.786477088928222656e-01 -1.635447082519531250e+02 3.476059734821319580e-01 9.322817325592041016e-01 1.001046746969223022e-01 4.236602783203125000e+00 9.153010249137878418e-01 -3.605506122112274170e-01 1.795208603143692017e-01 4.984941482543945312e+01
2.034574598073959351e-01 2.896663360297679901e-02 -9.786552190780639648e-01 -1.655811309814453125e+02 3.517819046974182129e-01 9.306520819664001465e-01 1.006795018911361694e-01 4.409687519073486328e+00 9.137040376663208008e-01 -3.647570312023162842e-01 1.791580170392990112e-01 5.020514297485351562e+01
2.109604775905609131e-01 3.118432499468326569e-02 -9.769970774650573730e-01 -1.675397033691406250e+02 3.597847819328308105e-01 9.268483519554138184e-01 1.072710752487182617e-01 4.593648910522460938e+00 9.088735580444335938e-01 -3.741384744644165039e-01 1.843085885047912598e-01 5.059214401245117188e+01
2.077703028917312622e-01 3.519205376505851746e-02 -9.775444269180297852e-01 -1.697098693847656250e+02 3.615962564945220947e-01 9.258010983467102051e-01 1.101840659976005554e-01 4.802676200866699219e+00 9.088895320892333984e-01 -3.763692080974578857e-01 1.796285212039947510e-01 5.101528549194335938e+01
2.063249796628952026e-01 3.951097279787063599e-02 -9.776855111122131348e-01 -1.716965026855468750e+02 3.642852604389190674e-01 9.242554306983947754e-01 1.142283529043197632e-01 5.010802745819091797e+00 9.081447124481201172e-01 -3.797244429588317871e-01 1.763035953044891357e-01 5.139743804931640625e+01
2.086284607648849487e-01 3.617215156555175781e-02 -9.773258566856384277e-01 -1.736683959960937500e+02 3.698561489582061768e-01 9.221813082695007324e-01 1.130839139223098755e-01 5.201617240905761719e+00 9.053624272346496582e-01 -3.850623667240142822e-01 1.790146678686141968e-01 5.175889205932617188e+01
2.033727914094924927e-01 4.486238211393356323e-02 -9.780730605125427246e-01 -1.753527984619140625e+02 3.746177852153778076e-01 9.193724989891052246e-01 1.200649887323379517e-01 5.362321853637695312e+00 9.046001434326171875e-01 -3.908213973045349121e-01 1.701689958572387695e-01 5.206875228881835938e+01
1.990887969732284546e-01 4.593649879097938538e-02 -9.789042472839355469e-01 -1.773535614013671875e+02 3.707048594951629639e-01 9.211445450782775879e-01 1.186197251081466675e-01 5.580527782440185547e+00 9.071615338325500488e-01 -3.865002393722534180e-01 1.663605421781539917e-01 5.242065811157226562e+01
1.996394842863082886e-01 4.720949009060859680e-02 -9.787315130233764648e-01 -1.795460205078125000e+02 3.735591769218444824e-01 9.197382330894470215e-01 1.205617189407348633e-01 5.790220737457275391e+00 9.058687090873718262e-01 -3.896828591823577881e-01 1.659803986549377441e-01 5.278102874755859375e+01
1.994390785694122314e-01 4.693238064646720886e-02 -9.787856936454772949e-01 -1.817434539794921875e+02 3.807789385318756104e-01 9.166434407234191895e-01 1.215408816933631897e-01 6.046655178070068359e+00 9.029020071029663086e-01 -3.969407975673675537e-01 1.649435311555862427e-01 5.316912078857421875e+01
2.028240114450454712e-01 4.729364439845085144e-02 -9.780724644660949707e-01 -1.839160003662109375e+02 3.874651491641998291e-01 9.134364724159240723e-01 1.245173439383506775e-01 6.296373844146728516e+00 8.992962837219238281e-01 -4.042239487171173096e-01 1.669420897960662842e-01 5.354876327514648438e+01
2.036105692386627197e-01 5.060023441910743713e-02 -9.777435064315795898e-01 -1.860862274169921875e+02 3.869951069355010986e-01 9.131754636764526367e-01 1.278486549854278564e-01 6.532806873321533203e+00 8.993209600448608398e-01 -4.044131338596343994e-01 1.663500219583511353e-01 5.394179916381835938e+01
2.163325250148773193e-01 5.061999708414077759e-02 -9.750065803527832031e-01 -1.881528472900390625e+02 3.882924616336822510e-01 9.118160009384155273e-01 1.334928572177886963e-01 6.808425426483154297e+00 8.957844972610473633e-01 -4.074663817882537842e-01 1.776000112295150757e-01 5.434495925903320312e+01
2.311245054006576538e-01 4.923977702856063843e-02 -9.716773629188537598e-01 -1.901946105957031250e+02 3.923330605030059814e-01 9.091994762420654297e-01 1.393945962190628052e-01 7.052588462829589844e+00 8.903128504753112793e-01 -4.134384989738464355e-01 1.908198148012161255e-01 5.477175521850585938e+01
2.471826076507568359e-01 4.907291010022163391e-02 -9.677255153656005859e-01 -1.918258209228515625e+02 3.971044123172760010e-01 9.058646559715270996e-01 1.473669409751892090e-01 7.294791221618652344e+00 8.838605880737304688e-01 -4.207144379615783691e-01 2.044268697500228882e-01 5.513080596923828125e+01
2.823567092418670654e-01 4.679426178336143494e-02 -9.581675529479980469e-01 -1.935025482177734375e+02 3.967595994472503662e-01 9.036834239959716797e-01 1.610521674156188965e-01 7.542237281799316406e+00 8.734170198440551758e-01 -4.256361722946166992e-01 2.365949749946594238e-01 5.552647018432617188e+01
3.024063706398010254e-01 4.752067476511001587e-02 -9.519938230514526367e-01 -1.954609222412109375e+02 3.948951959609985352e-01 9.027656316757202148e-01 1.705041378736495972e-01 7.852879047393798828e+00 8.675303459167480469e-01 -4.274991452693939209e-01 2.542364001274108887e-01 5.605373382568359375e+01
3.309269547462463379e-01 4.507959261536598206e-02 -9.425790905952453613e-01 -1.972040863037109375e+02 3.938740491867065430e-01 9.010907411575317383e-01 1.813793480396270752e-01 8.146674156188964844e+00 8.575262427330017090e-01 -4.312805533409118652e-01 2.804395556449890137e-01 5.658414077758789062e+01
3.815682232379913330e-01 4.565416276454925537e-02 -9.232126474380493164e-01 -1.987711181640625000e+02 3.850881457328796387e-01 9.001249074935913086e-01 2.036712616682052612e-01 8.477585792541503906e+00 8.403056263923645020e-01 -4.332325160503387451e-01 3.258782327175140381e-01 5.716557693481445312e+01
4.412367939949035645e-01 4.481632262468338013e-02 -8.962710499763488770e-01 -2.002394104003906250e+02 3.706189990043640137e-01 9.004954695701599121e-01 2.274844199419021606e-01 8.802552223205566406e+00 8.172834515571594238e-01 -4.325493276119232178e-01 3.807220757007598877e-01 5.776377105712890625e+01
5.507870912551879883e-01 4.415306821465492249e-02 -8.334772586822509766e-01 -2.015387725830078125e+02 3.389057517051696777e-01 9.007413387298583984e-01 2.716756463050842285e-01 9.206647872924804688e+00 7.627431154251098633e-01 -4.321054220199584961e-01 4.811531305313110352e-01 5.853149414062500000e+01
5.849541425704956055e-01 4.230647906661033630e-02 -8.099623918533325195e-01 -2.027615051269531250e+02 3.329396843910217285e-01 8.980956077575683594e-01 2.873587310314178467e-01 9.613021850585937500e+00 7.395812273025512695e-01 -4.377600550651550293e-01 5.112594366073608398e-01 5.931041717529296875e+01
6.303070783615112305e-01 4.211843386292457581e-02 -7.752027511596679688e-01 -2.039362030029296875e+02 3.202012479305267334e-01 8.955360651016235352e-01 3.090078532695770264e-01 1.009925174713134766e+01 7.072373628616333008e-01 -4.429904520511627197e-01 5.509765744209289551e-01 6.019055938720703125e+01
6.940281987190246582e-01 4.281429946422576904e-02 -7.186738848686218262e-01 -2.049995574951171875e+02 2.948280572891235352e-01 8.937876224517822266e-01 3.379639983177185059e-01 1.056660747528076172e+01 6.568118929862976074e-01 -4.464414715766906738e-01 6.076911687850952148e-01 6.108330154418945312e+01
7.448266744613647461e-01 4.351687803864479065e-02 -6.658377647399902344e-01 -2.059442138671875000e+02 2.698124349117279053e-01 8.930104970932006836e-01 3.601846396923065186e-01 1.108658313751220703e+01 6.102746725082397461e-01 -4.479261338710784912e-01 6.533968448638916016e-01 6.205736160278320312e+01
7.534378767013549805e-01 4.199296608567237854e-02 -6.561771035194396973e-01 -2.070738372802734375e+02 2.658065259456634521e-01 8.933256864547729492e-01 3.623748719692230225e-01 1.167416286468505859e+01 6.013975739479064941e-01 -4.474427700042724609e-01 6.619036793708801270e-01 6.322089004516601562e+01
7.661668658256530762e-01 4.338767006993293762e-02 -6.411756873130798340e-01 -2.081413726806640625e+02 2.570805549621582031e-01 8.937145471572875977e-01 3.676727116107940674e-01 1.226817512512207031e+01 5.889810323715209961e-01 -4.465321302413940430e-01 6.735807061195373535e-01 6.435695648193359375e+01
8.060654401779174805e-01 3.457811847329139709e-02 -5.908158421516418457e-01 -2.092047882080078125e+02 2.426581084728240967e-01 8.912103176116943359e-01 3.832238018512725830e-01 1.292638874053955078e+01 5.397928953170776367e-01 -4.522693753242492676e-01 7.099835872650146484e-01 6.561840057373046875e+01
8.195568323135375977e-01 3.034174442291259766e-02 -5.721945166587829590e-01 -2.101839599609375000e+02 2.374344617128372192e-01 8.908475041389465332e-01 3.873174488544464111e-01 1.358330631256103516e+01 5.214904546737670898e-01 -4.532870054244995117e-01 7.228963971138000488e-01 6.686727142333984375e+01
8.360248208045959473e-01 3.045275434851646423e-02 -5.478464961051940918e-01 -2.110649414062500000e+02 2.276996374130249023e-01 8.891695737838745117e-01 3.968999087810516357e-01 1.419499111175537109e+01 4.992156624794006348e-01 -4.565622806549072266e-01 7.364341616630554199e-01 6.804883575439453125e+01
8.607457280158996582e-01 3.025643900036811829e-02 -5.081357955932617188e-01 -2.117209014892578125e+02 2.095617502927780151e-01 8.886526226997375488e-01 4.078965485095977783e-01 1.472122001647949219e+01 4.638982415199279785e-01 -4.575806856155395508e-01 7.585638165473937988e-01 6.908835601806640625e+01
