9.999099969863891602e-01 -7.882861420512199402e-03 -1.085714809596538544e-02 -1.995885930955410004e-02 7.931176573038101196e-03 9.999588131904602051e-01 4.414223600178956985e-03 -3.493755683302879333e-02 1.082190498709678650e-02 -4.499936010688543320e-03 9.999313354492187500e-01 2.158897161483764648e+00
9.997608065605163574e-01 -5.974262952804565430e-03 -2.103982865810394287e-02 -5.099178850650787354e-02 6.168455351144075394e-03 9.999389052391052246e-01 9.176995605230331421e-03 -5.808999016880989075e-02 2.098371647298336029e-02 -9.304583072662353516e-03 9.997365474700927734e-01 4.188117980957031250e+00
9.995116591453552246e-01 -1.490009762346744537e-02 -2.746606618165969849e-02 -9.257945418357849121e-02 1.517315302044153214e-02 9.998372793197631836e-01 9.760031476616859436e-03 -5.207965150475502014e-02 2.731616981327533722e-02 -1.017201133072376251e-02 9.995751380920410156e-01 6.269469261169433594e+00
9.992765784263610840e-01 -2.303364127874374390e-02 -3.025977872312068939e-02 -1.431357115507125854e-01 2.357245422899723053e-02 9.995676875114440918e-01 1.757175661623477936e-02 -6.219625473022460938e-02 2.984195575118064880e-02 -1.827234029769897461e-02 9.993876218795776367e-01 8.354986190795898438e+00
9.989578127861022949e-01 -2.611020021140575409e-02 -3.743597120046615601e-02 -2.359599471092224121e-01 2.705036662518978119e-02 9.993255734443664551e-01 2.483125962316989899e-02 -6.761878728866577148e-02 3.676237910985946655e-02 -2.581803686916828156e-02 9.989905357360839844e-01 1.055842494964599609e+01
9.988504052162170410e-01 -2.732386440038681030e-02 -3.938591480255126953e-02 -3.113339543342590332e-01 2.834177576005458832e-02 9.992723464965820312e-01 2.552193775773048401e-02 -4.865132272243499756e-02 3.865990787744522095e-02 -2.660886384546756744e-02 9.988981485366821289e-01 1.244296264648437500e+01
9.984979629516601562e-01 -3.199381008744239807e-02 -4.447580128908157349e-02 -4.150332212448120117e-01 3.324006497859954834e-02 9.990669488906860352e-01 2.756930515170097351e-02 -2.666218578815460205e-02 4.355226829648017883e-02 -2.900627441704273224e-02 9.986300468444824219e-01 1.479885196685791016e+01
9.980573058128356934e-01 -3.213065117597579956e-02 -5.337581411004066467e-02 -5.357738733291625977e-01 3.368002176284790039e-02 9.990293383598327637e-01 2.838583476841449738e-02 7.756114006042480469e-03 5.241196602582931519e-02 -3.012839332222938538e-02 9.981710314750671387e-01 1.684170150756835938e+01
9.977127313613891602e-01 -4.047080501914024353e-02 -5.414061620831489563e-02 -6.765493154525756836e-01 4.195969551801681519e-02 9.987636208534240723e-01 2.665172517299652100e-02 3.871028870344161987e-02 5.299507826566696167e-02 -2.886248938739299774e-02 9.981776475906372070e-01 1.878781318664550781e+01
9.972054362297058105e-01 -4.320017620921134949e-02 -6.094958633184432983e-02 -8.191060423851013184e-01 4.500849917531013489e-02 9.985765218734741211e-01 2.861405909061431885e-02 5.569697916507720947e-02 5.962671339511871338e-02 -3.127734735608100891e-02 9.977306723594665527e-01 2.060216331481933594e+01
9.963839054107666016e-01 -4.664282873272895813e-02 -7.101624459028244019e-02 -9.611307382583618164e-01 4.939194023609161377e-02 9.980766177177429199e-01 3.745900094509124756e-02 7.394354045391082764e-02 6.913248449563980103e-02 -4.083117842674255371e-02 9.967715740203857422e-01 2.260419082641601562e+01
9.953121542930603027e-01 -5.406602472066879272e-02 -8.018831908702850342e-02 -1.097369432449340820e+00 5.734651908278465271e-02 9.975848197937011719e-01 3.918560594320297241e-02 1.080715879797935486e-01 7.787606865167617798e-02 -4.360043630003929138e-02 9.960091710090637207e-01 2.425467491149902344e+01
9.948546886444091797e-01 -5.721079558134078979e-02 -8.360998332500457764e-02 -1.227828145027160645e+00 6.073499098420143127e-02 9.973426461219787598e-01 4.023103415966033936e-02 1.546443700790405273e-01 8.108617365360260010e-02 -4.510209336876869202e-02 9.956860542297363281e-01 2.594324111938476562e+01
9.954779744148254395e-01 -6.010643392801284790e-02 -7.355437427759170532e-02 -1.380851149559020996e+00 6.353899091482162476e-02 9.969528317451477051e-01 4.525076970458030701e-02 2.164446711540222168e-01 7.061038911342620850e-02 -4.971973225474357605e-02 9.962641000747680664e-01 2.782703208923339844e+01
9.953249096870422363e-01 -6.033699586987495422e-02 -7.541312277317047119e-02 -1.507553339004516602e+00 6.429827213287353516e-02 9.966136813163757324e-01 5.125107243657112122e-02 2.823017835617065430e-01 7.206542789936065674e-02 -5.586042255163192749e-02 9.958344101905822754e-01 2.978717803955078125e+01
9.947986602783203125e-01 -6.407630443572998047e-02 -7.917783409357070923e-02 -1.682180762290954590e+00 6.823907047510147095e-02 9.963625669479370117e-01 5.103598535060882568e-02 3.510412871837615967e-01 7.561965286731719971e-02 -5.617357045412063599e-02 9.955531954765319824e-01 3.193486022949218750e+01
9.946170449256896973e-01 -5.947917699813842773e-02 -8.484371751546859741e-02 -1.855565905570983887e+00 6.425164639949798584e-02 9.964347481727600098e-01 5.467323958873748779e-02 4.243552088737487793e-01 8.128932118415832520e-02 -5.983030796051025391e-02 9.948931336402893066e-01 3.392399215698242188e+01
9.942062497138977051e-01 -6.554745882749557495e-02 -8.518671244382858276e-02 -2.044466257095336914e+00 7.017250359058380127e-02 9.961532354354858398e-01 5.248053371906280518e-02 5.018014311790466309e-01 8.141906559467315674e-02 -5.815425887703895569e-02 9.949818849563598633e-01 3.613025665283203125e+01
9.937831163406372070e-01 -7.044831663370132446e-02 -8.620602637529373169e-02 -2.217027664184570312e+00 7.550341635942459106e-02 9.955233335494995117e-01 5.685318261384963989e-02 5.608685016632080078e-01 8.181491494178771973e-02 -6.300860643386840820e-02 9.946538209915161133e-01 3.817103958129882812e+01
9.927357435226440430e-01 -7.561939954757690430e-02 -9.357781708240509033e-02 -2.458689689636230469e+00 8.152756839990615845e-02 9.948019981384277344e-01 6.100809201598167419e-02 6.485781669616699219e-01 8.847802132368087769e-02 -6.819411367177963257e-02 9.937409758567810059e-01 4.052445602416992188e+01
9.930508136749267578e-01 -7.506407052278518677e-02 -9.063631296157836914e-02 -2.655827283859252930e+00 8.105383068323135376e-02 9.946322441101074219e-01 6.431658565998077393e-02 7.801648974418640137e-01 8.532195538282394409e-02 -7.121608406305313110e-02 9.938049912452697754e-01 4.282780838012695312e+01
9.929742813110351562e-01 -7.115391641855239868e-02 -9.454460442066192627e-02 -2.884893894195556641e+00 7.712067663669586182e-02 9.951520562171936035e-01 6.102801114320755005e-02 9.100435972213745117e-01 8.974389731884002686e-02 -6.789061427116394043e-02 9.936482310295104980e-01 4.535365295410156250e+01
9.920005798339843750e-01 -7.959862053394317627e-02 -9.797181934118270874e-02 -3.094918489456176758e+00 8.609861880540847778e-02 9.942283630371093750e-01 6.400475651025772095e-02 1.003029942512512207e+00 9.231168776750564575e-02 -7.192802429199218750e-02 9.931287765502929688e-01 4.777313613891601562e+01
9.910135865211486816e-01 -8.556336909532546997e-02 -1.028132736682891846e-01 -3.316506862640380859e+00 9.246457368135452271e-02 9.936349391937255859e-01 6.433888524770736694e-02 1.123701810836791992e+00 9.665382653474807739e-02 -7.326732575893402100e-02 9.926176071166992188e-01 4.991248703002929688e+01
9.906795620918273926e-01 -8.486820757389068604e-02 -1.065411642193794250e-01 -3.538838863372802734e+00 9.227244555950164795e-02 9.935038685798645020e-01 6.659892201423645020e-02 1.237459540367126465e+00 1.001969426870346069e-01 -7.580903172492980957e-02 9.920752644538879395e-01 5.217393112182617188e+01
9.900116324424743652e-01 -8.694397658109664917e-02 -1.109833940863609314e-01 -3.740162134170532227e+00 9.515071660280227661e-02 9.929332733154296875e-01 7.091825455427169800e-02 1.342072010040283203e+00 1.040332019329071045e-01 -8.077007532119750977e-02 9.912886023521423340e-01 5.410935211181640625e+01
9.898864030838012695e-01 -9.120161086320877075e-02 -1.086593568325042725e-01 -3.978366136550903320e+00 9.852920472621917725e-02 9.930684566497802734e-01 6.408350169658660889e-02 1.447797656059265137e+00 1.020616590976715088e-01 -7.414153218269348145e-02 9.920111894607543945e-01 5.612577819824218750e+01
9.894016385078430176e-01 -9.484104812145233154e-02 -1.099512353539466858e-01 -4.233862400054931641e+00 1.026808246970176697e-01 9.923892617225646973e-01 6.796952337026596069e-02 1.544750213623046875e+00 1.026681214570999146e-01 -7.853906601667404175e-02 9.916101098060607910e-01 5.832183456420898438e+01
9.888863563537597656e-01 -9.731819480657577515e-02 -1.123947426676750183e-01 -4.491870403289794922e+00 1.056133359670639038e-01 9.919147491455078125e-01 7.036129385232925415e-02 1.661514639854431152e+00 1.046385616064071655e-01 -8.144973218441009521e-02 9.911692142486572266e-01 6.067116928100585938e+01
9.890383481979370117e-01 -1.040605977177619934e-01 -1.047571748495101929e-01 -4.737887382507324219e+00 1.120144352316856384e-01 9.910115599632263184e-01 7.313412427902221680e-02 1.764165878295898438e+00 9.620517492294311523e-02 -8.406679332256317139e-02 9.918049573898315430e-01 6.296963119506835938e+01
9.881889820098876953e-01 -1.090100184082984924e-01 -1.076975390315055847e-01 -4.995600700378417969e+00 1.174579560756683350e-01 9.902056455612182617e-01 7.547380030155181885e-02 1.906217813491821289e+00 9.841528534889221191e-02 -8.723233640193939209e-02 9.913146495819091797e-01 6.528099060058593750e+01
9.883141517639160156e-01 -1.089173853397369385e-01 -1.066370755434036255e-01 -5.228283882141113281e+00 1.172159761190414429e-01 9.902774095535278320e-01 7.490650564432144165e-02 2.022839307785034180e+00 9.744163602590560913e-02 -8.653075248003005981e-02 9.914723038673400879e-01 6.746354675292968750e+01
9.883813261985778809e-01 -1.171196326613426208e-01 -9.687457233667373657e-02 -5.433169364929199219e+00 1.248696446418762207e-01 9.890848994255065918e-01 7.822064310312271118e-02 2.170867919921875000e+00 8.665597438812255859e-02 -8.940853923559188843e-02 9.922180771827697754e-01 6.961499786376953125e+01
9.872401952743530273e-01 -1.214270666241645813e-01 -1.030121445655822754e-01 -5.700528621673583984e+00 1.299416124820709229e-01 9.882561564445495605e-01 8.040374517440795898e-02 2.318706750869750977e+00 9.203916788101196289e-02 -9.276340901851654053e-02 9.914250373840332031e-01 7.214250946044921875e+01
9.855270981788635254e-01 -1.256998777389526367e-01 -1.137324124574661255e-01 -5.925742626190185547e+00 1.354062855243682861e-01 9.873865246772766113e-01 8.205423504114151001e-02 2.478998184204101562e+00 1.019836142659187317e-01 -9.626679867506027222e-02 9.901171326637268066e-01 7.447756958007812500e+01
9.845324754714965820e-01 -1.323416978120803833e-01 -1.148072332143783569e-01 -6.199060440063476562e+00 1.427250504493713379e-01 9.858888387680053711e-01 8.747934550046920776e-02 2.629601716995239258e+00 1.016099750995635986e-01 -1.025121733546257019e-01 9.895285367965698242e-01 7.686148834228515625e+01
9.834201931953430176e-01 -1.374264955520629883e-01 -1.183127611875534058e-01 -6.425686359405517578e+00 1.488388478755950928e-01 9.844112992286682129e-01 9.370899945497512817e-02 2.789780139923095703e+00 1.035902798175811768e-01 -1.097649186849594116e-01 9.885447621345520020e-01 7.901571655273437500e+01
9.822064638137817383e-01 -1.467879861593246460e-01 -1.171452328562736511e-01 -6.674912929534912109e+00 1.581914424896240234e-01 9.828459620475769043e-01 9.481142461299896240e-02 2.991529226303100586e+00 1.012185141444206238e-01 -1.116558313369750977e-01 9.885786771774291992e-01 8.122541809082031250e+01
9.812196493148803711e-01 -1.456761062145233154e-01 -1.264347881078720093e-01 -6.934296131134033203e+00 1.586432904005050659e-01 9.823233485221862793e-01 9.936251491308212280e-02 3.175512552261352539e+00 1.097250729799270630e-01 -1.175545528531074524e-01 9.869859814643859863e-01 8.348253631591796875e+01
9.796471595764160156e-01 -1.479192525148391724e-01 -1.356854885816574097e-01 -7.231313705444335938e+00 1.620184779167175293e-01 9.817589521408081055e-01 9.949394315481185913e-02 3.354788541793823242e+00 1.184933632612228394e-01 -1.194525808095932007e-01 9.857435822486877441e-01 8.566796112060546875e+01
9.775875806808471680e-01 -1.550948321819305420e-01 -1.423630714416503906e-01 -7.533954620361328125e+00 1.699851751327514648e-01 9.804474115371704102e-01 9.913443773984909058e-02 3.513077020645141602e+00 1.242042407393455505e-01 -1.211122795939445496e-01 9.848375916481018066e-01 8.784034729003906250e+01
9.758688807487487793e-01 -1.611085385084152222e-01 -1.473873555660247803e-01 -7.846226692199707031e+00 1.771195530891418457e-01 9.788055419921875000e-01 1.028009057044982910e-01 3.690150260925292969e+00 1.277014464139938354e-01 -1.264254748821258545e-01 9.837219715118408203e-01 8.996960449218750000e+01
9.742880463600158691e-01 -1.706905215978622437e-01 -1.470599770545959473e-01 -8.205278396606445312e+00 1.866058111190795898e-01 9.771078228950500488e-01 1.021677851676940918e-01 3.908479690551757812e+00 1.262543648481369019e-01 -1.269831806421279907e-01 9.838369488716125488e-01 9.226038360595703125e+01
9.747167825698852539e-01 -1.696521788835525513e-01 -1.454110890626907349e-01 -8.535678863525390625e+00 1.858283430337905884e-01 9.768544435501098633e-01 1.059379205107688904e-01 4.111113548278808594e+00 1.240728572010993958e-01 -1.302810609340667725e-01 9.836832880973815918e-01 9.451997375488281250e+01
9.722953438758850098e-01 -1.766439527273178101e-01 -1.530937254428863525e-01 -8.858676910400390625e+00 1.938090473413467407e-01 9.753510355949401855e-01 1.054896488785743713e-01 4.314086914062500000e+00 1.306859999895095825e-01 -1.322381347417831421e-01 9.825651645660400391e-01 9.663420104980468750e+01
9.688431024551391602e-01 -1.933828443288803101e-01 -1.547425836324691772e-01 -9.168577194213867188e+00 2.107464522123336792e-01 9.718959927558898926e-01 1.048983782529830933e-01 4.498487949371337891e+00 1.301081478595733643e-01 -1.342415958642959595e-01 9.823701381683349609e-01 9.872212219238281250e+01
9.670874476432800293e-01 -1.981309354305267334e-01 -1.596407741308212280e-01 -9.519273757934570312e+00 2.157245427370071411e-01 9.711619019508361816e-01 1.015235930681228638e-01 4.699451446533203125e+00 1.349220573902130127e-01 -1.326206922531127930e-01 9.819408655166625977e-01 1.009925155639648438e+02
9.673531055450439453e-01 -2.004243880510330200e-01 -1.551037579774856567e-01 -9.865435600280761719e+00 2.182770371437072754e-01 9.698839187622070312e-01 1.080734282732009888e-01 4.882405757904052734e+00 1.287720650434494019e-01 -1.384008377790451050e-01 9.819689393043518066e-01 1.031310043334960938e+02
9.657632112503051758e-01 -2.074313312768936157e-01 -1.557970046997070312e-01 -1.024462890625000000e+01 2.261565476655960083e-01 9.674109220504760742e-01 1.138813346624374390e-01 5.092537879943847656e+00 1.270971298217773438e-01 -1.452170014381408691e-01 9.812024831771850586e-01 1.053794708251953125e+02
9.643485546112060547e-01 -2.134102284908294678e-01 -1.564830690622329712e-01 -1.060235977172851562e+01 2.320685088634490967e-01 9.661718606948852539e-01 1.124978214502334595e-01 5.290772914886474609e+00 1.271813064813613892e-01 -1.448019891977310181e-01 9.812529087066650391e-01 1.077823333740234375e+02
9.631729722023010254e-01 -2.171101272106170654e-01 -1.586191803216934204e-01 -1.098876857757568359e+01 2.366585433483123779e-01 9.645432829856872559e-01 1.168271005153656006e-01 5.556476116180419922e+00 1.276306807994842529e-01 -1.500633805990219116e-01 9.804036617279052734e-01 1.102211761474609375e+02
9.619829058647155762e-01 -2.206866145133972168e-01 -1.608892232179641724e-01 -1.134260082244873047e+01 2.404386401176452637e-01 9.637460708618164062e-01 1.156822070479393005e-01 5.766475200653076172e+00 1.295268088579177856e-01 -1.499683707952499390e-01 9.801694750785827637e-01 1.123674468994140625e+02
9.619081616401672363e-01 -2.192797660827636719e-01 -1.632421016693115234e-01 -1.168706893920898438e+01 2.398618161678314209e-01 9.634618759155273438e-01 1.191933602094650269e-01 5.971565246582031250e+00 1.311408281326293945e-01 -1.538086980581283569e-01 9.793594479560852051e-01 1.145271224975585938e+02
9.608888030052185059e-01 -2.234917134046554565e-01 -1.635331511497497559e-01 -1.205828380584716797e+01 2.447142601013183594e-01 9.616828560829162598e-01 1.236144229769706726e-01 6.208520412445068359e+00 1.296402215957641602e-01 -1.587987095117568970e-01 9.787626266479492188e-01 1.168211364746093750e+02
9.576814770698547363e-01 -2.342357188463211060e-01 -1.672686785459518433e-01 -1.242353439331054688e+01 2.560870051383972168e-01 9.587103128433227539e-01 1.236666962504386902e-01 6.444877624511718750e+00 1.313950121402740479e-01 -1.612687259912490845e-01 9.781246185302734375e-01 1.190360870361328125e+02
9.559265375137329102e-01 -2.362731546163558960e-01 -1.742943078279495239e-01 -1.281974029541015625e+01 2.593185901641845703e-01 9.578207135200500488e-01 1.238258853554725647e-01 6.725354194641113281e+00 1.376859247684478760e-01 -1.635662764310836792e-01 9.768769741058349609e-01 1.214045181274414062e+02
9.557321071624755859e-01 -2.343022376298904419e-01 -1.779820770025253296e-01 -1.324030399322509766e+01 2.582139670848846436e-01 9.578940272331237793e-01 1.255554556846618652e-01 6.972397804260253906e+00 1.410699933767318726e-01 -1.659549325704574585e-01 9.759908318519592285e-01 1.237438049316406250e+02
9.552053213119506836e-01 -2.373294234275817871e-01 -1.767951995134353638e-01 -1.363553047180175781e+01 2.608472406864166260e-01 9.573609828948974609e-01 1.241701990365982056e-01 7.232963562011718750e+00 1.397875398397445679e-01 -1.647246778011322021e-01 9.763837456703186035e-01 1.260255737304687500e+02
9.537885189056396484e-01 -2.407179176807403564e-01 -1.798368990421295166e-01 -1.405708980560302734e+01 2.650975883007049561e-01 9.558887481689453125e-01 1.264893114566802979e-01 7.481621742248535156e+00 1.414557844400405884e-01 -1.683184802532196045e-01 9.755301475524902344e-01 1.283344879150390625e+02
9.519219398498535156e-01 -2.459366917610168457e-01 -1.826436817646026611e-01 -1.446719169616699219e+01 2.708697617053985596e-01 9.542208313941955566e-01 1.268530189990997314e-01 7.758829593658447266e+00 1.430845707654953003e-01 -1.702269166707992554e-01 9.749612808227539062e-01 1.307261505126953125e+02
9.520855545997619629e-01 -2.452711015939712524e-01 -1.826861500740051270e-01 -1.487036228179931641e+01 2.703689932823181152e-01 9.542182683944702148e-01 1.279360502958297729e-01 8.010793685913085938e+00 1.429434269666671753e-01 -1.711988151073455811e-01 9.748117923736572266e-01 1.329780426025390625e+02
9.510936737060546875e-01 -2.501526772975921631e-01 -1.812277287244796753e-01 -1.531353855133056641e+01 2.747855484485626221e-01 9.531573653221130371e-01 1.264255791902542114e-01 8.293924331665039062e+00 1.411128342151641846e-01 -1.700414121150970459e-01 9.752809405326843262e-01 1.354158020019531250e+02
9.526231884956359863e-01 -2.484088987112045288e-01 -1.755025535821914673e-01 -1.571588516235351562e+01 2.716868519783020020e-01 9.543813467025756836e-01 1.238626539707183838e-01 8.561033248901367188e+00 1.367277652025222778e-01 -1.656762361526489258e-01 9.766559004783630371e-01 1.375979461669921875e+02
9.508453607559204102e-01 -2.534009516239166260e-01 -1.779889464378356934e-01 -1.610436248779296875e+01 2.764713466167449951e-01 9.535821676254272461e-01 1.193483918905258179e-01 8.831604957580566406e+00 1.394840925931930542e-01 -1.626907736063003540e-01 9.767680168151855469e-01 1.398641662597656250e+02
9.480688571929931641e-01 -2.615537345409393311e-01 -1.809807419776916504e-01 -1.652336502075195312e+01 2.857875823974609375e-01 9.502657651901245117e-01 1.237734034657478333e-01 9.072854995727539062e+00 1.396064162254333496e-01 -1.690678298473358154e-01 9.756669402122497559e-01 1.421929931640625000e+02
9.470081925392150879e-01 -2.654214203357696533e-01 -1.809031367301940918e-01 -1.691748237609863281e+01 2.906316518783569336e-01 9.478638768196105957e-01 1.307162940502166748e-01 9.355766296386718750e+00 1.367766559123992920e-01 -1.763656288385391235e-01 9.747754335403442383e-01 1.445306549072265625e+02
9.462165832519531250e-01 -2.690298557281494141e-01 -1.797114908695220947e-01 -1.730529785156250000e+01 2.940070927143096924e-01 9.468421936035156250e-01 1.305721104145050049e-01 9.595923423767089844e+00 1.350306570529937744e-01 -1.763859987258911133e-01 9.750151038169860840e-01 1.467653045654296875e+02
9.463902115821838379e-01 -2.675805091857910156e-01 -1.809568703174591064e-01 -1.772068786621093750e+01 2.926394045352935791e-01 9.474057555198669434e-01 1.295525878667831421e-01 9.854393959045410156e+00 1.367738842964172363e-01 -1.755624562501907349e-01 9.749207496643066406e-01 1.491081848144531250e+02
9.458862543106079102e-01 -2.701545357704162598e-01 -1.797636300325393677e-01 -1.813139152526855469e+01 2.947316169738769531e-01 9.470201730728149414e-01 1.276147067546844482e-01 1.009679031372070312e+01 1.357641518115997314e-01 -1.736910641193389893e-01 9.753969907760620117e-01 1.513475494384765625e+02
9.436581134796142578e-01 -2.793847620487213135e-01 -1.773491948843002319e-01 -1.847361755371093750e+01 3.035454154014587402e-01 9.442258477210998535e-01 1.276603043079376221e-01 1.034054756164550781e+01 1.317914128303527832e-01 -1.743012666702270508e-01 9.758328795433044434e-01 1.535183715820312500e+02
9.418970346450805664e-01 -2.838730216026306152e-01 -1.795697510242462158e-01 -1.891135215759277344e+01 3.091292381286621094e-01 9.417051076889038086e-01 1.327780485153198242e-01 1.063185310363769531e+01 1.314097195863723755e-01 -1.805735528469085693e-01 9.747432470321655273e-01 1.559409484863281250e+02
9.431328773498535156e-01 -2.826744914054870605e-01 -1.749135404825210571e-01 -1.931342506408691406e+01 3.073848485946655273e-01 9.419355988502502441e-01 1.351714432239532471e-01 1.089844703674316406e+01 1.265478134155273438e-01 -1.812504529953002930e-01 9.752607941627502441e-01 1.582684631347656250e+02
9.411346912384033203e-01 -2.894878685474395752e-01 -1.745321452617645264e-01 -1.970856857299804688e+01 3.151437342166900635e-01 9.381681680679321289e-01 1.432633996009826660e-01 1.119512462615966797e+01 1.222675293684005737e-01 -1.898329257965087891e-01 9.741734266281127930e-01 1.605497436523437500e+02
9.378378391265869141e-01 -2.946383655071258545e-01 -1.834327727556228638e-01 -2.014129066467285156e+01 3.219857215881347656e-01 9.358907341957092285e-01 1.429447531700134277e-01 1.151766014099121094e+01 1.295560747385025024e-01 -1.931218206882476807e-01 9.725836515426635742e-01 1.630632476806640625e+02
9.364244341850280762e-01 -2.964037656784057617e-01 -1.877586692571640015e-01 -2.059401321411132812e+01 3.251236081123352051e-01 9.342212677001953125e-01 1.467130631208419800e-01 1.182329750061035156e+01 1.319218873977661133e-01 -1.984305530786514282e-01 9.711960554122924805e-01 1.653303070068359375e+02
9.365217089653015137e-01 -2.936967909336090088e-01 -1.914904415607452393e-01 -2.104507446289062500e+01 3.236046135425567627e-01 9.342718124389648438e-01 1.497188806533813477e-01 1.213015460968017578e+01 1.349322050809860229e-01 -2.021822333335876465e-01 9.700080156326293945e-01 1.675892791748046875e+02
9.374911189079284668e-01 -2.918674945831298828e-01 -1.895336955785751343e-01 -2.146596908569335938e+01 3.220343887805938721e-01 9.340285062789916992e-01 1.545448005199432373e-01 1.242927646636962891e+01 1.319232881069183350e-01 -2.059208154678344727e-01 9.696353673934936523e-01 1.697376098632812500e+02
9.349309802055358887e-01 -3.014702200889587402e-01 -1.871336847543716431e-01 -2.192367935180664062e+01 3.310231864452362061e-01 9.309653043746948242e-01 1.540350615978240967e-01 1.281084251403808594e+01 1.277779936790466309e-01 -2.059578001499176025e-01 9.701824784278869629e-01 1.722629394531250000e+02
9.296749234199523926e-01 -3.170008361339569092e-01 -1.876547187566757202e-01 -2.235003662109375000e+01 3.469598591327667236e-01 9.246654510498046875e-01 1.568827629089355469e-01 1.313013172149658203e+01 1.237858906388282776e-01 -2.109586894512176514e-01 9.696253538131713867e-01 1.744904327392578125e+02
9.277274012565612793e-01 -3.208648562431335449e-01 -1.907012611627578735e-01 -2.276817512512207031e+01 3.521095216274261475e-01 9.218528866767883301e-01 1.618819385766983032e-01 1.344532108306884766e+01 1.238562986254692078e-01 -2.173300981521606445e-01 9.682081937789916992e-01 1.767990264892578125e+02
9.276354908943176270e-01 -3.217689394950866699e-01 -1.896221190690994263e-01 -2.327919387817382812e+01 3.530033826828002930e-01 9.211807847023010254e-01 1.637503653764724731e-01 1.380920219421386719e+01 1.219864860177040100e-01 -2.188379466533660889e-01 9.681059122085571289e-01 1.793742065429687500e+02
9.246773123741149902e-01 -3.307274281978607178e-01 -1.886547952890396118e-01 -2.376812553405761719e+01 3.614099025726318359e-01 9.183033108711242676e-01 1.615597307682037354e-01 1.416937160491943359e+01 1.198100969195365906e-01 -2.175723761320114136e-01 9.686627984046936035e-01 1.819663391113281250e+02
9.235450625419616699e-01 -3.343530595302581787e-01 -1.878082901239395142e-01 -2.421715354919433594e+01 3.652020394802093506e-01 9.162436723709106445e-01 1.646958440542221069e-01 1.453637599945068359e+01 1.170116066932678223e-01 -2.206920683383941650e-01 9.682990908622741699e-01 1.843682708740234375e+02
9.223745465278625488e-01 -3.365905582904815674e-01 -1.895560175180435181e-01 -2.469161796569824219e+01 3.687817752361297607e-01 9.133323431015014648e-01 1.726952940225601196e-01 1.492672252655029297e+01 1.150000691413879395e-01 -2.291945964097976685e-01 9.665633440017700195e-01 1.868397827148437500e+02
9.220104217529296875e-01 -3.386798799037933350e-01 -1.875958889722824097e-01 -2.509698486328125000e+01 3.710812926292419434e-01 9.112480282783508301e-01 1.786768436431884766e-01 1.528880023956298828e+01 1.104321777820587158e-01 -2.343553155660629272e-01 9.658582210540771484e-01 1.891015319824218750e+02
9.220623373985290527e-01 -3.353624343872070312e-01 -1.932162195444107056e-01 -2.555551719665527344e+01 3.698928058147430420e-01 9.104988574981689453e-01 1.848535388708114624e-01 1.571680450439453125e+01 1.139302402734756470e-01 -2.419158518314361572e-01 9.635851979255676270e-01 1.915427246093750000e+02
9.195218086242675781e-01 -3.400525152683258057e-01 -1.970873177051544189e-01 -2.600704765319824219e+01 3.756607174873352051e-01 9.078425168991088867e-01 1.862813681364059448e-01 1.615546798706054688e+01 1.155788302421569824e-01 -2.453278154134750366e-01 9.625256657600402832e-01 1.938777313232421875e+02
9.143300056457519531e-01 -3.515240550041198730e-01 -2.010743170976638794e-01 -2.653667068481445312e+01 3.877107203006744385e-01 9.032448530197143555e-01 1.839264184236526489e-01 1.658541870117187500e+01 1.169648095965385437e-01 -2.461282014846801758e-01 9.621538519859313965e-01 1.963979492187500000e+02
9.148388504981994629e-01 -3.514867424964904785e-01 -1.988124698400497437e-01 -2.698146247863769531e+01 3.870221078395843506e-01 9.036783576011657715e-01 1.832455694675445557e-01 1.700407028198242188e+01 1.152541860938072205e-01 -2.445850670337677002e-01 9.627535939216613770e-01 1.987000427246093750e+02
9.154924750328063965e-01 -3.539181947708129883e-01 -1.913502961397171021e-01 -2.742084121704101562e+01 3.875632286071777344e-01 9.034454226493835449e-01 1.832504719495773315e-01 1.742145538330078125e+01 1.080189123749732971e-01 -2.419248372316360474e-01 9.642635583877563477e-01 2.010104675292968750e+02
9.161318540573120117e-01 -3.529084622859954834e-01 -1.901511996984481812e-01 -2.791719055175781250e+01 3.866385519504547119e-01 9.031596183776855469e-01 1.865821033716201782e-01 1.783853149414062500e+01 1.058905273675918579e-01 -2.444536685943603516e-01 9.638617634773254395e-01 2.035215606689453125e+02
9.127949476242065430e-01 -3.600431382656097412e-01 -1.928048282861709595e-01 -2.835087203979492188e+01 3.944045305252075195e-01 8.996703624725341797e-01 1.871839612722396851e-01 1.825712394714355469e+01 1.060665249824523926e-01 -2.469037771224975586e-01 9.632176160812377930e-01 2.058214569091796875e+02
9.072197675704956055e-01 -3.730736672878265381e-01 -1.943394392728805542e-01 -2.880102539062500000e+01 4.078949987888336182e-01 8.931222558021545410e-01 1.896148324012756348e-01 1.868957138061523438e+01 1.028286218643188477e-01 -2.512924671173095703e-01 9.624334573745727539e-01 2.081175994873046875e+02
9.063557386398315430e-01 -3.745913803577423096e-01 -1.954482048749923706e-01 -2.926799392700195312e+01 4.097541570663452148e-01 8.921127915382385254e-01 1.903569400310516357e-01 1.912868499755859375e+01 1.030558124184608459e-01 -2.526168525218963623e-01 9.620624184608459473e-01 2.105488586425781250e+02
9.016010165214538574e-01 -3.835485279560089111e-01 -2.000139504671096802e-01 -2.965448188781738281e+01 4.192518293857574463e-01 8.886661529541015625e-01 1.857413798570632935e-01 1.948745346069335938e+01 1.065048277378082275e-01 -2.513208687305450439e-01 9.620261788368225098e-01 2.124995269775390625e+02
8.994095325469970703e-01 -3.872828781604766846e-01 -2.026669979095458984e-01 -3.007860946655273438e+01 4.234309196472167969e-01 8.870300054550170898e-01 1.840747147798538208e-01 1.987649345397949219e+01 1.084827631711959839e-01 -2.513740658760070801e-01 9.617912173271179199e-01 2.146353759765625000e+02
8.998556733131408691e-01 -3.837717771530151367e-01 -2.073123306035995483e-01 -3.053506851196289062e+01 4.215193986892700195e-01 8.873165249824523926e-01 1.870568990707397461e-01 2.024983978271484375e+01 1.121645495295524597e-01 -2.557104229927062988e-01 9.602245092391967773e-01 2.167212829589843750e+02
8.982298970222473145e-01 -3.881164789199829102e-01 -2.062717974185943604e-01 -3.098587608337402344e+01 4.260422289371490479e-01 8.841878175735473633e-01 1.915705353021621704e-01 2.061144638061523438e+01 1.080313995480537415e-01 -2.599549293518066406e-01 9.595584273338317871e-01 2.188747558593750000e+02
8.946962356567382812e-01 -3.966323733329772949e-01 -2.054285854101181030e-01 -3.142274475097656250e+01 4.340192973613739014e-01 8.806520104408264160e-01 1.899437904357910156e-01 2.101508522033691406e+01 1.055733188986778259e-01 -2.591020166873931885e-01 9.600625634193420410e-01 2.209697570800781250e+02
8.928428292274475098e-01 -3.983151316642761230e-01 -2.101815491914749146e-01 -3.187619209289550781e+01 4.370067119598388672e-01 8.790562748908996582e-01 1.904851347208023071e-01 2.139486312866210938e+01 1.088883727788925171e-01 -2.619240880012512207e-01 9.589258432388305664e-01 2.229734802246093750e+02
8.910689353942871094e-01 -4.009636342525482178e-01 -2.126587927341461182e-01 -3.226832962036132812e+01 4.399935007095336914e-01 8.781045675277709961e-01 1.879827976226806641e-01 2.174619483947753906e+01 1.113624498248100281e-01 -2.610741853713989258e-01 9.588734507560729980e-01 2.248866424560546875e+02
8.873680830001831055e-01 -4.075784385204315186e-01 -2.155391424894332886e-01 -3.269938278198242188e+01 4.474577009677886963e-01 8.740100264549255371e-01 1.894397437572479248e-01 2.209536361694335938e+01 1.111718937754631042e-01 -2.645474970340728760e-01 9.579431414604187012e-01 2.268348083496093750e+02
8.862143754959106445e-01 -4.088248908519744873e-01 -2.179122120141983032e-01 -3.321753311157226562e+01 4.490342438220977783e-01 8.737442493438720703e-01 1.869185864925384521e-01 2.249141883850097656e+01 1.139826551079750061e-01 -2.635000646114349365e-01 9.579014778137207031e-01 2.292048339843750000e+02
8.846063017845153809e-01 -4.138985574245452881e-01 -2.148467600345611572e-01 -3.371979904174804688e+01 4.533467590808868408e-01 8.712481260299682617e-01 1.881560236215591431e-01 2.288223838806152344e+01 1.093074157834053040e-01 -2.638441622257232666e-01 9.583516120910644531e-01 2.314173431396484375e+02
8.830953836441040039e-01 -4.170781970024108887e-01 -2.149134725332260132e-01 -3.411079025268554688e+01 4.567003250122070312e-01 8.691009283065795898e-01 1.899673491716384888e-01 2.322071075439453125e+01 1.075503528118133545e-01 -2.659104168415069580e-01 9.579792022705078125e-01 2.333590393066406250e+02
8.807573914527893066e-01 -4.216304719448089600e-01 -2.156238257884979248e-01 -3.455460739135742188e+01 4.614971280097961426e-01 8.663206100463867188e-01 1.910710781812667847e-01 2.360848045349121094e+01 1.062380895018577576e-01 -2.677971124649047852e-01 9.575999975204467773e-01 2.354626159667968750e+02
8.790732026100158691e-01 -4.222697019577026367e-01 -2.211742252111434937e-01 -3.503844451904296875e+01 4.638240039348602295e-01 8.647657036781311035e-01 1.924753636121749878e-01 2.400978469848632812e+01 1.099874824285507202e-01 -2.717859447002410889e-01 9.560517072677612305e-01 2.376626129150390625e+02
8.804743885993957520e-01 -4.204641580581665039e-01 -2.190300077199935913e-01 -3.547573852539062500e+01 4.618564546108245850e-01 8.650092482566833496e-01 1.960785388946533203e-01 2.437541198730468750e+01 1.070191040635108948e-01 -2.738026380538940430e-01 9.558131694793701172e-01 2.396247558593750000e+02
8.812682032585144043e-01 -4.206239581108093262e-01 -2.155024558305740356e-01 -3.590288162231445312e+01 4.618572890758514404e-01 8.632051348686218262e-01 2.038723528385162354e-01 2.473828697204589844e+01 1.002693548798561096e-01 -2.791976630687713623e-01 9.549840092658996582e-01 2.416043548583984375e+02
8.823347687721252441e-01 -4.233796000480651855e-01 -2.055105566978454590e-01 -3.635113906860351562e+01 4.621572494506835938e-01 8.619359731674194336e-01 2.085096091032028198e-01 2.518059730529785156e+01 8.885833621025085449e-02 -2.789535224437713623e-01 9.561845064163208008e-01 2.437527313232421875e+02
8.829576373100280762e-01 -4.246237874031066895e-01 -2.001994997262954712e-01 -3.675257492065429688e+01 4.625888168811798096e-01 8.596224784851074219e-01 2.169328480958938599e-01 2.558677864074707031e+01 7.998126745223999023e-02 -2.841526269912719727e-01 9.554371237754821777e-01 2.457223358154296875e+02
8.816244602203369141e-01 -4.260883033275604248e-01 -2.029443085193634033e-01 -3.716023254394531250e+01 4.647375941276550293e-01 8.586804270744323730e-01 2.160692363977432251e-01 2.601631927490234375e+01 8.219984918832778931e-02 -2.848078906536102295e-01 9.550536274909973145e-01 2.476964111328125000e+02
8.850260376930236816e-01 -4.245502352714538574e-01 -1.910113394260406494e-01 -3.751249313354492188e+01 4.603666663169860840e-01 8.591328263282775879e-01 2.235002517700195312e-01 2.637597465515136719e+01 6.921713799238204956e-02 -2.857388556003570557e-01 9.558044672012329102e-01 2.494678649902343750e+02
8.833035230636596680e-01 -4.327823221683502197e-01 -1.802047938108444214e-01 -3.778189086914062500e+01 4.658825993537902832e-01 8.531870245933532715e-01 2.345727533102035522e-01 2.671376228332519531e+01 5.222954228520393372e-02 -2.911532819271087646e-01 9.552495479583740234e-01 2.509332122802734375e+02
8.847625851631164551e-01 -4.426339864730834961e-01 -1.458412110805511475e-01 -3.793804931640625000e+01 4.658128917217254639e-01 8.497136235237121582e-01 2.469901293516159058e-01 2.704003906250000000e+01 1.459712162613868713e-02 -2.864623963832855225e-01 9.579801559448242188e-01 2.522299957275390625e+02
8.885143995285034180e-01 -4.483336210250854492e-01 -9.766502678394317627e-02 -3.805371856689453125e+01 4.572395980358123779e-01 8.473033308982849121e-01 2.701999545097351074e-01 2.743114471435546875e+01 -3.838777542114257812e-02 -2.847329378128051758e-01 9.578378200531005859e-01 2.536076660156250000e+02
8.911952972412109375e-01 -4.470358788967132568e-01 -7.700173556804656982e-02 -3.812044906616210938e+01 4.492913484573364258e-01 8.464886546134948730e-01 2.856452763080596924e-01 2.783293151855468750e+01 -6.251255422830581665e-02 -2.891619801521301270e-01 9.552367329597473145e-01 2.550341339111328125e+02
8.935666680335998535e-01 -4.486026167869567871e-01 -1.713905856013298035e-02 -3.813395309448242188e+01 4.303690195083618164e-01 8.451328277587890625e-01 3.170678019523620605e-01 2.828723144531250000e+01 -1.277526617050170898e-01 -2.906973659992218018e-01 9.482479095458984375e-01 2.564171752929687500e+02
8.929536342620849609e-01 -4.488730728626251221e-01 3.385601192712783813e-02 -3.805582809448242188e+01 4.109530746936798096e-01 8.435881733894348145e-01 3.456522226333618164e-01 2.874447441101074219e+01 -1.837145686149597168e-01 -2.947382032871246338e-01 9.377515912055969238e-01 2.576969909667968750e+02
8.844066858291625977e-01 -4.552449882030487061e-01 1.028407812118530273e-01 -3.791081619262695312e+01 3.884482383728027344e-01 8.401440978050231934e-01 3.785033226013183594e-01 2.925112724304199219e+01 -2.587129473686218262e-01 -2.948025763034820557e-01 9.198689460754394531e-01 2.589948425292968750e+02
8.671039938926696777e-01 -4.647310972213745117e-01 1.793184727430343628e-01 -3.762577056884765625e+01 3.625470697879791260e-01 8.356521129608154297e-01 4.126063287258148193e-01 2.983305549621582031e+01 -3.415990769863128662e-01 -2.927612364292144775e-01 8.930849432945251465e-01 2.602565307617187500e+02
8.174027800559997559e-01 -4.752893447875976562e-01 3.255029618740081787e-01 -3.718052291870117188e+01 2.962061762809753418e-01 8.313969373703002930e-01 4.701487123966217041e-01 3.038786888122558594e+01 -4.940792024135589600e-01 -2.878848910331726074e-01 8.203705549240112305e-01 2.611938781738281250e+02
7.672162055969238281e-01 -4.847796559333801270e-01 4.199612736701965332e-01 -3.669423675537109375e+01 2.412766963243484497e-01 8.248139023780822754e-01 5.113378167152404785e-01 3.095961952209472656e+01 -5.942765474319458008e-01 -2.909798026084899902e-01 7.497772574424743652e-01 2.620815124511718750e+02
7.137656807899475098e-01 -4.848175346851348877e-01 5.054602026939392090e-01 -3.605106735229492188e+01 1.806267946958541870e-01 8.246977329254150391e-01 5.359536409378051758e-01 3.161096000671386719e+01 -6.766921281814575195e-01 -2.912456393241882324e-01 6.762126088142395020e-01 2.629194946289062500e+02
6.237098574638366699e-01 -4.935407042503356934e-01 6.061378717422485352e-01 -3.529881286621093750e+01 9.871844947338104248e-02 8.189799785614013672e-01 5.652654767036437988e-01 3.227201843261718750e+01 -7.753969430923461914e-01 -2.927246689796447754e-01 5.595279932022094727e-01 2.635497131347656250e+02
6.100196838378906250e-01 -4.977336227893829346e-01 6.165522933006286621e-01 -3.461283493041992188e+01 9.389711916446685791e-02 8.180193305015563965e-01 5.674735903739929199e-01 3.288023757934570312e+01 -7.868030071258544922e-01 -2.882775962352752686e-01 5.457441806793212891e-01 2.641324462890625000e+02
5.750730037689208984e-01 -4.990499913692474365e-01 6.482588648796081543e-01 -3.389628219604492188e+01 6.995980441570281982e-02 8.194890022277832031e-01 5.688074827194213867e-01 3.350545501708984375e+01 -8.151050806045532227e-01 -2.817537784576416016e-01 5.061799287796020508e-01 2.646517333984375000e+02
4.987582564353942871e-01 -4.974278211593627930e-01 7.097923755645751953e-01 -3.308325576782226562e+01 6.902985274791717529e-03 8.211739063262939453e-01 5.706350207328796387e-01 3.411564254760742188e+01 -8.667134046554565430e-01 -2.797092199325561523e-01 4.130013883113861084e-01 2.649953002929687500e+02
4.543987214565277100e-01 -5.016068816184997559e-01 7.361466288566589355e-01 -3.202105712890625000e+01 -2.078018710017204285e-02 8.201953172683715820e-01 5.717048048973083496e-01 3.488705825805664062e+01 -8.905557394027709961e-01 -2.750791907310485840e-01 3.622725605964660645e-01 2.654494323730468750e+02
3.804377913475036621e-01 -5.041255354881286621e-01 7.753219008445739746e-01 -3.099659347534179688e+01 -7.157167792320251465e-02 8.197965621948242188e-01 5.681633353233337402e-01 3.560681915283203125e+01 -9.220325350761413574e-01 -2.716418504714965820e-01 2.758007645606994629e-01 2.657676086425781250e+02
2.813628315925598145e-01 -5.063911080360412598e-01 8.151088953018188477e-01 -3.008879470825195312e+01 -1.356546431779861450e-01 8.199035525321960449e-01 5.561963915824890137e-01 3.620277023315429688e+01 -9.499642848968505859e-01 -2.670662403106689453e-01 1.619963049888610840e-01 2.658765563964843750e+02
