9.999403357505798340e-01 3.568716812878847122e-03 1.032365486025810242e-02 1.369271520525217056e-02 -3.547308966517448425e-03 9.999915361404418945e-01 -2.091124188154935837e-03 -8.002923801541328430e-03 -1.033103093504905701e-02 2.054376527667045593e-03 9.999445080757141113e-01 2.217199504375457764e-01
9.998814463615417480e-01 4.899161402136087418e-03 1.459966693073511124e-02 2.194447070360183716e-02 -4.849104676395654678e-03 9.999822974205017090e-01 -3.461873391643166542e-03 -1.734907925128936768e-02 -1.461637020111083984e-02 3.390664467588067055e-03 9.998874068260192871e-01 4.843935072422027588e-01
9.999586939811706543e-01 5.298788659274578094e-03 7.390575017780065536e-03 1.453168690204620361e-02 -5.268565844744443893e-03 9.999777674674987793e-01 -4.102637059986591339e-03 -2.792414650321006775e-02 -7.412151433527469635e-03 4.063527099788188934e-03 9.999642372131347656e-01 7.046450376510620117e-01
9.999092221260070801e-01 6.264776457101106644e-03 -1.193371415138244629e-02 -1.683367416262626648e-02 -6.347848102450370789e-03 9.999558925628662109e-01 -6.935874931514263153e-03 -3.233117982745170593e-02 1.188972964882850647e-02 7.010995876044034958e-03 9.999046921730041504e-01 8.088761568069458008e-01
9.997754096984863281e-01 5.096248816698789597e-03 -2.057346515357494354e-02 -1.770735904574394226e-02 -5.292905028909444809e-03 9.999408125877380371e-01 -9.515382349491119385e-03 -4.292280972003936768e-02 2.052374742925167084e-02 9.622133336961269379e-03 9.997430443763732910e-01 9.580138325691223145e-01
9.994802474975585938e-01 3.359922207891941071e-03 -3.206393867731094360e-02 -3.453254327178001404e-02 -3.637343877926468849e-03 9.999565482139587402e-01 -8.597495034337043762e-03 -5.609183013439178467e-02 3.203364834189414978e-02 8.709653280675411224e-03 9.994488358497619629e-01 1.399686098098754883e+00
9.989356398582458496e-01 3.374473424628376961e-03 -4.600336775183677673e-02 -5.912088975310325623e-02 -3.820328973233699799e-03 9.999467134475708008e-01 -9.607190266251564026e-03 -7.289659976959228516e-02 4.596848413348197937e-02 9.772712364792823792e-03 9.988951086997985840e-01 1.895793437957763672e+00
9.973471164703369141e-01 3.853956237435340881e-03 -7.269091904163360596e-02 -1.007344946265220642e-01 -4.519079346209764481e-03 9.999495744705200195e-01 -8.987670764327049255e-03 -7.740998268127441406e-02 7.265259325504302979e-02 9.292321279644966125e-03 9.973140954971313477e-01 2.155397891998291016e+00
9.963508248329162598e-01 5.828964989632368088e-03 -8.515396714210510254e-02 -1.539864540100097656e-01 -6.489077582955360413e-03 9.999511837959289551e-01 -7.477124221622943878e-03 -9.258196502923965454e-02 8.510620146989822388e-02 8.002401329576969147e-03 9.963398575782775879e-01 2.719514131546020508e+00
9.953260421752929688e-01 2.872593700885772705e-03 -9.652949869632720947e-02 -2.137587666511535645e-01 -3.716260893270373344e-03 9.999566674232482910e-01 -8.561260998249053955e-03 -1.065608263015747070e-01 9.650069475173950195e-02 8.879978209733963013e-03 9.952934384346008301e-01 3.274020671844482422e+00
9.939944744110107422e-01 2.502384362742304802e-03 -1.094024479389190674e-01 -2.706782817840576172e-01 -3.606331767514348030e-03 9.999448060989379883e-01 -9.893886744976043701e-03 -1.197608858346939087e-01 1.093716174364089966e-01 1.022901292890310287e-02 9.939484000205993652e-01 3.749908447265625000e+00
9.929427504539489746e-01 7.266489556059241295e-04 -1.185930371284484863e-01 -3.369472026824951172e-01 -2.336239209398627281e-03 9.999072551727294922e-01 -1.343372277915477753e-02 -1.386718302965164185e-01 1.185722500085830688e-01 1.361597515642642975e-02 9.928521513938903809e-01 4.277948379516601562e+00
9.902116656303405762e-01 1.347698154859244823e-03 -1.395679414272308350e-01 -4.436760544776916504e-01 -3.291229717433452606e-03 9.999009966850280762e-01 -1.369529310613870621e-02 -1.572124063968658447e-01 1.395356506109237671e-01 1.402058638632297516e-02 9.901178479194641113e-01 4.957061290740966797e+00
9.866124391555786133e-01 2.366881351917982101e-03 -1.630657762289047241e-01 -5.852817296981811523e-01 -4.932509269565343857e-03 9.998705387115478516e-01 -1.533048693090677261e-02 -1.831180751323699951e-01 1.630083620548248291e-01 1.592956855893135071e-02 9.864961504936218262e-01 5.765441417694091797e+00
9.830388426780700684e-01 3.119092434644699097e-03 -1.833711415529251099e-01 -7.409785985946655273e-01 -6.024633999913930893e-03 9.998651742935180664e-01 -1.529005821794271469e-02 -2.133023887872695923e-01 1.832987070083618164e-01 1.613546349108219147e-02 9.829248785972595215e-01 6.587540626525878906e+00
9.793046712875366211e-01 4.181245341897010803e-03 -2.023482024669647217e-01 -8.867160081863403320e-01 -7.561082951724529266e-03 9.998446702957153320e-01 -1.593285053968429565e-02 -2.357150614261627197e-01 2.022501230239868164e-01 1.713309064507484436e-02 9.791840910911560059e-01 7.278123378753662109e+00
9.783282279968261719e-01 2.601781394332647324e-03 -2.070435583591461182e-01 -1.032780408859252930e+00 -6.287347991019487381e-03 9.998334646224975586e-01 -1.714478060603141785e-02 -2.591154277324676514e-01 2.069644480943679810e-01 1.807498186826705933e-02 9.781815409660339355e-01 7.968854427337646484e+00
9.774543642997741699e-01 3.412788501009345055e-03 -2.111191898584365845e-01 -1.175654292106628418e+00 -7.557749282568693161e-03 9.997943043708801270e-01 -1.882936805486679077e-02 -2.840565741062164307e-01 2.110114991664886475e-01 2.000043727457523346e-02 9.772790074348449707e-01 8.621546745300292969e+00
9.762508273124694824e-01 6.451590918004512787e-03 -2.165471911430358887e-01 -1.326592206954956055e+00 -1.109432801604270935e-02 9.997339844703674316e-01 -2.023089304566383362e-02 -3.109169304370880127e-01 2.163590490818023682e-01 2.215287834405899048e-02 9.760625362396240234e-01 9.292216300964355469e+00
9.744311571121215820e-01 6.986699998378753662e-03 -2.245776504278182983e-01 -1.477408409118652344e+00 -1.190990675240755081e-02 9.997175931930541992e-01 -2.057474479079246521e-02 -3.342895507812500000e-01 2.243704497814178467e-01 2.272337675094604492e-02 9.742389917373657227e-01 9.944782257080078125e+00
9.736482501029968262e-01 7.666245102882385254e-03 -2.279263585805892944e-01 -1.631523609161376953e+00 -1.324275042861700058e-02 9.996491670608520508e-01 -2.294686064124107361e-02 -3.597465157508850098e-01 2.276704609394073486e-01 2.536054700613021851e-02 9.734079837799072266e-01 1.059481620788574219e+01
9.727289080619812012e-01 5.878743249922990799e-03 -2.318706214427947998e-01 -1.795482635498046875e+00 -1.161223184317350388e-02 9.996595978736877441e-01 -2.336984686553478241e-02 -3.894894719123840332e-01 2.316543012857437134e-01 2.542506344616413116e-02 9.724659323692321777e-01 1.128962516784667969e+01
9.714894294738769531e-01 7.666247431188821793e-03 -2.369589805603027344e-01 -1.950478315353393555e+00 -1.380454562604427338e-02 9.996105432510375977e-01 -2.425599656999111176e-02 -4.180485010147094727e-01 2.366807460784912109e-01 2.683555707335472107e-02 9.712169170379638672e-01 1.193693065643310547e+01
9.693425297737121582e-01 8.864145725965499878e-03 -2.455534487962722778e-01 -2.119801759719848633e+00 -1.554206851869821548e-02 9.995598793029785156e-01 -2.527070976793766022e-02 -4.512048959732055664e-01 2.452213764190673828e-01 2.831238694489002228e-02 9.690536856651306152e-01 1.257717132568359375e+01
9.676226973533630371e-01 8.478689938783645630e-03 -2.522584497928619385e-01 -2.287917852401733398e+00 -1.522755529731512070e-02 9.995761513710021973e-01 -2.481343783438205719e-02 -4.771184921264648438e-01 2.519411444664001465e-01 2.785133384168148041e-02 9.673417806625366211e-01 1.321223163604736328e+01
9.685907363891601562e-01 7.697439286857843399e-03 -2.485407739877700806e-01 -2.457228660583496094e+00 -1.477185264229774475e-02 9.995367527008056641e-01 -2.661123126745223999e-02 -5.096563100814819336e-01 2.482208311557769775e-01 2.944681048393249512e-02 9.682558774948120117e-01 1.388237571716308594e+01
9.670614004135131836e-01 6.150579545646905899e-03 -2.544684112071990967e-01 -2.648350715637207031e+00 -1.364121586084365845e-02 9.995237588882446289e-01 -2.768206596374511719e-02 -5.417916178703308105e-01 2.541770040988922119e-01 3.024152666330337524e-02 9.666848778724670410e-01 1.460368156433105469e+01
9.657085537910461426e-01 4.069476388394832611e-03 -2.595963180065155029e-01 -2.845582008361816406e+00 -1.197793707251548767e-02 9.995109438896179199e-01 -2.888976782560348511e-02 -5.765982270240783691e-01 2.593518197536468506e-01 3.100853227078914642e-02 9.652850627899169922e-01 1.533232021331787109e+01
9.632401466369628906e-01 4.732593894004821777e-03 -2.685995697975158691e-01 -3.066543579101562500e+00 -1.257680635899305344e-02 9.995430111885070801e-01 -2.749082073569297791e-02 -6.128725409507751465e-01 2.683467566967010498e-01 2.985839731991291046e-02 9.628596305847167969e-01 1.611240386962890625e+01
9.636352062225341797e-01 5.544031970202922821e-03 -2.671630680561065674e-01 -3.335770130157470703e+00 -1.341279596090316772e-02 9.995281100273132324e-01 -2.763703651726245880e-02 -6.594657897949218750e-01 2.668838202953338623e-01 3.021543659269809723e-02 9.632550477981567383e-01 1.707269287109375000e+01
9.639090895652770996e-01 4.442756995558738708e-03 -2.661938965320587158e-01 -3.580921888351440430e+00 -1.243607047945261002e-02 9.995207190513610840e-01 -2.834994345903396606e-02 -7.046164870262145996e-01 2.659403979778289795e-01 3.063718602061271667e-02 9.635025858879089355e-01 1.794915199279785156e+01
9.642006754875183105e-01 5.038616247475147247e-03 -2.651251256465911865e-01 -3.835037469863891602e+00 -1.291929371654987335e-02 9.995248317718505859e-01 -2.798881381750106812e-02 -7.492132782936096191e-01 2.648581862449645996e-01 3.041207231581211090e-02 9.638077616691589355e-01 1.885453414916992188e+01
9.627012610435485840e-01 4.437826108187437057e-03 -2.705293297767639160e-01 -4.068731784820556641e+00 -1.272288244217634201e-02 9.995020031929016113e-01 -2.887925878167152405e-02 -7.878403067588806152e-01 2.702665030956268311e-01 3.124402277171611786e-02 9.622785449028015137e-01 1.968676567077636719e+01
9.626125097274780273e-01 5.089174490422010422e-03 -2.708334326744079590e-01 -4.405841827392578125e+00 -1.324191689491271973e-02 9.995123147964477539e-01 -2.828347310423851013e-02 -8.470290303230285645e-01 2.705574333667755127e-01 3.081238828599452972e-02 9.622106552124023438e-01 2.088157081604003906e+01
9.626590013504028320e-01 5.149491131305694580e-03 -2.706669867038726807e-01 -4.570657730102539062e+00 -1.382042281329631805e-02 9.994502067565917969e-01 -3.013911098241806030e-02 -8.770541548728942871e-01 2.703629732131958008e-01 3.275442868471145630e-02 9.622011780738830566e-01 2.148382949829101562e+01
9.621967077255249023e-01 5.894547794014215469e-03 -2.722907662391662598e-01 -4.834189414978027344e+00 -1.480912789702415466e-02 9.994191527366638184e-01 -3.069563023746013641e-02 -9.219225049018859863e-01 2.719516754150390625e-01 3.356763347983360291e-02 9.617252945899963379e-01 2.241802978515625000e+01
9.610772132873535156e-01 4.810916259884834290e-03 -2.762373685836791992e-01 -5.096719741821289062e+00 -1.370636560022830963e-02 9.994475245475769043e-01 -3.028041683137416840e-02 -9.651442766189575195e-01 2.759391069412231445e-01 3.288803249597549438e-02 9.606122374534606934e-01 2.334339141845703125e+01
9.606821537017822266e-01 4.997015465050935745e-03 -2.776049375534057617e-01 -5.363402366638183594e+00 -1.428977213799953461e-02 9.994028210639953613e-01 -3.146148100495338440e-02 -1.011521339416503906e+00 2.772819995880126953e-01 3.419139236211776733e-02 9.601799249649047852e-01 2.426852035522460938e+01
9.599847197532653809e-01 4.074353724718093872e-03 -2.800220549106597900e-01 -5.639626026153564453e+00 -1.376182772219181061e-02 9.993725419044494629e-01 -3.263782709836959839e-02 -1.058746337890625000e+00 2.797134220600128174e-01 3.518543019890785217e-02 9.594385623931884766e-01 2.520728111267089844e+01
9.595824480056762695e-01 2.756146946921944618e-03 -2.814134657382965088e-01 -5.907380580902099609e+00 -1.278669852763414383e-02 9.993464350700378418e-01 -3.381326422095298767e-02 -1.106702327728271484e+00 2.811364233493804932e-01 3.604496642947196960e-02 9.589905738830566406e-01 2.612590408325195312e+01
9.584063887596130371e-01 3.069525118917226791e-03 -2.853899002075195312e-01 -6.184805870056152344e+00 -1.298113539814949036e-02 9.993762373924255371e-01 -3.284473344683647156e-02 -1.153367400169372559e+00 2.851111292839050293e-01 3.518328815698623657e-02 9.578484296798706055e-01 2.706191635131835938e+01
9.572378993034362793e-01 2.922683022916316986e-03 -2.892863452434539795e-01 -6.464133262634277344e+00 -1.326231285929679871e-02 9.993410706520080566e-01 -3.378795087337493896e-02 -1.201085925102233887e+00 2.889970541000366211e-01 3.617971390485763550e-02 9.566459655761718750e-01 2.797874259948730469e+01
9.577619433403015137e-01 1.817618962377309799e-03 -2.875557839870452881e-01 -6.680716514587402344e+00 -1.187141984701156616e-02 9.993774890899658203e-01 -3.322301059961318970e-02 -1.240654468536376953e+00 2.873164415359497070e-01 3.523343428969383240e-02 9.571873545646667480e-01 2.871366500854492188e+01
9.577732682228088379e-01 2.503836061805486679e-03 -2.875127494335174561e-01 -6.918946266174316406e+00 -1.230170112103223801e-02 9.994032979011535645e-01 -3.227634727954864502e-02 -1.284065485000610352e+00 2.872604429721832275e-01 3.445032611489295959e-02 9.572325944900512695e-01 2.951007270812988281e+01
9.578320384025573730e-01 9.180636843666434288e-04 -2.873263359069824219e-01 -7.111361026763916016e+00 -1.065235398709774017e-02 9.994208812713623047e-01 -3.231724724173545837e-02 -1.320775985717773438e+00 2.871303558349609375e-01 3.401520103216171265e-02 9.572871923446655273e-01 3.016637229919433594e+01
9.585573673248291016e-01 9.823662694543600082e-04 -2.848969697952270508e-01 -7.363493919372558594e+00 -1.091919280588626862e-02 9.993859529495239258e-01 -3.329228237271308899e-02 -1.367062330245971680e+00 2.846894264221191406e-01 3.502340987324714661e-02 9.579796195030212402e-01 3.101059722900390625e+01
9.585069417953491211e-01 2.094183117151260376e-03 -2.850604951381683350e-01 -7.618484497070312500e+00 -1.183134503662586212e-02 9.994035959243774414e-01 -3.244032338261604309e-02 -1.410895228385925293e+00 2.848226130008697510e-01 3.446692973375320435e-02 9.579601883888244629e-01 3.186122131347656250e+01
9.574667215347290039e-01 1.946598640643060207e-03 -2.885363996028900146e-01 -7.955547332763671875e+00 -1.189133152365684509e-02 9.993938803672790527e-01 -3.271717578172683716e-02 -1.468933820724487305e+00 2.882978916168212891e-01 3.475669026374816895e-02 9.569095969200134277e-01 3.298118972778320312e+01
9.574722051620483398e-01 1.003067591227591038e-03 -2.885231673717498779e-01 -8.241450309753417969e+00 -1.129401847720146179e-02 9.993578195571899414e-01 -3.400505334138870239e-02 -1.515922665596008301e+00 2.883037924766540527e-01 3.581747785210609436e-02 9.568687081336975098e-01 3.392852783203125000e+01
9.565936326980590820e-01 4.753592365887016058e-04 -2.914240360260009766e-01 -8.513444900512695312e+00 -1.131877023726701736e-02 9.993047714233398438e-01 -3.552347421646118164e-02 -1.564126014709472656e+00 2.912045419216156006e-01 3.728009387850761414e-02 9.559339880943298340e-01 3.481320953369140625e+01
9.553157687187194824e-01 5.324924713931977749e-04 -2.955860197544097900e-01 -8.818527221679687500e+00 -1.151750609278678894e-02 9.993060827255249023e-01 -3.542350232601165771e-02 -1.618517398834228516e+00 2.953620254993438721e-01 3.724504634737968445e-02 9.546589851379394531e-01 3.578692626953125000e+01
9.537884593009948730e-01 -6.449701031669974327e-04 -3.004775643348693848e-01 -9.123394012451171875e+00 -1.134065352380275726e-02 9.992080330848693848e-01 -3.814262151718139648e-02 -1.671561956405639648e+00 3.002641201019287109e-01 3.978760913014411926e-02 9.530257582664489746e-01 3.675069427490234375e+01
9.486244916915893555e-01 -1.553813577629625797e-03 -3.163995444774627686e-01 -9.436141014099121094e+00 -1.071628462523221970e-02 9.992565512657165527e-01 -3.703654557466506958e-02 -1.725755810737609863e+00 3.162217736244201660e-01 3.852440789341926575e-02 9.479026198387145996e-01 3.767144393920898438e+01
9.430030584335327148e-01 -1.788084045983850956e-03 -3.327784836292266846e-01 -9.829905509948730469e+00 -1.071317493915557861e-02 9.993042349815368652e-01 -3.572753444314002991e-02 -1.788001060485839844e+00 3.326107561588287354e-01 3.725629672408103943e-02 9.423278570175170898e-01 3.878390121459960938e+01
9.378314018249511719e-01 -8.465068531222641468e-04 -3.470892012119293213e-01 -1.017129898071289062e+01 -1.266451925039291382e-02 9.992477893829345703e-01 -3.665630519390106201e-02 -1.836134076118469238e+00 3.468590378761291504e-01 3.877316787838935852e-02 9.371153116226196289e-01 3.968805313110351562e+01
9.368838667869567871e-01 -6.982851773500442505e-04 -3.496391177177429199e-01 -1.059535980224609375e+01 -1.309199444949626923e-02 9.992268085479736328e-01 -3.707644715905189514e-02 -1.899949550628662109e+00 3.493945300579071045e-01 3.931381553411483765e-02 9.361503720283508301e-01 4.082809448242187500e+01
9.352928400039672852e-01 -1.458345359424129128e-04 -3.538736701011657715e-01 -1.102433395385742188e+01 -1.384040340781211853e-02 9.992198348045349121e-01 -3.699202835559844971e-02 -1.968721628189086914e+00 3.536028563976287842e-01 3.949615359306335449e-02 9.345611929893493652e-01 4.195783615112304688e+01
9.353531599044799805e-01 -2.781234506983309984e-04 -3.537140488624572754e-01 -1.135370540618896484e+01 -1.348684635013341904e-02 9.992445707321166992e-01 -3.644986823201179504e-02 -2.023028850555419922e+00 3.534568846225738525e-01 3.886400535702705383e-02 9.346429109573364258e-01 4.284350204467773438e+01
9.334071874618530273e-01 -8.425381383858621120e-05 -3.588178455829620361e-01 -1.174477958679199219e+01 -1.415290310978889465e-02 9.992132186889648438e-01 -3.705100342631340027e-02 -2.083796024322509766e+00 3.585385680198669434e-01 3.966200351715087891e-02 9.326717853546142578e-01 4.386774444580078125e+01
9.321721792221069336e-01 -3.663395764306187630e-04 -3.620141148567199707e-01 -1.213755512237548828e+01 -1.464325562119483948e-02 9.991430044174194336e-01 -3.871675580739974976e-02 -2.145384073257446289e+00 3.617179393768310547e-01 4.139176756143569946e-02 9.313680529594421387e-01 4.488464736938476562e+01
9.315736889839172363e-01 -2.411487977951765060e-03 -3.635438382625579834e-01 -1.249288272857666016e+01 -1.338731497526168823e-02 9.990723133087158203e-01 -4.093170911073684692e-02 -2.199757337570190430e+00 3.633051812648773193e-01 4.299779236316680908e-02 9.306771755218505859e-01 4.579326248168945312e+01
9.321212768554687500e-01 -2.301866188645362854e-03 -3.621382117271423340e-01 -1.285461711883544922e+01 -1.362180802971124649e-02 9.990493059158325195e-01 -4.141182452440261841e-02 -2.259573698043823242e+00 3.618891537189483643e-01 4.353383556008338928e-02 9.312037825584411621e-01 4.672257232666015625e+01
9.337062835693359375e-01 -2.551074139773845673e-03 -3.580300509929656982e-01 -1.313177204132080078e+01 -1.333999913185834885e-02 9.990323781967163086e-01 -4.190764576196670532e-02 -2.309466361999511719e+00 3.577904105186462402e-01 4.390557110309600830e-02 9.327688813209533691e-01 4.743851089477539062e+01
9.351783990859985352e-01 -3.083565272390842438e-03 -3.541628718376159668e-01 -1.343930721282958984e+01 -1.262541674077510834e-02 9.990362524986267090e-01 -4.203591123223304749e-02 -2.366380453109741211e+00 3.539510965347290039e-01 4.378255084156990051e-02 9.342383146286010742e-01 4.825321578979492188e+01
9.348009228706359863e-01 -3.791254479438066483e-03 -3.551510572433471680e-01 -1.384474658966064453e+01 -1.205609459429979324e-02 9.990280270576477051e-01 -4.239764064550399780e-02 -2.437838554382324219e+00 3.549665212631225586e-01 4.391511157155036926e-02 9.338467121124267578e-01 4.931036376953125000e+01
9.352442026138305664e-01 -4.878473468124866486e-03 -3.539687991142272949e-01 -1.417682361602783203e+01 -1.169081032276153564e-02 9.989339709281921387e-01 -4.465643316507339478e-02 -2.495896816253662109e+00 3.538092374801635742e-01 4.590287804603576660e-02 9.341902136802673340e-01 5.017547988891601562e+01
9.358694553375244141e-01 -4.599449224770069122e-03 -3.523161411285400391e-01 -1.461099052429199219e+01 -1.208949554711580276e-02 9.989068508148193359e-01 -4.515421390533447266e-02 -2.574943065643310547e+00 3.521386384963989258e-01 4.651780053973197937e-02 9.347908496856689453e-01 5.131552505493164062e+01
9.363824725151062012e-01 -5.587026942521333694e-03 -3.509360551834106445e-01 -1.495172595977783203e+01 -1.147399097681045532e-02 9.988515377044677734e-01 -4.651731625199317932e-02 -2.638018369674682617e+00 3.507928252220153809e-01 4.758466407656669617e-02 9.352430105209350586e-01 5.221712112426757812e+01
9.366852045059204102e-01 -6.217556074261665344e-03 -3.501167297363281250e-01 -1.524679565429687500e+01 -1.034675911068916321e-02 9.989143610000610352e-01 -4.542030394077301025e-02 -2.690474271774291992e+00 3.500189483165740967e-01 4.616713151335716248e-02 9.356039166450500488e-01 5.300373840332031250e+01
9.365860819816589355e-01 -5.501852370798587799e-03 -3.503938615322113037e-01 -1.552499771118164062e+01 -1.140328869223594666e-02 9.988687634468078613e-01 -4.616443812847137451e-02 -2.742408275604248047e+00 3.502513766288757324e-01 4.723264276981353760e-02 9.354637265205383301e-01 5.374344635009765625e+01
9.361053109169006348e-01 -4.934609867632389069e-03 -3.516846597194671631e-01 -1.583826255798339844e+01 -1.152651477605104446e-02 9.989340305328369141e-01 -4.469722881913185120e-02 -2.798590898513793945e+00 3.515302538871765137e-01 4.589504003524780273e-02 9.350505471229553223e-01 5.457235336303710938e+01
9.340246915817260742e-01 -5.188588518649339676e-03 -3.571702241897583008e-01 -1.625503730773925781e+01 -1.129713188856840134e-02 9.989651441574096680e-01 -4.405453801155090332e-02 -2.871600151062011719e+00 3.570291399955749512e-01 4.518304765224456787e-02 9.329995512962341309e-01 5.566877365112304688e+01
9.323631525039672852e-01 -5.059976130723953247e-03 -3.614873588085174561e-01 -1.669504737854003906e+01 -1.179504953324794769e-02 9.989439249038696289e-01 -4.440500959753990173e-02 -2.946632862091064453e+00 3.613302409648895264e-01 4.566537961363792419e-02 9.313187599182128906e-01 5.680294799804687500e+01
9.330633282661437988e-01 -3.956246655434370041e-03 -3.596899807453155518e-01 -1.708249664306640625e+01 -1.299294177442789078e-02 9.989163279533386230e-01 -4.469166323542594910e-02 -3.015135765075683594e+00 3.594769239425659180e-01 4.637360945343971252e-02 9.320006966590881348e-01 5.780722808837890625e+01
9.320375919342041016e-01 -3.470530500635504723e-03 -3.623445630073547363e-01 -1.731633377075195312e+01 -1.318285893648862839e-02 9.989674091339111328e-01 -4.347744211554527283e-02 -3.057530641555786133e+00 3.621212244033813477e-01 4.529937356710433960e-02 9.310293793678283691e-01 5.841039276123046875e+01
9.317542910575866699e-01 -3.627237863838672638e-03 -3.630709350109100342e-01 -1.766767883300781250e+01 -1.304439082741737366e-02 9.989701509475708008e-01 -4.345601797103881836e-02 -3.114563465118408203e+00 3.628545701503753662e-01 4.522639513015747070e-02 9.307473301887512207e-01 5.931985473632812500e+01
9.300932288169860840e-01 -5.119141191244125366e-03 -3.672875165939331055e-01 -1.809658241271972656e+01 -1.164794620126485825e-02 9.989889860153198242e-01 -4.341990500688552856e-02 -3.186006069183349609e+00 3.671383857727050781e-01 4.466272518038749695e-02 9.290931820869445801e-01 6.040645217895507812e+01
9.281924962997436523e-01 -4.848137032240629196e-03 -3.720684647560119629e-01 -1.854071235656738281e+01 -1.228051446378231049e-02 9.989712834358215332e-01 -4.365265741944313049e-02 -3.257899522781372070e+00 3.718972802162170410e-01 4.508728161454200745e-02 9.271780252456665039e-01 6.151541900634765625e+01
9.283915162086486816e-01 -4.490832798182964325e-03 -3.715761303901672363e-01 -1.900621223449707031e+01 -1.272202655673027039e-02 9.989566802978515625e-01 -4.385942220687866211e-02 -3.336879253387451172e+00 3.713853657245635986e-01 4.544593766331672668e-02 9.273656606674194336e-01 6.267612075805664062e+01
9.268401861190795898e-01 -4.908839240670204163e-03 -3.754237592220306396e-01 -1.945543289184570312e+01 -1.297796051949262619e-02 9.988980889320373535e-01 -4.510068520903587341e-02 -3.409870386123657227e+00 3.752314150333404541e-01 4.667338728904724121e-02 9.257550835609436035e-01 6.378445816040039062e+01
9.242960810661315918e-01 -4.874693695455789566e-03 -3.816449344158172607e-01 -1.974778366088867188e+01 -1.335496455430984497e-02 9.988930225372314453e-01 -4.510260745882987976e-02 -3.454802989959716797e+00 3.814423084259033203e-01 4.678504168987274170e-02 9.232077002525329590e-01 6.449135589599609375e+01
9.218185544013977051e-01 -3.919784910976886749e-03 -3.876015245914459229e-01 -2.014930725097656250e+01 -1.491857878863811493e-02 9.988491535186767578e-01 -4.558144509792327881e-02 -3.521933555603027344e+00 3.873341381549835205e-01 4.780031368136405945e-02 9.206991791725158691e-01 6.544470977783203125e+01
9.207845926284790039e-01 -4.530420992523431778e-03 -3.900448679924011230e-01 -2.061995697021484375e+01 -1.415839698165655136e-02 9.988853931427001953e-01 -4.502597078680992126e-02 -3.596540451049804688e+00 3.898141086101531982e-01 4.698165133595466614e-02 9.196941256523132324e-01 6.654971313476562500e+01
9.208553433418273926e-01 -5.435237195342779160e-03 -3.898662328720092773e-01 -2.110033798217773438e+01 -1.339519117027521133e-02 9.988715052604675293e-01 -4.556455463171005249e-02 -3.675799846649169922e+00 3.896739184856414795e-01 4.718071967363357544e-02 9.197432994842529297e-01 6.768422698974609375e+01
9.193105697631835938e-01 -5.214407108724117279e-03 -3.934979140758514404e-01 -2.157617759704589844e+01 -1.351440325379371643e-02 9.989040493965148926e-01 -4.480982199311256409e-02 -3.754058361053466797e+00 3.933003544807434082e-01 4.651205614209175110e-02 9.182325601577758789e-01 6.878524780273437500e+01
9.198204278945922852e-01 -4.896747414022684097e-03 -3.923087716102600098e-01 -2.206131172180175781e+01 -1.380787324160337448e-02 9.988985657691955566e-01 -4.484239220619201660e-02 -3.833635091781616211e+00 3.920962810516357422e-01 4.666392132639884949e-02 9.187396764755249023e-01 6.992013549804687500e+01
9.181445837020874023e-01 -6.295987404882907867e-03 -3.961954116821289062e-01 -2.253703117370605469e+01 -1.317978091537952423e-02 9.988352060317993164e-01 -4.641533270478248596e-02 -3.909113645553588867e+00 3.960261940956115723e-01 4.783777520060539246e-02 9.169920682907104492e-01 7.101576995849609375e+01
9.165323972702026367e-01 -6.474519614130258560e-03 -3.999078869819641113e-01 -2.301104927062988281e+01 -1.370824966579675674e-02 9.987729191780090332e-01 -4.758738726377487183e-02 -3.984817981719970703e+00 3.997253477573394775e-01 4.909743741154670715e-02 9.153189659118652344e-01 7.210446166992187500e+01
9.151652455329895020e-01 -6.329176016151905060e-03 -4.030288755893707275e-01 -2.349761962890625000e+01 -1.401072554290294647e-02 9.987729787826538086e-01 -4.749903455376625061e-02 -4.062534809112548828e+00 4.028350114822387695e-01 4.911621287465095520e-02 9.139536619186401367e-01 7.319970703125000000e+01
9.138923883438110352e-01 -8.137025870382785797e-03 -4.058747291564941406e-01 -2.396408271789550781e+01 -1.228216476738452911e-02 9.987871646881103516e-01 -4.767894372344017029e-02 -4.137959003448486328e+00 4.057704806327819824e-01 4.855845868587493896e-02 9.126840233802795410e-01 7.424811553955078125e+01
9.126322865486145020e-01 -7.918556220829486847e-03 -4.087044596672058105e-01 -2.444634819030761719e+01 -1.312012411653995514e-02 9.987297654151916504e-01 -4.864710941910743713e-02 -4.216571807861328125e+00 4.085706174373626709e-01 4.975919425487518311e-02 9.113692045211791992e-01 7.531802368164062500e+01
9.114998579025268555e-01 -7.950181141495704651e-03 -4.112231433391571045e-01 -2.493933105468750000e+01 -1.273855194449424744e-02 9.987877607345581055e-01 -4.754517599940299988e-02 -4.297804355621337891e+00 4.111027419567108154e-01 4.857582598924636841e-02 9.102936983108520508e-01 7.640747070312500000e+01
9.093520641326904297e-01 -7.084302138537168503e-03 -4.159666597843170166e-01 -2.543147468566894531e+01 -1.333746034651994705e-02 9.988445639610290527e-01 -4.616839066147804260e-02 -4.375034809112548828e+00 4.158132076263427734e-01 4.753127694129943848e-02 9.082069993019104004e-01 7.748735809326171875e+01
9.079353809356689453e-01 -6.860546767711639404e-03 -4.190535247325897217e-01 -2.592752265930175781e+01 -1.404485478997230530e-02 9.988062977790832520e-01 -4.678190872073173523e-02 -4.451741695404052734e+00 4.188743531703948975e-01 4.836051911115646362e-02 9.067553877830505371e-01 7.856744384765625000e+01
9.067631959915161133e-01 -7.809335831552743912e-03 -4.215674400329589844e-01 -2.644204139709472656e+01 -1.352925784885883331e-02 9.987746477127075195e-01 -4.760221764445304871e-02 -4.529655933380126953e+00 4.214227497577667236e-01 4.886745288968086243e-02 9.055466055870056152e-01 7.967881774902343750e+01
9.052909612655639648e-01 -6.564770825207233429e-03 -4.247407317161560059e-01 -2.688987541198730469e+01 -1.461503654718399048e-02 9.988071322441101074e-01 -4.658782482147216797e-02 -4.602712631225585938e+00 4.245400428771972656e-01 4.838316142559051514e-02 9.041153788566589355e-01 8.062801361083984375e+01
9.040578007698059082e-01 -5.588028579950332642e-03 -4.273729920387268066e-01 -2.735001182556152344e+01 -1.650421693921089172e-02 9.987122416496276855e-01 -4.797107726335525513e-02 -4.675788402557373047e+00 4.270908534526824951e-01 5.042210966348648071e-02 9.028016328811645508e-01 8.159484100341796875e+01
9.016141295433044434e-01 -5.064798053354024887e-03 -4.325109422206878662e-01 -2.781858825683593750e+01 -1.678730547428131104e-02 9.987682104110717773e-01 -4.669056087732315063e-02 -4.749361515045166016e+00 4.322148263454437256e-01 4.935758933424949646e-02 9.004188179969787598e-01 8.255705261230468750e+01
8.993656635284423828e-01 -3.588639898225665092e-03 -4.371817708015441895e-01 -2.820351409912109375e+01 -1.866154000163078308e-02 9.987397789955139160e-01 -4.658842831850051880e-02 -4.805615425109863281e+00 4.367981553077697754e-01 5.005854740738868713e-02 8.981655836105346680e-01 8.334780120849609375e+01
8.986588716506958008e-01 -1.572435139678418636e-03 -4.386446177959442139e-01 -2.852084159851074219e+01 -2.090261504054069519e-02 9.987039566040039062e-01 -4.640354216098785400e-02 -4.853679180145263672e+00 4.381492137908935547e-01 5.086980015039443970e-02 8.974616527557373047e-01 8.399973297119140625e+01
8.972785472869873047e-01 -2.467722864821553230e-03 -4.414572119712829590e-01 -2.889882087707519531e+01 -1.987977139651775360e-02 9.987440705299377441e-01 -4.598919674754142761e-02 -4.908996582031250000e+00 4.410163462162017822e-01 5.004121363162994385e-02 8.961029052734375000e-01 8.476107025146484375e+01
8.957577347755432129e-01 -2.719603944569826126e-03 -4.445334374904632568e-01 -2.937321662902832031e+01 -2.035476267337799072e-02 9.986814856529235840e-01 -4.712558910250663757e-02 -4.980489730834960938e+00 4.440755844116210938e-01 5.126151442527770996e-02 8.945217728614807129e-01 8.571083068847656250e+01
8.939914107322692871e-01 -3.306595142930746078e-03 -4.480710625648498535e-01 -2.990211486816406250e+01 -2.000675722956657410e-02 9.986808896064758301e-01 -4.728725180029869080e-02 -5.055788993835449219e+00 4.476364552974700928e-01 5.123888328671455383e-02 8.927464485168457031e-01 8.675796508789062500e+01
8.915645480155944824e-01 -3.402004949748516083e-03 -4.528800845146179199e-01 -3.038345336914062500e+01 -1.994648389518260956e-02 9.987064599990844727e-01 -4.676983505487442017e-02 -5.125070095062255859e+00 4.524535238742828369e-01 5.073172599077224731e-02 8.903437852859497070e-01 8.770114135742187500e+01
8.896628022193908691e-01 -2.421719022095203400e-03 -4.566107988357543945e-01 -3.092644882202148438e+01 -2.058719284832477570e-02 9.987562894821166992e-01 -4.540916159749031067e-02 -5.200565338134765625e+00 4.561529755592346191e-01 4.979921132326126099e-02 8.885068297386169434e-01 8.875740814208984375e+01
8.877299427986145020e-01 -1.675580861046910286e-03 -4.603605866432189941e-01 -3.141481781005859375e+01 -2.204271592199802399e-02 9.986916780471801758e-01 -4.614059627056121826e-02 -5.269839286804199219e+00 4.598357081413269043e-01 5.110802501440048218e-02 8.865319490432739258e-01 8.969534301757812500e+01
8.857180476188659668e-01 -6.952970870770514011e-04 -4.642221331596374512e-01 -3.191695594787597656e+01 -2.328066527843475342e-02 9.986740350723266602e-01 -4.591428488492965698e-02 -5.341231346130371094e+00 4.636385738849639893e-01 5.147455260157585144e-02 8.845278024673461914e-01 9.064382934570312500e+01
8.844304680824279785e-01 -6.517790025100111961e-04 -4.666706621646881104e-01 -3.241923522949218750e+01 -2.348667569458484650e-02 9.986695647239685059e-01 -4.590644687414169312e-02 -5.411205291748046875e+00 4.660797417163848877e-01 5.156164616346359253e-02 8.832388520240783691e-01 9.159295654296875000e+01
8.825432658195495605e-01 -3.365716256666928530e-04 -4.702302813529968262e-01 -3.292937469482421875e+01 -2.356132864952087402e-02 9.987119436264038086e-01 -4.493538662791252136e-02 -5.483283996582031250e+00 4.696397781372070312e-01 5.073671042919158936e-02 8.813989162445068359e-01 9.255000305175781250e+01
8.806208372116088867e-01 -5.697939777746796608e-04 -4.738205075263977051e-01 -3.343243789672851562e+01 -2.355634421110153198e-02 9.987100362777709961e-01 -4.498162120580673218e-02 -5.553390502929687500e+00 4.732349812984466553e-01 5.077327042818069458e-02 8.794717192649841309e-01 9.348110961914062500e+01
8.792515397071838379e-01 2.064795990008860826e-04 -4.763570129871368408e-01 -3.398750305175781250e+01 -2.428639680147171021e-02 9.987188577651977539e-01 -4.439440369606018066e-02 -5.627923488616943359e+00 4.757376015186309814e-01 5.060288310050964355e-02 8.781303167343139648e-01 9.450110626220703125e+01
8.777021169662475586e-01 3.526710788719356060e-04 -4.792057871818542480e-01 -3.454270172119140625e+01 -2.532269991934299469e-02 9.986367225646972656e-01 -4.564541205763816833e-02 -5.702167987823486328e+00 4.785364568233489990e-01 5.219789221882820129e-02 8.765147328376770020e-01 9.551516723632812500e+01
8.754019141197204590e-01 1.474784803576767445e-04 -4.833950400352478027e-01 -3.506509017944335938e+01 -2.514629438519477844e-02 9.986599087715148926e-01 -4.523377865552902222e-02 -5.772634029388427734e+00 4.827406108379364014e-01 5.175336077809333801e-02 8.742327690124511719e-01 9.645368194580078125e+01
8.741300106048583984e-01 -2.594181336462497711e-03 -4.856843054294586182e-01 -3.563491439819335938e+01 -2.359331026673316956e-02 9.985784292221069336e-01 -4.779661074280738831e-02 -5.847016811370849609e+00 4.851179420948028564e-01 5.323938280344009399e-02 8.728264570236206055e-01 9.747573852539062500e+01
8.730838298797607422e-01 -3.876711241900920868e-03 -4.875539243221282959e-01 -3.621712112426757812e+01 -2.316663973033428192e-02 9.985091686248779297e-01 -4.942489415407180786e-02 -5.925438404083251953e+00 4.870187342166900635e-01 5.444708839058876038e-02 8.716927170753479004e-01 9.851972961425781250e+01
8.689967989921569824e-01 -3.993089776486158371e-03 -4.948008060455322266e-01 -3.667212295532226562e+01 -2.360047958791255951e-02 9.984949827194213867e-01 -4.950632899999618530e-02 -5.988183498382568359e+00 4.942539036273956299e-01 5.469840392470359802e-02 8.675950169563293457e-01 9.931634521484375000e+01
8.637421727180480957e-01 -2.164461649954319000e-03 -5.039285421371459961e-01 -3.713464355468750000e+01 -2.503138594329357147e-02 9.985721111297607422e-01 -4.719318076968193054e-02 -6.049769401550292969e+00 5.033112764358520508e-01 5.337680503726005554e-02 8.624550104141235352e-01 1.001023941040039062e+02
8.600838184356689453e-01 -1.970969373360276222e-03 -5.101481080055236816e-01 -3.749805450439453125e+01 -2.486058510839939117e-02 9.986425638198852539e-01 -4.577189311385154724e-02 -6.093300342559814453e+00 5.095459222793579102e-01 5.205027759075164795e-02 8.588677048683166504e-01 1.007098617553710938e+02
8.567481637001037598e-01 -2.571391174569725990e-03 -5.157277584075927734e-01 -3.807518768310546875e+01 -2.452446706593036652e-02 9.986532926559448242e-01 -4.572021216154098511e-02 -6.166667938232421875e+00 5.151509046554565430e-01 5.181869491934776306e-02 8.555316329002380371e-01 1.016643524169921875e+02
8.550685048103332520e-01 -2.958771772682666779e-03 -5.185058116912841797e-01 -3.865114593505859375e+01 -2.420268952846527100e-02 9.986661076545715332e-01 -4.561134427785873413e-02 -6.239101886749267578e+00 5.179492831230163574e-01 5.155009403824806213e-02 8.538566827774047852e-01 1.026089096069335938e+02
8.540202975273132324e-01 -2.285109832882881165e-03 -5.202339291572570801e-01 -3.927626037597656250e+01 -2.465757541358470917e-02 9.986888170242309570e-01 -4.486471787095069885e-02 -6.317834854125976562e+00 5.196545124053955078e-01 5.114312469959259033e-02 8.528445363044738770e-01 1.036310119628906250e+02
8.510660529136657715e-01 -4.937268095090985298e-04 -5.250577926635742188e-01 -3.966789627075195312e+01 -2.566419914364814758e-02 9.987652897834777832e-01 -4.253819957375526428e-02 -6.362919330596923828e+00 5.244306325912475586e-01 4.967803880572319031e-02 8.500028252601623535e-01 1.042678756713867188e+02
8.455514907836914062e-01 -5.861227982677519321e-04 -5.338929891586303711e-01 -4.015537261962890625e+01 -2.623753063380718231e-02 9.987456202507019043e-01 -4.265001043677330017e-02 -6.418480873107910156e+00 5.332484245300292969e-01 5.007084459066390991e-02 8.444757461547851562e-01 1.050346984863281250e+02
8.418348431587219238e-01 -1.157027203589677811e-03 -5.397333502769470215e-01 -4.057585525512695312e+01 -2.622556127607822418e-02 9.987289309501647949e-01 -4.304555058479309082e-02 -6.464847564697265625e+00 5.390972495079040527e-01 5.039208754897117615e-02 8.407347798347473145e-01 1.056893920898437500e+02
8.379446268081665039e-01 4.176362999714910984e-04 -5.457544326782226562e-01 -4.095773696899414062e+01 -2.777449041604995728e-02 9.987365603446960449e-01 -4.188028350472450256e-02 -6.506874561309814453e+00 5.450475811958312988e-01 5.025144666433334351e-02 8.368979096412658691e-01 1.062742233276367188e+02
8.334084153175354004e-01 -5.742600187659263611e-04 -5.526566505432128906e-01 -4.136875534057617188e+01 -2.770602330565452576e-02 9.986986517906188965e-01 -4.281847923994064331e-02 -6.549414157867431641e+00 5.519621968269348145e-01 5.099723488092422485e-02 8.323082923889160156e-01 1.068910446166992188e+02
8.313141465187072754e-01 -1.409774995408952236e-03 -5.558004379272460938e-01 -4.180225372314453125e+01 -2.783404663205146790e-02 9.986364245414733887e-01 -4.416451603174209595e-02 -6.593854904174804688e+00 5.551050305366516113e-01 5.218479782342910767e-02 8.301416635513305664e-01 1.075431518554687500e+02
8.278921842575073242e-01 -3.324944525957107544e-03 -5.608767867088317871e-01 -4.241324615478515625e+01 -2.700293622910976410e-02 9.985865950584411621e-01 -4.577784612774848938e-02 -6.663659095764160156e+00 5.602364540100097656e-01 5.304447561502456665e-02 8.266326189041137695e-01 1.084420013427734375e+02
8.237249255180358887e-01 -4.458420909941196442e-03 -5.669714808464050293e-01 -4.288717269897460938e+01 -2.662381716072559357e-02 9.985618591308593750e-01 -4.653263092041015625e-02 -6.715056896209716797e+00 5.663637518882751465e-01 5.342506617307662964e-02 8.224219679832458496e-01 1.091253433227539062e+02
8.175037503242492676e-01 -5.603014025837182999e-03 -5.758954882621765137e-01 -4.353158187866210938e+01 -2.628087811172008514e-02 9.985480308532714844e-01 -4.702165350317955017e-02 -6.788909912109375000e+00 5.753229260444641113e-01 5.357544869184494019e-02 8.161697983741760254e-01 1.100394515991210938e+02
