9.999958276748657227e-01 1.615774119272828102e-03 -2.394244773313403130e-03 -3.829171881079673767e-03 -1.614105887711048126e-03 9.999984502792358398e-01 6.996464217081665993e-04 -3.533816337585449219e-02 2.395369810983538628e-03 -6.957852747291326523e-04 9.999969005584716797e-01 2.127175807952880859e+00
9.999995827674865723e-01 3.069377853535115719e-04 8.374727331101894379e-04 -9.636530652642250061e-03 -3.073729749303311110e-04 9.999997615814208984e-01 5.141952424310147762e-04 -6.685601174831390381e-02 -8.373174350708723068e-04 -5.144721944816410542e-04 9.999995231628417969e-01 4.114256858825683594e+00
9.999963045120239258e-01 9.048301726579666138e-04 2.568028867244720459e-03 -8.804896846413612366e-03 -9.112387197092175484e-04 9.999964237213134766e-01 2.499187598004937172e-03 -1.020053923130035400e-01 -2.565765986219048500e-03 -2.501534298062324524e-03 9.999936223030090332e-01 6.293730735778808594e+00
9.999921321868896484e-01 2.170356456190347672e-04 3.962866961956024170e-03 -2.691037487238645554e-03 -2.342703519389033318e-04 9.999904036521911621e-01 4.352503921836614609e-03 -1.312200427055358887e-01 -3.961890470236539841e-03 -4.353415686637163162e-03 9.999827146530151367e-01 8.390836715698242188e+00
9.999948740005493164e-01 1.307311234995722771e-03 2.921984996646642685e-03 -3.356428351253271103e-03 -1.321665360592305660e-03 9.999869465827941895e-01 4.921954125165939331e-03 -1.561972200870513916e-01 -2.915514167398214340e-03 -4.925800487399101257e-03 9.999836683273315430e-01 1.034349727630615234e+01
9.999943971633911133e-01 9.216480539180338383e-04 3.207812551409006119e-03 -3.014429006725549698e-03 -9.405278833582997322e-04 9.999821186065673828e-01 5.893132649362087250e-03 -1.817992925643920898e-01 -3.202331718057394028e-03 -5.896124988794326782e-03 9.999775290489196777e-01 1.228943920135498047e+01
9.999905824661254883e-01 1.263762125745415688e-03 4.154363181442022324e-03 1.105226576328277588e-03 -1.284012687392532825e-03 9.999871850013732910e-01 4.876297898590564728e-03 -2.026721537113189697e-01 -4.148152191191911697e-03 -4.881590604782104492e-03 9.999795556068420410e-01 1.418133449554443359e+01
9.999753236770629883e-01 1.506118918769061565e-03 6.864693015813827515e-03 9.629179723560810089e-03 -1.536500174552202225e-03 9.999889731407165527e-01 4.423464182764291763e-03 -2.268211245536804199e-01 -6.857960484921932220e-03 -4.433908034116029739e-03 9.999666810035705566e-01 1.620110893249511719e+01
9.999635815620422363e-01 2.423918806016445160e-03 8.186656981706619263e-03 1.859124749898910522e-02 -2.469329163432121277e-03 9.999815225601196289e-01 5.544509738683700562e-03 -2.462623864412307739e-01 -8.173085749149322510e-03 -5.564512684941291809e-03 9.999511837959289551e-01 1.820726394653320312e+01
9.999639391899108887e-01 1.662538037635385990e-03 8.368356153368949890e-03 3.579318150877952576e-02 -1.713165780529379845e-03 9.999805092811584473e-01 6.060817278921604156e-03 -2.732550501823425293e-01 -8.357743732631206512e-03 -6.075061392039060593e-03 9.999468326568603516e-01 2.039018249511718750e+01
9.999523162841796875e-01 2.933827694505453110e-03 9.347265586256980896e-03 5.025758594274520874e-02 -3.007732331752777100e-03 9.999644756317138672e-01 7.914581336081027985e-03 -2.977462112903594971e-01 -9.323332458734512329e-03 -7.942448370158672333e-03 9.999251961708068848e-01 2.239923286437988281e+01
9.999242424964904785e-01 2.485778415575623512e-03 1.207898464053869247e-02 6.865470111370086670e-02 -2.600894775241613388e-03 9.999514818191528320e-01 9.534442797303199768e-03 -3.110690414905548096e-01 -1.205431390553712845e-02 -9.565270505845546722e-03 9.998818039894104004e-01 2.419694137573242188e+01
9.999082684516906738e-01 1.286996062844991684e-03 1.350545231252908707e-02 8.523410558700561523e-02 -1.423114095814526081e-03 9.999484419822692871e-01 1.008251123130321503e-02 -3.242123723030090332e-01 -1.349140517413616180e-02 -1.010091509670019150e-02 9.998581409454345703e-01 2.597511672973632812e+01
9.998741149902343750e-01 1.081886352039873600e-03 1.584709808230400085e-02 1.081110984086990356e-01 -1.251372625119984150e-03 9.999423027038574219e-01 1.069549005478620529e-02 -3.318423032760620117e-01 -1.583423838019371033e-02 -1.071407832205295563e-02 9.998173713684082031e-01 2.780362701416015625e+01
9.998478293418884277e-01 2.052512718364596367e-03 1.733862794935703278e-02 1.427050977945327759e-01 -2.224374795332551003e-03 9.999487400054931641e-01 9.905272163450717926e-03 -3.464172482490539551e-01 -1.731704175472259521e-02 -9.942453354597091675e-03 9.998007416725158691e-01 2.997102355957031250e+01
9.998192787170410156e-01 2.731069922447204590e-03 1.882618851959705353e-02 1.764659285545349121e-01 -2.925158478319644928e-03 9.999429583549499512e-01 1.029555499553680420e-02 -3.627821207046508789e-01 -1.879662834107875824e-02 -1.034889277070760727e-02 9.997698664665222168e-01 3.196484184265136719e+01
9.997916221618652344e-01 2.626506378874182701e-03 2.025533840060234070e-02 2.115512341260910034e-01 -2.807797165587544441e-03 9.999563694000244141e-01 8.932806551456451416e-03 -3.732810020446777344e-01 -2.023062482476234436e-02 -8.987946435809135437e-03 9.997550249099731445e-01 3.376195144653320312e+01
9.997940063476562500e-01 4.447109531611204147e-03 1.981707289814949036e-02 2.520838379859924316e-01 -4.635887220501899719e-03 9.999444484710693359e-01 9.496003389358520508e-03 -3.944508433341979980e-01 -1.977338828146457672e-02 -9.586054831743240356e-03 9.997586607933044434e-01 3.597959136962890625e+01
9.997314810752868652e-01 4.443245939910411835e-03 2.275613322854042053e-02 2.962288856506347656e-01 -4.692265298217535019e-03 9.999297857284545898e-01 1.090681180357933044e-02 -4.128377139568328857e-01 -2.270571701228618622e-02 -1.101079769432544708e-02 9.996817111968994141e-01 3.817635345458984375e+01
9.997519850730895996e-01 3.646163037046790123e-03 2.198255062103271484e-02 3.375324308872222900e-01 -3.963524941354990005e-03 9.998884201049804688e-01 1.441673561930656433e-02 -4.240096211433410645e-01 -2.192718163132667542e-02 -1.450042612850666046e-02 9.996545314788818359e-01 4.018980026245117188e+01
9.997620582580566406e-01 3.992178011685609818e-03 2.146575227379798889e-02 3.804246187210083008e-01 -4.311830736696720123e-03 9.998806118965148926e-01 1.486081816256046295e-02 -4.267726242542266846e-01 -2.140366286039352417e-02 -1.495015248656272888e-02 9.996594786643981934e-01 4.226017761230468750e+01
9.997398257255554199e-01 5.354223772883415222e-03 2.218939550220966339e-02 4.176211059093475342e-01 -5.674556363373994827e-03 9.998806118965148926e-01 1.439410261809825897e-02 -4.222334325313568115e-01 -2.210948988795280457e-02 -1.451660692691802979e-02 9.996505379676818848e-01 4.423471832275390625e+01
9.997241497039794922e-01 4.206446465104818344e-03 2.312216721475124359e-02 4.564553201198577881e-01 -4.543597344309091568e-03 9.998841881752014160e-01 1.454372517764568329e-02 -4.288767874240875244e-01 -2.305813319981098175e-02 -1.464507635682821274e-02 9.996271729469299316e-01 4.614803695678710938e+01
9.996894598007202148e-01 2.898401580750942230e-03 2.476615831255912781e-02 4.953223466873168945e-01 -3.256679978221654892e-03 9.998908042907714844e-01 1.443421188741922379e-02 -4.331107735633850098e-01 -2.472144179046154022e-02 -1.451070420444011688e-02 9.995893836021423340e-01 4.789385986328125000e+01
9.996625185012817383e-01 3.472013399004936218e-03 2.575963549315929413e-02 5.338425040245056152e-01 -3.833057824522256851e-03 9.998952150344848633e-01 1.397615112364292145e-02 -4.325082600116729736e-01 -2.570823952555656433e-02 -1.407050341367721558e-02 9.995707869529724121e-01 4.965621566772460938e+01
9.996149539947509766e-01 3.524244762957096100e-03 2.753868512809276581e-02 5.805059075355529785e-01 -3.925343509763479233e-03 9.998871088027954102e-01 1.452122535556554794e-02 -4.344084858894348145e-01 -2.748422883450984955e-02 -1.462406199425458908e-02 9.995155930519104004e-01 5.147607040405273438e+01
9.996084570884704590e-01 2.971644280478358269e-03 2.784336172044277191e-02 6.238470673561096191e-01 -3.381383139640092850e-03 9.998869299888610840e-01 1.467874832451343536e-02 -4.377953708171844482e-01 -2.779633738100528717e-02 -1.476764678955078125e-02 9.995049238204956055e-01 5.320380020141601562e+01
9.995567798614501953e-01 2.977890893816947937e-03 2.964045666158199310e-02 6.737793684005737305e-01 -3.404281567782163620e-03 9.998916983604431152e-01 1.434381771832704544e-02 -4.389434754848480225e-01 -2.959427610039710999e-02 -1.443886011838912964e-02 9.994581341743469238e-01 5.504191207885742188e+01
9.995498657226562500e-01 2.202620962634682655e-03 2.993909455835819244e-02 7.256634831428527832e-01 -2.653817879036068916e-03 9.998837709426879883e-01 1.503727491945028305e-02 -4.413564205169677734e-01 -2.990226075053215027e-02 -1.511044520884752274e-02 9.994390010833740234e-01 5.690168762207031250e+01
9.994341731071472168e-01 1.694231992587447166e-03 3.360900655388832092e-02 7.847219705581665039e-01 -2.215216634795069695e-03 9.998782277107238770e-01 1.546843256801366806e-02 -4.456071853637695312e-01 -3.357847407460212708e-02 -1.553461421281099319e-02 9.993157386779785156e-01 5.877015304565429688e+01
9.994364380836486816e-01 1.219483092427253723e-03 3.356643766164779663e-02 8.469039201736450195e-01 -1.730619813315570354e-03 9.998834133148193359e-01 1.520133018493652344e-02 -4.451209604740142822e-01 -3.354388102889060974e-02 -1.525131706148386002e-02 9.993212819099426270e-01 6.067409896850585938e+01
9.994367361068725586e-01 3.105648502241820097e-04 3.359156101942062378e-02 9.012278318405151367e-01 -8.155278628692030907e-04 9.998878240585327148e-01 1.501808874309062958e-02 -4.429759681224822998e-01 -3.358319029211997986e-02 -1.503750961273908615e-02 9.993232488632202148e-01 6.238151168823242188e+01
9.994770884513854980e-01 7.742702728137373924e-04 3.236261755228042603e-02 9.467363357543945312e-01 -1.250910805538296700e-03 9.998919367790222168e-01 1.470889337360858917e-02 -4.451876878738403320e-01 -3.234779089689254761e-02 -1.474217697978019714e-02 9.993684291839599609e-01 6.384534454345703125e+01
9.995304346084594727e-01 1.528383931145071983e-03 3.064173460006713867e-02 9.932421445846557617e-01 -1.980961300432682037e-03 9.998902082443237305e-01 1.474342308938503265e-02 -4.467471241950988770e-01 -3.061589598655700684e-02 -1.479767914861440659e-02 9.994221329689025879e-01 6.546820068359375000e+01
9.995258450508117676e-01 1.887407386675477028e-03 3.077507577836513519e-02 1.033406138420104980e+00 -2.351331058889627457e-03 9.998850226402282715e-01 1.504512596875429153e-02 -4.508239626884460449e-01 -3.074330836534500122e-02 -1.511078421026468277e-02 9.994136095046997070e-01 6.692938995361328125e+01
9.995343089103698730e-01 3.054758068174123764e-03 3.040623664855957031e-02 1.082575917243957520e+00 -3.494054079055786133e-03 9.998911023139953613e-01 1.440446265041828156e-02 -4.550868272781372070e-01 -3.035910800099372864e-02 -1.450441591441631317e-02 9.994342923164367676e-01 6.855519104003906250e+01
9.995630383491516113e-01 2.935687545686960220e-03 2.945805713534355164e-02 1.125376582145690918e+00 -3.351285355165600777e-03 9.998964071273803711e-01 1.406776905059814453e-02 -4.606303870677947998e-01 -2.941389195621013641e-02 -1.416077092289924622e-02 9.994674324989318848e-01 7.004524993896484375e+01
9.995450973510742188e-01 2.352884039282798767e-03 3.011301159858703613e-02 1.168883562088012695e+00 -2.761050593107938766e-03 9.999058246612548828e-01 1.351898256689310074e-02 -4.665922820568084717e-01 -3.007855452597141266e-02 -1.359640993177890778e-02 9.994555115699768066e-01 7.151085662841796875e+01
9.995443820953369141e-01 1.925290562212467194e-03 3.016886115074157715e-02 1.210298418998718262e+00 -2.349161310121417046e-03 9.999001622200012207e-01 1.402068510651588440e-02 -4.729061424732208252e-01 -3.013882972300052643e-02 -1.408562529832124710e-02 9.994470477104187012e-01 7.296826934814453125e+01
9.995284080505371094e-01 2.744460012763738632e-03 3.063155710697174072e-02 1.255323648452758789e+00 -3.163649467751383781e-03 9.999031424522399902e-01 1.364441495388746262e-02 -4.802983999252319336e-01 -3.059109859168529510e-02 -1.373532507568597794e-02 9.994381666183471680e-01 7.444628906250000000e+01
9.995417594909667969e-01 3.953020554035902023e-03 3.005797043442726135e-02 1.299924254417419434e+00 -4.349909257143735886e-03 9.999053478240966797e-01 1.314968988299369812e-02 -4.857515394687652588e-01 -3.000310622155666351e-02 -1.327484473586082458e-02 9.994621872901916504e-01 7.594208526611328125e+01
9.995422959327697754e-01 3.864079480990767479e-03 3.005263768136501312e-02 1.341026425361633301e+00 -4.294053185731172562e-03 9.998904466629028320e-01 1.425547804683446884e-02 -4.936042428016662598e-01 -2.999422140419483185e-02 -1.437842939049005508e-02 9.994472265243530273e-01 7.741537475585937500e+01
9.995135664939880371e-01 4.658280406147241592e-03 3.088459186255931854e-02 1.384917616844177246e+00 -5.092428065836429596e-03 9.998903870582580566e-01 1.399308443069458008e-02 -4.998135566711425781e-01 -3.081599064171314240e-02 -1.414400618523359299e-02 9.994255304336547852e-01 7.890998077392578125e+01
9.995238184928894043e-01 4.258096683770418167e-03 3.061360865831375122e-02 1.427536487579345703e+00 -4.691748414188623428e-03 9.998908638954162598e-01 1.410630811005830765e-02 -5.036181807518005371e-01 -3.055012412369251251e-02 -1.424356270581483841e-02 9.994323253631591797e-01 8.038325500488281250e+01
9.995476603507995605e-01 4.903034772723913193e-03 2.972420305013656616e-02 1.468521237373352051e+00 -5.305073689669370651e-03 9.998967051506042480e-01 1.346129830926656723e-02 -5.064868927001953125e-01 -2.965504117310047150e-02 -1.361325941979885101e-02 9.994680881500244141e-01 8.185928344726562500e+01
9.995564222335815430e-01 4.719045944511890411e-03 2.945944108068943024e-02 1.510324239730834961e+00 -5.107273813337087631e-03 9.999023079872131348e-01 1.311957743018865585e-02 -5.107450485229492188e-01 -2.939462848007678986e-02 -1.326452847570180893e-02 9.994805455207824707e-01 8.334571838378906250e+01
9.992712736129760742e-01 5.272862501442432404e-03 3.784444183111190796e-02 1.566739320755004883e+00 -5.752122495323419571e-03 9.999058842658996582e-01 1.256829127669334412e-02 -5.153548121452331543e-01 -3.777456656098365784e-02 -1.277713663876056671e-02 9.992051720619201660e-01 8.485618591308593750e+01
9.989416599273681641e-01 6.127622444182634354e-03 4.561991617083549500e-02 1.632784724235534668e+00 -6.689746864140033722e-03 9.999048709869384766e-01 1.218109764158725739e-02 -5.216283798217773438e-01 -4.554087296128273010e-02 -1.247370522469282150e-02 9.988851547241210938e-01 8.634194946289062500e+01
9.985128641128540039e-01 6.300847511738538742e-03 5.418180674314498901e-02 1.718735098838806152e+00 -6.983102299273014069e-03 9.998999834060668945e-01 1.241328194737434387e-02 -5.284133553504943848e-01 -5.409809201955795288e-02 -1.277348957955837250e-02 9.984545111656188965e-01 8.795833587646484375e+01
9.981597065925598145e-01 6.083079613745212555e-03 6.036132946610450745e-02 1.804581642150878906e+00 -6.837187800556421280e-03 9.999024271965026855e-01 1.229582354426383972e-02 -5.356920957565307617e-01 -6.028054654598236084e-02 -1.268620882183313370e-02 9.981014132499694824e-01 8.939370727539062500e+01
9.976709485054016113e-01 5.625378340482711792e-03 6.800263375043869019e-02 1.912321329116821289e+00 -6.439192220568656921e-03 9.999115467071533203e-01 1.175519358366727829e-02 -5.453911423683166504e-01 -6.793037801980972290e-02 -1.216601300984621048e-02 9.976164698600769043e-01 9.099765014648437500e+01
9.970552921295166016e-01 6.831062026321887970e-03 7.640260457992553711e-02 2.032978534698486328e+00 -7.772100623697042465e-03 9.998988509178161621e-01 1.202721800655126572e-02 -5.541170239448547363e-01 -7.631258666515350342e-02 -1.258593238890171051e-02 9.970050454139709473e-01 9.255949401855468750e+01
9.964078664779663086e-01 7.043987046927213669e-03 8.440995216369628906e-02 2.169790983200073242e+00 -8.101787418127059937e-03 9.998942017555236816e-01 1.219656225293874741e-02 -5.634268522262573242e-01 -8.431495726108551025e-02 -1.283694244921207428e-02 9.963570237159729004e-01 9.419348144531250000e+01
9.947780966758728027e-01 6.712378002703189850e-03 1.018560901284217834e-01 2.300823688507080078e+00 -7.943148724734783173e-03 9.999015927314758301e-01 1.168336533010005951e-02 -5.706939101219177246e-01 -1.017674505710601807e-01 -1.243173610419034958e-02 9.947310686111450195e-01 9.545898437500000000e+01
9.924963116645812988e-01 7.153794635087251663e-03 1.220780089497566223e-01 2.471053123474121094e+00 -8.467304520308971405e-03 9.999130368232727051e-01 1.024481561034917831e-02 -5.808982849121093750e-01 -1.219938620924949646e-01 -1.120193954557180405e-02 9.924681186676025391e-01 9.684386444091796875e+01
9.918032884597778320e-01 8.511231280863285065e-03 1.275024265050888062e-01 2.635363101959228516e+00 -9.964918717741966248e-03 9.998937845230102539e-01 1.076824497431516647e-02 -5.930331945419311523e-01 -1.273969709873199463e-01 -1.195086911320686340e-02 9.917802214622497559e-01 9.811099243164062500e+01
9.891882538795471191e-01 8.316291496157646179e-03 1.464258879423141479e-01 2.850182056427001953e+00 -1.015387475490570068e-02 9.998801350593566895e-01 1.180710271000862122e-02 -6.025835871696472168e-01 -1.463098376989364624e-01 -1.316657103598117828e-02 9.891515970230102539e-01 9.954910278320312500e+01
9.861009716987609863e-01 8.358132094144821167e-03 1.659459024667739868e-01 3.089337587356567383e+00 -1.018388755619525909e-02 9.998979568481445312e-01 1.015469245612621307e-02 -6.118628978729248047e-01 -1.658437401056289673e-01 -1.170386560261249542e-02 9.860829710960388184e-01 1.009983139038085938e+02
9.823115468025207520e-01 7.737393956631422043e-03 1.871018409729003906e-01 3.339437246322631836e+00 -9.533832781016826630e-03 9.999180436134338379e-01 8.703852072358131409e-03 -6.239748597145080566e-01 -1.870187520980834961e-01 -1.033403445035219193e-02 9.823023080825805664e-01 1.022859191894531250e+02
9.786276817321777344e-01 7.474174723029136658e-03 2.055113911628723145e-01 3.577525377273559570e+00 -9.228478185832500458e-03 9.999300241470336914e-01 7.579455152153968811e-03 -6.370080709457397461e-01 -2.054399251937866211e-01 -9.314366616308689117e-03 9.786257743835449219e-01 1.033933639526367188e+02
9.744753241539001465e-01 7.661490701138973236e-03 2.243704050779342651e-01 3.826045513153076172e+00 -9.331262670457363129e-03 9.999373555183410645e-01 6.382959894835948944e-03 -6.511380672454833984e-01 -2.243069857358932495e-01 -8.314043283462524414e-03 9.744834303855895996e-01 1.044518661499023438e+02
9.702472686767578125e-01 6.528231315314769745e-03 2.420340329408645630e-01 4.071897506713867188e+00 -8.189947344362735748e-03 9.999505281448364258e-01 5.860483273863792419e-03 -6.630724668502807617e-01 -2.419833093881607056e-01 -7.668714970350265503e-03 9.702504873275756836e-01 1.054044647216796875e+02
9.650626182556152344e-01 5.538963247090578079e-03 2.619660198688507080e-01 4.338003635406494141e+00 -7.468188647180795670e-03 9.999530315399169922e-01 6.369668990373611450e-03 -6.803489327430725098e-01 -2.619179189205169678e-01 -8.103889413177967072e-03 9.650564789772033691e-01 1.063371200561523438e+02
9.581073522567749023e-01 4.862860776484012604e-03 2.863728702068328857e-01 4.518849849700927734e+00 -6.185329984873533249e-03 9.999751448631286621e-01 3.713832935318350792e-03 -6.963378190994262695e-01 -2.863471210002899170e-01 -5.329914391040802002e-03 9.581114649772644043e-01 1.068628540039062500e+02
9.511836171150207520e-01 6.790030281990766525e-03 3.085553050041198730e-01 4.790352821350097656e+00 -8.256200700998306274e-03 9.999611377716064453e-01 3.446604125201702118e-03 -7.174934744834899902e-01 -3.085192739963531494e-01 -5.826195236295461655e-03 9.512006044387817383e-01 1.076650466918945312e+02
9.377999901771545410e-01 1.093601621687412262e-02 3.470076024532318115e-01 5.079918384552001953e+00 -1.124424114823341370e-02 9.999372959136962891e-01 -1.125080278143286705e-03 -7.396080493927001953e-01 -3.469974398612976074e-01 -2.847088966518640518e-03 9.378621578216552734e-01 1.083846511840820312e+02
9.239881038665771484e-01 1.062391325831413269e-02 3.822769820690155029e-01 5.417737007141113281e+00 -9.688782505691051483e-03 9.999446868896484375e-01 -4.370994865894317627e-03 -7.655824422836303711e-01 -3.823014795780181885e-01 3.345902077853679657e-04 9.240379929542541504e-01 1.091320343017578125e+02
9.142936468124389648e-01 1.298526488244533539e-02 4.048468470573425293e-01 5.750117301940917969e+00 -1.063033938407897949e-02 9.999120831489562988e-01 -8.064290508627891541e-03 -7.853277325630187988e-01 -4.049151539802551270e-01 3.069111378863453865e-03 9.143494963645935059e-01 1.098507690429687500e+02
9.020037055015563965e-01 1.518906559795141220e-02 4.314637482166290283e-01 6.045264720916748047e+00 -1.215225178748369217e-02 9.998792409896850586e-01 -9.794067591428756714e-03 -8.123522400856018066e-01 -4.315595328807830811e-01 3.590665757656097412e-03 9.020776152610778809e-01 1.104189758300781250e+02
8.857871294021606445e-01 1.629331707954406738e-02 4.638081490993499756e-01 6.329224586486816406e+00 -1.143626682460308075e-02 9.998473525047302246e-01 -1.328278239816427231e-02 -8.448375463485717773e-01 -4.639528393745422363e-01 6.461114622652530670e-03 8.858366012573242188e-01 1.108933486938476562e+02
8.725948333740234375e-01 1.741320826113224030e-02 4.881364703178405762e-01 6.616341590881347656e+00 -1.270970515906810760e-02 9.998363256454467773e-01 -1.294692978262901306e-02 -8.692955970764160156e-01 -4.882811009883880615e-01 5.092985928058624268e-03 8.726717233657836914e-01 1.113588867187500000e+02
8.663845658302307129e-01 1.648537069559097290e-02 4.991074204444885254e-01 6.973174571990966797e+00 -1.125965267419815063e-02 9.998466372489929199e-01 -1.347924210131168365e-02 -9.053050875663757324e-01 -4.992521703243255615e-01 6.058058701455593109e-03 8.664357066154479980e-01 1.119592742919921875e+02
8.536612391471862793e-01 1.670959964394569397e-02 5.205626487731933594e-01 7.246444702148437500e+00 -1.067735161632299423e-02 9.998374581336975098e-01 -1.458418555557727814e-02 -9.272330403327941895e-01 -5.207208395004272461e-01 6.891349330544471741e-03 8.536993265151977539e-01 1.123745422363281250e+02
8.381002545356750488e-01 1.736854016780853271e-02 5.452416539192199707e-01 7.406488418579101562e+00 -8.813077583909034729e-03 9.997944831848144531e-01 -1.830136962234973907e-02 -9.568607807159423828e-01 -5.454465746879577637e-01 1.053274609148502350e-02 8.380795717239379883e-01 1.125599822998046875e+02
8.106706142425537109e-01 1.986251398921012878e-02 5.851672887802124023e-01 7.707916736602783203e+00 -7.841585204005241394e-03 9.997038841247558594e-01 -2.306968905031681061e-02 -9.741728305816650391e-01 -5.854512453079223633e-01 1.411289256066083908e-02 8.105848431587219238e-01 1.128940811157226562e+02
7.927224636077880859e-01 1.790954172611236572e-02 6.093211770057678223e-01 8.010742187500000000e+00 -4.158226307481527328e-03 9.997047185897827148e-01 -2.397399954497814178e-02 -9.992589354515075684e-01 -6.095696091651916504e-01 1.647064648568630219e-02 7.925614714622497559e-01 1.132415618896484375e+02
7.643432617187500000e-01 1.571225188672542572e-02 6.446194648742675781e-01 8.433819770812988281e+00 -1.365208765491843224e-03 9.997410178184509277e-01 -2.274927310645580292e-02 -1.021152138710021973e+00 -6.448088884353637695e-01 1.650783233344554901e-02 7.641654610633850098e-01 1.136945266723632812e+02
7.290933132171630859e-01 1.359982509166002274e-02 6.842803955078125000e-01 8.739940643310546875e+00 1.862670527771115303e-03 9.997601509094238281e-01 -2.185442484915256500e-02 -1.039580225944519043e+00 -6.844124197959899902e-01 1.720811985433101654e-02 7.288918495178222656e-01 1.139492034912109375e+02
6.880168914794921875e-01 1.439657248556613922e-02 7.255528569221496582e-01 9.127546310424804688e+00 4.255953710526227951e-03 9.997066259384155273e-01 -2.387206815183162689e-02 -1.055114865303039551e+00 -7.256825566291809082e-01 1.951192133128643036e-02 6.877527236938476562e-01 1.142432861328125000e+02
6.451292037963867188e-01 1.425604894757270813e-02 7.639414072036743164e-01 9.433197975158691406e+00 6.167259532958269119e-03 9.996967911720275879e-01 -2.386352419853210449e-02 -1.065743565559387207e+00 -7.640488147735595703e-01 2.010609954595565796e-02 6.448446512222290039e-01 1.144228363037109375e+02
5.972785353660583496e-01 1.330691296607255936e-02 8.019242286682128906e-01 9.984264373779296875e+00 9.903607890009880066e-03 9.996643066406250000e-01 -2.396434172987937927e-02 -1.091679215431213379e+00 -8.019727468490600586e-01 2.225494943559169769e-02 5.969453454017639160e-01 1.147807846069335938e+02
5.415719747543334961e-01 1.876101270318031311e-02 8.404456973075866699e-01 1.057851123809814453e+01 8.718550205230712891e-03 9.995723366737365723e-01 -2.793117985129356384e-02 -1.114925980567932129e+00 -8.406090140342712402e-01 2.245383150875568390e-02 5.411760210990905762e-01 1.151036300659179688e+02
4.732749164104461670e-01 2.063730917870998383e-02 8.806735873222351074e-01 1.119484329223632812e+01 1.304834242910146713e-02 9.994520545005798340e-01 -3.043282404541969299e-02 -1.147541165351867676e+00 -8.808178305625915527e-01 2.589404210448265076e-02 4.727456867694854736e-01 1.153799362182617188e+02
3.979546129703521729e-01 2.293202467262744904e-02 9.171189069747924805e-01 1.175062274932861328e+01 1.895140297710895538e-02 9.992690682411193848e-01 -3.320942446589469910e-02 -1.167357206344604492e+00 -9.172089099884033203e-01 3.059615008533000946e-02 3.972286880016326904e-01 1.155430679321289062e+02
3.456208407878875732e-01 2.362781390547752380e-02 9.380770921707153320e-01 1.233981513977050781e+01 2.143021486699581146e-02 9.992237687110900879e-01 -3.306351974606513977e-02 -1.199824452400207520e+00 -9.381289482116699219e-01 3.153025358915328979e-02 3.448458611965179443e-01 1.157164077758789062e+02
2.913264930248260498e-01 2.385244332253932953e-02 9.563266038894653320e-01 1.302533245086669922e+01 2.139549143612384796e-02 9.992768168449401855e-01 -3.144134581089019775e-02 -1.237207293510437012e+00 -9.563837051391601562e-01 2.962039597332477570e-02 2.906051874160766602e-01 1.158871002197265625e+02
2.255902588367462158e-01 2.347283996641635895e-02 9.739397168159484863e-01 1.387833118438720703e+01 2.544047124683856964e-02 9.992270469665527344e-01 -2.997490391135215759e-02 -1.283551454544067383e+00 -9.738892912864685059e-01 3.153915330767631531e-02 2.248185425996780396e-01 1.160476989746093750e+02
1.489066034555435181e-01 2.308800257742404938e-02 9.885818362236022949e-01 1.487296676635742188e+01 2.334004640579223633e-02 9.993669390678405762e-01 -2.685544267296791077e-02 -1.326359748840332031e+00 -9.885748624801635742e-01 2.707212977111339569e-02 1.482733786106109619e-01 1.161709976196289062e+02
1.296237260103225708e-01 2.497390098869800568e-02 9.912488460540771484e-01 1.576782703399658203e+01 2.510674297809600830e-02 9.992796778678894043e-01 -2.845931984484195709e-02 -1.368224263191223145e+00 -9.912443757057189941e-01 2.857566252350807190e-02 1.289032995700836182e-01 1.162763290405273438e+02
1.022870913147926331e-01 2.714088000357151031e-02 9.943846464157104492e-01 1.677865219116210938e+01 2.537729404866695404e-02 9.992312192916870117e-01 -2.988351695239543915e-02 -1.417404055595397949e+00 -9.944301843643188477e-01 2.829111926257610321e-02 1.015196889638900757e-01 1.163740997314453125e+02
8.891577273607254028e-02 2.600706741213798523e-02 9.956996440887451172e-01 1.864020729064941406e+01 2.457144483923912048e-02 9.992976188659667969e-01 -2.829519659280776978e-02 -1.505836725234985352e+00 -9.957349896430969238e-01 2.698129788041114807e-02 8.821430057287216187e-02 1.165419540405273438e+02
8.518844842910766602e-02 2.526682987809181213e-02 9.960445165634155273e-01 2.028991699218750000e+01 2.401524037122726440e-02 9.993360042572021484e-01 -2.740420773625373840e-02 -1.584700465202331543e+00 -9.960743784904479980e-01 2.625441178679466248e-02 8.452510833740234375e-02 1.166884841918945312e+02
8.485899120569229126e-02 2.579901739954948425e-02 9.960591793060302734e-01 2.175368881225585938e+01 2.435485273599624634e-02 9.993126392364501953e-01 -2.795825898647308350e-02 -1.654949903488159180e+00 -9.960943460464477539e-01 2.663120441138744354e-02 8.417252451181411743e-02 1.168128890991210938e+02
8.427964895963668823e-02 2.576568722724914551e-02 9.961094260215759277e-01 2.300121498107910156e+01 2.452243678271770477e-02 9.993095397949218750e-01 -2.792344056069850922e-02 -1.716319084167480469e+00 -9.961395859718322754e-01 2.678019925951957703e-02 8.358980715274810791e-02 1.169169387817382812e+02
8.091467618942260742e-02 2.661715261638164520e-02 9.963659644126892090e-01 2.411879730224609375e+01 2.560526505112648010e-02 9.992582201957702637e-01 -2.877397090196609497e-02 -1.773961424827575684e+00 -9.963912963867187500e-01 2.784023433923721313e-02 8.017331361770629883e-02 1.170087661743164062e+02
5.962016060948371887e-02 2.845330163836479187e-02 9.978159070014953613e-01 2.500599098205566406e+01 2.636196836829185486e-02 9.992004036903381348e-01 -3.006808459758758545e-02 -1.823043823242187500e+00 -9.978722333908081055e-01 2.809684164822101593e-02 5.882263183593750000e-02 1.170536041259765625e+02
5.090221017599105835e-02 2.932447195053100586e-02 9.982733726501464844e-01 2.620062446594238281e+01 2.597304433584213257e-02 9.991920590400695801e-01 -3.067599050700664520e-02 -1.890153646469116211e+00 -9.983651041984558105e-01 2.748945914208889008e-02 5.009968578815460205e-02 1.171093673706054688e+02
4.024232551455497742e-02 2.993596158921718597e-02 9.987417459487915039e-01 2.737305259704589844e+01 2.626525610685348511e-02 9.991742372512817383e-01 -3.100739046931266785e-02 -1.952280879020690918e+00 -9.988439679145812988e-01 2.747980318963527679e-02 3.942307829856872559e-02 1.171533813476562500e+02
2.122886292636394501e-02 3.203573077917098999e-02 9.992616176605224609e-01 2.842209625244140625e+01 2.692327275872230530e-02 9.991059899330139160e-01 -3.260287269949913025e-02 -2.011693000793457031e+00 -9.994113445281982422e-01 2.759530395269393921e-02 2.034766040742397308e-02 1.171696472167968750e+02
-2.385547384619712830e-03 3.190632164478302002e-02 9.994883537292480469e-01 2.915906906127929688e+01 2.631062641739845276e-02 9.991471767425537109e-01 -3.183278813958168030e-02 -2.055790185928344727e+00 -9.996502399444580078e-01 2.622101642191410065e-02 -3.222672268748283386e-03 1.171553192138671875e+02
-4.801828786730766296e-02 3.183562681078910828e-02 9.983392953872680664e-01 2.983252334594726562e+01 2.631818503141403198e-02 9.991855025291442871e-01 -3.059691190719604492e-02 -2.094745635986328125e+00 -9.984989166259765625e-01 2.480505779385566711e-02 -4.881665855646133423e-02 1.170966873168945312e+02
-1.092875376343727112e-01 3.359086439013481140e-02 9.934427142143249512e-01 3.095381355285644531e+01 2.999116294085979462e-02 9.990854263305664062e-01 -3.048252314329147339e-02 -2.149590253829956055e+00 -9.935568571090698242e-01 2.646293304860591888e-02 -1.101945787668228149e-01 1.169629364013671875e+02
-1.732580512762069702e-01 3.500613942742347717e-02 9.842543601989746094e-01 3.214149856567382812e+01 3.224151954054832458e-02 9.990341663360595703e-01 -2.985649928450584412e-02 -2.203754901885986328e+00 -9.843478202819824219e-01 2.656077221035957336e-02 -1.742188632488250732e-01 1.167414169311523438e+02
-2.301288843154907227e-01 3.394255787134170532e-02 9.725681543350219727e-01 3.317345428466796875e+01 3.430964425206184387e-02 9.990532994270324707e-01 -2.674871124327182770e-02 -2.249579906463623047e+00 -9.725543856620788574e-01 2.721260674297809601e-02 -2.310750037431716919e-01 1.164829864501953125e+02
-2.791961431503295898e-01 3.669719770550727844e-02 9.595326781272888184e-01 3.431881713867187500e+01 3.839369490742683411e-02 9.988970756530761719e-01 -2.703139744699001312e-02 -2.298791646957397461e+00 -9.594653844833374023e-01 2.929272688925266266e-02 -2.802965641021728516e-01 1.161414260864257812e+02
-3.287860155105590820e-01 3.489837050437927246e-02 9.437593817710876465e-01 3.535759353637695312e+01 4.021809995174407959e-02 9.989278316497802734e-01 -2.292741090059280396e-02 -2.344842433929443359e+00 -9.435468316078186035e-01 3.041778504848480225e-02 -3.298364281654357910e-01 1.157672729492187500e+02
-3.725626468658447266e-01 3.608404099941253662e-02 9.273051023483276367e-01 3.639763259887695312e+01 4.105031490325927734e-02 9.989063739776611328e-01 -2.237765677273273468e-02 -2.390771150588989258e+00 -9.270977377891540527e-01 2.972887828946113586e-02 -3.736358284950256348e-01 1.153412857055664062e+02
-3.971777558326721191e-01 3.740526735782623291e-02 9.169789552688598633e-01 3.753304672241210938e+01 4.280883818864822388e-02 9.988364577293395996e-01 -2.220245078206062317e-02 -2.442639589309692383e+00 -9.167417883872985840e-01 3.043627552688121796e-02 -3.983162343502044678e-01 1.148431320190429688e+02
-4.137078821659088135e-01 3.742918744683265686e-02 9.096397757530212402e-01 3.850281906127929688e+01 4.505147784948348999e-02 9.987719655036926270e-01 -2.060731127858161926e-02 -2.484516143798828125e+00 -9.092933535575866699e-01 3.245500102639198303e-02 -4.148854315280914307e-01 1.143924255371093750e+02
-4.274673759937286377e-01 3.596864640712738037e-02 9.033147096633911133e-01 3.961649703979492188e+01 4.466531053185462952e-02 9.988280534744262695e-01 -1.863546483218669891e-02 -2.530579328536987305e+00 -9.029257297515869141e-01 3.238057717680931091e-02 -4.285722970962524414e-01 1.138590927124023438e+02
-4.391091763973236084e-01 3.558199852705001831e-02 8.977285623550415039e-01 4.090084838867187500e+01 4.498850926756858826e-02 9.988325834274291992e-01 -1.758410409092903137e-02 -2.578171014785766602e+00 -8.973056077957153320e-01 3.266593068838119507e-02 -4.401966929435729980e-01 1.132290191650390625e+02
-4.525299370288848877e-01 3.624349087476730347e-02 8.910121917724609375e-01 4.220231246948242188e+01 4.521391540765762329e-02 9.988209605216979980e-01 -1.766560785472393036e-02 -2.623469591140747070e+00 -8.906012773513793945e-01 3.229173272848129272e-02 -4.536344110965728760e-01 1.125667037963867188e+02
-4.579310119152069092e-01 3.574658185243606567e-02 8.882685303688049316e-01 4.349946975708007812e+01 4.444181919097900391e-02 9.988622069358825684e-01 -1.728619821369647980e-02 -2.673800706863403320e+00 -8.878751993179321289e-01 3.156017884612083435e-02 -4.589979052543640137e-01 1.118955917358398438e+02
-4.635815024375915527e-01 3.600285202264785767e-02 8.853223323822021484e-01 4.477293777465820312e+01 4.417601972818374634e-02 9.988704919815063477e-01 -1.748872920870780945e-02 -2.722686052322387695e+00 -8.849514126777648926e-01 3.100235946476459503e-02 -4.646475911140441895e-01 1.112262649536132812e+02
-4.640392065048217773e-01 3.582983836531639099e-02 8.850896954536437988e-01 4.604315185546875000e+01 4.475580900907516479e-02 9.988539218902587891e-01 -1.697101257741451263e-02 -2.772194385528564453e+00 -8.846827149391174316e-01 3.173738345503807068e-02 -4.651103317737579346e-01 1.105594177246093750e+02
-4.633049666881561279e-01 3.648506850004196167e-02 8.854475617408752441e-01 4.735031127929687500e+01 4.501537606120109558e-02 9.988312721252441406e-01 -1.760367117822170258e-02 -2.821726322174072266e+00 -8.850542902946472168e-01 3.170256316661834717e-02 -4.644052982330322266e-01 1.098757934570312500e+02
-4.636724293231964111e-01 3.688711300492286682e-02 8.852387070655822754e-01 4.863890838623046875e+01 4.484528675675392151e-02 9.988296031951904297e-01 -1.813159883022308350e-02 -2.871719598770141602e+00 -8.848705291748046875e-01 3.129149228334426880e-02 -4.647834897041320801e-01 1.091997146606445312e+02
-4.625459611415863037e-01 3.666249290108680725e-02 8.858371973037719727e-01 4.994986724853515625e+01 4.398785158991813660e-02 9.988633394241333008e-01 -1.837224699556827545e-02 -2.924821853637695312e+00 -8.855028748512268066e-01 3.046789951622486115e-02 -4.636324942111968994e-01 1.085139312744140625e+02
-4.630924165248870850e-01 3.745666891336441040e-02 8.855183720588684082e-01 5.142428207397460938e+01 4.404659569263458252e-02 9.988448023796081543e-01 -1.921605505049228668e-02 -2.984801769256591797e+00 -8.852143287658691406e-01 3.010507673025131226e-02 -4.642068743705749512e-01 1.077387313842773438e+02
-4.625626504421234131e-01 3.737170249223709106e-02 8.857988119125366211e-01 5.286441040039062500e+01 4.319733381271362305e-02 9.988747239112854004e-01 -1.958526670932769775e-02 -3.044461250305175781e+00 -8.855330944061279297e-01 2.920455113053321838e-02 -4.636560678482055664e-01 1.069838027954101562e+02
-4.609831869602203369e-01 3.699719533324241638e-02 8.866374492645263672e-01 5.431360244750976562e+01 4.256769642233848572e-02 9.989024400711059570e-01 -1.955028064548969269e-02 -3.106808900833129883e+00 -8.863867521286010742e-01 2.872956916689872742e-02 -4.620516896247863770e-01 1.062281875610351562e+02
-4.605366885662078857e-01 3.658194467425346375e-02 8.868869543075561523e-01 5.565164566040039062e+01 4.221301153302192688e-02 9.989227652549743652e-01 -1.928364671766757965e-02 -3.164527416229248047e+00 -8.866359591484069824e-01 2.855735272169113159e-02 -4.615842401981353760e-01 1.055327377319335938e+02
-4.605850279331207275e-01 3.645443171262741089e-02 8.868671059608459473e-01 5.699690628051757812e+01 4.095182567834854126e-02 9.989652037620544434e-01 -1.979488506913185120e-02 -3.220336437225341797e+00 -8.866699934005737305e-01 2.720160968601703644e-02 -4.616007506847381592e-01 1.048344116210937500e+02
-4.588930308818817139e-01 3.560356050729751587e-02 8.877782821655273438e-01 5.845379257202148438e+01 4.009466990828514099e-02 9.990088939666748047e-01 -1.933998987078666687e-02 -3.279489278793334961e+00 -8.875859379768371582e-01 2.672018669545650482e-02 -4.598652422428131104e-01 1.040821762084960938e+02
-4.587583839893341064e-01 3.600374981760978699e-02 8.878317475318908691e-01 5.992904281616210938e+01 3.912577033042907715e-02 9.990283250808715820e-01 -2.029663883149623871e-02 -3.340750455856323242e+00 -8.876987695693969727e-01 2.542584203183650970e-02 -4.597208201885223389e-01 1.033181991577148438e+02
-4.570311605930328369e-01 3.557902574539184570e-02 8.887392282485961914e-01 6.151382064819335938e+01 3.841227293014526367e-02 9.990571141242980957e-01 -2.024257369339466095e-02 -3.407959699630737305e+00 -8.886203765869140625e-01 2.488699182868003845e-02 -4.579664468765258789e-01 1.025010604858398438e+02
-4.571307003498077393e-01 3.556731715798377991e-02 8.886885046958923340e-01 6.300326919555664062e+01 3.903630375862121582e-02 9.990399479866027832e-01 -1.990467496216297150e-02 -3.469447135925292969e+00 -8.885421752929687500e-01 2.559205703437328339e-02 -4.580798149108886719e-01 1.017331542968750000e+02
-4.569240510463714600e-01 3.544728830456733704e-02 8.887995481491088867e-01 6.462533569335937500e+01 3.800060600042343140e-02 9.990717172622680664e-01 -2.031005732715129852e-02 -3.538919687271118164e+00 -8.886933326721191406e-01 2.449475228786468506e-02 -4.578464627265930176e-01 1.008952789306640625e+02
-4.554702341556549072e-01 3.654483333230018616e-02 8.895010352134704590e-01 6.611023712158203125e+01 3.833548724651336670e-02 9.990358352661132812e-01 -2.141594700515270233e-02 -3.597881793975830078e+00 -8.894249796867370605e-01 2.434509620070457458e-02 -4.564315974712371826e-01 1.001347503662109375e+02
-4.532206356525421143e-01 3.514907136559486389e-02 8.907055258750915527e-01 6.772351074218750000e+01 3.777128830552101135e-02 9.990824460983276367e-01 -2.020721323788166046e-02 -3.667972564697265625e+00 -8.905974626541137695e-01 2.448473870754241943e-02 -4.541319906711578369e-01 9.931208801269531250e+01
-4.525675475597381592e-01 3.565634414553642273e-02 8.910173773765563965e-01 6.918653869628906250e+01 3.752959892153739929e-02 9.990769028663635254e-01 -2.091915719211101532e-02 -3.732645511627197266e+00 -8.909397721290588379e-01 2.397216670215129852e-02 -4.534875154495239258e-01 9.857099151611328125e+01
