9.999950528144836426e-01 1.528622087789699435e-04 3.145162481814622879e-03 1.675550709478557110e-03 -1.468060509068891406e-04 9.999981522560119629e-01 -1.925312564708292484e-03 -1.660645566880702972e-02 -3.145451191812753677e-03 1.924841082654893398e-03 9.999932050704956055e-01 9.506205916404724121e-01
9.999933838844299316e-01 -3.493704134598374367e-04 3.627094440162181854e-03 2.738791517913341522e-04 3.605355159379541874e-04 9.999952316284179688e-01 -3.077692352235317230e-03 -2.928968146443367004e-02 -3.626001765951514244e-03 3.078979440033435822e-03 9.999886751174926758e-01 1.888109922409057617e+00
9.999921321868896484e-01 -4.324401961639523506e-04 3.959235735237598419e-03 -8.981123100966215134e-04 4.280148423276841640e-04 9.999993443489074707e-01 1.118769636377692223e-03 -4.164185374975204468e-02 -3.959716763347387314e-03 -1.117066480219364166e-03 9.999914765357971191e-01 2.833583831787109375e+00
9.999931454658508301e-01 1.386328833177685738e-03 3.439371474087238312e-03 6.927518406882882118e-04 -1.404676935635507107e-03 9.999848008155822754e-01 5.338529590517282486e-03 -4.451510682702064514e-02 -3.431916236877441406e-03 -5.343323573470115662e-03 9.999797344207763672e-01 3.716834068298339844e+00
9.999966621398925781e-01 2.436049981042742729e-03 8.951323106884956360e-04 -1.897236914373934269e-03 -2.436571056023240089e-03 9.999969601631164551e-01 5.805036053061485291e-04 -5.100040510296821594e-02 -8.937146048992872238e-04 -5.826824344694614410e-04 9.999993443489074707e-01 4.622775554656982422e+00
9.999946355819702148e-01 2.758158370852470398e-03 -1.795744057744741440e-03 -7.310058455914258957e-03 -2.761851064860820770e-03 9.999941587448120117e-01 -2.055862452834844589e-03 -6.173001602292060852e-02 1.790062990039587021e-03 2.060811268165707588e-03 9.999961853027343750e-01 5.534593105316162109e+00
9.999868273735046387e-01 4.687815904617309570e-03 -2.120101824402809143e-03 -1.379437558352947235e-02 -4.697098396718502045e-03 9.999793767929077148e-01 -4.393497016280889511e-03 -7.907190173864364624e-02 2.099461155012249947e-03 4.403397440910339355e-03 9.999880194664001465e-01 6.503026485443115234e+00
9.999821186065673828e-01 5.794600117951631546e-03 -1.497243996709585190e-03 -1.830157823860645294e-02 -5.801341962069272995e-03 9.999729990959167480e-01 -4.536555148661136627e-03 -9.896067529916763306e-02 1.470914809033274651e-03 4.545160103589296341e-03 9.999885559082031250e-01 7.489706039428710938e+00
9.999801516532897949e-01 5.682116840034723282e-03 -2.714074682444334030e-03 -2.639478072524070740e-02 -5.691357888281345367e-03 9.999780654907226562e-01 -3.408499760553240776e-03 -1.166617348790168762e-01 2.694646362215280533e-03 3.423878923058509827e-03 9.999904632568359375e-01 8.409071922302246094e+00
9.999780654907226562e-01 6.566629279404878616e-03 -8.258945308625698090e-04 -2.937094122171401978e-02 -6.566058378666639328e-03 9.999782443046569824e-01 6.972718983888626099e-04 -1.263979375362396240e-01 8.304546354338526726e-04 -6.918341387063264847e-04 9.999994039535522461e-01 9.368359565734863281e+00
9.999814629554748535e-01 6.059262901544570923e-03 -6.400248967111110687e-04 -3.702314943075180054e-02 -6.058351136744022369e-03 9.999806284904479980e-01 1.424445537850260735e-03 -1.388164311647415161e-01 6.486428901553153992e-04 -1.420541899278759956e-03 9.999987483024597168e-01 1.032523822784423828e+01
9.999850392341613770e-01 5.469923373311758041e-03 -1.107235439121723175e-04 -3.688963130116462708e-02 -5.469361320137977600e-03 9.999744296073913574e-01 4.597851540893316269e-03 -1.455931365489959717e-01 1.358696608804166317e-04 -4.597177263349294662e-03 9.999893903732299805e-01 1.126043796539306641e+01
9.999840259552001953e-01 5.641906056553125381e-03 4.031451535411179066e-04 -4.152736067771911621e-02 -5.644008982926607132e-03 9.999693632125854492e-01 5.406279116868972778e-03 -1.558192372322082520e-01 -3.726319409906864166e-04 -5.408468190580606461e-03 9.999852776527404785e-01 1.218118953704833984e+01
9.999860525131225586e-01 5.159691441804170609e-03 1.152410288341343403e-03 -4.310043901205062866e-02 -5.164423026144504547e-03 9.999780654907226562e-01 4.136525094509124756e-03 -1.680247932672500610e-01 -1.131042488850653172e-03 -4.142418969422578812e-03 9.999907612800598145e-01 1.314986038208007812e+01
9.999831318855285645e-01 5.811886396259069443e-03 2.361263032071292400e-04 -4.380827769637107849e-02 -5.812201183289289474e-03 9.999821782112121582e-01 1.332873012870550156e-03 -1.745843887329101562e-01 -2.283765934407711029e-04 -1.334222732111811638e-03 9.999990463256835938e-01 1.408334541320800781e+01
9.999760389328002930e-01 6.909467279911041260e-03 4.814924905076622963e-04 -4.852691665291786194e-02 -6.908775307238101959e-03 9.999750852584838867e-01 -1.434124074876308441e-03 -1.827912628650665283e-01 -4.913911106996238232e-04 1.430763746611773968e-03 9.999988079071044922e-01 1.502526187896728516e+01
9.999783039093017578e-01 6.584791932255029678e-03 -1.848175015766173601e-04 -5.251303687691688538e-02 -6.585218012332916260e-03 9.999755024909973145e-01 -2.378611825406551361e-03 -1.994096040725708008e-01 1.691487850621342659e-04 2.379777608439326286e-03 9.999971389770507812e-01 1.593066596984863281e+01
9.999620914459228516e-01 8.623090572655200958e-03 -1.258857431821525097e-03 -5.733828991651535034e-02 -8.628065697848796844e-03 9.999548196792602539e-01 -3.997977357357740402e-03 -2.121769487857818604e-01 1.224323408678174019e-03 4.008687566965818405e-03 9.999911785125732422e-01 1.684530067443847656e+01
9.999655485153198242e-01 8.222633041441440582e-03 -1.199545455165207386e-03 -6.253602355718612671e-02 -8.227116428315639496e-03 9.999590516090393066e-01 -3.778007114306092262e-03 -2.302061766386032104e-01 1.168428920209407806e-03 3.787745721638202667e-03 9.999921321868896484e-01 1.776515007019042969e+01
9.999654889106750488e-01 8.047206327319145203e-03 -2.104586688801646233e-03 -6.804338097572326660e-02 -8.053929544985294342e-03 9.999624490737915039e-01 -3.203711006790399551e-03 -2.441380769014358521e-01 2.078724559396505356e-03 3.220550715923309326e-03 9.999926090240478516e-01 1.870693969726562500e+01
9.999557137489318848e-01 8.699467405676841736e-03 -3.628251142799854279e-03 -7.594360411167144775e-02 -8.706103079020977020e-03 9.999604821205139160e-01 -1.815781928598880768e-03 -2.593221068382263184e-01 3.612309228628873825e-03 1.847289968281984329e-03 9.999917149543762207e-01 1.961172485351562500e+01
9.999523162841796875e-01 8.919591084122657776e-03 -4.008044488728046417e-03 -8.110097050666809082e-02 -8.928321301937103271e-03 9.999578595161437988e-01 -2.164671197533607483e-03 -2.753241360187530518e-01 3.988564945757389069e-03 2.200353657826781273e-03 9.999895691871643066e-01 2.054185676574707031e+01
9.999504685401916504e-01 8.717911317944526672e-03 -4.837686661630868912e-03 -8.879131823778152466e-02 -8.751668035984039307e-03 9.999372363090515137e-01 -7.000284735113382339e-03 -2.941031157970428467e-01 4.776353016495704651e-03 7.042275741696357727e-03 9.999637603759765625e-01 2.142970275878906250e+01
9.999249577522277832e-01 9.020352736115455627e-03 -8.311378769576549530e-03 -9.859509021043777466e-02 -9.079883806407451630e-03 9.999331831932067871e-01 -7.152445148676633835e-03 -3.103912472724914551e-01 8.246304467320442200e-03 7.227374240756034851e-03 9.999398589134216309e-01 2.230618476867675781e+01
9.998805522918701172e-01 9.801633656024932861e-03 -1.196357421576976776e-02 -1.097031235694885254e-01 -9.863270446658134460e-03 9.999383687973022461e-01 -5.103744566440582275e-03 -3.212180435657501221e-01 1.191280968487262726e-02 5.221135914325714111e-03 9.999154210090637207e-01 2.313751983642578125e+01
9.998627305030822754e-01 1.023413799703121185e-02 -1.304272934794425964e-02 -1.217568218708038330e-01 -1.025871559977531433e-02 9.999457597732543945e-01 -1.818818505853414536e-03 -3.297803103923797607e-01 1.302340626716613770e-02 1.952371560037136078e-03 9.999133348464965820e-01 2.396063995361328125e+01
9.998426437377929688e-01 9.852560237050056458e-03 -1.476222928613424301e-02 -1.357289105653762817e-01 -9.813624434173107147e-03 9.999482631683349609e-01 2.707617357373237610e-03 -3.418671786785125732e-01 1.478813961148262024e-02 -2.562318230047821999e-03 9.998874068260192871e-01 2.484399223327636719e+01
9.997845888137817383e-01 1.153516769409179688e-02 -1.726496778428554535e-02 -1.509156823158264160e-01 -1.140866987407207489e-02 9.999075531959533691e-01 7.407344877719879150e-03 -3.481920063495635986e-01 1.734881661832332611e-02 -7.208775728940963745e-03 9.998235702514648438e-01 2.569682121276855469e+01
9.997387528419494629e-01 1.306251436471939087e-02 -1.876656897366046906e-02 -1.652362793684005737e-01 -1.293961331248283386e-02 9.998942017555236816e-01 6.655370350927114487e-03 -3.470018208026885986e-01 1.885151676833629608e-02 -6.410796660929918289e-03 9.998017549514770508e-01 2.650761413574218750e+01
9.997120499610900879e-01 1.330940518528223038e-02 -1.997537910938262939e-02 -1.852592974901199341e-01 -1.318793650716543198e-02 9.998939037322998047e-01 6.200223695486783981e-03 -3.484605550765991211e-01 2.005577459931373596e-02 -5.935001187026500702e-03 9.997812509536743164e-01 2.734145736694335938e+01
9.996430277824401855e-01 1.245885808020830154e-02 -2.364173904061317444e-02 -2.066090255975723267e-01 -1.233188994228839874e-02 9.999089241027832031e-01 5.508622154593467712e-03 -3.503165841102600098e-01 2.370820939540863037e-02 -5.215106066316366196e-03 9.997053146362304688e-01 2.818378067016601562e+01
9.996483922004699707e-01 1.272279489785432816e-02 -2.326945029199123383e-02 -2.219977080821990967e-01 -1.258563622832298279e-02 9.999027252197265625e-01 6.031160242855548859e-03 -3.517301380634307861e-01 2.334391139447689056e-02 -5.736176390200853348e-03 9.997110366821289062e-01 2.900602149963378906e+01
9.996368288993835449e-01 1.238503400236368179e-02 -2.393912896513938904e-02 -2.432256340980529785e-01 -1.229526940733194351e-02 9.999169707298278809e-01 3.893136046826839447e-03 -3.574193716049194336e-01 2.398534864187240601e-02 -3.597381990402936935e-03 9.997058510780334473e-01 2.981715393066406250e+01
9.995769262313842773e-01 1.376107428222894669e-02 -2.562790364027023315e-02 -2.643024623394012451e-01 -1.365301571786403656e-02 9.998973011970520020e-01 4.386535845696926117e-03 -3.609488904476165771e-01 2.568562328815460205e-02 -4.034779034554958344e-03 9.996619224548339844e-01 3.058101654052734375e+01
9.994940161705017090e-01 1.390211097896099091e-02 -2.861152216792106628e-02 -2.886047661304473877e-01 -1.382825803011655807e-02 9.999006390571594238e-01 2.777353860437870026e-03 -3.624247312545776367e-01 2.864727750420570374e-02 -2.380298450589179993e-03 9.995867609977722168e-01 3.137623405456542969e+01
9.994739294052124023e-01 1.468860544264316559e-02 -2.891980670392513275e-02 -3.122936487197875977e-01 -1.453883107751607895e-02 9.998799562454223633e-01 5.382308270782232285e-03 -3.628211021423339844e-01 2.899537980556488037e-02 -4.959013313055038452e-03 9.995672106742858887e-01 3.217189407348632812e+01
9.994677901268005371e-01 1.452082488685846329e-02 -2.921563945710659027e-02 -3.345773220062255859e-01 -1.433066837489604950e-02 9.998749494552612305e-01 6.707509979605674744e-03 -3.601524829864501953e-01 2.930936962366104126e-02 -6.285256706178188324e-03 9.995506405830383301e-01 3.293806457519531250e+01
9.994584321975708008e-01 1.316520106047391891e-02 -3.016268461942672729e-02 -3.566952049732208252e-01 -1.295692287385463715e-02 9.998910427093505859e-01 7.090155500918626785e-03 -3.594662845134735107e-01 3.025272674858570099e-02 -6.695496849715709686e-03 9.995198845863342285e-01 3.368246841430664062e+01
9.994093775749206543e-01 1.300952676683664322e-02 -3.181045874953269958e-02 -3.847954869270324707e-01 -1.280845236033201218e-02 9.998968839645385742e-01 6.516570225358009338e-03 -3.655546605587005615e-01 3.189194202423095703e-02 -6.105275824666023254e-03 9.994726777076721191e-01 3.446476364135742188e+01
9.993315339088439941e-01 1.593733951449394226e-02 -3.290534019470214844e-02 -4.100014865398406982e-01 -1.577633991837501526e-02 9.998624920845031738e-01 5.146595649421215057e-03 -3.712439537048339844e-01 3.298282250761985779e-02 -4.624027293175458908e-03 9.994451999664306641e-01 3.519433212280273438e+01
9.992619156837463379e-01 1.666088029742240906e-02 -3.461697697639465332e-02 -4.392988085746765137e-01 -1.647671312093734741e-02 9.998487234115600586e-01 5.598578602075576782e-03 -3.735870420932769775e-01 3.470500186085700989e-02 -5.024068988859653473e-03 9.993849396705627441e-01 3.600828552246093750e+01
9.993738532066345215e-01 1.457614451646804810e-02 -3.224514424800872803e-02 -4.608031213283538818e-01 -1.434722170233726501e-02 9.998704195022583008e-01 7.319452706724405289e-03 -3.796145915985107422e-01 3.234763815999031067e-02 -6.852236576378345490e-03 9.994531869888305664e-01 3.673497772216796875e+01
9.993715882301330566e-01 1.521815918385982513e-02 -3.201838582754135132e-02 -4.851519167423248291e-01 -1.492683030664920807e-02 9.998453259468078613e-01 9.318228811025619507e-03 -3.827187418937683105e-01 3.215522319078445435e-02 -8.834434673190116882e-03 9.994438290596008301e-01 3.747024154663085938e+01
9.994058609008789062e-01 1.683409325778484344e-02 -3.008178621530532837e-02 -5.047173500061035156e-01 -1.641915366053581238e-02 9.997675418853759766e-01 1.398796122521162033e-02 -3.816060721874237061e-01 3.031025640666484833e-02 -1.348572596907615662e-02 9.994495511054992676e-01 3.820533370971679688e+01
9.994144439697265625e-01 1.754215359687805176e-02 -2.938433550298213959e-02 -5.329541563987731934e-01 -1.714350096881389618e-02 9.997584819793701172e-01 1.376447081565856934e-02 -3.833944499492645264e-01 2.961868792772293091e-02 -1.325265318155288696e-02 9.994733929634094238e-01 3.903192138671875000e+01
9.994154572486877441e-01 1.723538897931575775e-02 -2.953171543776988983e-02 -5.592095851898193359e-01 -1.693080179393291473e-02 9.998013973236083984e-01 1.053327322006225586e-02 -3.871420919895172119e-01 2.970738708972930908e-02 -1.002711337059736252e-02 9.995083212852478027e-01 3.984577178955078125e+01
9.994520545005798340e-01 1.730239763855934143e-02 -2.822501212358474731e-02 -5.859712362289428711e-01 -1.705444417893886566e-02 9.998142719268798828e-01 9.002175182104110718e-03 -3.903802037239074707e-01 2.837551943957805634e-02 -8.515874855220317841e-03 9.995610117912292480e-01 4.087136840820312500e+01
9.995408058166503906e-01 1.764316484332084656e-02 -2.464273758232593536e-02 -6.052436232566833496e-01 -1.740584149956703186e-02 9.998005628585815430e-01 9.812255389988422394e-03 -3.976145684719085693e-01 2.481093257665634155e-02 -9.378816001117229462e-03 9.996481537818908691e-01 4.174656295776367188e+01
9.996415972709655762e-01 1.684368960559368134e-02 -2.081455290317535400e-02 -6.135036945343017578e-01 -1.660395599901676178e-02 9.997946023941040039e-01 1.163739524781703949e-02 -3.983003199100494385e-01 2.100628614425659180e-02 -1.128761377185583115e-02 9.997156262397766113e-01 4.238690185546875000e+01
9.996818304061889648e-01 1.582543738186359406e-02 -1.964969374239444733e-02 -6.259227991104125977e-01 -1.553383097052574158e-02 9.997683763504028320e-01 1.490541547536849976e-02 -4.004397690296173096e-01 1.988101936876773834e-02 -1.459542941302061081e-02 9.996958374977111816e-01 4.312918472290039062e+01
9.997338056564331055e-01 1.510217506438493729e-02 -1.744988374412059784e-02 -6.365965604782104492e-01 -1.479314360767602921e-02 9.997339844703674316e-01 1.770520955324172974e-02 -4.001515507698059082e-01 1.771262101829051971e-02 -1.744234934449195862e-02 9.996910095214843750e-01 4.380922698974609375e+01
9.997417926788330078e-01 1.472895033657550812e-02 -1.731164194643497467e-02 -6.484206914901733398e-01 -1.445687003433704376e-02 9.997718334197998047e-01 1.573825255036354065e-02 -3.966990113258361816e-01 1.753949001431465149e-02 -1.548391021788120270e-02 9.997262954711914062e-01 4.450714492797851562e+01
9.997775554656982422e-01 1.406402792781591415e-02 -1.572516188025474548e-02 -6.568527221679687500e-01 -1.375258900225162506e-02 9.997107386589050293e-01 1.974121108651161194e-02 -3.959918916225433350e-01 1.599824428558349609e-02 -1.952055282890796661e-02 9.996814727783203125e-01 4.511285400390625000e+01
9.998285770416259766e-01 1.441433280706405640e-02 -1.162988506257534027e-02 -6.532814502716064453e-01 -1.420118566602468491e-02 9.997336268424987793e-01 1.820681616663932800e-02 -3.957154452800750732e-01 1.188921928405761719e-02 -1.803853549063205719e-02 9.997665882110595703e-01 4.548681640625000000e+01
9.998653531074523926e-01 1.448467187583446503e-02 -7.727589458227157593e-03 -6.532680392265319824e-01 -1.435506902635097504e-02 9.997598528861999512e-01 1.657160185277462006e-02 -3.971537649631500244e-01 7.965764030814170837e-03 -1.645843870937824249e-02 9.998328089714050293e-01 4.594884109497070312e+01
9.998897910118103027e-01 1.346425432711839676e-02 -6.278167478740215302e-03 -6.591298580169677734e-01 -1.335556898266077042e-02 9.997657537460327148e-01 1.704409532248973846e-02 -3.968682587146759033e-01 6.506179459393024445e-03 -1.695836521685123444e-02 9.998350739479064941e-01 4.652796554565429688e+01
9.999097585678100586e-01 1.263153553009033203e-02 -4.596688784658908844e-03 -6.546370387077331543e-01 -1.254126522690057755e-02 9.997378587722778320e-01 1.916488073766231537e-02 -3.949539363384246826e-01 4.837562330067157745e-03 -1.910549774765968323e-02 9.998058676719665527e-01 4.693940734863281250e+01
9.999123215675354004e-01 1.280870288610458374e-02 -3.400479210540652275e-03 -6.547207832336425781e-01 -1.274342741817235947e-02 9.997465014457702637e-01 1.857094466686248779e-02 -3.950654566287994385e-01 3.637484274804592133e-03 -1.852597668766975403e-02 9.998218417167663574e-01 4.746270751953125000e+01
9.999219775199890137e-01 1.226404681801795959e-02 -2.431698609143495560e-03 -6.574422717094421387e-01 -1.222282089293003082e-02 9.997925758361816406e-01 1.630146428942680359e-02 -3.982851803302764893e-01 2.631113864481449127e-03 -1.627046428620815277e-02 9.998642206192016602e-01 4.806262969970703125e+01
9.999106526374816895e-01 1.337655913084745407e-02 -1.823992934077978134e-04 -6.557430624961853027e-01 -1.337096188217401505e-02 9.997422099113464355e-01 1.835846714675426483e-02 -3.928896784782409668e-01 4.279245622456073761e-04 -1.835438236594200134e-02 9.998314976692199707e-01 4.851817703247070312e+01
9.998953342437744141e-01 1.446537580341100693e-02 6.574619910679757595e-04 -6.483928561210632324e-01 -1.447472255676984787e-02 9.997401237487792969e-01 1.762303709983825684e-02 -3.894822597503662109e-01 -4.023679648526012897e-04 -1.763070374727249146e-02 9.998445510864257812e-01 4.893159866333007812e+01
9.998850822448730469e-01 1.378660742193460464e-02 6.328546907752752304e-03 -6.315588355064392090e-01 -1.388599351048469543e-02 9.997767210006713867e-01 1.593829877674579620e-02 -3.873558938503265381e-01 -6.107398308813571930e-03 -1.602433994412422180e-02 9.998530149459838867e-01 4.934628677368164062e+01
9.998955130577087402e-01 1.286526583135128021e-02 6.608239840716123581e-03 -6.285298466682434082e-01 -1.297362055629491806e-02 9.997778534889221191e-01 1.662410609424114227e-02 -3.856932520866394043e-01 -6.392897572368383408e-03 -1.670809835195541382e-02 9.998400211334228516e-01 4.970769882202148438e+01
9.998682141304016113e-01 1.259938441216945648e-02 1.025059819221496582e-02 -6.196880936622619629e-01 -1.277608796954154968e-02 9.997678995132446289e-01 1.735917106270790100e-02 -3.847581446170806885e-01 -1.002950314432382584e-02 -1.748784258961677551e-02 9.997968077659606934e-01 5.006251525878906250e+01
9.997811317443847656e-01 1.298430562019348145e-02 1.641188748180866241e-02 -6.075594425201416016e-01 -1.327002793550491333e-02 9.997603893280029297e-01 1.742201298475265503e-02 -3.835540413856506348e-01 -1.618173904716968536e-02 -1.763598248362541199e-02 9.997135400772094727e-01 5.037288284301757812e+01
9.996148943901062012e-01 1.282211113721132278e-02 2.461214363574981689e-02 -5.915127992630004883e-01 -1.319983601570129395e-02 9.997968673706054688e-01 1.524652913212776184e-02 -3.874527812004089355e-01 -2.441164478659629822e-02 -1.556553319096565247e-02 9.995808005332946777e-01 5.076146316528320312e+01
9.995772242546081543e-01 1.200617756694555283e-02 2.648080885410308838e-02 -5.767732858657836914e-01 -1.232097391039133072e-02 9.998552203178405762e-01 1.175682898610830307e-02 -3.861913681030273438e-01 -2.633581124246120453e-02 -1.207812689244747162e-02 9.995802044868469238e-01 5.106394195556640625e+01
9.993670582771301270e-01 7.775536272674798965e-03 3.471132740378379822e-02 -5.550743937492370605e-01 -8.162408135831356049e-03 9.999063014984130859e-01 1.101778820157051086e-02 -3.914718925952911377e-01 -3.462239354848861694e-02 -1.129413582384586334e-02 9.993366599082946777e-01 5.137368011474609375e+01
9.986820816993713379e-01 6.689704023301601410e-03 5.088459700345993042e-02 -5.285055041313171387e-01 -7.404519245028495789e-03 9.998767375946044922e-01 1.387226209044456482e-02 -3.923528790473937988e-01 -5.078550428152084351e-02 -1.423074677586555481e-02 9.986082315444946289e-01 5.167675399780273438e+01
9.983410835266113281e-01 6.764336489140987396e-03 5.717682465910911560e-02 -5.085136294364929199e-01 -7.690773811191320419e-03 9.998428225517272949e-01 1.599850319325923920e-02 -3.961484432220458984e-01 -5.705959349870681763e-02 -1.641168817877769470e-02 9.982359409332275391e-01 5.187779998779296875e+01
9.974896907806396484e-01 7.548479828983545303e-03 7.040808349847793579e-02 -4.778839945793151855e-01 -9.147063829004764557e-03 9.997074007987976074e-01 2.241009473800659180e-02 -3.949771225452423096e-01 -7.021828740835189819e-02 -2.299784868955612183e-02 9.972665905952453613e-01 5.221417617797851562e+01
9.969727993011474609e-01 7.294095121324062347e-03 7.740820944309234619e-02 -4.530805647373199463e-01 -9.227743372321128845e-03 9.996538758277893066e-01 2.465186826884746552e-02 -3.924496471881866455e-01 -7.720157504081726074e-02 -2.529152669012546539e-02 9.966947436332702637e-01 5.252853775024414062e+01
9.962026476860046387e-01 8.070421405136585236e-03 8.668992668390274048e-02 -4.056567251682281494e-01 -1.024993043392896652e-02 9.996420741081237793e-01 2.472598291933536530e-02 -3.900758922100067139e-01 -8.645932376384735107e-02 -2.552063949406147003e-02 9.959284663200378418e-01 5.304321670532226562e+01
9.953377842903137207e-01 7.840767502784729004e-03 9.613122791051864624e-02 -3.553978204727172852e-01 -1.049938797950744629e-02 9.995756745338439941e-01 2.718170732259750366e-02 -3.828920423984527588e-01 -9.587728977203369141e-02 -2.806428261101245880e-02 9.949974417686462402e-01 5.350193405151367188e+01
9.938694834709167480e-01 7.155236322432756424e-03 1.103279441595077515e-01 -2.821052372455596924e-01 -1.050315331667661667e-02 9.995011687278747559e-01 2.979408018290996552e-02 -3.763843774795532227e-01 -1.100597009062767029e-01 -3.077020496129989624e-02 9.934485554695129395e-01 5.405582046508789062e+01
9.923359751701354980e-01 6.283422000706195831e-03 1.234092935919761658e-01 -2.164789736270904541e-01 -1.062200218439102173e-02 9.993475079536437988e-01 3.452992439270019531e-02 -3.674381375312805176e-01 -1.231117695569992065e-01 -3.557612746953964233e-02 9.917549490928649902e-01 5.453841781616210938e+01
9.921227693557739258e-01 5.701043643057346344e-03 1.251393407583236694e-01 -1.558835506439208984e-01 -1.078172214329242706e-02 9.991433620452880859e-01 3.996082767844200134e-02 -3.644609451293945312e-01 -1.248042881488800049e-01 -4.099525138735771179e-02 9.913340806961059570e-01 5.498901748657226562e+01
9.897552132606506348e-01 5.963356234133243561e-03 1.426496356725692749e-01 -5.838729441165924072e-02 -1.238031033426523209e-02 9.989489316940307617e-01 4.413910955190658569e-02 -3.451445102691650391e-01 -1.422364413738250732e-01 -4.545294493436813354e-02 9.887885451316833496e-01 5.556835174560546875e+01
9.872872233390808105e-01 7.749625016003847122e-03 1.587572991847991943e-01 2.836567908525466919e-02 -1.463951915502548218e-02 9.989989995956420898e-01 4.227570816874504089e-02 -3.309801220893859863e-01 -1.582707166671752930e-01 -4.406237602233886719e-02 9.864121079444885254e-01 5.605335235595703125e+01
9.836786389350891113e-01 9.307598695158958435e-03 1.796934753656387329e-01 1.026580929756164551e-01 -1.746560819447040558e-02 9.988847970962524414e-01 4.387114569544792175e-02 -3.176305890083312988e-01 -1.790846884250640869e-01 -4.629354178905487061e-02 9.827439188957214355e-01 5.635586547851562500e+01
9.789476990699768066e-01 8.477344177663326263e-03 2.039352059364318848e-01 1.871588677167892456e-01 -1.826193369925022125e-02 9.987680912017822266e-01 4.614508524537086487e-02 -3.065390586853027344e-01 -2.032927274703979492e-01 -4.889785498380661011e-02 9.778962731361389160e-01 5.668527221679687500e+01
9.725039601325988770e-01 1.274185068905353546e-02 2.325375825166702271e-01 3.092280030250549316e-01 -2.365653775632381439e-02 9.987424612045288086e-01 4.420910775661468506e-02 -2.957248389720916748e-01 -2.316818088293075562e-01 -4.849455133080482483e-02 9.715821146965026855e-01 5.710526657104492188e+01
9.656482934951782227e-01 1.186413690447807312e-02 2.595815956592559814e-01 4.534947872161865234e-01 -2.363821491599082947e-02 9.988262653350830078e-01 4.228350520133972168e-02 -2.902635335922241211e-01 -2.587751746177673340e-01 -4.696702957153320312e-02 9.647951126098632812e-01 5.755111694335937500e+01
9.591053128242492676e-01 1.390304975211620331e-02 2.827078700065612793e-01 6.105674505233764648e-01 -2.539459057152271271e-02 9.989919066429138184e-01 3.702434897422790527e-02 -2.745828926563262939e-01 -2.819080054759979248e-01 -4.268948733806610107e-02 9.584912657737731934e-01 5.804751205444335938e+01
9.515333175659179688e-01 1.697483099997043610e-02 3.070768713951110840e-01 8.175024986267089844e-01 -2.835226990282535553e-02 9.990655779838562012e-01 3.262760490179061890e-02 -2.722561657428741455e-01 -3.062359392642974854e-01 -3.975256904959678650e-02 9.511252641677856445e-01 5.866076278686523438e+01
9.439688324928283691e-01 1.799510605633258820e-02 3.295437395572662354e-01 9.716235399246215820e-01 -2.999593317508697510e-02 9.990579485893249512e-01 3.136790543794631958e-02 -2.685419321060180664e-01 -3.286686837673187256e-01 -3.949528560042381287e-02 9.436191320419311523e-01 5.905505371093750000e+01
9.393926262855529785e-01 1.552560832351446152e-02 3.424915075302124023e-01 1.155071616172790527e+00 -2.827833779156208038e-02 9.990792274475097656e-01 3.227284178137779236e-02 -2.605009078979492188e-01 -3.416749238967895508e-01 -4.000195115804672241e-02 9.389665126800537109e-01 5.955170059204101562e+01
9.387143254280090332e-01 1.589088700711727142e-02 3.443295657634735107e-01 1.417215585708618164e+00 -2.926358394324779510e-02 9.990046024322509766e-01 3.367442265152931213e-02 -2.483791410923004150e-01 -3.434515297412872314e-01 -4.168697074055671692e-02 9.382448196411132812e-01 6.026802062988281250e+01
9.384128451347351074e-01 1.724339835345745087e-02 3.450855016708374023e-01 1.645303010940551758e+00 -3.181663900613784790e-02 9.988232254981994629e-01 3.661137819290161133e-02 -2.326484471559524536e-01 -3.440479040145874023e-01 -4.533603787422180176e-02 9.378570318222045898e-01 6.088451385498046875e+01
9.362926483154296875e-01 1.718654483556747437e-02 3.507999777793884277e-01 1.874485969543457031e+00 -3.248234838247299194e-02 9.987588524818420410e-01 3.776451572775840759e-02 -2.199962586164474487e-01 -3.497153222560882568e-01 -4.675343632698059082e-02 9.356887340545654297e-01 6.148892974853515625e+01
9.358639717102050781e-01 1.639717444777488708e-02 3.519794940948486328e-01 2.124533891677856445e+00 -3.359192609786987305e-02 9.985190629959106445e-01 4.279967397451400757e-02 -2.021147012710571289e-01 -3.507561981678009033e-01 -5.187833681702613831e-02 9.350287914276123047e-01 6.215786743164062500e+01
9.290773272514343262e-01 1.294621638953685760e-02 3.696587085723876953e-01 2.349001646041870117e+00 -3.145651519298553467e-02 9.985324144363403320e-01 4.409024119377136230e-02 -1.813606619834899902e-01 -3.685451447963714600e-01 -5.259140953421592712e-02 9.281210899353027344e-01 6.267891311645507812e+01
9.231032729148864746e-01 1.444914657622575760e-02 3.842803835868835449e-01 2.566533088684082031e+00 -3.397716209292411804e-02 9.984504580497741699e-01 4.407640174031257629e-02 -1.702490299940109253e-01 -3.830478191375732422e-01 -5.374381691217422485e-02 9.221638441085815430e-01 6.316467285156250000e+01
9.238501787185668945e-01 1.492236182093620300e-02 3.824632167816162109e-01 2.827542066574096680e+00 -3.326145187020301819e-02 9.985898137092590332e-01 4.138253256678581238e-02 -1.537511050701141357e-01 -3.813061416149139404e-01 -5.095252767205238342e-02 9.230436682701110840e-01 6.379479217529296875e+01
9.240980744361877441e-01 1.754089631140232086e-02 3.817525506019592285e-01 3.107105016708374023e+00 -3.588299825787544250e-02 9.985156059265136719e-01 4.098091274499893188e-02 -1.343622952699661255e-01 -3.804668486118316650e-01 -5.156879127025604248e-02 9.233556985855102539e-01 6.446566772460937500e+01
9.250915050506591797e-01 1.951726339757442474e-02 3.792421221733093262e-01 3.402179718017578125e+00 -3.867268934845924377e-02 9.983283877372741699e-01 4.295714944601058960e-02 -1.058371961116790771e-01 -3.777695596218109131e-01 -5.440559238195419312e-02 9.242998957633972168e-01 6.518455505371093750e+01
9.293428659439086914e-01 2.018914930522441864e-02 3.686650693416595459e-01 3.639859676361083984e+00 -3.940417990088462830e-02 9.982247948646545410e-01 4.466577991843223572e-02 -8.387722074985504150e-02 -3.671085834503173828e-01 -5.603675544261932373e-02 9.284886717796325684e-01 6.581237030029296875e+01
9.262284040451049805e-01 2.022835239768028259e-02 3.764190971851348877e-01 3.879492282867431641e+00 -3.988686203956604004e-02 9.982128143310546875e-01 4.450405016541481018e-02 -6.818170845508575439e-02 -3.748458921909332275e-01 -5.623508989810943604e-02 9.253800511360168457e-01 6.637503051757812500e+01
9.210795760154724121e-01 2.062517777085304260e-02 3.888270854949951172e-01 4.130210876464843750e+00 -3.979391977190971375e-02 9.983538389205932617e-01 4.130928218364715576e-02 -4.971554130315780640e-02 -3.873347640037536621e-01 -5.352208390831947327e-02 9.203842878341674805e-01 6.694834899902343750e+01
9.140173196792602539e-01 1.756933517754077911e-02 4.052940011024475098e-01 4.443651199340820312e+00 -3.754266723990440369e-02 9.984379410743713379e-01 4.138423502445220947e-02 -2.794314548373222351e-02 -4.039335846900939941e-01 -5.304171890020370483e-02 9.132493138313293457e-01 6.764122009277343750e+01
9.057511687278747559e-01 1.645611971616744995e-02 4.234898388385772705e-01 4.615453720092773438e+00 -3.873264417052268982e-02 9.982784390449523926e-01 4.404914379119873047e-02 -1.814546063542366028e-02 -4.220356941223144531e-01 -5.630043148994445801e-02 9.048293828964233398e-01 6.799988555908203125e+01
8.960127234458923340e-01 1.306657027453184128e-02 4.438354969024658203e-01 4.785613059997558594e+00 -3.674482181668281555e-02 9.983206391334533691e-01 4.478960856795310974e-02 -5.280311219394207001e-03 -4.425047039985656738e-01 -5.644070357084274292e-02 8.949882984161376953e-01 6.831240081787109375e+01
8.793973922729492188e-01 1.208443939685821533e-02 4.759344756603240967e-01 5.030801773071289062e+00 -3.931707516312599182e-02 9.981066584587097168e-01 4.730440303683280945e-02 1.067246962338685989e-02 -4.744615256786346436e-01 -6.031171232461929321e-02 8.782077431678771973e-01 6.870335388183593750e+01
8.698860406875610352e-01 1.096627768129110336e-02 4.931303560733795166e-01 5.286357879638671875e+00 -4.079204797744750977e-02 9.979277849197387695e-01 4.976554960012435913e-02 3.151394426822662354e-02 -4.915625452995300293e-01 -6.340614706277847290e-02 8.685309290885925293e-01 6.913365936279296875e+01
8.587141036987304688e-01 8.098045364022254944e-03 5.123904347419738770e-01 5.620582103729248047e+00 -4.059044271707534790e-02 9.978086948394775391e-01 5.225568637251853943e-02 5.152116715908050537e-02 -5.108442306518554688e-01 -6.567084789276123047e-02 8.571612834930419922e-01 6.967007446289062500e+01
8.473982214927673340e-01 7.933417335152626038e-03 5.308980345726013184e-01 5.868059158325195312e+00 -4.271532595157623291e-02 9.976662397384643555e-01 5.327201262116432190e-02 6.891161203384399414e-02 -5.292361974716186523e-01 -6.782009452581405640e-02 8.457596302032470703e-01 7.004016876220703125e+01
8.462553024291992188e-01 6.280487868934869766e-03 5.327399969100952148e-01 6.097291469573974609e+00 -4.217918962240219116e-02 9.975820183753967285e-01 5.524097383022308350e-02 8.558073639869689941e-02 -5.311046242713928223e-01 -6.921850889921188354e-02 8.444741368293762207e-01 7.040898895263671875e+01
8.410671353340148926e-01 4.266749136149883270e-03 5.409133434295654297e-01 6.395475387573242188e+00 -3.997380286455154419e-02 9.977252483367919922e-01 5.428527668118476868e-02 1.106099560856819153e-01 -5.394510030746459961e-01 -6.727991253137588501e-02 8.393246531486511230e-01 7.085816955566406250e+01
8.330236673355102539e-01 3.549257293343544006e-03 5.532252788543701172e-01 6.752517223358154297e+00 -4.071228951215744019e-02 9.976616501808166504e-01 5.490234121680259705e-02 1.338104307651519775e-01 -5.517365336418151855e-01 -6.825800985097885132e-02 8.312204480171203613e-01 7.138892364501953125e+01
8.247113227844238281e-01 4.736798815429210663e-03 5.655333399772644043e-01 7.156156063079833984e+00 -4.249098524451255798e-02 9.976578950881958008e-01 5.360800027847290039e-02 1.668662130832672119e-01 -5.639546513557434082e-01 -6.824118643999099731e-02 8.229812383651733398e-01 7.196953582763671875e+01
8.212522268295288086e-01 4.639773163944482803e-03 5.705457925796508789e-01 7.449531078338623047e+00 -4.271506518125534058e-02 9.976609945297241211e-01 5.337158963084220886e-02 1.849105954170227051e-01 -5.689635276794433594e-01 -6.820242851972579956e-02 8.195296525955200195e-01 7.239774322509765625e+01
8.212007880210876465e-01 7.540728896856307983e-03 5.705888271331787109e-01 7.815137863159179688e+00 -4.385535791516304016e-02 9.977896809577941895e-01 4.993089288473129272e-02 2.023086696863174438e-01 -5.689510107040405273e-01 -6.602665781974792480e-02 8.197165131568908691e-01 7.293099975585937500e+01
8.198935985565185547e-01 1.159307826310396194e-02 5.723978281021118164e-01 8.240182876586914062e+00 -4.719357192516326904e-02 9.977611899375915527e-01 4.739117622375488281e-02 2.284258604049682617e-01 -5.705668330192565918e-01 -6.586921215057373047e-02 8.186053633689880371e-01 7.353156280517578125e+01
8.191658258438110352e-01 1.108121685683727264e-02 5.734489560127258301e-01 8.604173660278320312e+00 -4.742310568690299988e-02 9.976987838745117188e-01 4.846411570906639099e-02 2.472652792930603027e-01 -5.715921521186828613e-01 -6.689486652612686157e-02 8.178064823150634766e-01 7.404843902587890625e+01
8.182413578033447266e-01 8.112741634249687195e-03 5.748168826103210449e-01 9.014217376708984375e+00 -4.604423791170120239e-02 9.976131319999694824e-01 5.146325007081031799e-02 2.779083847999572754e-01 -5.730272531509399414e-01 -6.857635080814361572e-02 8.166621327400207520e-01 7.462496948242187500e+01
8.192386627197265625e-01 7.243462838232517242e-03 5.734063386917114258e-01 9.474282264709472656e+00 -4.572364687919616699e-02 9.975620508193969727e-01 5.272491648793220520e-02 3.118835091590881348e-01 -5.716263055801391602e-01 -6.941249966621398926e-02 8.175727725028991699e-01 7.527681732177734375e+01
8.196157217025756836e-01 4.491641651839017868e-03 5.728954076766967773e-01 9.954302787780761719e+00 -4.590066149830818176e-02 9.972698688507080078e-01 5.784921348094940186e-02 3.482359051704406738e-01 -5.710713863372802734e-01 -7.371038943529129028e-02 8.175843954086303711e-01 7.596929168701171875e+01
8.201392889022827148e-01 4.457531031221151352e-03 5.721458792686462402e-01 1.037892150878906250e+01 -4.589679464697837830e-02 9.972600936889648438e-01 5.802099779248237610e-02 3.841717839241027832e-01 -5.703194737434387207e-01 -7.384494692087173462e-02 8.180969357490539551e-01 7.657566070556640625e+01
8.202632665634155273e-01 8.015288040041923523e-03 5.719292759895324707e-01 1.078822326660156250e+01 -4.758035019040107727e-02 9.973927736282348633e-01 5.426204949617385864e-02 4.134204685688018799e-01 -5.700030922889709473e-01 -7.172174751758575439e-02 8.185063004493713379e-01 7.716035461425781250e+01
8.221009373664855957e-01 1.116356905549764633e-02 5.692315101623535156e-01 1.114238166809082031e+01 -4.791465401649475098e-02 9.976177215576171875e-01 4.963488876819610596e-02 4.415416419506072998e-01 -5.673212409019470215e-01 -6.807940453290939331e-02 8.206776976585388184e-01 7.768147277832031250e+01
8.237764239311218262e-01 1.416194066405296326e-02 5.667370557785034180e-01 1.156991100311279297e+01 -4.999126866459846497e-02 9.976084828376770020e-01 4.773570224642753601e-02 4.726274907588958740e-01 -5.647056102752685547e-01 -6.765543669462203979e-02 8.225147128105163574e-01 7.830899047851562500e+01
8.235732316970825195e-01 1.476292312145233154e-02 5.670169591903686523e-01 1.196685600280761719e+01 -5.133309960365295410e-02 9.974991679191589355e-01 4.858867079019546509e-02 5.023524165153503418e-01 -5.648815631866455078e-01 -6.912305206060409546e-02 8.222718238830566406e-01 7.888423919677734375e+01
8.287730813026428223e-01 1.320469938218593597e-02 5.594281554222106934e-01 1.238466739654541016e+01 -5.039990693330764771e-02 9.974201321601867676e-01 5.112273246049880981e-02 5.357521176338195801e-01 -5.573097467422485352e-01 -7.056425511837005615e-02 8.273008465766906738e-01 7.950493621826171875e+01
8.278303742408752441e-01 1.259185746312141418e-02 5.608363747596740723e-01 1.279943656921386719e+01 -4.980179667472839355e-02 9.974505305290222168e-01 5.111603066325187683e-02 5.618320703506469727e-01 -5.587627291679382324e-01 -7.024604082107543945e-02 8.263472914695739746e-01 8.011454772949218750e+01
8.279890418052673340e-01 1.596141606569290161e-02 5.605162382125854492e-01 1.321097755432128906e+01 -5.078073218464851379e-02 9.976221323013305664e-01 4.660430178046226501e-02 5.891202688217163086e-01 -5.584394335746765137e-01 -6.705125421285629272e-02 8.268310427665710449e-01 8.072257995605468750e+01
8.297516107559204102e-01 1.755507290363311768e-02 5.578559041023254395e-01 1.364937877655029297e+01 -5.069714039564132690e-02 9.977442622184753418e-01 4.400885105133056641e-02 6.134753227233886719e-01 -5.558248162269592285e-01 -6.479808688163757324e-02 8.287701606750488281e-01 8.137786865234375000e+01
8.307762145996093750e-01 2.090091444551944733e-02 5.562132000923156738e-01 1.409220218658447266e+01 -5.239713937044143677e-02 9.977940917015075684e-01 4.076769202947616577e-02 6.416335701942443848e-01 -5.541339516639709473e-01 -6.301277875900268555e-02 8.300390839576721191e-01 8.203408050537109375e+01
8.317741751670837402e-01 2.078662253916263580e-02 5.547239780426025391e-01 1.452865123748779297e+01 -5.153204128146171570e-02 9.978751540184020996e-01 3.987679257988929749e-02 6.633931994438171387e-01 -5.527161359786987305e-01 -6.175451725721359253e-02 8.310783505439758301e-01 8.268778991699218750e+01
8.332836627960205078e-01 2.196506410837173462e-02 5.524083375930786133e-01 1.494913768768310547e+01 -5.264644697308540344e-02 9.978224635124206543e-01 3.973913937807083130e-02 6.908295154571533203e-01 -5.503323078155517578e-01 -6.219628080725669861e-02 8.326259255409240723e-01 8.332492828369140625e+01
8.331900238990783691e-01 2.216240949928760529e-02 5.525416731834411621e-01 1.537225914001464844e+01 -5.294607207179069519e-02 9.978035092353820801e-01 3.981681913137435913e-02 7.100447416305541992e-01 -5.504452586174011230e-01 -6.242985278367996216e-02 8.325337767601013184e-01 8.396507263183593750e+01
8.333249688148498535e-01 2.449138462543487549e-02 5.522396564483642578e-01 1.579813671112060547e+01 -5.380055308341979980e-02 9.978688359260559082e-01 3.692997619509696960e-02 7.341417670249938965e-01 -5.501579642295837402e-01 -6.048543751239776611e-02 8.328671455383300781e-01 8.461350250244140625e+01
