9.992244243621826172e-01 -3.102631773799657822e-03 3.925522789359092712e-02 5.304376780986785889e-02 3.225117921829223633e-03 9.999901056289672852e-01 -3.057328751310706139e-03 -1.054137758910655975e-02 -3.924535587430000305e-02 3.181559732183814049e-03 9.992245435714721680e-01 5.975325703620910645e-01
9.964326620101928711e-01 -7.037646602839231491e-03 8.409757912158966064e-02 1.237023621797561646e-01 7.104089017957448959e-03 9.999746084213256836e-01 -4.908728878945112228e-04 -2.289813756942749023e-02 -8.409199863672256470e-02 1.086562057025730610e-03 9.964573979377746582e-01 1.109936714172363281e+00
9.906991720199584961e-01 -1.221079286187887192e-02 1.355209201574325562e-01 2.382969111204147339e-01 1.201395224779844284e-02 9.999252557754516602e-01 2.270215656608343124e-03 -2.637697570025920868e-02 -1.355385184288024902e-01 -6.209497805684804916e-04 9.907718896865844727e-01 1.591344118118286133e+00
9.825406074523925781e-01 -1.460704114288091660e-02 1.854732930660247803e-01 3.817677497863769531e-01 1.380048226565122604e-02 9.998888969421386719e-01 5.638946779072284698e-03 -3.005621396005153656e-02 -1.855350732803344727e-01 -2.980862278491258621e-03 9.826331138610839844e-01 2.237742900848388672e+00
9.746429920196533203e-01 -1.651091873645782471e-02 2.231549471616744995e-01 5.328390598297119141e-01 1.566041447222232819e-02 9.998618364334106445e-01 5.580480210483074188e-03 -3.406340628862380981e-02 -2.232162803411483765e-01 -1.944267889484763145e-03 9.747670292854309082e-01 2.761475801467895508e+00
9.648202657699584961e-01 -1.762370578944683075e-02 2.623186707496643066e-01 7.151641249656677246e-01 1.750301383435726166e-02 9.998429417610168457e-01 2.796824323013424873e-03 -4.684610664844512939e-02 -2.623267769813537598e-01 1.892943168058991432e-03 9.649773240089416504e-01 3.322264671325683594e+00
9.601925015449523926e-01 -1.890902779996395111e-02 2.786983251571655273e-01 9.257398247718811035e-01 1.777207478880882263e-02 9.998203516006469727e-01 6.605746224522590637e-03 -5.765121430158615112e-02 -2.787731587886810303e-01 -1.389735378324985504e-03 9.603560566902160645e-01 4.006836891174316406e+00
9.567654728889465332e-01 -2.164147235453128815e-02 2.900542020797729492e-01 1.168368697166442871e+00 1.958436332643032074e-02 9.997583031654357910e-01 9.993243031203746796e-03 -6.309979408979415894e-02 -2.902003824710845947e-01 -3.880645846948027611e-03 9.569581151008605957e-01 4.752991676330566406e+00
9.556258916854858398e-01 -2.132415771484375000e-02 2.938100993633270264e-01 1.355692148208618164e+00 1.838915608823299408e-02 9.997496604919433594e-01 1.274852082133293152e-02 -6.810633838176727295e-02 -2.940084338188171387e-01 -6.779879331588745117e-03 9.557788372039794922e-01 5.344754695892333984e+00
9.544751048088073730e-01 -2.507361210882663727e-02 2.972348630428314209e-01 1.522783041000366211e+00 2.179756388068199158e-02 9.996596574783325195e-01 1.433151587843894958e-02 -7.140380889177322388e-02 -2.974931299686431885e-01 -7.200058549642562866e-03 9.546968936920166016e-01 5.871756553649902344e+00
9.520416855812072754e-01 -2.753424085676670074e-02 3.047268688678741455e-01 1.699295997619628906e+00 2.291542291641235352e-02 9.995620846748352051e-01 1.872403733432292938e-02 -7.001128792762756348e-02 -3.051090538501739502e-01 -1.084309443831443787e-02 9.522557854652404785e-01 6.410315990447998047e+00
9.502210021018981934e-01 -2.794919535517692566e-02 3.103204965591430664e-01 1.861325621604919434e+00 2.152203395962715149e-02 9.994774460792541504e-01 2.411657571792602539e-02 -6.636969745159149170e-02 -3.108324706554412842e-01 -1.623732224106788635e-02 9.503260850906372070e-01 6.882673263549804688e+00
9.495403766632080078e-01 -2.796228788793087006e-02 3.123956024646759033e-01 2.004531383514404297e+00 2.073569968342781067e-02 9.994355440139770508e-01 2.643150463700294495e-02 -6.325478106737136841e-02 -3.129584193229675293e-01 -1.862001419067382812e-02 9.495843052864074707e-01 7.324137210845947266e+00
9.500025510787963867e-01 -2.941742166876792908e-02 3.108531534671783447e-01 2.064808845520019531e+00 2.178380638360977173e-02 9.993705153465270996e-01 2.800100483000278473e-02 -5.953549593687057495e-02 -3.114812374114990234e-01 -1.982943527400493622e-02 9.500454068183898926e-01 7.526528835296630859e+00
9.454200267791748047e-01 -3.259585052728652954e-02 3.242196738719940186e-01 2.192865133285522461e+00 2.232789434492588043e-02 9.991258978843688965e-01 3.534052893519401550e-02 -5.211154371500015259e-02 -3.250882625579833984e-01 -2.617248147726058960e-02 9.453214406967163086e-01 7.838086605072021484e+00
9.441785216331481934e-01 -3.521602973341941833e-02 3.275464773178100586e-01 2.307079792022705078e+00 2.358825877308845520e-02 9.989448189735412598e-01 3.940606117248535156e-02 -3.660693019628524780e-02 -3.285886347293853760e-01 -2.948008105158805847e-02 9.440128803253173828e-01 8.154708862304687500e+00
9.309352636337280273e-01 -3.946301713585853577e-02 3.630456328392028809e-01 2.445046901702880859e+00 2.530375495553016663e-02 9.987252354621887207e-01 4.367638751864433289e-02 -2.557064592838287354e-02 -3.643065094947814941e-01 -3.147344291210174561e-02 9.307470321655273438e-01 8.408461570739746094e+00
9.183001518249511719e-01 -3.977445140480995178e-02 3.938817381858825684e-01 2.581390619277954102e+00 2.488550730049610138e-02 9.987720847129821777e-01 4.283827915787696838e-02 -1.798874326050281525e-02 -3.951020240783691406e-01 -2.953642234206199646e-02 9.181622266769409180e-01 8.630563735961914062e+00
9.093232154846191406e-01 -4.472814872860908508e-02 4.136795103549957275e-01 2.718163013458251953e+00 2.822397276759147644e-02 9.985461235046386719e-01 4.592534899711608887e-02 -1.004764065146446228e-02 -4.151323139667510986e-01 -3.008527681231498718e-02 9.092634320259094238e-01 8.869486808776855469e+00
8.999154567718505859e-01 -4.796264320611953735e-02 4.334187209606170654e-01 2.792851686477661133e+00 2.986050210893154144e-02 9.983776211738586426e-01 4.848169162869453430e-02 -2.749431878328323364e-04 -4.350409507751464844e-01 -3.068728931248188019e-02 8.998875021934509277e-01 8.971283912658691406e+00
8.916502594947814941e-01 -4.921674355864524841e-02 4.500418007373809814e-01 2.945848226547241211e+00 2.885042130947113037e-02 9.982298612594604492e-01 5.200651660561561584e-02 3.818486817181110382e-03 -4.518049061298370361e-01 -3.338769078254699707e-02 8.914917111396789551e-01 9.259854316711425781e+00
8.842761516571044922e-01 -4.814200848340988159e-02 4.644761979579925537e-01 3.105266094207763672e+00 2.722666971385478973e-02 9.982946515083312988e-01 5.163663253188133240e-02 1.321234926581382751e-02 -4.661701619625091553e-01 -3.301486372947692871e-02 8.840788006782531738e-01 9.544600486755371094e+00
8.780291676521301270e-01 -4.755237698554992676e-02 4.762391149997711182e-01 3.256514072418212891e+00 2.512336708605289459e-02 9.982593655586242676e-01 5.335664749145507812e-02 3.094153665006160736e-02 -4.779475629329681396e-01 -3.488392382860183716e-02 8.776953220367431641e-01 9.823060989379882812e+00
8.718658089637756348e-01 -4.545937478542327881e-02 4.876306354999542236e-01 3.381984233856201172e+00 2.283494919538497925e-02 9.983730912208557129e-01 5.224523320794105530e-02 4.075464233756065369e-02 -4.892124831676483154e-01 -3.441577032208442688e-02 8.714852929115295410e-01 1.003486442565917969e+01
8.585475683212280273e-01 -4.630213603377342224e-02 5.106392502784729004e-01 3.660845518112182617e+00 2.221044152975082397e-02 9.983378052711486816e-01 5.318123102188110352e-02 6.323426216840744019e-02 -5.122529864311218262e-01 -3.431705385446548462e-02 8.581486940383911133e-01 1.046538448333740234e+01
8.408579826354980469e-01 -4.630572348833084106e-02 5.392715334892272949e-01 3.988718271255493164e+00 1.848510093986988068e-02 9.982092380523681641e-01 5.689048767089843750e-02 8.790823072195053101e-02 -5.409402847290039062e-01 -3.786829859018325806e-02 8.402079939842224121e-01 1.093902492523193359e+01
8.259301781654357910e-01 -4.568900540471076965e-02 5.619181394577026367e-01 4.298279285430908203e+00 1.520702335983514786e-02 9.981535077095031738e-01 5.880690366029739380e-02 1.165785491466522217e-01 -5.635675191879272461e-01 -4.002526402473449707e-02 8.250997066497802734e-01 1.137049293518066406e+01
8.090036511421203613e-01 -4.810532182455062866e-02 5.858320593833923340e-01 4.611386299133300781e+00 1.509693451225757599e-02 9.980171918869018555e-01 6.110357493162155151e-02 1.434605568647384644e-01 -5.876100063323974609e-01 -4.058871418237686157e-02 8.081255555152893066e-01 1.176782798767089844e+01
7.965649962425231934e-01 -5.063511431217193604e-02 6.024288535118103027e-01 5.087314605712890625e+00 1.464744657278060913e-02 9.978101253509521484e-01 6.449981778860092163e-02 1.800812780857086182e-01 -6.043756604194641113e-01 -4.255421832203865051e-02 7.955620288848876953e-01 1.238995265960693359e+01
7.872898578643798828e-01 -5.324535444378852844e-02 6.142799258232116699e-01 5.569269180297851562e+00 1.338021457195281982e-02 9.975050091743469238e-01 6.931427866220474243e-02 2.212272286415100098e-01 -6.164380311965942383e-01 -4.635119810700416565e-02 7.860378026962280273e-01 1.299970340728759766e+01
7.791732549667358398e-01 -5.543350428342819214e-02 6.243527531623840332e-01 5.962015628814697266e+00 1.055818051099777222e-02 9.971009492874145508e-01 7.535179704427719116e-02 2.609861493110656738e-01 -6.267198920249938965e-01 -5.212003365159034729e-02 7.774994373321533203e-01 1.347978973388671875e+01
7.680788636207580566e-01 -5.544005334377288818e-02 6.379510760307312012e-01 6.416407585144042969e+00 1.058674231171607971e-02 9.972082376480102539e-01 7.391440123319625854e-02 3.057307004928588867e-01 -6.402679681777954102e-01 -5.001822113990783691e-02 7.665212154388427734e-01 1.400747871398925781e+01
7.581636309623718262e-01 -5.539415031671524048e-02 6.497074365615844727e-01 6.934947490692138672e+00 9.907912462949752808e-03 9.972485303878784180e-01 7.346362620592117310e-02 3.502880036830902100e-01 -6.519892811775207520e-01 -4.926016181707382202e-02 7.566261887550354004e-01 1.460427474975585938e+01
7.466681599617004395e-01 -5.477315187454223633e-02 6.629381179809570312e-01 7.445069789886474609e+00 9.803645312786102295e-03 9.974018931388854980e-01 7.136522233486175537e-02 3.964638710021972656e-01 -6.651246547698974609e-01 -4.678688570857048035e-02 7.452650666236877441e-01 1.515911006927490234e+01
7.332685589790344238e-01 -5.477824434638023376e-02 6.777292490005493164e-01 7.993091583251953125e+00 1.124625187367200851e-02 9.975900053977966309e-01 6.846341490745544434e-02 4.397848546504974365e-01 -6.798463463783264160e-01 -4.258011281490325928e-02 7.321173548698425293e-01 1.573898506164550781e+01
7.236803770065307617e-01 -5.517762899398803711e-02 6.879262924194335938e-01 8.455558776855468750e+00 9.347418323159217834e-03 9.974907040596008301e-01 7.017407566308975220e-02 4.743374884128570557e-01 -6.900722384452819824e-01 -4.435322061181068420e-02 7.223801016807556152e-01 1.620820999145507812e+01
7.158514261245727539e-01 -5.517195165157318115e-02 6.960698366165161133e-01 8.913078308105468750e+00 9.514705277979373932e-03 9.975513815879821777e-01 6.928285211324691772e-02 5.077270269393920898e-01 -6.981880068778991699e-01 -4.297328740358352661e-02 7.146235108375549316e-01 1.667276191711425781e+01
7.045828700065612793e-01 -5.756084248423576355e-02 7.072835564613342285e-01 9.443420410156250000e+00 1.009858585894107819e-02 9.974169135093688965e-01 7.111267000436782837e-02 5.465242266654968262e-01 -7.095499634742736816e-01 -4.296216368675231934e-02 7.033441066741943359e-01 1.718497467041015625e+01
6.966609954833984375e-01 -5.776212364435195923e-02 7.150714993476867676e-01 9.876708030700683594e+00 9.671275503933429718e-03 9.974186420440673828e-01 7.114725559949874878e-02 5.795754194259643555e-01 -7.173354029655456543e-01 -4.264982417225837708e-02 6.954213380813598633e-01 1.759762191772460938e+01
6.881464123725891113e-01 -5.729412287473678589e-02 7.233064770698547363e-01 1.028377437591552734e+01 9.174476377665996552e-03 9.974845647811889648e-01 7.028359174728393555e-02 6.151047945022583008e-01 -7.255139946937561035e-01 -4.172939807176589966e-02 6.869410872459411621e-01 1.797134208679199219e+01
6.798670887947082520e-01 -5.781760439276695251e-02 7.310528159141540527e-01 1.055922603607177734e+01 8.496279828250408173e-03 9.974409341812133789e-01 7.098427414894104004e-02 6.339939832687377930e-01 -7.332863211631774902e-01 -4.204859212040901184e-02 6.786184310913085938e-01 1.821243858337402344e+01
6.714187860488891602e-01 -5.812278389930725098e-02 7.387955188751220703e-01 1.102231407165527344e+01 8.557830005884170532e-03 9.974609017372131348e-01 7.069515436887741089e-02 6.623148918151855469e-01 -7.410289049148559570e-01 -4.114352166652679443e-02 6.702113747596740723e-01 1.861707115173339844e+01
6.600883007049560547e-01 -5.379253253340721130e-02 7.492596507072448730e-01 1.139411354064941406e+01 5.279379431158304214e-03 9.977399110794067383e-01 6.698084622621536255e-02 6.884691715240478516e-01 -7.511696219444274902e-01 -4.025760293006896973e-02 6.588804125785827637e-01 1.892551994323730469e+01
6.526981592178344727e-01 -5.028573051095008850e-02 7.559475898742675781e-01 1.168912410736083984e+01 3.223754232749342918e-03 9.979697465896606445e-01 6.360155344009399414e-02 7.070506215095520020e-01 -7.576113939285278320e-01 -3.907557204365730286e-02 6.515350937843322754e-01 1.916705894470214844e+01
6.388502717018127441e-01 -5.116972327232360840e-02 7.676277756690979004e-01 1.211711883544921875e+01 1.107657677493989468e-03 9.978453516960144043e-01 6.559403240680694580e-02 7.332927584648132324e-01 -7.693305015563964844e-01 -4.105443507432937622e-02 6.375303864479064941e-01 1.950342559814453125e+01
6.254056096076965332e-01 -5.009493231773376465e-02 7.786903977394104004e-01 1.254929637908935547e+01 1.233171671628952026e-03 9.979988336563110352e-01 6.321306526660919189e-02 7.561507225036621094e-01 -7.802990674972534180e-01 -3.857348114252090454e-02 6.242157816886901855e-01 1.983252906799316406e+01
6.140964031219482422e-01 -5.019182711839675903e-02 7.876335978507995605e-01 1.287582969665527344e+01 1.717375125735998154e-03 9.980579018592834473e-01 6.226203218102455139e-02 7.706485390663146973e-01 -7.892293334007263184e-01 -3.688216209411621094e-02 6.129899024963378906e-01 2.006544685363769531e+01
6.093975901603698730e-01 -4.884293675422668457e-02 7.913591265678405762e-01 1.312744140625000000e+01 1.111598219722509384e-03 9.981518983840942383e-01 6.075019761919975281e-02 7.884649038314819336e-01 -7.928642034530639648e-01 -3.614128381013870239e-02 6.083256006240844727e-01 2.025371360778808594e+01
6.029690504074096680e-01 -5.164529755711555481e-02 7.960912585258483887e-01 1.341834068298339844e+01 2.068554516881704330e-03 9.979997277259826660e-01 6.317701935768127441e-02 8.023004531860351562e-01 -7.977620363235473633e-01 -3.644695505499839783e-02 6.018697023391723633e-01 2.046485710144042969e+01
5.902783274650573730e-01 -5.381781607866287231e-02 8.054038882255554199e-01 1.390858173370361328e+01 3.123447299003601074e-03 9.979192614555358887e-01 6.439264863729476929e-02 8.303223848342895508e-01 -8.071939349174499512e-01 -3.549387305974960327e-02 5.892181396484375000e-01 2.081132507324218750e+01
5.781472921371459961e-01 -5.236784741282463074e-02 8.142502903938293457e-01 1.450411224365234375e+01 2.132219262421131134e-03 9.980313181877136230e-01 6.267356872558593750e-02 8.602858185768127441e-01 -8.159298300743103027e-01 -3.449831530451774597e-02 5.771206617355346680e-01 2.122219276428222656e+01
5.618474483489990234e-01 -5.405424162745475769e-02 8.254730701446533203e-01 1.511773777008056641e+01 2.366850152611732483e-03 9.979633688926696777e-01 6.373836100101470947e-02 9.007940292358398438e-01 -8.272376656532287598e-01 -3.385737910866737366e-02 5.608309507369995117e-01 2.162732505798339844e+01
5.483855605125427246e-01 -5.272996425628662109e-02 8.345615267753601074e-01 1.591240406036376953e+01 6.177753675729036331e-04 9.980347156524658203e-01 6.265267729759216309e-02 9.484378099441528320e-01 -8.362255096435546875e-01 -3.384216874837875366e-02 5.473402142524719238e-01 2.214348030090332031e+01
5.360980033874511719e-01 -5.426112934947013855e-02 8.424100875854492188e-01 1.669088935852050781e+01 4.616504884324967861e-04 9.979501962661743164e-01 6.398590654134750366e-02 9.921667575836181641e-01 -8.441557884216308594e-01 -3.391373530030250549e-02 5.350239872932434082e-01 2.262717056274414062e+01
5.222211480140686035e-01 -5.584207922220230103e-02 8.509799242019653320e-01 1.748927116394042969e+01 -4.997770301997661591e-04 9.978331923484802246e-01 6.578536331653594971e-02 1.036314606666564941e+00 -8.528101444244384766e-01 -3.477972000837326050e-02 5.210614800453186035e-01 2.310619163513183594e+01
5.132737755775451660e-01 -5.858320742845535278e-02 8.562231659889221191e-01 1.818594741821289062e+01 -1.158058759756386280e-03 9.976188540458679199e-01 6.895172595977783203e-02 1.079574584960937500e+00 -8.582243323326110840e-01 -3.638258203864097595e-02 5.119835734367370605e-01 2.351565551757812500e+01
4.995232820510864258e-01 -5.989798903465270996e-02 8.642272353172302246e-01 1.900176811218261719e+01 -2.372344490140676498e-03 9.975079894065856934e-01 7.050658762454986572e-02 1.132119536399841309e+00 -8.662974238395690918e-01 -3.726984560489654541e-02 4.981362223625183105e-01 2.397846603393554688e+01
4.852765500545501709e-01 -6.164726614952087402e-02 8.721848130226135254e-01 1.980729293823242188e+01 -4.037986509501934052e-03 9.973422288894653320e-01 7.274021953344345093e-02 1.185582995414733887e+00 -8.743516206741333008e-01 -3.882091492414474487e-02 4.837377369403839111e-01 2.441067314147949219e+01
4.949837327003479004e-01 -6.426598876714706421e-02 8.665223717689514160e-01 2.044081115722656250e+01 -2.430182415992021561e-03 9.971542358398437500e-01 7.534249126911163330e-02 1.229301214218139648e+00 -8.688991069793701172e-01 -3.939903154969215393e-02 4.934188127517700195e-01 2.478221893310546875e+01
5.009388923645019531e-01 -6.310119479894638062e-02 8.631792664527893066e-01 2.103927040100097656e+01 -1.129245152696967125e-03 9.972895979881286621e-01 7.356037944555282593e-02 1.272408485412597656e+00 -8.654822111129760742e-01 -3.782391548156738281e-02 4.995097815990447998e-01 2.513288497924804688e+01
5.006754994392395020e-01 -6.593177467584609985e-02 8.631205558776855469e-01 2.188137054443359375e+01 -7.053621229715645313e-04 9.970632195472717285e-01 7.657244801521301270e-02 1.335116147994995117e+00 -8.656350374221801758e-01 -3.894667699933052063e-02 4.991585314273834229e-01 2.561939048767089844e+01
4.882988631725311279e-01 -6.542260199785232544e-02 8.702207207679748535e-01 2.271290397644042969e+01 -1.728921430185437202e-03 9.971109628677368164e-01 7.593219727277755737e-02 1.389465332031250000e+00 -8.726750612258911133e-01 -3.858206048607826233e-02 4.867749214172363281e-01 2.607581520080566406e+01
4.764127731323242188e-01 -6.586132943630218506e-02 8.767515420913696289e-01 2.357580184936523438e+01 -2.765528624877333641e-03 9.970726966857910156e-01 7.640250772237777710e-02 1.445578455924987793e+00 -8.792177438735961914e-01 -3.882372751832008362e-02 4.748359024524688721e-01 2.653609466552734375e+01
4.601188898086547852e-01 -6.850279867649078369e-02 8.852107524871826172e-01 2.459570121765136719e+01 -4.110877402126789093e-03 9.968435168266296387e-01 7.927830517292022705e-02 1.514938354492187500e+00 -8.878481388092041016e-01 -4.011635482311248779e-02 4.583847820758819580e-01 2.705913162231445312e+01
4.440986514091491699e-01 -7.006659358739852905e-02 8.932341337203979492e-01 2.560460472106933594e+01 -6.573134101927280426e-03 9.966554641723632812e-01 8.144709467887878418e-02 1.588915348052978516e+00 -8.959541320800781250e-01 -4.204180836677551270e-02 4.421526193618774414e-01 2.754936981201171875e+01
4.294277131557464600e-01 -7.230709493160247803e-02 9.002020359039306641e-01 2.663401412963867188e+01 -9.014136157929897308e-03 9.963961839675903320e-01 8.433374017477035522e-02 1.659764647483825684e+00 -9.030566811561584473e-01 -4.432970657944679260e-02 4.272281825542449951e-01 2.803044891357421875e+01
4.178702831268310547e-01 -7.225310057401657104e-02 9.056291580200195312e-01 2.737365913391113281e+01 -9.514298290014266968e-03 9.964292049407958984e-01 8.388733118772506714e-02 1.718702077865600586e+00 -9.084573984146118164e-01 -4.367036372423171997e-02 4.156905412673950195e-01 2.835967826843261719e+01
4.149752855300903320e-01 -7.334316521883010864e-02 9.068717956542968750e-01 2.805430030822753906e+01 -8.515248075127601624e-03 9.963881969451904297e-01 8.447925746440887451e-02 1.773727416992187500e+00 -9.097933173179626465e-01 -4.277895763516426086e-02 4.128517806529998779e-01 2.866198158264160156e+01
4.159779250621795654e-01 -7.422249019145965576e-02 9.063407182693481445e-01 2.881128120422363281e+01 -7.617391180247068405e-03 9.963435530662536621e-01 8.508912473917007446e-02 1.837158799171447754e+00 -9.093433022499084473e-01 -4.229906946420669556e-02 4.138913750648498535e-01 2.900804328918457031e+01
4.047407209873199463e-01 -7.564643025398254395e-02 9.112972617149353027e-01 2.949835586547851562e+01 -7.866637781262397766e-03 9.962468147277832031e-01 8.619190007448196411e-02 1.888192653656005859e+00 -9.143980741500854492e-01 -4.205413907766342163e-02 4.026263952255249023e-01 2.930337142944335938e+01
4.036678969860076904e-01 -7.443161308765411377e-02 9.118729829788208008e-01 3.026399230957031250e+01 -8.702153339982032776e-03 9.963271021842956543e-01 8.517743647098541260e-02 1.952376723289489746e+00 -9.148645997047424316e-01 -4.231857508420944214e-02 4.015373885631561279e-01 2.963609695434570312e+01
4.007448256015777588e-01 -7.528227567672729492e-02 9.130916595458984375e-01 3.106421089172363281e+01 -8.249106816947460175e-03 9.962808489799499512e-01 8.576145023107528687e-02 2.013542890548706055e+00 -9.161530137062072754e-01 -4.190056771039962769e-02 3.986332118511199951e-01 2.998316383361816406e+01
3.973671495914459229e-01 -7.416982203722000122e-02 9.146575331687927246e-01 3.188058471679687500e+01 -7.538914680480957031e-03 9.964300990104675293e-01 8.407600224018096924e-02 2.076264381408691406e+00 -9.176292419433593750e-01 -4.030448570847511292e-02 3.953892588615417480e-01 3.033497238159179688e+01
4.086191356182098389e-01 -7.077609002590179443e-02 9.099568724632263184e-01 3.272891235351562500e+01 -5.550968926399946213e-03 9.967769980430603027e-01 8.002159744501113892e-02 2.139265298843383789e+00 -9.126886129379272461e-01 -3.774942830204963684e-02 4.069090783596038818e-01 3.071418571472167969e+01
4.160519540309906006e-01 -7.334371656179428101e-02 9.063784480094909668e-01 3.357256317138671875e+01 -3.766441484913229942e-03 9.965937733650207520e-01 8.237279951572418213e-02 2.203227758407592773e+00 -9.093335270881652832e-01 -3.768511861562728882e-02 4.143583774566650391e-01 3.110130119323730469e+01
4.268030226230621338e-01 -7.291675359010696411e-02 9.014003872871398926e-01 3.440470123291015625e+01 -1.322233467362821102e-03 9.966920614242553711e-01 8.125121891498565674e-02 2.265658140182495117e+00 -9.043440818786621094e-01 -3.587006032466888428e-02 4.252946078777313232e-01 3.149503326416015625e+01
4.372827708721160889e-01 -7.299647480249404907e-02 8.963568806648254395e-01 3.525648498535156250e+01 -2.043010317720472813e-04 9.966916441917419434e-01 8.126708865165710449e-02 2.329196214675903320e+00 -8.993244171142578125e-01 -3.571975976228713989e-02 4.358210265636444092e-01 3.190710258483886719e+01
4.482069015502929688e-01 -6.978444755077362061e-02 8.912020325660705566e-01 3.605172348022460938e+01 7.177840452641248703e-04 9.969753623008728027e-01 7.770589739084243774e-02 2.391034364700317383e+00 -8.939298987388610840e-01 -3.418856859207153320e-02 4.469012022018432617e-01 3.230711364746093750e+01
4.595585465431213379e-01 -7.151511311531066895e-02 8.852637410163879395e-01 3.690645599365234375e+01 1.656972919590771198e-03 9.968194365501403809e-01 7.966684550046920776e-02 2.450675964355468750e+00 -8.881462216377258301e-01 -3.514466434717178345e-02 4.582152962684631348e-01 3.275273513793945312e+01
4.674751758575439453e-01 -6.758565455675125122e-02 8.814190030097961426e-01 3.767986679077148438e+01 3.150848206132650375e-03 9.971934556961059570e-01 7.479193061590194702e-02 2.506220340728759766e+00 -8.840008974075317383e-01 -3.218610957264900208e-02 4.663760364055633545e-01 3.316186904907226562e+01
4.704857468605041504e-01 -6.752198934555053711e-02 8.798205852508544922e-01 3.858603668212890625e+01 2.318088896572589874e-03 9.971584081649780273e-01 7.528749853372573853e-02 2.570837259292602539e+00 -8.824048638343811035e-01 -3.338214755058288574e-02 4.693052470684051514e-01 3.364116668701171875e+01
4.727179706096649170e-01 -6.922516971826553345e-02 8.784906864166259766e-01 3.949011230468750000e+01 1.643837080337107182e-03 9.969764351844787598e-01 7.767731696367263794e-02 2.639150142669677734e+00 -8.812125325202941895e-01 -3.527532517910003662e-02 4.714023768901824951e-01 3.412139892578125000e+01
4.741968214511871338e-01 -7.347049564123153687e-02 8.773481845855712891e-01 4.051404953002929688e+01 2.890251809731125832e-03 9.966357946395874023e-01 8.189769089221954346e-02 2.710205078125000000e+00 -8.804143667221069336e-01 -3.629982471466064453e-02 4.728137850761413574e-01 3.466994094848632812e+01
4.770650267601013184e-01 -7.266482710838317871e-02 8.758590817451477051e-01 4.155055618286132812e+01 3.153577214106917381e-03 9.967105388641357422e-01 8.097346127033233643e-02 2.789853334426879883e+00 -8.788625597953796387e-01 -3.586747869849205017e-02 4.757247865200042725e-01 3.522950744628906250e+01
4.791213870048522949e-01 -7.163172960281372070e-02 8.748210668563842773e-01 4.256782531738281250e+01 2.935495460405945778e-03 9.967889189720153809e-01 8.001094311475753784e-02 2.867385149002075195e+00 -8.777440190315246582e-01 -3.576688095927238464e-02 4.777930676937103271e-01 3.577878189086914062e+01
4.802527129650115967e-01 -7.429161667823791504e-02 8.739784955978393555e-01 4.358302307128906250e+01 3.240292426198720932e-03 9.965493083000183105e-01 8.293008059263229370e-02 2.942153453826904297e+00 -8.771244287490844727e-01 -3.699541091918945312e-02 4.788361489772796631e-01 3.633243560791015625e+01
4.827305972576141357e-01 -7.407957315444946289e-02 8.726303577423095703e-01 4.448928070068359375e+01 3.728769253939390182e-03 9.965800046920776367e-01 8.253923803567886353e-02 3.017244815826416016e+00 -8.757612109184265137e-01 -3.659033402800559998e-02 4.813558161258697510e-01 3.682801437377929688e+01
4.840531051158905029e-01 -7.679082453250885010e-02 8.716628551483154297e-01 4.540054321289062500e+01 4.796070046722888947e-03 9.963589310646057129e-01 8.511281758546829224e-02 3.088818550109863281e+00 -8.750257492065429688e-01 -3.701853007078170776e-02 4.826588630676269531e-01 3.733019638061523438e+01
4.856030046939849854e-01 -8.137267827987670898e-02 8.703840970993041992e-01 4.629766082763671875e+01 5.869142711162567139e-03 9.959384799003601074e-01 8.983631432056427002e-02 3.167637586593627930e+00 -8.741599917411804199e-01 -3.851633891463279724e-02 4.841082096099853516e-01 3.782225418090820312e+01
4.875657856464385986e-01 -8.388766646385192871e-02 8.690469861030578613e-01 4.720634460449218750e+01 4.960782825946807861e-03 9.956227540969848633e-01 9.332263469696044922e-02 3.248924255371093750e+00 -8.730723857879638672e-01 -4.118973389267921448e-02 4.858476817607879639e-01 3.832820129394531250e+01
4.904286563396453857e-01 -8.739249408245086670e-02 8.670885562896728516e-01 4.807968139648437500e+01 5.305543541908264160e-03 9.952393770217895508e-01 9.730778634548187256e-02 3.328614234924316406e+00 -8.714655041694641113e-01 -4.312210902571678162e-02 4.885575175285339355e-01 3.881607055664062500e+01
4.928714334964752197e-01 -8.984969556331634521e-02 8.654507398605346680e-01 4.896023178100585938e+01 2.348563866689801216e-03 9.947869181632995605e-01 1.019396781921386719e-01 3.414995193481445312e+00 -8.700993061065673828e-01 -4.821054637432098389e-02 4.905130267143249512e-01 3.931072235107421875e+01
4.936370849609375000e-01 -9.214398264884948730e-02 8.647728562355041504e-01 4.983655929565429688e+01 2.376410877332091331e-03 9.945094585418701172e-01 1.046112626791000366e-01 3.508272409439086914e+00 -8.696650862693786621e-01 -4.958490282297134399e-02 4.911456704139709473e-01 3.980426025390625000e+01
4.941172301769256592e-01 -9.395834803581237793e-02 8.643033504486083984e-01 5.075257110595703125e+01 2.720714779570698738e-03 9.943042993545532227e-01 1.065353378653526306e-01 3.602610349655151367e+00 -8.693913817405700684e-01 -5.028938502073287964e-02 4.915584921836853027e-01 4.031963348388671875e+01
4.934968352317810059e-01 -9.281773120164871216e-02 8.647809028625488281e-01 5.154165267944335938e+01 2.917126985266804695e-03 9.944595098495483398e-01 1.050715669989585876e-01 3.691471099853515625e+00 -8.697430491447448730e-01 -4.932977631688117981e-02 4.910333454608917236e-01 4.076269149780273438e+01
4.938732683658599854e-01 -9.255241602659225464e-02 8.645944595336914062e-01 5.229028701782226562e+01 3.664446529000997543e-03 9.945310950279235840e-01 1.043685749173164368e-01 3.773810863494873047e+00 -8.695265054702758789e-01 -4.837655648589134216e-02 4.915114343166351318e-01 4.118663406372070312e+01
4.928772747516632080e-01 -9.291464090347290039e-02 8.651237487792968750e-01 5.313010406494140625e+01 3.955325111746788025e-03 9.945101141929626465e-01 1.045573726296424866e-01 3.859597206115722656e+00 -8.700901865959167480e-01 -4.811207577586174011e-02 4.905388951301574707e-01 4.165999603271484375e+01
4.928787350654602051e-01 -9.307989478111267090e-02 8.651051521301269531e-01 5.397085189819335938e+01 3.688361030071973801e-03 9.944752454757690430e-01 1.048979312181472778e-01 3.944453954696655273e+00 -8.700904846191406250e-01 -4.851110652089118958e-02 4.904990196228027344e-01 4.213610839843750000e+01
4.909265935420989990e-01 -9.314158558845520020e-02 8.662078380584716797e-01 5.481039810180664062e+01 3.991745412349700928e-03 9.944976568222045898e-01 1.046740114688873291e-01 4.027982234954833984e+00 -8.711920976638793945e-01 -4.792954400181770325e-02 4.885971844196319580e-01 4.260617065429687500e+01
4.903958439826965332e-01 -9.599158912897109985e-02 8.661973476409912109e-01 5.565027618408203125e+01 3.981793764978647232e-03 9.941509962081909180e-01 1.079170852899551392e-01 4.115263462066650391e+00 -8.714910149574279785e-01 -4.947303608059883118e-02 4.879097640514373779e-01 4.307553863525390625e+01
4.902493655681610107e-01 -9.959879517555236816e-02 8.658729195594787598e-01 5.651159286499023438e+01 4.510148428380489349e-03 9.937250614166259766e-01 1.117516607046127319e-01 4.208517074584960938e+00 -8.715707659721374512e-01 -5.088093131780624390e-02 4.876223206520080566e-01 4.356043624877929688e+01
4.902198910713195801e-01 -1.022442504763603210e-01 8.655812144279479980e-01 5.734525299072265625e+01 4.548668861389160156e-03 9.933815002441406250e-01 1.147641614079475403e-01 4.302334785461425781e+00 -8.715871572494506836e-01 -5.232239887118339539e-02 4.874404966831207275e-01 4.402899932861328125e+01
4.878042340278625488e-01 -1.003657355904579163e-01 8.671643733978271484e-01 5.816268539428710938e+01 5.048124585300683975e-03 9.936755299568176270e-01 1.121684536337852478e-01 4.393610477447509766e+00 -8.729386329650878906e-01 -5.033865571022033691e-02 4.852257966995239258e-01 4.448542404174804688e+01
4.852362275123596191e-01 -9.887576848268508911e-02 8.687747716903686523e-01 5.899645996093750000e+01 4.849460907280445099e-03 9.938740134239196777e-01 1.104048267006874084e-01 4.483817100524902344e+00 -8.743698000907897949e-01 -4.935929551720619202e-02 4.827431738376617432e-01 4.494983291625976562e+01
4.837997853755950928e-01 -9.760377556085586548e-02 8.697192072868347168e-01 5.973243331909179688e+01 4.398600663989782333e-03 9.940195083618164062e-01 1.091064959764480591e-01 4.566802024841308594e+00 -8.751678466796875000e-01 -4.896011576056480408e-02 4.813356995582580566e-01 4.535403823852539062e+01
4.828263819217681885e-01 -9.772793203592300415e-02 8.702459931373596191e-01 6.050714111328125000e+01 5.172945559024810791e-03 9.940535426139831543e-01 1.087613850831985474e-01 4.656522750854492188e+00 -8.757010698318481445e-01 -4.801109433174133301e-02 4.804607629776000977e-01 4.577838897705078125e+01
4.821747541427612305e-01 -9.671905636787414551e-02 8.707198500633239746e-01 6.125982284545898438e+01 4.104689229279756546e-03 9.941248297691345215e-01 1.081537753343582153e-01 4.742113113403320312e+00 -8.760657310485839844e-01 -4.857495054602622986e-02 4.797388315200805664e-01 4.619005584716796875e+01
4.829356074333190918e-01 -9.929025173187255859e-02 8.700084090232849121e-01 6.206031036376953125e+01 4.160411655902862549e-03 9.937987327575683594e-01 1.111084669828414917e-01 4.829446315765380859e+00 -8.756463527679443359e-01 -5.003860592842102051e-02 4.803538024425506592e-01 4.663148880004882812e+01
4.836572706699371338e-01 -1.018322706222534180e-01 8.693134188652038574e-01 6.283956909179687500e+01 4.909840878099203110e-03 9.935079813003540039e-01 1.136488690972328186e-01 4.922962665557861328e+00 -8.752440810203552246e-01 -5.069887638092041016e-02 4.810172617435455322e-01 4.706254577636718750e+01
4.802940189838409424e-01 -1.018423140048980713e-01 8.711749315261840820e-01 6.358148193359375000e+01 5.821631755679845810e-03 9.935835599899291992e-01 1.129425838589668274e-01 5.010100364685058594e+00 -8.770886063575744629e-01 -4.917394742369651794e-02 4.778050780296325684e-01 4.746290206909179688e+01
4.786232411861419678e-01 -1.014267131686210632e-01 8.721423745155334473e-01 6.433481597900390625e+01 5.177528131753206253e-03 9.936133623123168945e-01 1.127119213342666626e-01 5.098114490509033203e+00 -8.780055046081542969e-01 -4.943096265196800232e-02 4.760915338993072510e-01 4.787097930908203125e+01
4.757368862628936768e-01 -1.022623628377914429e-01 8.736227154731750488e-01 6.507884216308593750e+01 5.061652045696973801e-03 9.935196638107299805e-01 1.135405823588371277e-01 5.179829120635986328e+00 -8.795734643936157227e-01 -4.959342628717422485e-02 4.731714725494384766e-01 4.827001190185546875e+01
4.738834500312805176e-01 -1.031786426901817322e-01 8.745219111442565918e-01 6.581272125244140625e+01 5.690971389412879944e-03 9.934492111206054688e-01 1.141261905431747437e-01 5.267587184906005859e+00 -8.805696368217468262e-01 -4.910559207201004028e-02 4.713661670684814453e-01 4.866187667846679688e+01
4.718324244022369385e-01 -1.023324653506278992e-01 8.757295012474060059e-01 6.660037994384765625e+01 6.941817235201597214e-03 9.936413168907165527e-01 1.123707294464111328e-01 5.353268623352050781e+00 -8.816614151000976562e-01 -4.694095253944396973e-02 4.695423841476440430e-01 4.908395004272460938e+01
4.694798290729522705e-01 -1.060866564512252808e-01 8.765467405319213867e-01 6.742994689941406250e+01 5.840209312736988068e-03 9.931062459945678711e-01 1.170655414462089539e-01 5.453903198242187500e+00 -8.829243183135986328e-01 -4.984065145254135132e-02 4.668627381324768066e-01 4.951990890502929688e+01
4.693317711353302002e-01 -1.081394106149673462e-01 8.763751983642578125e-01 6.828725433349609375e+01 5.369834136217832565e-03 9.928032159805297852e-01 1.196301430463790894e-01 5.557363033294677734e+00 -8.830059766769409180e-01 -5.144019424915313721e-02 4.665346443653106689e-01 4.997486114501953125e+01
4.694380164146423340e-01 -1.103624552488327026e-01 8.760411143302917480e-01 6.913927459716796875e+01 5.752109456807374954e-03 9.925183057785034180e-01 1.219537258148193359e-01 5.660668849945068359e+00 -8.829470872879028320e-01 -5.221058428287506104e-02 4.665605127811431885e-01 5.042561721801757812e+01
4.708212018013000488e-01 -1.135274991393089294e-01 8.748936653137207031e-01 6.985614776611328125e+01 5.525803659111261368e-03 9.920451045036315918e-01 1.257555186748504639e-01 5.757943630218505859e+00 -8.822117447853088379e-01 -5.437383800745010376e-02 4.677030742168426514e-01 5.080889892578125000e+01
4.728470444679260254e-01 -1.168662309646606445e-01 8.733601570129394531e-01 7.073522186279296875e+01 5.755545105785131454e-03 9.915533065795898438e-01 1.295657902956008911e-01 5.874478340148925781e+00 -8.811261057853698730e-01 -5.623809620738029480e-02 4.695255756378173828e-01 5.127632904052734375e+01
4.734020829200744629e-01 -1.169959083199501038e-01 8.730420470237731934e-01 7.162876129150390625e+01 6.041641812771558762e-03 9.915471076965332031e-01 1.296006441116333008e-01 5.989276409149169922e+00 -8.808261156082153320e-01 -5.607856810092926025e-02 4.701071679592132568e-01 5.175120544433593750e+01
4.745591580867767334e-01 -1.161293536424636841e-01 8.725294470787048340e-01 7.252220153808593750e+01 6.212296895682811737e-03 9.916752576828002930e-01 1.286082565784454346e-01 6.104706287384033203e+00 -8.802020549774169922e-01 -5.561177432537078857e-02 4.713298380374908447e-01 5.223044586181640625e+01
4.770276844501495361e-01 -1.131246015429496765e-01 8.715776205062866211e-01 7.339730072021484375e+01 6.975472439080476761e-03 9.921371936798095703e-01 1.249545812606811523e-01 6.219348907470703125e+00 -8.788610100746154785e-01 -5.352708697319030762e-02 4.740658104419708252e-01 5.270180511474609375e+01
4.792695939540863037e-01 -1.117899715900421143e-01 8.705192208290100098e-01 7.440111541748046875e+01 6.271532736718654633e-03 9.922652244567871094e-01 1.239714473485946655e-01 6.347109794616699219e+00 -8.776457309722900391e-01 -5.395621061325073242e-02 4.762634336948394775e-01 5.324398803710937500e+01
4.813027679920196533e-01 -1.128181666135787964e-01 8.692639470100402832e-01 7.523272705078125000e+01 7.878160104155540466e-03 9.921987056732177734e-01 1.244112849235534668e-01 6.449178218841552734e+00 -8.765193819999694824e-01 -5.303124710917472839e-02 4.784365892410278320e-01 5.369685363769531250e+01
4.842174947261810303e-01 -1.133588925004005432e-01 8.675732016563415527e-01 7.615560913085937500e+01 7.923022843897342682e-03 9.920981526374816895e-01 1.252074986696243286e-01 6.566172122955322266e+00 -8.749120831489562988e-01 -5.375381186604499817e-02 4.812892675399780273e-01 5.420659637451171875e+01
4.871160984039306641e-01 -1.137623041868209839e-01 8.658961653709411621e-01 7.696028137207031250e+01 8.102275431156158447e-03 9.920249581336975098e-01 1.257752031087875366e-01 6.668263912200927734e+00 -8.732999563217163086e-01 -5.425135791301727295e-02 4.841528832912445068e-01 5.465251922607421875e+01
5.097723603248596191e-01 -1.140178367495536804e-01 8.527205586433410645e-01 7.761919403076171875e+01 7.686544209718704224e-03 9.917421936988830566e-01 1.280113160610198975e-01 6.764125347137451172e+00 -8.602753877639770508e-01 -5.870212242007255554e-02 5.064390301704406738e-01 5.506016159057617188e+01
5.197987556457519531e-01 -1.138899922370910645e-01 8.466631770133972168e-01 7.820716094970703125e+01 6.438020151108503342e-03 9.915670752525329590e-01 1.294293552637100220e-01 6.853142261505126953e+00 -8.542648553848266602e-01 -6.182635203003883362e-02 5.161483883857727051e-01 5.542435455322265625e+01
5.291047096252441406e-01 -1.147137209773063660e-01 8.407670855522155762e-01 7.895599365234375000e+01 4.653633572161197662e-03 9.911968111991882324e-01 1.323096454143524170e-01 6.957920074462890625e+00 -8.485441803932189941e-01 -6.609299778938293457e-02 5.249806046485900879e-01 5.589474487304687500e+01
5.348714590072631836e-01 -1.183086633682250977e-01 8.366097807884216309e-01 7.984333801269531250e+01 5.737476516515016556e-03 9.906335473060607910e-01 1.364216655492782593e-01 7.089187622070312500e+00 -8.449143767356872559e-01 -6.816798448562622070e-02 5.305402278900146484e-01 5.645678329467773438e+01
5.395849943161010742e-01 -1.148593425750732422e-01 8.340597152709960938e-01 8.075523376464843750e+01 5.481689702719449997e-03 9.911081790924072266e-01 1.329403221607208252e-01 7.225665092468261719e+00 -8.419136404991149902e-01 -6.716050207614898682e-02 5.354165434837341309e-01 5.703791809082031250e+01
