9.996196031570434570e-01 -2.344363601878285408e-03 2.747938781976699829e-02 6.378764659166336060e-02 2.307242481037974358e-03 9.999963641166687012e-01 1.382499118335545063e-03 -1.406986638903617859e-02 -2.748252823948860168e-02 -1.318571739830076694e-03 9.996213912963867188e-01 1.004628419876098633e+00
9.972142577171325684e-01 -4.698958247900009155e-03 7.444258034229278564e-02 1.373006999492645264e-01 4.809398204088211060e-03 9.999876022338867188e-01 -1.304370351135730743e-03 -2.525493316352367401e-02 -7.443553209304809570e-02 1.658760942518711090e-03 9.972244501113891602e-01 2.088656902313232422e+00
9.975455403327941895e-01 -4.289106000214815140e-04 7.002059370279312134e-02 2.261306941509246826e-01 4.177306254860013723e-04 9.999998807907104492e-01 1.743015600368380547e-04 -3.378302603960037231e-02 -7.002066075801849365e-02 -1.446238020434975624e-04 9.975455999374389648e-01 3.297214031219482422e+00
9.996958374977111816e-01 -1.449499279260635376e-03 2.462548017501831055e-02 2.096560299396514893e-01 1.497150631621479988e-03 9.999970197677612305e-01 -1.916737062856554985e-03 -3.955963253974914551e-02 -2.462263032793998718e-02 1.953022321686148643e-03 9.996950030326843262e-01 4.462687492370605469e+00
9.999367594718933105e-01 -4.404784995131194592e-04 1.124433241784572601e-02 1.947818249464035034e-01 4.790997481904923916e-04 9.999939203262329102e-01 -3.432299010455608368e-03 -6.266315281391143799e-02 -1.124275289475917816e-02 3.437469480559229851e-03 9.999309182167053223e-01 5.769385814666748047e+00
9.995012283325195312e-01 1.397797459503635764e-04 -3.158182278275489807e-02 1.343439519405364990e-01 -1.039807975757867098e-04 9.999992847442626953e-01 1.135177444666624069e-03 -8.962041139602661133e-02 3.158196434378623962e-02 -1.131327357143163681e-03 9.995005726814270020e-01 7.127747535705566406e+00
9.984573125839233398e-01 -2.273711375892162323e-03 -5.547846853733062744e-02 4.842875897884368896e-02 2.200578106567263603e-03 9.999965429306030273e-01 -1.379270805045962334e-03 -1.181223541498184204e-01 5.548141896724700928e-02 1.255058683454990387e-03 9.984589815139770508e-01 8.428140640258789062e+00
9.969136118888854980e-01 6.901951972395181656e-03 -7.820285111665725708e-02 -8.765524625778198242e-02 -6.979134399443864822e-03 9.999753236770629883e-01 -7.136893691495060921e-04 -1.432204842567443848e-01 7.819600403308868408e-02 1.257275231182575226e-03 9.969372749328613281e-01 9.877409934997558594e+00
9.962223172187805176e-01 2.559610875323414803e-03 -8.680251240730285645e-02 -2.423678636550903320e-01 -2.886188216507434845e-03 9.999891519546508789e-01 -3.637017216533422470e-03 -1.785239875316619873e-01 8.679227530956268311e-02 3.873806679621338844e-03 9.962189793586730957e-01 1.156631755828857422e+01
9.948787093162536621e-01 1.507484848843887448e-04 -1.010760590434074402e-01 -4.298266172409057617e-01 -3.027732600457966328e-04 9.999988079071044922e-01 -1.488726120442152023e-03 -1.993574351072311401e-01 1.010757237672805786e-01 1.511705806478857994e-03 9.948776960372924805e-01 1.323810100555419922e+01
9.910050034523010254e-01 -4.883444868028163910e-03 -1.337361335754394531e-01 -6.901501417160034180e-01 4.800609312951564789e-03 9.999880194664001465e-01 -9.418479166924953461e-04 -2.072516232728958130e-01 1.337391436100006104e-01 2.913617645390331745e-04 9.910165667533874512e-01 1.490764045715332031e+01
9.868209362030029297e-01 -7.037691771984100342e-03 -1.616630554199218750e-01 -9.643602371215820312e-01 6.902913097292184830e-03 9.999752044677734375e-01 -1.395356608554720879e-03 -2.287044525146484375e-01 1.616688817739486694e-01 2.610218361951410770e-04 9.868450760841369629e-01 1.657112121582031250e+01
9.821023344993591309e-01 -1.515913754701614380e-02 -1.877371966838836670e-01 -1.391588330268859863e+00 1.492296438664197922e-02 9.998850822448730469e-01 -2.671374939382076263e-03 -2.384254485368728638e-01 1.877561360597610474e-01 -1.780313905328512192e-04 9.822157025337219238e-01 1.859834289550781250e+01
9.752970933914184570e-01 -1.889973320066928864e-02 -2.200874835252761841e-01 -1.866295099258422852e+00 1.897194981575012207e-02 9.998184442520141602e-01 -1.785715343430638313e-03 -2.773155868053436279e-01 2.200812697410583496e-01 -2.433885354548692703e-03 9.754785895347595215e-01 2.058590316772460938e+01
9.674657583236694336e-01 -1.677336916327476501e-02 -2.524454891681671143e-01 -2.342785120010375977e+00 1.819439604878425598e-02 9.998290538787841797e-01 3.295580158010125160e-03 -3.027309775352478027e-01 2.523470520973205566e-01 -7.781453430652618408e-03 9.676055312156677246e-01 2.247562599182128906e+01
9.641612768173217773e-01 -2.436549775302410126e-02 -2.641958296298980713e-01 -2.882424354553222656e+00 2.666823752224445343e-02 9.996311664581298828e-01 5.132440477609634399e-03 -3.254278600215911865e-01 2.639733254909515381e-01 -1.199413649737834930e-02 9.644554257392883301e-01 2.443951416015625000e+01
9.638351202011108398e-01 -2.625164762139320374e-02 -2.652032673358917236e-01 -3.433906555175781250e+00 2.920787781476974487e-02 9.995473623275756836e-01 7.208855357021093369e-03 -3.670892417430877686e-01 2.648939788341522217e-01 -1.469417102634906769e-02 9.641656279563903809e-01 2.652301216125488281e+01
9.609571099281311035e-01 -3.053179569542407990e-02 -2.750079333782196045e-01 -3.988059282302856445e+00 3.500949963927268982e-02 9.993220567703247070e-01 1.138703897595405579e-02 -3.899402022361755371e-01 2.744738161563873291e-01 -2.057034522294998169e-02 9.613745808601379395e-01 2.849510765075683594e+01
9.559158682823181152e-01 -2.557195164263248444e-02 -2.925252318382263184e-01 -4.583057880401611328e+00 3.368521854281425476e-02 9.991739392280578613e-01 2.273103222250938416e-02 -3.893577456474304199e-01 2.917023003101348877e-01 -3.158273175358772278e-02 9.559876918792724609e-01 3.054401779174804688e+01
9.517274498939514160e-01 -2.801797538995742798e-02 -3.056632280349731445e-01 -5.260412216186523438e+00 3.602102026343345642e-02 9.991393089294433594e-01 2.057273127138614655e-02 -3.820249140262603760e-01 3.048236668109893799e-01 -3.058993630111217499e-02 9.519175291061401367e-01 3.258499908447265625e+01
9.488187432289123535e-01 -3.326877206563949585e-02 -3.140640258789062500e-01 -5.868586540222167969e+00 4.358796030282974243e-02 9.987141489982604980e-01 2.588986232876777649e-02 -3.707965612411499023e-01 3.127987980842590332e-01 -3.825419768691062927e-02 9.490488767623901367e-01 3.442275619506835938e+01
9.415462613105773926e-01 -3.763133659958839417e-02 -3.347754776477813721e-01 -6.469909191131591797e+00 5.011634901165962219e-02 9.983301758766174316e-01 2.873076125979423523e-02 -3.519732654094696045e-01 3.331352174282073975e-01 -4.382906481623649597e-02 9.418599605560302734e-01 3.613383102416992188e+01
9.376775622367858887e-01 -4.160735383629798889e-02 -3.450069725513458252e-01 -7.228904247283935547e+00 5.560442432761192322e-02 9.979787468910217285e-01 3.076967224478721619e-02 -3.333047926425933838e-01 3.430293202400207520e-01 -4.803594201803207397e-02 9.380957484245300293e-01 3.826267242431640625e+01
9.289300441741943359e-01 -4.192246496677398682e-02 -3.678745627403259277e-01 -8.049836158752441406e+00 5.972692742943763733e-02 9.975236058235168457e-01 3.714166954159736633e-02 -3.110509812831878662e-01 3.654064536094665527e-01 -5.647402629256248474e-02 9.291334748268127441e-01 4.033518600463867188e+01
9.280088543891906738e-01 -5.014781653881072998e-02 -3.691678643226623535e-01 -8.839704513549804688e+00 6.785586476325988770e-02 9.970764517784118652e-01 3.513206914067268372e-02 -2.638877332210540771e-01 3.663267195224761963e-01 -5.765307322144508362e-02 9.286985993385314941e-01 4.232193756103515625e+01
9.264218807220458984e-01 -5.119944736361503601e-02 -3.729896247386932373e-01 -9.669102668762207031e+00 7.049486786127090454e-02 9.967778325080871582e-01 3.826783597469329834e-02 -2.338256239891052246e-01 3.698284626007080078e-01 -6.174601241946220398e-02 9.270461201667785645e-01 4.430328750610351562e+01
9.181135296821594238e-01 -5.394650250673294067e-02 -3.926290571689605713e-01 -1.043610763549804688e+01 7.652761787176132202e-02 9.961792826652526855e-01 4.207697510719299316e-02 -1.783928126096725464e-01 3.888589739799499512e-01 -6.867840886116027832e-02 9.187339544296264648e-01 4.610928726196289062e+01
9.177922010421752930e-01 -4.948985204100608826e-02 -3.939652144908905029e-01 -1.131657791137695312e+01 7.351060211658477783e-02 9.962281584739685059e-01 4.610625654458999634e-02 -8.698105812072753906e-02 3.901973962783813477e-01 -7.127658277750015259e-02 9.179682731628417969e-01 4.814118957519531250e+01
9.171509146690368652e-01 -5.665339529514312744e-02 -3.944931328296661377e-01 -1.219621372222900391e+01 8.201565593481063843e-02 9.954882264137268066e-01 4.771422967314720154e-02 -2.696311101317405701e-02 3.900100588798522949e-01 -7.611576467752456665e-02 9.176593422889709473e-01 5.018397903442382812e+01
9.140040278434753418e-01 -5.955254286527633667e-02 -4.013107717037200928e-01 -1.301718807220458984e+01 8.531354367733001709e-02 9.952631592750549316e-01 4.661339521408081055e-02 3.566407784819602966e-02 3.966338634490966797e-01 -7.684206962585449219e-02 9.147551655769348145e-01 5.205515289306640625e+01
9.117608666419982910e-01 -5.870127305388450623e-02 -4.065052866935729980e-01 -1.390102386474609375e+01 8.695352077484130859e-02 9.948873519897460938e-01 5.136377364397048950e-02 1.082501113414764404e-01 4.014118313789367676e-01 -8.217853307723999023e-02 9.122036099433898926e-01 5.404768371582031250e+01
9.113901853561401367e-01 -6.452595442533493042e-02 -4.064536392688751221e-01 -1.472967338562011719e+01 9.143135696649551392e-02 9.946966767311096191e-01 4.710468649864196777e-02 1.839025020599365234e-01 4.012585878372192383e-01 -8.009335398674011230e-02 9.124564528465270996e-01 5.591307067871093750e+01
9.072381258010864258e-01 -6.363783031702041626e-02 -4.157758057117462158e-01 -1.556591033935546875e+01 9.434609860181808472e-02 9.940893650054931641e-01 5.371323227882385254e-02 2.485601902008056641e-01 4.099000692367553711e-01 -8.795750886201858521e-02 9.078797101974487305e-01 5.771582412719726562e+01
9.026980400085449219e-01 -6.880373507738113403e-02 -4.247382283210754395e-01 -1.642413902282714844e+01 1.022529676556587219e-01 9.931561350822448730e-01 5.643633008003234863e-02 3.435460329055786133e-01 4.179483354091644287e-01 -9.437569975852966309e-02 9.035555124282836914e-01 5.959616088867187500e+01
9.012999534606933594e-01 -7.016302645206451416e-02 -4.274760782718658447e-01 -1.733327293395996094e+01 1.055763959884643555e-01 9.926187396049499512e-01 5.967779085040092468e-02 4.321287870407104492e-01 4.201335608959197998e-01 -9.891896694898605347e-02 9.020548462867736816e-01 6.152349090576171875e+01
8.953100442886352539e-01 -6.825672090053558350e-02 -4.401832818984985352e-01 -1.823517608642578125e+01 1.071610525250434875e-01 9.921724796295166016e-01 6.410939246416091919e-02 5.076591372489929199e-01 4.323618412017822266e-01 -1.045682802796363831e-01 8.956164717674255371e-01 6.339887619018554688e+01
8.934215307235717773e-01 -6.662912666797637939e-02 -4.442509114742279053e-01 -1.906591415405273438e+01 1.084931194782257080e-01 9.916676282882690430e-01 6.945645064115524292e-02 6.085229516029357910e-01 4.359214305877685547e-01 -1.102520525455474854e-01 8.932061195373535156e-01 6.506731414794921875e+01
8.863393068313598633e-01 -7.149199396371841431e-02 -4.574843347072601318e-01 -2.001782989501953125e+01 1.148533001542091370e-01 9.910766482353210449e-01 6.764143705368041992e-02 7.400028705596923828e-01 4.485662579536437988e-01 -1.124968379735946655e-01 8.866413831710815430e-01 6.696798706054687500e+01
8.827641010284423828e-01 -6.894807517528533936e-02 -4.647300839424133301e-01 -2.090938568115234375e+01 1.145891249179840088e-01 9.908970594406127930e-01 7.065320760011672974e-02 8.403980731964111328e-01 4.556283354759216309e-01 -1.156231164932250977e-01 8.826291561126708984e-01 6.869657135009765625e+01
8.835523724555969238e-01 -7.497330754995346069e-02 -4.622927606105804443e-01 -2.184645080566406250e+01 1.206063702702522278e-01 9.902351498603820801e-01 6.991411000490188599e-02 9.616026878356933594e-01 4.525369107723236084e-01 -1.175282076001167297e-01 8.839669823646545410e-01 7.052271270751953125e+01
8.813342452049255371e-01 -7.790110260248184204e-02 -4.660275578498840332e-01 -2.284436035156250000e+01 1.253002136945724487e-01 9.895350933074951172e-01 7.155254483222961426e-02 1.086158275604248047e+00 4.555766284465789795e-01 -1.214550361037254333e-01 8.818722963333129883e-01 7.242906188964843750e+01
8.803574442863464355e-01 -7.436966896057128906e-02 -4.684443771839141846e-01 -2.396977424621582031e+01 1.243653371930122375e-01 9.892699718475341797e-01 7.666703313589096069e-02 1.237244367599487305e+00 4.577162563800811768e-01 -1.257526129484176636e-01 8.801603913307189941e-01 7.459058380126953125e+01
8.802933692932128906e-01 -7.297900319099426270e-02 -4.687834382057189941e-01 -2.485413360595703125e+01 1.228782758116722107e-01 9.894525408744812012e-01 7.670842111110687256e-02 1.343665242195129395e+00 4.582408666610717773e-01 -1.251291781663894653e-01 8.799762725830078125e-01 7.628110504150390625e+01
8.797917366027832031e-01 -7.916499674320220947e-02 -4.687213003635406494e-01 -2.584346389770507812e+01 1.302018761634826660e-01 9.884582161903381348e-01 7.744301855564117432e-02 1.482327103614807129e+00 4.571807086467742920e-01 -1.291620880365371704e-01 8.799450397491455078e-01 7.817610168457031250e+01
8.792337179183959961e-01 -8.053956180810928345e-02 -4.695335328578948975e-01 -2.680955314636230469e+01 1.317605376243591309e-01 9.882698059082031250e-01 7.721162587404251099e-02 1.640578627586364746e+00 4.578072726726531982e-01 -1.297530233860015869e-01 8.795322775840759277e-01 7.999010467529296875e+01
8.775061964988708496e-01 -9.200845658779144287e-02 -4.706565737724304199e-01 -2.782799148559570312e+01 1.434155851602554321e-01 9.868567585945129395e-01 7.446802407503128052e-02 1.774403452873229980e+00 4.576189219951629639e-01 -1.328456103801727295e-01 8.791685104370117188e-01 8.185581207275390625e+01
8.754991292953491211e-01 -9.422312676906585693e-02 -4.739446640014648438e-01 -2.882959938049316406e+01 1.474235355854034424e-01 9.861273765563964844e-01 7.628137618303298950e-02 1.897311568260192871e+00 4.601823091506958008e-01 -1.366548538208007812e-01 8.772445321083068848e-01 8.377901458740234375e+01
8.701148033142089844e-01 -9.286575019359588623e-02 -4.840210974216461182e-01 -2.987604713439941406e+01 1.491547226905822754e-01 9.856510758399963379e-01 7.902237027883529663e-02 2.020175933837890625e+00 4.697374105453491211e-01 -1.409525424242019653e-01 8.714811801910400391e-01 8.567917633056640625e+01
8.690906167030334473e-01 -9.799624234437942505e-02 -4.848488569259643555e-01 -3.101596641540527344e+01 1.550839990377426147e-01 9.847409725189208984e-01 7.895473390817642212e-02 2.176291704177856445e+00 4.697132408618927002e-01 -1.438111066818237305e-01 8.710269927978515625e-01 8.771643829345703125e+01
8.679818511009216309e-01 -9.859350323677062988e-02 -4.867103397846221924e-01 -3.212887191772460938e+01 1.610123664140701294e-01 9.830201864242553711e-01 8.801209926605224609e-02 2.319220542907714844e+00 4.697685837745666504e-01 -1.547592729330062866e-01 8.691186308860778809e-01 8.980023193359375000e+01
8.670495152473449707e-01 -9.860969334840774536e-02 -4.883660376071929932e-01 -3.323283386230468750e+01 1.624814271926879883e-01 9.825921058654785156e-01 9.006834775209426880e-02 2.478101491928100586e+00 4.709828794002532959e-01 -1.574441194534301758e-01 8.679784536361694336e-01 9.175446319580078125e+01
8.656685352325439453e-01 -1.032094359397888184e-01 -4.898633062839508057e-01 -3.444056320190429688e+01 1.684157103300094604e-01 9.815230965614318848e-01 9.082062542438507080e-02 2.653778791427612305e+00 4.714384675025939941e-01 -1.611212193965911865e-01 8.670558333396911621e-01 9.387790679931640625e+01
8.649014234542846680e-01 -1.029121577739715576e-01 -4.912789165973663330e-01 -3.558609008789062500e+01 1.698779314756393433e-01 9.810127019882202148e-01 9.357105940580368042e-02 2.858150243759155273e+00 4.723210930824279785e-01 -1.643871665000915527e-01 8.659617900848388672e-01 9.595180511474609375e+01
8.631669282913208008e-01 -1.053298935294151306e-01 -4.938106238842010498e-01 -3.673979187011718750e+01 1.722588837146759033e-01 9.807546138763427734e-01 9.190841019153594971e-02 3.004972219467163086e+00 4.746261835098266602e-01 -1.643955409526824951e-01 8.646989464759826660e-01 9.798952484130859375e+01
8.618145585060119629e-01 -1.085729151964187622e-01 -4.954675137996673584e-01 -3.785886764526367188e+01 1.777439862489700317e-01 9.795267581939697266e-01 9.452129155397415161e-02 3.183480262756347656e+00 4.750610888004302979e-01 -1.695261597633361816e-01 8.634686470031738281e-01 9.995601654052734375e+01
8.583811521530151367e-01 -1.093106195330619812e-01 -5.012319684028625488e-01 -3.897926330566406250e+01 1.798055022954940796e-01 9.791635870933532715e-01 9.438467770814895630e-02 3.348169088363647461e+00 4.804707169532775879e-01 -1.711422502994537354e-01 8.601502776145935059e-01 1.018948440551757812e+02
8.596230149269104004e-01 -1.166162565350532532e-01 -4.974428713321685791e-01 -4.009968948364257812e+01 1.862909048795700073e-01 9.781187772750854492e-01 9.262438863515853882e-02 3.539342880249023438e+00 4.757565557956695557e-01 -1.722910851240158081e-01 8.625379800796508789e-01 1.038465728759765625e+02
8.552279472351074219e-01 -1.240761056542396545e-01 -5.031806826591491699e-01 -4.127064132690429688e+01 1.955568641424179077e-01 9.764039516448974609e-01 9.161166101694107056e-02 3.704381465911865234e+00 4.799406826496124268e-01 -1.767492443323135376e-01 8.593118786811828613e-01 1.059019012451171875e+02
8.522781729698181152e-01 -1.318838894367218018e-01 -5.061907172203063965e-01 -4.251725769042968750e+01 2.060133367776870728e-01 9.741131663322448730e-01 9.306919574737548828e-02 3.905493021011352539e+00 4.808126091957092285e-01 -1.836028546094894409e-01 8.573852777481079102e-01 1.080704040527343750e+02
8.514301776885986328e-01 -1.362107992172241211e-01 -5.064718723297119141e-01 -4.370126342773437500e+01 2.094547599554061890e-01 9.736432433128356934e-01 9.026226401329040527e-02 4.079362392425537109e+00 4.808281660079956055e-01 -1.829349249601364136e-01 8.575193285942077637e-01 1.100914535522460938e+02
8.542348742485046387e-01 -1.368994116783142090e-01 -5.015394687652587891e-01 -4.498566818237304688e+01 2.097944468259811401e-01 9.734435081481933594e-01 9.161748737096786499e-02 4.250982284545898438e+00 4.756779372692108154e-01 -1.834830194711685181e-01 8.602702021598815918e-01 1.123184814453125000e+02
8.500216007232666016e-01 -1.380556970834732056e-01 -5.083349347114562988e-01 -4.612655639648437500e+01 2.128147035837173462e-01 9.727827906608581543e-01 9.166949242353439331e-02 4.427252292633056641e+00 4.818439483642578125e-01 -1.861021667718887329e-01 8.562667369842529297e-01 1.142812576293945312e+02
8.514107465744018555e-01 -1.470020115375518799e-01 -5.034785866737365723e-01 -4.734024429321289062e+01 2.233795374631881714e-01 9.701403975486755371e-01 9.449270367622375488e-02 4.608114719390869141e+00 4.745543301105499268e-01 -1.929188817739486694e-01 8.588252663612365723e-01 1.163089065551757812e+02
8.510800004005432129e-01 -1.529684066772460938e-01 -5.022588372230529785e-01 -4.856641769409179688e+01 2.303995788097381592e-01 9.684007763862609863e-01 9.547597914934158325e-02 4.787010669708251953e+00 4.717830717563629150e-01 -1.969778835773468018e-01 8.594304323196411133e-01 1.184271240234375000e+02
8.507588505744934082e-01 -1.505535244941711426e-01 -5.035309791564941406e-01 -4.992588424682617188e+01 2.296569794416427612e-01 9.682727456092834473e-01 9.851578623056411743e-02 4.992417335510253906e+00 4.727234542369842529e-01 -1.994525492191314697e-01 8.583422303199768066e-01 1.207769927978515625e+02
8.508383631706237793e-01 -1.490989327430725098e-01 -5.038293004035949707e-01 -5.121555328369140625e+01 2.279653251171112061e-01 9.686935544013977051e-01 9.830791503190994263e-02 5.218639373779296875e+00 4.733986556529998779e-01 -1.984997391700744629e-01 8.581909537315368652e-01 1.229960250854492188e+02
8.500480055809020996e-01 -1.480392068624496460e-01 -5.054730772972106934e-01 -5.254104232788085938e+01 2.291511148214340210e-01 9.680480360984802246e-01 1.018458306789398193e-01 5.387998580932617188e+00 4.742451608180999756e-01 -2.024035602807998657e-01 8.568105697631835938e-01 1.252247772216796875e+02
8.467981815338134766e-01 -1.563940644264221191e-01 -5.084033012390136719e-01 -5.369138717651367188e+01 2.353909015655517578e-01 9.672945737838745117e-01 9.451045095920562744e-02 5.551792144775390625e+00 4.769949913024902344e-01 -1.997047960758209229e-01 8.559169173240661621e-01 1.271762771606445312e+02
8.430709838867187500e-01 -1.568471938371658325e-01 -5.144224166870117188e-01 -5.501235198974609375e+01 2.375092804431915283e-01 9.667799472808837891e-01 9.447569400072097778e-02 5.760643959045410156e+00 4.825152158737182617e-01 -2.018298208713531494e-01 8.523167371749877930e-01 1.294064636230468750e+02
8.438737392425537109e-01 -1.528325974941253662e-01 -5.143146514892578125e-01 -5.627553939819335938e+01 2.343849837779998779e-01 9.672785401344299316e-01 9.713819622993469238e-02 5.963221549987792969e+00 4.826398193836212158e-01 -2.025199979543685913e-01 8.520824909210205078e-01 1.315606994628906250e+02
8.438520431518554688e-01 -1.562163084745407104e-01 -5.133326649665832520e-01 -5.740687942504882812e+01 2.364253699779510498e-01 9.670569896697998047e-01 9.435972571372985840e-02 6.144254207611083984e+00 4.816815257072448730e-01 -2.009905129671096802e-01 8.529863953590393066e-01 1.334409484863281250e+02
8.453652858734130859e-01 -1.629970967769622803e-01 -5.087137818336486816e-01 -5.863476943969726562e+01 2.422527372837066650e-01 9.657322764396667480e-01 9.313772618770599365e-02 6.323159694671630859e+00 4.761002957820892334e-01 -2.019727081060409546e-01 8.558830022811889648e-01 1.354945220947265625e+02
8.423523902893066406e-01 -1.681568026542663574e-01 -5.120214223861694336e-01 -5.989010238647460938e+01 2.521919310092926025e-01 9.626252651214599609e-01 9.875063598155975342e-02 6.497211456298828125e+00 4.762793183326721191e-01 -2.123105227947235107e-01 8.532775044441223145e-01 1.375788879394531250e+02
8.392397761344909668e-01 -1.666950732469558716e-01 -5.175804495811462402e-01 -6.126126098632812500e+01 2.547526359558105469e-01 9.614600539207458496e-01 1.034193560481071472e-01 6.712917327880859375e+00 4.803935587406158447e-01 -2.186486274003982544e-01 8.493615388870239258e-01 1.398299407958984375e+02
8.297730684280395508e-01 -1.708455830812454224e-01 -5.313084125518798828e-01 -6.252421188354492188e+01 2.618252336978912354e-01 9.598948955535888672e-01 1.002462655305862427e-01 6.927452087402343750e+00 4.928736984729766846e-01 -2.222916185855865479e-01 8.412265777587890625e-01 1.418928985595703125e+02
8.288855552673339844e-01 -1.755527406930923462e-01 -5.311592817306518555e-01 -6.386845397949218750e+01 2.695451974868774414e-01 9.573309421539306641e-01 1.042249128222465515e-01 7.166679859161376953e+00 4.901982843875885010e-01 -2.295619696378707886e-01 8.408371806144714355e-01 1.440345764160156250e+02
8.256821036338806152e-01 -1.774777173995971680e-01 -5.354914069175720215e-01 -6.539002990722656250e+01 2.745591402053833008e-01 9.556409716606140137e-01 1.066190153360366821e-01 7.422478675842285156e+00 4.928150773048400879e-01 -2.350574731826782227e-01 8.377836942672729492e-01 1.464277038574218750e+02
8.237859606742858887e-01 -1.716475188732147217e-01 -5.402908325195312500e-01 -6.674277496337890625e+01 2.740272283554077148e-01 9.548878073692321777e-01 1.144488453865051270e-01 7.665717124938964844e+00 4.962722063064575195e-01 -2.423357367515563965e-01 8.336591124534606934e-01 1.485809020996093750e+02
8.166623711585998535e-01 -1.750665307044982910e-01 -5.499224066734313965e-01 -6.813586425781250000e+01 2.813474535942077637e-01 9.527493715286254883e-01 1.145094931125640869e-01 7.886559963226318359e+00 5.038914084434509277e-01 -2.482348382472991943e-01 8.273289203643798828e-01 1.507650146484375000e+02
8.172942996025085449e-01 -1.706719398498535156e-01 -5.503649115562438965e-01 -6.959632873535156250e+01 2.803476452827453613e-01 9.522390365600585938e-01 1.210215836763381958e-01 8.127650260925292969e+00 5.034238696098327637e-01 -2.532037198543548584e-01 8.261068463325500488e-01 1.530168762207031250e+02
8.137660622596740723e-01 -1.674329936504364014e-01 -5.565531849861145020e-01 -7.106032562255859375e+01 2.801863253116607666e-01 9.519971013069152832e-01 1.232772991061210632e-01 8.408253669738769531e+00 5.091962218284606934e-01 -2.562574148178100586e-01 8.216152787208557129e-01 1.552638244628906250e+02
8.108635544776916504e-01 -1.678328961133956909e-01 -5.606539249420166016e-01 -7.252887725830078125e+01 2.811061739921569824e-01 9.519426226615905762e-01 1.215927451848983765e-01 8.672677040100097656e+00 5.133029222488403320e-01 -2.561983764171600342e-01 8.190743327140808105e-01 1.574374694824218750e+02
8.091214895248413086e-01 -1.686992794275283813e-01 -5.629062056541442871e-01 -7.400896453857421875e+01 2.844277620315551758e-01 9.506534934043884277e-01 1.239318996667861938e-01 8.964607238769531250e+00 5.142213702201843262e-01 -2.603820562362670898e-01 8.171767592430114746e-01 1.596359863281250000e+02
8.057612776756286621e-01 -1.731832772493362427e-01 -5.663539171218872070e-01 -7.546178436279296875e+01 2.909746170043945312e-01 9.486765265464782715e-01 1.238821446895599365e-01 9.222781181335449219e+00 5.158321857452392578e-01 -2.646139860153198242e-01 8.147986531257629395e-01 1.617244415283203125e+02
8.019523024559020996e-01 -1.733071357011795044e-01 -5.716971158981323242e-01 -7.701931762695312500e+01 2.922192215919494629e-01 9.484884738922119141e-01 1.223830506205558777e-01 9.498776435852050781e+00 5.210381150245666504e-01 -2.652062177658081055e-01 8.112861514091491699e-01 1.639242553710937500e+02
7.992503046989440918e-01 -1.737677752971649170e-01 -5.753296017646789551e-01 -7.858061218261718750e+01 2.963251173496246338e-01 9.467794895172119141e-01 1.256986856460571289e-01 9.777342796325683594e+00 5.228677392005920410e-01 -2.709493041038513184e-01 8.082054257392883301e-01 1.661466217041015625e+02
7.931266427040100098e-01 -1.755131781101226807e-01 -5.832200646400451660e-01 -8.007041931152343750e+01 3.008831739425659180e-01 9.454806447029113770e-01 1.246427744626998901e-01 1.005280113220214844e+01 5.295466780662536621e-01 -2.743385732173919678e-01 8.026947975158691406e-01 1.682683868408203125e+02
7.928053140640258789e-01 -1.774400919675827026e-01 -5.830737948417663574e-01 -8.151766967773437500e+01 3.051543235778808594e-01 9.436975717544555664e-01 1.277337372303009033e-01 1.031343269348144531e+01 5.275802016258239746e-01 -2.791954874992370605e-01 8.023149967193603516e-01 1.702946319580078125e+02
7.924320697784423828e-01 -1.807801872491836548e-01 -5.825548171997070312e-01 -8.304689025878906250e+01 3.088325858116149902e-01 9.425168037414550781e-01 1.276111453771591187e-01 1.059658527374267578e+01 5.259980559349060059e-01 -2.810350954532623291e-01 8.027113676071166992e-01 1.724167175292968750e+02
7.966767549514770508e-01 -1.857224553823471069e-01 -5.751637816429138184e-01 -8.461899566650390625e+01 3.118696808815002441e-01 9.414665102958679199e-01 1.279772222042083740e-01 1.092598628997802734e+01 5.177291035652160645e-01 -2.813326418399810791e-01 8.079657554626464844e-01 1.745632934570312500e+02
7.945475578308105469e-01 -1.842555105686187744e-01 -5.785707831382751465e-01 -8.615814971923828125e+01 3.144238293170928955e-01 9.399989247322082520e-01 1.324379444122314453e-01 1.120575809478759766e+01 5.194534063339233398e-01 -2.871447205543518066e-01 8.048081994056701660e-01 1.767503662109375000e+02
7.924086451530456543e-01 -1.877496391534805298e-01 -5.803780555725097656e-01 -8.757188415527343750e+01 3.177307844161987305e-01 9.392309188842773438e-01 1.299710571765899658e-01 1.149311256408691406e+01 5.207069516181945801e-01 -2.873941957950592041e-01 8.039086461067199707e-01 1.787844238281250000e+02
7.894768118858337402e-01 -1.863251477479934692e-01 -5.848156809806823730e-01 -8.900894927978515625e+01 3.199402391910552979e-01 9.380506873130798340e-01 1.330384463071823120e-01 1.177553844451904297e+01 5.237984061241149902e-01 -2.921368777751922607e-01 8.001822233200073242e-01 1.807796783447265625e+02
7.861649990081787109e-01 -1.811216622591018677e-01 -5.908803939819335938e-01 -9.048702239990234375e+01 3.224431276321411133e-01 9.358556866645812988e-01 1.421434581279754639e-01 1.205211162567138672e+01 5.272334814071655273e-01 -3.022735416889190674e-01 7.941384315490722656e-01 1.828373260498046875e+02
7.798858880996704102e-01 -1.770099401473999023e-01 -6.003711819648742676e-01 -9.199963378906250000e+01 3.244162499904632568e-01 9.346000552177429199e-01 1.458667218685150146e-01 1.238252258300781250e+01 5.352870821952819824e-01 -3.085295557975769043e-01 7.863063216209411621e-01 1.848826293945312500e+02
7.811836004257202148e-01 -1.758709102869033813e-01 -5.990172624588012695e-01 -9.347219848632812500e+01 3.260919451713562012e-01 9.331541657447814941e-01 1.512861698865890503e-01 1.272416305541992188e+01 5.323686599731445312e-01 -3.135169744491577148e-01 7.863149046897888184e-01 1.868341979980468750e+02
7.752113938331604004e-01 -1.792573332786560059e-01 -6.057344079017639160e-01 -9.492007446289062500e+01 3.304834067821502686e-01 9.322854280471801758e-01 1.470537185668945312e-01 1.303297233581542969e+01 5.383569598197937012e-01 -3.141828775405883789e-01 7.819598913192749023e-01 1.887246246337890625e+02
7.761626243591308594e-01 -1.814658492803573608e-01 -6.038557887077331543e-01 -9.631352996826171875e+01 3.321606516838073730e-01 9.317051768302917480e-01 1.469523459672927856e-01 1.334074020385742188e+01 5.359487533569335938e-01 -3.146360516548156738e-01 7.834305167198181152e-01 1.905409240722656250e+02
7.710011601448059082e-01 -1.799621731042861938e-01 -6.108771562576293945e-01 -9.774449920654296875e+01 3.358012139797210693e-01 9.299342036247253418e-01 1.498667448759078979e-01 1.365829944610595703e+01 5.411052107810974121e-01 -3.206807076930999756e-01 7.774118781089782715e-01 1.923947906494140625e+02
7.634400129318237305e-01 -1.831189095973968506e-01 -6.193761825561523438e-01 -9.909420776367187500e+01 3.434888124465942383e-01 9.272217750549316406e-01 1.492490917444229126e-01 1.395205593109130859e+01 5.469686985015869141e-01 -3.266915082931518555e-01 7.707775831222534180e-01 1.940772705078125000e+02
7.624528408050537109e-01 -1.877507269382476807e-01 -6.192054152488708496e-01 -1.005370178222656250e+02 3.454375267028808594e-01 9.272994995117187500e-01 1.441827416419982910e-01 1.425844573974609375e+01 5.471183657646179199e-01 -3.238292932510375977e-01 7.718783617019653320e-01 1.958746337890625000e+02
7.545891404151916504e-01 -1.874340623617172241e-01 -6.288591027259826660e-01 -1.019746704101562500e+02 3.525181114673614502e-01 9.240968227386474609e-01 1.475675106048583984e-01 1.455930233001708984e+01 5.534673929214477539e-01 -3.330369889736175537e-01 7.633873224258422852e-01 1.976981353759765625e+02
7.535543441772460938e-01 -1.844229251146316528e-01 -6.309866309165954590e-01 -1.035348129272460938e+02 3.538337051868438721e-01 9.227306842803955078e-01 1.528721600770950317e-01 1.489625644683837891e+01 5.540375113487243652e-01 -3.384617269039154053e-01 7.605827450752258301e-01 1.996168518066406250e+02
7.490757703781127930e-01 -1.841315925121307373e-01 -6.363813281059265137e-01 -1.050578231811523438e+02 3.566835522651672363e-01 9.215790629386901855e-01 1.531962454319000244e-01 1.522133731842041016e+01 5.582673549652099609e-01 -3.417422473430633545e-01 7.560092210769653320e-01 2.014516601562500000e+02
7.408311367034912109e-01 -1.849866956472396851e-01 -6.457161903381347656e-01 -1.064634323120117188e+02 3.635165691375732422e-01 9.187970757484436035e-01 1.538434177637100220e-01 1.556616497039794922e+01 5.648230910301208496e-01 -3.487004041671752930e-01 7.479190826416015625e-01 2.031399688720703125e+02
7.401938438415527344e-01 -1.867163628339767456e-01 -6.459490656852722168e-01 -1.080270385742187500e+02 3.688633441925048828e-01 9.159713983535766602e-01 1.579128056764602661e-01 1.590165615081787109e+01 5.621858239173889160e-01 -3.551529645919799805e-01 7.468691468238830566e-01 2.049715728759765625e+02
7.388970851898193359e-01 -1.917113363742828369e-01 -6.459706425666809082e-01 -1.094580078125000000e+02 3.754827678203582764e-01 9.131787419319152832e-01 1.584847271442413330e-01 1.622630119323730469e+01 5.595032572746276855e-01 -3.596546649932861328e-01 7.467293739318847656e-01 2.066768493652343750e+02
7.382877469062805176e-01 -1.957453340291976929e-01 -6.454573273658752441e-01 -1.107996826171875000e+02 3.811056613922119141e-01 9.106243848800659180e-01 1.597552895545959473e-01 1.652083206176757812e+01 5.564978122711181641e-01 -3.639326989650726318e-01 7.469024658203125000e-01 2.082383575439453125e+02
7.395916581153869629e-01 -1.968227773904800415e-01 -6.436342597007751465e-01 -1.122266159057617188e+02 3.826604485511779785e-01 9.096573591232299805e-01 1.615378111600875854e-01 1.683124923706054688e+01 5.536923408508300781e-01 -3.657653331756591797e-01 7.480913996696472168e-01 2.098860168457031250e+02
7.393679022789001465e-01 -2.017946243286132812e-01 -6.423504352569580078e-01 -1.135049591064453125e+02 3.889593780040740967e-01 9.067469239234924316e-01 1.628511250019073486e-01 1.713089942932128906e+01 5.495868325233459473e-01 -3.702550530433654785e-01 7.489096522331237793e-01 2.113970794677734375e+02
7.424338459968566895e-01 -2.092788517475128174e-01 -6.363916993141174316e-01 -1.147819290161132812e+02 3.930684924125671387e-01 9.053319096565246582e-01 1.608452945947647095e-01 1.742656898498535156e+01 5.424841642379760742e-01 -3.695624172687530518e-01 7.544101476669311523e-01 2.129187927246093750e+02
7.378051280975341797e-01 -2.105612754821777344e-01 -6.413326263427734375e-01 -1.162010345458984375e+02 4.006914198398590088e-01 9.012187719345092773e-01 1.650788784027099609e-01 1.776439666748046875e+01 5.432217717170715332e-01 -3.787724375724792480e-01 7.492941021919250488e-01 2.146159362792968750e+02
7.376903295516967773e-01 -2.107840180397033691e-01 -6.413915157318115234e-01 -1.177667465209960938e+02 4.023590981960296631e-01 9.001294970512390137e-01 1.669550538063049316e-01 1.813788032531738281e+01 5.421439409255981445e-01 -3.812307417392730713e-01 7.488278746604919434e-01 2.164986572265625000e+02
7.369002103805541992e-01 -2.155409157276153564e-01 -6.407184600830078125e-01 -1.194225006103515625e+02 4.093019962310791016e-01 8.965864777565002441e-01 1.691283881664276123e-01 1.852149200439453125e+01 5.380054712295532227e-01 -3.868779838085174561e-01 7.489163875579833984e-01 2.184536437988281250e+02
7.335926294326782227e-01 -2.129946947097778320e-01 -6.453488469123840332e-01 -1.211434173583984375e+02 4.111281037330627441e-01 8.952268362045288086e-01 1.718791276216506958e-01 1.892090225219726562e+01 5.411242842674255371e-01 -3.914102017879486084e-01 7.443001866340637207e-01 2.204996185302734375e+02
7.312374711036682129e-01 -2.172759324312210083e-01 -6.465933322906494141e-01 -1.226232757568359375e+02 4.178413748741149902e-01 8.919308781623840332e-01 1.728229820728302002e-01 1.927268981933593750e+01 5.391663312911987305e-01 -3.965480029582977295e-01 7.430003881454467773e-01 2.222207336425781250e+02
7.262808680534362793e-01 -2.174301445484161377e-01 -6.521044373512268066e-01 -1.243153762817382812e+02 4.218874573707580566e-01 8.899629712104797363e-01 1.731379479169845581e-01 1.967418289184570312e+01 5.427033901214599609e-01 -4.008613824844360352e-01 7.380943894386291504e-01 2.241458892822265625e+02
7.166702747344970703e-01 -2.159022837877273560e-01 -6.631515026092529297e-01 -1.258809738159179688e+02 4.258922040462493896e-01 8.884666562080383301e-01 1.710051894187927246e-01 2.004281806945800781e+01 5.522674918174743652e-01 -4.049853086471557617e-01 7.286889553070068359e-01 2.259112243652343750e+02
7.148017287254333496e-01 -2.152798622846603394e-01 -6.653668880462646484e-01 -1.275946655273437500e+02 4.281136989593505859e-01 8.870265483856201172e-01 1.729234009981155396e-01 2.044604682922363281e+01 5.529710650444030762e-01 -4.084585309028625488e-01 7.262125611305236816e-01 2.277792968750000000e+02
7.108621597290039062e-01 -2.075809091329574585e-01 -6.720008254051208496e-01 -1.292301635742187500e+02 4.268431663513183594e-01 8.867102265357971191e-01 1.776226907968521118e-01 2.083020782470703125e+01 5.589988231658935547e-01 -4.131041169166564941e-01 7.189334630966186523e-01 2.295612792968750000e+02
7.063271999359130859e-01 -2.071220725774765015e-01 -6.769064068794250488e-01 -1.307152404785156250e+02 4.297156035900115967e-01 8.853482007980346680e-01 1.774909049272537231e-01 2.118385696411132812e+01 5.625354647636413574e-01 -4.162437915802001953e-01 7.143493294715881348e-01 2.311773681640625000e+02
6.892729401588439941e-01 -2.094115167856216431e-01 -6.935774087905883789e-01 -1.321353607177734375e+02 4.371176362037658691e-01 8.836497068405151367e-01 1.676049530506134033e-01 2.151031684875488281e+01 5.777808427810668945e-01 -4.187003374099731445e-01 7.006134986877441406e-01 2.326390991210937500e+02
6.850616931915283203e-01 -2.192478179931640625e-01 -6.947091817855834961e-01 -1.336398162841796875e+02 4.489596486091613770e-01 8.780711889266967773e-01 1.656087934970855713e-01 2.184647560119628906e+01 5.736945271492004395e-01 -4.253485202789306641e-01 6.999665498733520508e-01 2.341772308349609375e+02
6.831099390983581543e-01 -2.190982997417449951e-01 -6.966755390167236328e-01 -1.351912536621093750e+02 4.507287144660949707e-01 8.770673274993896484e-01 1.661223918199539185e-01 2.217661666870117188e+01 5.746339559555053711e-01 -4.274913966655731201e-01 6.978874206542968750e-01 2.357323913574218750e+02
6.781623959541320801e-01 -2.248352468013763428e-01 -6.996748447418212891e-01 -1.367624053955078125e+02 4.584748446941375732e-01 8.735033869743347168e-01 1.636847853660583496e-01 2.252225112915039062e+01 5.743660926818847656e-01 -4.317880570888519287e-01 6.954585909843444824e-01 2.373129577636718750e+02
6.690858602523803711e-01 -2.212954014539718628e-01 -7.094733715057373047e-01 -1.382620391845703125e+02 4.568481445312500000e-01 8.754402995109558105e-01 1.577786952257156372e-01 2.284609222412109375e+01 5.861857533454895020e-01 -4.296889305114746094e-01 6.868432760238647461e-01 2.388193817138671875e+02
6.619296073913574219e-01 -2.169749438762664795e-01 -7.174754738807678223e-01 -1.398848876953125000e+02 4.566023945808410645e-01 8.758170008659362793e-01 1.563932895660400391e-01 2.316260337829589844e+01 5.944436788558959961e-01 -4.311222434043884277e-01 6.788006424903869629e-01 2.403699188232421875e+02
6.531522870063781738e-01 -2.149548232555389404e-01 -7.260761260986328125e-01 -1.416425170898437500e+02 4.607009589672088623e-01 8.737835288047790527e-01 1.557466834783554077e-01 2.351135635375976562e+01 6.009547114372253418e-01 -4.362301230430603027e-01 6.697437167167663574e-01 2.419920196533203125e+02
6.525272130966186523e-01 -2.126563340425491333e-01 -7.273139357566833496e-01 -1.434383392333984375e+02 4.565567374229431152e-01 8.763750791549682617e-01 1.533712297677993774e-01 2.386136054992675781e+01 6.047843098640441895e-01 -4.321388006210327148e-01 6.689483523368835449e-01 2.436320037841796875e+02
6.463270187377929688e-01 -2.130232453346252441e-01 -7.327226400375366211e-01 -1.452839202880859375e+02 4.627207219600677490e-01 8.729607462882995605e-01 1.543667614459991455e-01 2.419455718994140625e+01 6.067542433738708496e-01 -4.388171732425689697e-01 6.627885103225708008e-01 2.453722991943359375e+02
6.378353834152221680e-01 -2.074223607778549194e-01 -7.417155504226684570e-01 -1.470427246093750000e+02 4.687204062938690186e-01 8.687099814414978027e-01 1.601377129554748535e-01 2.454293251037597656e+01 6.111195087432861328e-01 -4.497985541820526123e-01 6.513171792030334473e-01 2.469790649414062500e+02
