9.999845623970031738e-01 -8.297163294628262520e-04 -5.496941041201353073e-03 -2.775127533823251724e-03 8.187524508684873581e-04 9.999976754188537598e-01 -1.996103907003998756e-03 -1.948318630456924438e-02 5.498584825545549393e-03 1.991571625694632530e-03 9.999828934669494629e-01 1.512318849563598633e+00
9.999291300773620605e-01 -1.803097431547939777e-03 -1.176785118877887726e-02 -1.302010379731655121e-02 1.791494665667414665e-03 9.999979138374328613e-01 -9.963497286662459373e-04 -4.088490828871726990e-02 1.176962349563837051e-02 9.751950274221599102e-04 9.999302625656127930e-01 2.991210460662841797e+00
9.998497366905212402e-01 -1.742388936690986156e-03 -1.724770106375217438e-02 -3.436829522252082825e-02 1.688175019808113575e-03 9.999936223030090332e-01 -3.157134167850017548e-03 -6.631133705377578735e-02 1.725309342145919800e-02 3.127540461719036102e-03 9.998462796211242676e-01 4.480761528015136719e+00
9.997339248657226562e-01 -2.989171072840690613e-03 -2.287199534475803375e-02 -6.440630555152893066e-02 2.803098410367965698e-03 9.999628067016601562e-01 -8.162767626345157623e-03 -9.395320713520050049e-02 2.289554849267005920e-02 8.096479810774326324e-03 9.997050762176513672e-01 5.882388114929199219e+00
9.995310306549072266e-01 -5.051780026406049728e-03 -3.019971959292888641e-02 -1.052134335041046143e-01 4.651222843676805496e-03 9.999005198478698730e-01 -1.331870444118976593e-02 -1.278955042362213135e-01 3.026400320231914520e-02 1.317198574542999268e-02 9.994551539421081543e-01 7.260091781616210938e+00
9.992849230766296387e-01 -5.326495505869388580e-03 -3.743002563714981079e-02 -1.532899737358093262e-01 4.839790519326925278e-03 9.999027848243713379e-01 -1.308129727840423584e-02 -1.598549336194992065e-01 3.749606758356094360e-02 1.289078313857316971e-02 9.992135763168334961e-01 8.617006301879882812e+00
9.990146756172180176e-01 -6.032793316990137100e-03 -4.396568983793258667e-02 -2.147978395223617554e-01 5.325215868651866913e-03 9.998548030853271484e-01 -1.619284413754940033e-02 -2.012379765510559082e-01 4.405699670314788818e-02 1.594275422394275665e-02 9.989017248153686523e-01 1.009203624725341797e+01
9.987389445304870605e-01 -6.023324094712734222e-03 -4.983877763152122498e-02 -2.801706790924072266e-01 5.142433568835258484e-03 9.998287558555603027e-01 -1.778380386531352997e-02 -2.402279078960418701e-01 4.993735998868942261e-02 1.750507764518260956e-02 9.985988736152648926e-01 1.147453880310058594e+01
9.984152317047119141e-01 -7.366832345724105835e-03 -5.578850582242012024e-02 -3.499495983123779297e-01 6.082314997911453247e-03 9.997134208679199219e-01 -2.315920963883399963e-02 -2.818761765956878662e-01 5.594312772154808044e-02 2.278317697346210480e-02 9.981739521026611328e-01 1.286733913421630859e+01
9.980287551879882812e-01 -9.629097767174243927e-03 -6.201199069619178772e-02 -4.354380369186401367e-01 8.047018200159072876e-03 9.996371865272521973e-01 -2.571143023669719696e-02 -3.396338522434234619e-01 6.223706528544425964e-02 2.516172453761100769e-02 9.977441430091857910e-01 1.437487030029296875e+01
9.977944493293762207e-01 -9.981588460505008698e-03 -6.562155485153198242e-02 -5.320043563842773438e-01 8.299336768686771393e-03 9.996313452720642090e-01 -2.585805580019950867e-02 -4.051224589347839355e-01 6.585545837879180908e-02 2.525640092790126801e-02 9.975094199180603027e-01 1.587847900390625000e+01
9.975079298019409180e-01 -9.084952995181083679e-03 -6.996358931064605713e-02 -6.313266754150390625e-01 7.324868813157081604e-03 9.996513724327087402e-01 -2.537236176431179047e-02 -4.606935381889343262e-01 7.016970217227935791e-02 2.479665167629718781e-02 9.972267150878906250e-01 1.737899589538574219e+01
9.968652725219726562e-01 -8.833107538521289825e-03 -7.862018048763275146e-02 -7.406376600265502930e-01 6.669233087450265884e-03 9.995930194854736328e-01 -2.774291113018989563e-02 -5.139117240905761719e-01 7.883322983980178833e-02 2.713160030543804169e-02 9.965184330940246582e-01 1.881288528442382812e+01
9.961813688278198242e-01 -1.062477845698595047e-02 -8.665671199560165405e-02 -8.541415929794311523e-01 8.117286488413810730e-03 9.995396733283996582e-01 -2.923679165542125702e-02 -5.735705494880676270e-01 8.692745119333267212e-02 2.842171862721443176e-02 9.958090186119079590e-01 2.018506622314453125e+01
9.957277774810791016e-01 -1.151321548968553543e-02 -9.161443263292312622e-02 -9.861110448837280273e-01 8.573747240006923676e-03 9.994378685951232910e-01 -3.241397812962532043e-02 -6.419801712036132812e-01 9.193611145019531250e-02 3.149000555276870728e-02 9.952667355537414551e-01 2.162911224365234375e+01
9.949211478233337402e-01 -1.464490499347448349e-02 -9.958352893590927124e-02 -1.121975779533386230e+00 1.118721533566713333e-02 9.993180632591247559e-01 -3.519136086106300354e-02 -7.126410007476806641e-01 1.000309884548187256e-01 3.389855101704597473e-02 9.944065809249877930e-01 2.303373718261718750e+01
9.945569634437561035e-01 -1.475807372480630875e-02 -1.031411066651344299e-01 -1.268810749053955078e+00 1.120248716324567795e-02 9.993257522583007812e-01 -3.496734425425529480e-02 -7.861719131469726562e-01 1.035876125097274780e-01 3.362156078219413757e-02 9.940518140792846680e-01 2.444425773620605469e+01
9.943215847015380859e-01 -1.633282750844955444e-02 -1.051537320017814636e-01 -1.418895959854125977e+00 1.220784429460763931e-02 9.991350769996643066e-01 -3.975260257720947266e-02 -8.640008568763732910e-01 1.057120487093925476e-01 3.824315220117568970e-02 9.936610460281372070e-01 2.588121986389160156e+01
9.937275648117065430e-01 -1.532037276774644852e-02 -1.107715144753456116e-01 -1.563658237457275391e+00 1.042685564607381821e-02 9.989496469497680664e-01 -4.462140426039695740e-02 -9.364491105079650879e-01 1.113387867808341980e-01 4.318650066852569580e-02 9.928436279296875000e-01 2.724823379516601562e+01
9.936071038246154785e-01 -1.591013744473457336e-02 -1.117645278573036194e-01 -1.722845673561096191e+00 1.058227661997079849e-02 9.987863898277282715e-01 -4.810252413153648376e-02 -1.023517370223999023e+00 1.123942136764526367e-01 4.661226645112037659e-02 9.925697445869445801e-01 2.868605804443359375e+01
9.935947060585021973e-01 -1.696875132620334625e-02 -1.117191687226295471e-01 -1.879553437232971191e+00 1.205412670969963074e-02 9.989358186721801758e-01 -4.451993480324745178e-02 -1.113370776176452637e+00 1.123557388782501221e-01 4.288807138800621033e-02 9.927420020103454590e-01 3.008983802795410156e+01
9.933319687843322754e-01 -1.781203038990497589e-02 -1.139028742909431458e-01 -2.040252685546875000e+00 1.259217411279678345e-02 9.988443851470947266e-01 -4.638328030705451965e-02 -1.196840286254882812e+00 1.145974472165107727e-01 4.463968798518180847e-02 9.924085140228271484e-01 3.150653839111328125e+01
9.930712580680847168e-01 -1.944873481988906860e-02 -1.158907562494277954e-01 -2.175739288330078125e+00 1.379304379224777222e-02 9.986835718154907227e-01 -4.940521344542503357e-02 -1.266298174858093262e+00 1.166990846395492554e-01 4.746438935399055481e-02 9.920324683189392090e-01 3.270027542114257812e+01
9.928473234176635742e-01 -2.135895751416683197e-02 -1.174622625112533569e-01 -2.327554225921630859e+00 1.505810488015413284e-02 9.984127879142761230e-01 -5.426940694451332092e-02 -1.345905303955078125e+00 1.184349879622459412e-01 5.211246013641357422e-02 9.915933609008789062e-01 3.397770690917968750e+01
9.924182295799255371e-01 -2.162635512650012970e-02 -1.209865212440490723e-01 -2.485276222229003906e+00 1.462411321699619293e-02 9.981821775436401367e-01 -5.846727639436721802e-02 -1.436477780342102051e+00 1.220310553908348083e-01 5.625465512275695801e-02 9.909307360649108887e-01 3.527880096435546875e+01
9.922553896903991699e-01 -2.129532583057880402e-02 -1.223726719617843628e-01 -2.651014804840087891e+00 1.377332210540771484e-02 9.979818463325500488e-01 -6.198803707957267761e-02 -1.531925797462463379e+00 1.234457865357398987e-01 5.982247367501258850e-02 9.905464649200439453e-01 3.659939956665039062e+01
9.921339154243469238e-01 -2.362783625721931458e-02 -1.229284182190895081e-01 -2.814285278320312500e+00 1.569625176489353180e-02 9.977556467056274414e-01 -6.509456038475036621e-02 -1.633759260177612305e+00 1.241905838251113892e-01 6.265299022197723389e-02 9.902783632278442383e-01 3.790061950683593750e+01
9.918715953826904297e-01 -2.558642439544200897e-02 -1.246411353349685669e-01 -2.979321002960205078e+00 1.726678945124149323e-02 9.975781440734863281e-01 -6.737715750932693481e-02 -1.743971467018127441e+00 1.260632276535034180e-01 6.467732042074203491e-02 9.899115562438964844e-01 3.920264816284179688e+01
9.918723106384277344e-01 -2.710446156561374664e-02 -1.243140846490859985e-01 -3.142901897430419922e+00 1.833520829677581787e-02 9.972969889640808105e-01 -7.115010172128677368e-02 -1.848461985588073730e+00 1.259065717458724976e-01 6.829247623682022095e-02 9.896886348724365234e-01 4.049132156372070312e+01
9.921599626541137695e-01 -2.796868421137332916e-02 -1.218017712235450745e-01 -3.287455558776855469e+00 1.876312494277954102e-02 9.969251155853271484e-01 -7.607942074537277222e-02 -1.952156901359558105e+00 1.235551014542579651e-01 7.319756597280502319e-02 9.896343946456909180e-01 4.169415283203125000e+01
9.924616813659667969e-01 -2.822513692080974579e-02 -1.192574799060821533e-01 -3.424943447113037109e+00 1.877548173069953918e-02 9.966474771499633789e-01 -7.963034510612487793e-02 -2.058308839797973633e+00 1.211052685976028442e-01 7.679094374179840088e-02 9.896649122238159180e-01 4.285572433471679688e+01
9.928389191627502441e-01 -2.858885377645492554e-02 -1.159861311316490173e-01 -3.548691749572753906e+00 1.908130571246147156e-02 9.964272975921630859e-01 -8.226852118968963623e-02 -2.159155845642089844e+00 1.179237440228462219e-01 7.946621626615524292e-02 9.898379445075988770e-01 4.392668914794921875e+01
9.930982589721679688e-01 -2.837927453219890594e-02 -1.137970313429832458e-01 -3.670784950256347656e+00 1.871857605874538422e-02 9.961979985237121582e-01 -8.508086204528808594e-02 -2.265273094177246094e+00 1.157789453864097595e-01 8.236353099346160889e-02 9.898542761802673340e-01 4.501581573486328125e+01
9.933833479881286621e-01 -2.754468657076358795e-02 -1.114901602268218994e-01 -3.804054021835327148e+00 1.780569925904273987e-02 9.960118532180786133e-01 -8.742389082908630371e-02 -2.383785963058471680e+00 1.134536266326904297e-01 8.486028015613555908e-02 9.899126291275024414e-01 4.620307540893554688e+01
9.937179088592529297e-01 -2.869067341089248657e-02 -1.081707850098609924e-01 -3.935980796813964844e+00 1.901048794388771057e-02 9.958068728446960449e-01 -8.948130905628204346e-02 -2.510955572128295898e+00 1.102845370769500732e-01 8.686280250549316406e-02 9.900970458984375000e-01 4.739935684204101562e+01
9.939220547676086426e-01 -3.007823973894119263e-02 -1.058942824602127075e-01 -4.055596828460693359e+00 2.040046826004981995e-02 9.956128597259521484e-01 -9.131526947021484375e-02 -2.632335424423217773e+00 1.081763505935668945e-01 8.859997987747192383e-02 9.901757240295410156e-01 4.851903152465820312e+01
9.942225813865661621e-01 -3.078033588826656342e-02 -1.028268635272979736e-01 -4.181201457977294922e+00 2.112401090562343597e-02 9.953750967979431152e-01 -9.371064603328704834e-02 -2.765091419219970703e+00 1.052357926964759827e-01 9.099713712930679321e-02 9.902752041816711426e-01 4.972494888305664062e+01
9.945243597030639648e-01 -3.052305802702903748e-02 -9.994494169950485229e-02 -4.301193714141845703e+00 2.129822038114070892e-02 9.955219030380249023e-01 -9.209803491830825806e-02 -2.896879673004150391e+00 1.023085415363311768e-01 8.946510404348373413e-02 9.907214641571044922e-01 5.091866683959960938e+01
9.949661493301391602e-01 -3.136315196752548218e-02 -9.517388790845870972e-02 -4.412958621978759766e+00 2.251270413398742676e-02 9.954411387443542480e-01 -9.268039464950561523e-02 -3.026295185089111328e+00 9.764680266380310059e-02 9.007125347852706909e-02 9.911369085311889648e-01 5.209782791137695312e+01
9.964139461517333984e-01 -3.083138540387153625e-02 -7.879167050123214722e-02 -4.502798557281494141e+00 2.342339977622032166e-02 9.953649044036865234e-01 -9.327175468206405640e-02 -3.151947975158691406e+00 8.130219578742980957e-02 9.109172970056533813e-02 9.925181865692138672e-01 5.325755691528320312e+01
9.977042675018310547e-01 -2.998643368482589722e-02 -6.071637570858001709e-02 -4.577744960784912109e+00 2.434621192514896393e-02 9.954987764358520508e-01 -9.159147739410400391e-02 -3.289449691772460938e+00 6.318960338830947876e-02 8.990301191806793213e-02 9.939439892768859863e-01 5.449956893920898438e+01
9.986885786056518555e-01 -3.001612238585948944e-02 -4.146613925695419312e-02 -4.613001823425292969e+00 2.625743858516216278e-02 9.957395792007446289e-01 -8.838988095521926880e-02 -3.388936996459960938e+00 4.394260048866271973e-02 8.718518912792205811e-02 9.952225089073181152e-01 5.548268127441406250e+01
9.993551373481750488e-01 -2.797878533601760864e-02 -2.248732559382915497e-02 -4.633993148803710938e+00 2.597716078162193298e-02 9.960551857948303223e-01 -8.484540879726409912e-02 -3.488739490509033203e+00 2.477247826755046844e-02 8.420655131340026855e-02 9.961403608322143555e-01 5.647786712646484375e+01
9.995750784873962402e-01 -2.890244126319885254e-02 -3.694212064146995544e-03 -4.632692813873291016e+00 2.850849740207195282e-02 9.963058233261108398e-01 -8.100189268589019775e-02 -3.591733455657958984e+00 6.021693348884582520e-03 8.086215704679489136e-02 9.967071413993835449e-01 5.749288177490234375e+01
9.994719624519348145e-01 -2.985061705112457275e-02 1.280967053025960922e-02 -4.616216182708740234e+00 3.075417503714561462e-02 9.965280890464782715e-01 -7.736480981111526489e-02 -3.689030170440673828e+00 -1.045584585517644882e-02 7.771791517734527588e-02 9.969205856323242188e-01 5.847905731201171875e+01
9.992209076881408691e-01 -2.883472293615341187e-02 2.693350240588188171e-02 -4.584806442260742188e+00 3.073981963098049164e-02 9.968410134315490723e-01 -7.322866469621658325e-02 -3.765877008438110352e+00 -2.473693899810314178e-02 7.399955391883850098e-02 9.969514608383178711e-01 5.937478256225585938e+01
9.984679222106933594e-01 -3.043822012841701508e-02 4.620084539055824280e-02 -4.534071922302246094e+00 3.361432999372482300e-02 9.970079064369201660e-01 -6.960382312536239624e-02 -3.859811067581176758e+00 -4.394404590129852295e-02 7.105021178722381592e-02 9.965043067932128906e-01 6.041928100585937500e+01
9.973462820053100586e-01 -3.121244348585605621e-02 6.576749682426452637e-02 -4.458909034729003906e+00 3.557819500565528870e-02 9.971653819084167480e-01 -6.629229336977005005e-02 -3.939708232879638672e+00 -6.351199746131896973e-02 6.845626980066299438e-02 9.956305027008056641e-01 6.140375137329101562e+01
9.959545135498046875e-01 -3.226159885525703430e-02 8.386230468750000000e-02 -4.371501445770263672e+00 3.753136470913887024e-02 9.973673224449157715e-01 -6.204135715961456299e-02 -4.021030902862548828e+00 -8.164004981517791748e-02 6.493784487247467041e-02 9.945442080497741699e-01 6.239205932617187500e+01
9.942457675933837891e-01 -3.421317040920257568e-02 1.015085652470588684e-01 -4.259361267089843750e+00 4.057576134800910950e-02 9.972943663597106934e-01 -6.129268556833267212e-02 -4.094743251800537109e+00 -9.913700819015502930e-02 6.505878269672393799e-02 9.929448366165161133e-01 6.338700103759765625e+01
9.924377202987670898e-01 -3.413457795977592468e-02 1.179037466645240784e-01 -4.133660316467285156e+00 4.135322943329811096e-02 9.973810315132141113e-01 -5.933131277561187744e-02 -4.171179771423339844e+00 -1.155698448419570923e-01 6.375834345817565918e-02 9.912510514259338379e-01 6.439479827880859375e+01
9.902055859565734863e-01 -3.555227071046829224e-02 1.350111365318298340e-01 -3.991108417510986328e+00 4.372742772102355957e-02 9.973536133766174316e-01 -5.807683989405632019e-02 -4.246895790100097656e+00 -1.325892210006713867e-01 6.341170519590377808e-02 9.891406893730163574e-01 6.538486480712890625e+01
9.872782826423645020e-01 -3.616518899798393250e-02 1.548309624195098877e-01 -3.829227924346923828e+00 4.517075046896934509e-02 9.974611997604370117e-01 -5.504584684967994690e-02 -4.316107749938964844e+00 -1.524472832679748535e-01 6.133940443396568298e-02 9.864063858985900879e-01 6.638409423828125000e+01
9.847990870475769043e-01 -3.798828274011611938e-02 1.694892942905426025e-01 -3.655867815017700195e+00 4.772941023111343384e-02 9.974114298820495605e-01 -5.377330631017684937e-02 -4.389799118041992188e+00 -1.670079827308654785e-01 6.104553490877151489e-02 9.840640425682067871e-01 6.738069915771484375e+01
9.812431335449218750e-01 -3.871974349021911621e-02 1.888425648212432861e-01 -3.475022554397583008e+00 4.887454211711883545e-02 9.975813627243041992e-01 -4.941571503877639771e-02 -4.459882736206054688e+00 -1.864726394414901733e-01 5.771843343973159790e-02 9.807633757591247559e-01 6.834171295166015625e+01
9.777510762214660645e-01 -3.670581802725791931e-02 2.065289765596389771e-01 -3.261719703674316406e+00 4.775048047304153442e-02 9.976686239242553711e-01 -4.874822497367858887e-02 -4.520294666290283203e+00 -2.042583376169204712e-01 5.752550065517425537e-02 9.772254824638366699e-01 6.932624053955078125e+01
9.742780923843383789e-01 -3.502793610095977783e-02 2.226071506738662720e-01 -3.050200700759887695e+00 4.655070975422859192e-02 9.978220462799072266e-01 -4.672702774405479431e-02 -4.584309101104736328e+00 -2.204857915639877319e-01 5.588765442371368408e-02 9.737878441810607910e-01 7.021694946289062500e+01
9.652048349380493164e-01 -3.478860855102539062e-02 2.591682970523834229e-01 -2.822169303894042969e+00 4.826773330569267273e-02 9.977822303771972656e-01 -4.582688212394714355e-02 -4.626658916473388672e+00 -2.569995224475860596e-01 5.674180388450622559e-02 9.647443890571594238e-01 7.099900817871093750e+01
9.544694423675537109e-01 -3.471412882208824158e-02 2.962800264358520508e-01 -2.581447601318359375e+00 4.942583292722702026e-02 9.978809356689453125e-01 -4.230781644582748413e-02 -4.668741703033447266e+00 -2.941837906837463379e-01 5.502541363239288330e-02 9.541636705398559570e-01 7.171432495117187500e+01
9.423738718032836914e-01 -3.441631793975830078e-02 3.327849209308624268e-01 -2.244059085845947266e+00 4.901418462395668030e-02 9.981641769409179688e-01 -3.556841984391212463e-02 -4.725283622741699219e+00 -3.309501409530639648e-01 4.982993751764297485e-02 9.423317909240722656e-01 7.266399383544921875e+01
9.302697181701660156e-01 -3.363638371229171753e-02 3.653294742107391357e-01 -1.898020744323730469e+00 4.886932671070098877e-02 9.982749819755554199e-01 -3.252784907817840576e-02 -4.770130634307861328e+00 -3.636054694652557373e-01 4.811308905482292175e-02 9.303098320960998535e-01 7.351123046875000000e+01
9.181350469589233398e-01 -3.151632845401763916e-02 3.950108587741851807e-01 -1.543274641036987305e+00 4.935316368937492371e-02 9.981649518013000488e-01 -3.507362678647041321e-02 -4.815110683441162109e+00 -3.931809961795806885e-01 5.169737711548805237e-02 9.180067181587219238e-01 7.430670166015625000e+01
9.043632745742797852e-01 -3.148624300956726074e-02 4.255989491939544678e-01 -1.142331957817077637e+00 5.120387673377990723e-02 9.980754852294921875e-01 -3.496565669775009155e-02 -4.864110469818115234e+00 -4.236794114112854004e-01 5.341398715972900391e-02 9.042361378669738770e-01 7.514064788818359375e+01
8.893547058105468750e-01 -3.113562799990177155e-02 4.561551809310913086e-01 -7.973066568374633789e-01 5.201335996389389038e-02 9.980911612510681152e-01 -3.328301757574081421e-02 -4.895066261291503906e+00 -4.542486667633056641e-01 5.332658439874649048e-02 8.892776370048522949e-01 7.576682281494140625e+01
8.759705424308776855e-01 -3.109897486865520477e-02 4.813597500324249268e-01 -4.354481697082519531e-01 5.237353593111038208e-02 9.981513619422912598e-01 -3.082160279154777527e-02 -4.927604198455810547e+00 -4.795119166374206543e-01 5.220934003591537476e-02 8.759810924530029297e-01 7.639685821533203125e+01
8.595020771026611328e-01 -2.773027308285236359e-02 5.103781819343566895e-01 -7.829681038856506348e-02 4.884457588195800781e-02 9.984130859375000000e-01 -2.801028825342655182e-02 -4.959907531738281250e+00 -5.087921023368835449e-01 4.900411516427993774e-02 8.594937324523925781e-01 7.697196960449218750e+01
8.408471345901489258e-01 -2.698520012199878693e-02 5.405983924865722656e-01 3.424611985683441162e-01 4.812356829643249512e-02 9.985278248786926270e-01 -2.500781044363975525e-02 -4.989172458648681641e+00 -5.391283631324768066e-01 4.704327881336212158e-02 8.409089446067810059e-01 7.760337829589843750e+01
8.217414617538452148e-01 -2.844429574906826019e-02 5.691490173339843750e-01 7.265130281448364258e-01 5.022385343909263611e-02 9.984815120697021484e-01 -2.261273190379142761e-02 -5.013560295104980469e+00 -5.676422715187072754e-01 4.716668277978897095e-02 8.219233155250549316e-01 7.813664245605468750e+01
8.058668375015258789e-01 -2.689694799482822418e-02 5.914845466613769531e-01 1.141404390335083008e+00 4.762999713420867920e-02 9.986745715141296387e-01 -1.948017440736293793e-02 -5.040558338165283203e+00 -5.901774168014526367e-01 4.387083277106285095e-02 8.060809373855590820e-01 7.867737579345703125e+01
7.907720804214477539e-01 -2.565432898700237274e-02 6.115718483924865723e-01 1.507105588912963867e+00 4.812248051166534424e-02 9.986339807510375977e-01 -2.033238485455513000e-02 -5.057631015777587891e+00 -6.102156639099121094e-01 4.550863429903984070e-02 7.909275293350219727e-01 7.912314605712890625e+01
7.740997672080993652e-01 -2.499993890523910522e-02 6.325687766075134277e-01 2.080820798873901367e+00 4.795010387897491455e-02 9.986644983291625977e-01 -1.921008341014385223e-02 -5.095771789550781250e+00 -6.312445998191833496e-01 4.520225897431373596e-02 7.742657661437988281e-01 7.981311798095703125e+01
7.616607546806335449e-01 -2.090462483465671539e-02 6.476377248764038086e-01 2.724853515625000000e+00 4.239704459905624390e-02 9.989449977874755859e-01 -1.761736907064914703e-02 -5.129026889801025391e+00 -6.465870738029479980e-01 4.087638482451438904e-02 7.617446184158325195e-01 8.055690765380859375e+01
7.505619525909423828e-01 -1.965414546430110931e-02 6.605067253112792969e-01 3.386977434158325195e+00 4.101185500621795654e-02 9.990155696868896484e-01 -1.687676832079887390e-02 -5.158245563507080078e+00 -6.595257520675659180e-01 3.975566476583480835e-02 7.506303191184997559e-01 8.129342651367187500e+01
7.297503948211669922e-01 -1.865488849580287933e-02 6.834581494331359863e-01 3.979507446289062500e+00 3.918547928333282471e-02 9.991251826286315918e-01 -1.456874329596757889e-02 -5.182868480682373047e+00 -6.825895309448242188e-01 3.741317242383956909e-02 7.298441529273986816e-01 8.191863250732421875e+01
7.104589939117431641e-01 -1.866436004638671875e-02 7.034901380538940430e-01 4.483922004699707031e+00 3.988265246152877808e-02 9.991088509559631348e-01 -1.377039309591054916e-02 -5.197686672210693359e+00 -7.026073932647705078e-01 3.784034028649330139e-02 7.105714678764343262e-01 8.240140533447265625e+01
6.985580921173095703e-01 -2.020259201526641846e-02 7.152671217918395996e-01 5.204941272735595703e+00 4.045375064015388489e-02 9.991169571876525879e-01 -1.128895580768585205e-02 -5.219981670379638672e+00 -7.144086956977844238e-01 3.682122007012367249e-02 6.987597346305847168e-01 8.309550476074218750e+01
6.707364320755004883e-01 -2.222166769206523895e-02 7.413619160652160645e-01 5.935617446899414062e+00 3.912840038537979126e-02 9.992186427116394043e-01 -5.450269673019647598e-03 -5.241286754608154297e+00 -7.406628131866455078e-01 3.266399353742599487e-02 6.710830330848693848e-01 8.374314117431640625e+01
6.422548890113830566e-01 -2.335719391703605652e-02 7.661343216896057129e-01 6.555785655975341797e+00 3.910547494888305664e-02 9.992317557334899902e-01 -2.318810671567916870e-03 -5.255458831787109375e+00 -7.654927968978881836e-01 3.144930675625801086e-02 6.426759362220764160e-01 8.425119781494140625e+01
6.105231046676635742e-01 -2.349583618342876434e-02 7.916489243507385254e-01 7.140821456909179688e+00 3.792857378721237183e-02 9.992797374725341797e-01 4.074422176927328110e-04 -5.265605449676513672e+00 -7.910895943641662598e-01 2.977735362946987152e-02 6.109755635261535645e-01 8.468159484863281250e+01
5.914466977119445801e-01 -2.461173757910728455e-02 8.059675097465515137e-01 7.882709026336669922e+00 3.679968789219856262e-02 9.993158578872680664e-01 3.511006943881511688e-03 -5.271591663360595703e+00 -8.055038452148437500e-01 2.758276462554931641e-02 5.919488072395324707e-01 8.520989990234375000e+01
5.705816149711608887e-01 -2.543322369456291199e-02 8.208460807800292969e-01 8.622877120971679688e+00 3.626704216003417969e-02 9.993249177932739258e-01 5.753403063863515854e-03 -5.275166511535644531e+00 -8.204396367073059082e-01 2.648685872554779053e-02 5.711197853088378906e-01 8.570907592773437500e+01
5.542681813240051270e-01 -2.704616449773311615e-02 8.318977952003479004e-01 9.268892288208007812e+00 3.450069576501846313e-02 9.993588328361511230e-01 9.503684937953948975e-03 -5.272075176239013672e+00 -8.316227793693542480e-01 2.343344502151012421e-02 5.548468232154846191e-01 8.612904357910156250e+01
5.315927863121032715e-01 -2.940055541694164276e-02 8.464888930320739746e-01 1.002330398559570312e+01 3.485259413719177246e-02 9.993095993995666504e-01 1.282093208283185959e-02 -5.275475025177001953e+00 -8.462827205657958984e-01 2.268680557608604431e-02 5.322512984275817871e-01 8.659276580810546875e+01
5.138538479804992676e-01 -3.128787875175476074e-02 8.573062419891357422e-01 1.096596622467041016e+01 3.522044792771339417e-02 9.992609024047851562e-01 1.535798609256744385e-02 -5.276691913604736328e+00 -8.571543693542480469e-01 2.230293862521648407e-02 5.145768523216247559e-01 8.715368652343750000e+01
4.936225116252899170e-01 -3.376917168498039246e-02 8.690196275711059570e-01 1.193012714385986328e+01 3.315731510519981384e-02 9.992495179176330566e-01 1.999554596841335297e-02 -5.277065277099609375e+00 -8.690438270568847656e-01 1.894409768283367157e-02 4.943725764751434326e-01 8.769287109375000000e+01
4.819129407405853271e-01 -3.447282314300537109e-02 8.755398988723754883e-01 1.273709392547607422e+01 3.254648670554161072e-02 9.992398619651794434e-01 2.142898552119731903e-02 -5.268968582153320312e+00 -8.756142854690551758e-01 1.816883683204650879e-02 4.826694130897521973e-01 8.812776184082031250e+01
4.640780389308929443e-01 -3.732926398515701294e-02 8.850065469741821289e-01 1.345426559448242188e+01 3.172532469034194946e-02 9.991704225540161133e-01 2.550845593214035034e-02 -5.264338970184326172e+00 -8.852258920669555664e-01 1.623920723795890808e-02 4.648781120777130127e-01 8.849551391601562500e+01
4.467960298061370850e-01 -3.948110714554786682e-02 8.937634229660034180e-01 1.429193305969238281e+01 3.010467067360877991e-02 9.991228580474853516e-01 2.908566594123840332e-02 -5.254186153411865234e+00 -8.941290378570556641e-01 1.391109358519315720e-02 4.475934803485870361e-01 8.890862274169921875e+01
4.330422580242156982e-01 -4.136247187852859497e-02 9.004232287406921387e-01 1.509826850891113281e+01 2.848129533231258392e-02 9.990749955177307129e-01 3.219649940729141235e-02 -5.233483314514160156e+00 -9.009233117103576660e-01 1.170277595520019531e-02 4.338205456733703613e-01 8.929081726074218750e+01
4.159977436065673828e-01 -4.091016575694084167e-02 9.084441065788269043e-01 1.601882362365722656e+01 2.834420278668403625e-02 9.990848302841186523e-01 3.201239183545112610e-02 -5.213211059570312500e+00 -9.089236259460449219e-01 1.243204623460769653e-02 4.167773723602294922e-01 8.970702362060546875e+01
4.113905727863311768e-01 -4.159672185778617859e-02 9.105086326599121094e-01 1.694492912292480469e+01 2.896784804761409760e-02 9.990494251251220703e-01 3.255317732691764832e-02 -5.197216510772705078e+00 -9.109985828399658203e-01 1.298340968787670135e-02 4.122052788734436035e-01 9.012564086914062500e+01
4.075537919998168945e-01 -3.910392895340919495e-02 9.123427271842956543e-01 1.788395881652832031e+01 2.882412262260913849e-02 9.991350769996643066e-01 2.994773164391517639e-02 -5.184356212615966797e+00 -9.127259850502014160e-01 1.409216970205307007e-02 4.083292186260223389e-01 9.054661560058593750e+01
4.037227630615234375e-01 -3.873841091990470886e-02 9.140599966049194336e-01 1.882176399230957031e+01 2.804718352854251862e-02 9.991568922996520996e-01 2.995682321488857269e-02 -5.164869785308837891e+00 -9.144511818885803223e-01 1.354255992919206619e-02 4.044696688652038574e-01 9.095662689208984375e+01
4.014340639114379883e-01 -3.696489334106445312e-02 9.151408076286315918e-01 1.966125679016113281e+01 2.790497802197933197e-02 9.992142319679260254e-01 2.811994962394237518e-02 -5.148106098175048828e+00 -9.154625535011291504e-01 1.424868125468492508e-02 4.021509289741516113e-01 9.132254791259765625e+01
4.001789093017578125e-01 -3.384688869118690491e-02 9.158109426498413086e-01 2.053181838989257812e+01 2.829769253730773926e-02 9.992967844009399414e-01 2.456710860133171082e-02 -5.138198852539062500e+00 -9.159998297691345215e-01 1.608410105109214783e-02 4.008561074733734131e-01 9.170338439941406250e+01
3.984244167804718018e-01 -3.291075304150581360e-02 9.166097044944763184e-01 2.142298507690429688e+01 2.973390184342861176e-02 9.992933869361877441e-01 2.295488305389881134e-02 -5.126860618591308594e+00 -9.167189002037048340e-01 1.810860075056552887e-02 3.991222679615020752e-01 9.208917236328125000e+01
3.991629779338836670e-01 -2.783283591270446777e-02 9.164565801620483398e-01 2.230009078979492188e+01 2.800979465246200562e-02 9.994419217109680176e-01 1.815329864621162415e-02 -5.117907047271728516e+00 -9.164518117904663086e-01 1.842364296317100525e-02 3.997206389904022217e-01 9.246987152099609375e+01
3.977130055427551270e-01 -2.654195576906204224e-02 9.171249866485595703e-01 2.318249320983886719e+01 2.813491411507129669e-02 9.994633793830871582e-01 1.672396808862686157e-02 -5.119159698486328125e+00 -9.170781373977661133e-01 1.915190182626247406e-02 3.982471823692321777e-01 9.285358428955078125e+01
3.944026529788970947e-01 -2.402407303452491760e-02 9.186227321624755859e-01 2.411401176452636719e+01 2.873107977211475372e-02 9.994910359382629395e-01 1.380338892340660095e-02 -5.118994712829589844e+00 -9.184881448745727539e-01 2.094894275069236755e-02 3.948929905891418457e-01 9.325284576416015625e+01
3.904865384101867676e-01 -2.210615947842597961e-02 9.203422665596008301e-01 2.508000755310058594e+01 2.839608676731586456e-02 9.995243549346923828e-01 1.195993274450302124e-02 -5.123076438903808594e+00 -9.201702475547790527e-01 2.146393992006778717e-02 3.909294009208679199e-01 9.366365051269531250e+01
3.867155909538269043e-01 -2.308284118771553040e-02 9.219091534614562988e-01 2.601532745361328125e+01 2.786322683095932007e-02 9.995219111442565918e-01 1.333812344819307327e-02 -5.121386528015136719e+00 -9.217776656150817871e-01 2.052931860089302063e-02 3.871747255325317383e-01 9.405413055419921875e+01
3.813984990119934082e-01 -2.314216084778308868e-02 9.241200685501098633e-01 2.702544593811035156e+01 2.829957380890846252e-02 9.995095133781433105e-01 1.335029117763042450e-02 -5.122042179107666016e+00 -9.239771366119384766e-01 2.106043882668018341e-02 3.818672001361846924e-01 9.446947479248046875e+01
3.782532513141632080e-01 -2.271338179707527161e-02 9.254225492477416992e-01 2.790794754028320312e+01 2.861069887876510620e-02 9.995074272155761719e-01 1.283735595643520355e-02 -5.125921249389648438e+00 -9.252595305442810059e-01 2.162123098969459534e-02 3.787176311016082764e-01 9.482566070556640625e+01
3.752777874469757080e-01 -2.347639016807079315e-02 9.266141653060913086e-01 2.876221275329589844e+01 2.857611700892448425e-02 9.994962215423583984e-01 1.374947372823953629e-02 -5.122565269470214844e+00 -9.264714717864990234e-01 2.131918072700500488e-02 3.757604956626892090e-01 9.516937255859375000e+01
3.731011748313903809e-01 -2.127201296389102936e-02 9.275459051132202148e-01 2.963089942932128906e+01 2.942084707319736481e-02 9.995047450065612793e-01 1.108775660395622253e-02 -5.126133441925048828e+00 -9.273237586021423340e-01 2.315235137939453125e-02 3.735431432723999023e-01 9.551645660400390625e+01
3.731276690959930420e-01 -1.811487972736358643e-02 9.276022911071777344e-01 3.063588714599609375e+01 2.937508746981620789e-02 9.995379447937011719e-01 7.703439332544803619e-03 -5.137160778045654297e+00 -9.273145794868469238e-01 2.437405474483966827e-02 3.734882473945617676e-01 9.591687774658203125e+01
3.743819594383239746e-01 -1.403953135013580322e-02 9.271674156188964844e-01 3.162517929077148438e+01 2.825564332306385040e-02 9.995929002761840820e-01 3.726717550307512283e-03 -5.148176670074462891e+00 -9.268437027931213379e-01 2.480252087116241455e-02 3.746271431446075439e-01 9.631113433837890625e+01
3.738765716552734375e-01 -1.331880316138267517e-02 9.273819923400878906e-01 3.260646057128906250e+01 2.885674685239791870e-02 9.995789527893066406e-01 2.721870085224509239e-03 -5.164683818817138672e+00 -9.270291924476623535e-01 2.574360743165016174e-02 3.741044104099273682e-01 9.670422363281250000e+01
3.716607987880706787e-01 -1.499583758413791656e-02 9.282466173171997070e-01 3.347831344604492188e+01 2.789468131959438324e-02 9.995975494384765625e-01 4.979626275599002838e-03 -5.170512199401855469e+00 -9.279491901397705078e-01 2.404243499040603638e-02 3.719304203987121582e-01 9.705138397216796875e+01
3.688205182552337646e-01 -1.769053004682064056e-02 9.293314218521118164e-01 3.441576385498046875e+01 2.771572582423686981e-02 9.995826482772827148e-01 8.028240874409675598e-03 -5.174144744873046875e+00 -9.290871024131774902e-01 2.279613725841045380e-02 3.691578209400177002e-01 9.742219543457031250e+01
3.676767647266387939e-01 -2.039665728807449341e-02 9.297290444374084473e-01 3.541797637939453125e+01 2.892202883958816528e-02 9.995256662368774414e-01 1.049004681408405304e-02 -5.184100627899169922e+00 -9.295036196708679199e-01 2.303272671997547150e-02 3.680931627750396729e-01 9.781397247314453125e+01
3.685789406299591064e-01 -2.267413958907127380e-02 9.293190240859985352e-01 3.661965942382812500e+01 2.835416048765182495e-02 9.995105862617492676e-01 1.314099226146936417e-02 -5.190360546112060547e+00 -9.291636943817138672e-01 2.150658704340457916e-02 3.690423369407653809e-01 9.828543090820312500e+01
3.691189885139465332e-01 -2.082831040024757385e-02 9.291478395462036133e-01 3.779890441894531250e+01 2.794731408357620239e-02 9.995445609092712402e-01 1.130370888859033585e-02 -5.195909976959228516e+00 -9.289616346359252930e-01 2.179479598999023438e-02 3.695338070392608643e-01 9.874906158447265625e+01
3.698421418666839600e-01 -2.014155872166156769e-02 9.288754463195800781e-01 3.881175994873046875e+01 2.826962806284427643e-02 9.995451569557189941e-01 1.041794661432504654e-02 -5.198535442352294922e+00 -9.286641478538513184e-01 2.240598946809768677e-02 3.702441155910491943e-01 9.914876556396484375e+01
3.698453605175018311e-01 -2.230092510581016541e-02 9.288248419761657715e-01 4.001511001586914062e+01 2.851250767707824707e-02 9.995126128196716309e-01 1.264470163732767105e-02 -5.208949565887451172e+00 -9.286555051803588867e-01 2.180656045675277710e-02 3.703017234802246094e-01 9.962305450439453125e+01
3.698337972164154053e-01 -2.497947029769420624e-02 9.287612438201904297e-01 4.118516159057617188e+01 2.839781902730464935e-02 9.994745850563049316e-01 1.557316072285175323e-02 -5.212893962860107422e+00 -9.286636114120483398e-01 2.061532996594905853e-02 3.703495860099792480e-01 1.000836029052734375e+02
3.703987598419189453e-01 -2.776551619172096252e-02 9.284569621086120605e-01 4.239190673828125000e+01 2.920098416507244110e-02 9.994063973426818848e-01 1.823768019676208496e-02 -5.216989994049072266e+00 -9.284134507179260254e-01 2.035665884613990784e-02 3.709904253482818604e-01 1.005634155273437500e+02
3.715010285377502441e-01 -2.637356147170066833e-02 9.280570745468139648e-01 4.360676193237304688e+01 2.816328592598438263e-02 9.994558095932006836e-01 1.712867990136146545e-02 -5.214235305786132812e+00 -9.280050396919250488e-01 1.977383159101009369e-02 3.720423877239227295e-01 1.010435104370117188e+02
3.733957409858703613e-01 -2.531177550554275513e-02 9.273259639739990234e-01 4.480730819702148438e+01 2.708940953016281128e-02 9.994981288909912109e-01 1.637382805347442627e-02 -5.212451934814453125e+00 -9.272763133049011230e-01 1.900681294500827789e-02 3.738948106765747070e-01 1.015224990844726562e+02
3.728114068508148193e-01 -2.421220764517784119e-02 9.275903701782226562e-01 4.605849838256835938e+01 2.677069604396820068e-02 9.995232820510864258e-01 1.533016841858625412e-02 -5.209922313690185547e+00 -9.275206327438354492e-01 1.911699585616588593e-02 3.732826113700866699e-01 1.020234909057617188e+02
3.696393668651580811e-01 -2.715709432959556580e-02 9.287775158882141113e-01 4.713181686401367188e+01 2.741850726306438446e-02 9.994555711746215820e-01 1.831140369176864624e-02 -5.209911823272705078e+00 -9.287703633308410645e-01 1.869709789752960205e-02 3.701834678649902344e-01 1.024479904174804688e+02
3.662419915199279785e-01 -3.000941500067710876e-02 9.300347566604614258e-01 4.807882308959960938e+01 2.589640393853187561e-02 9.994206428527832031e-01 2.205030247569084167e-02 -5.203935146331787109e+00 -9.301589131355285645e-01 1.600882969796657562e-02 3.668076992034912109e-01 1.028238525390625000e+02
3.663473129272460938e-01 -3.329927474260330200e-02 9.298813343048095703e-01 4.927397918701171875e+01 2.644333988428115845e-02 9.993276596069335938e-01 2.536808140575885773e-02 -5.198250770568847656e+00 -9.301020503044128418e-01 1.529565639793872833e-02 3.669822812080383301e-01 1.032893447875976562e+02
3.656823337078094482e-01 -3.315152972936630249e-02 9.301483035087585449e-01 5.033944320678710938e+01 2.673575282096862793e-02 9.993265271186828613e-01 2.510596811771392822e-02 -5.190931320190429688e+00 -9.303553104400634766e-01 1.568742282688617706e-02 3.663231134414672852e-01 1.037086334228515625e+02
3.655279874801635742e-01 -3.013233095407485962e-02 9.303117394447326660e-01 5.141026306152343750e+01 2.700052410364151001e-02 9.993978738784790039e-01 2.176109701395034790e-02 -5.185360431671142578e+00 -9.304082989692687988e-01 1.716463081538677216e-02 3.661221861839294434e-01 1.041292724609375000e+02
3.644037544727325439e-01 -2.753291465342044830e-02 9.308331608772277832e-01 5.248125839233398438e+01 2.685010060667991638e-02 9.994572997093200684e-01 1.905127428472042084e-02 -5.183927059173583984e+00 -9.308536052703857422e-01 1.805062219500541687e-02 3.649459481239318848e-01 1.045493774414062500e+02
3.643472492694854736e-01 -2.493079937994480133e-02 9.309285879135131836e-01 5.355855178833007812e+01 2.672435715794563293e-02 9.995092153549194336e-01 1.630789041519165039e-02 -5.180723190307617188e+00 -9.308793544769287109e-01 1.893675141036510468e-02 3.648353815078735352e-01 1.049681396484375000e+02
3.630602955818176270e-01 -2.711457386612892151e-02 9.313702583312988281e-01 5.463489151000976562e+01 2.725035697221755981e-02 9.994572997093200684e-01 1.847407221794128418e-02 -5.176841259002685547e+00 -9.313668012619018555e-01 1.867298595607280731e-02 3.636028468608856201e-01 1.053844223022460938e+02
3.626640141010284424e-01 -3.014648891985416412e-02 9.314314723014831543e-01 5.569602966308593750e+01 2.743155695497989655e-02 9.993882775306701660e-01 2.166501432657241821e-02 -5.169384956359863281e+00 -9.315158724784851074e-01 1.769350841641426086e-02 3.632698059082031250e-01 1.057962493896484375e+02
3.615083098411560059e-01 -3.194604814052581787e-02 9.318206906318664551e-01 5.676491546630859375e+01 2.760490030050277710e-02 9.993408322334289551e-01 2.355115674436092377e-02 -5.164437770843505859e+00 -9.319599270820617676e-01 1.720889098942279816e-02 3.621525168418884277e-01 1.062095947265625000e+02
3.600937426090240479e-01 -3.405234962701797485e-02 9.322936534881591797e-01 5.783865356445312500e+01 2.741904370486736298e-02 9.992876052856445312e-01 2.590870857238769531e-02 -5.152774810791015625e+00 -9.325128197669982910e-01 1.623304933309555054e-02 3.607715070247650146e-01 1.066227569580078125e+02
