9.999484419822692871e-01 -9.919692762196063995e-03 2.182686701416969299e-03 9.938798844814300537e-03 9.920534677803516388e-03 9.999507069587707520e-01 -3.755673242267221212e-04 -5.391239002346992493e-02 -2.178853843361139297e-03 3.972013655584305525e-04 9.999975562095642090e-01 2.811114311218261719e+00
9.999310970306396484e-01 -8.986911736428737640e-03 7.558784447610378265e-03 2.802172116935253143e-02 9.002643637359142303e-03 9.999573826789855957e-01 -2.049776026979088783e-03 -1.083916425704956055e-01 -7.540040649473667145e-03 2.117683645337820053e-03 9.999693632125854492e-01 5.583749771118164062e+00
9.998165965080261230e-01 -1.269851252436637878e-02 1.434047892689704895e-02 4.885166138410568237e-02 1.270932890474796295e-02 9.999190568923950195e-01 -6.633225129917263985e-04 -1.451440751552581787e-01 -1.433089375495910645e-02 8.454585913568735123e-04 9.998970031738281250e-01 8.055284500122070312e+00
9.998121857643127441e-01 -1.385208591818809509e-02 1.355654373764991760e-02 9.496376663446426392e-02 1.379133015871047974e-02 9.998944997787475586e-01 4.564967006444931030e-03 -1.965879052877426147e-01 -1.361834630370140076e-02 -4.377146251499652863e-03 9.998977780342102051e-01 1.074141120910644531e+01
9.998245239257812500e-01 -1.645972020924091339e-02 8.945638313889503479e-03 1.478367894887924194e-01 1.631999015808105469e-02 9.997470974922180176e-01 1.547471527010202408e-02 -1.955014318227767944e-01 -9.198084473609924316e-03 -1.532600633800029755e-02 9.998403191566467285e-01 1.347721290588378906e+01
9.998564124107360840e-01 -1.597420498728752136e-02 5.652055144309997559e-03 1.645920276641845703e-01 1.583922468125820160e-02 9.996060729026794434e-01 2.317089959979057312e-02 -1.825037300586700439e-01 -6.019964348524808884e-03 -2.307804860174655914e-02 9.997156262397766113e-01 1.616030883789062500e+01
9.996024966239929199e-01 -2.374295331537723541e-02 1.520033087581396103e-02 1.668271273374557495e-01 2.344473078846931458e-02 9.995348453521728516e-01 1.950596645474433899e-02 -1.482111811637878418e-01 -1.565638743340969086e-02 -1.914184540510177612e-02 9.996942877769470215e-01 1.894202613830566406e+01
9.994377493858337402e-01 -2.777843363583087921e-02 1.877050101757049561e-02 2.158512473106384277e-01 2.728478051722049713e-02 9.992878437042236328e-01 2.606271952390670776e-02 -1.270814388990402222e-01 -1.948111318051815033e-02 -2.553591877222061157e-02 9.994841814041137695e-01 2.137747764587402344e+01
9.993467330932617188e-01 -2.844588831067085266e-02 2.228799089789390564e-02 2.692280709743499756e-01 2.774966694414615631e-02 9.991356730461120605e-01 3.094762936234474182e-02 -8.706922829151153564e-02 -2.314905822277069092e-02 -3.030893020331859589e-02 9.992725849151611328e-01 2.412526321411132812e+01
9.990194439888000488e-01 -3.505672141909599304e-02 2.703615464270114899e-02 3.336865901947021484e-01 3.426889702677726746e-02 9.989896416664123535e-01 2.907212451100349426e-02 -4.713181778788566589e-02 -2.802801318466663361e-02 -2.811712212860584259e-02 9.992116689682006836e-01 2.665622711181640625e+01
9.988674521446228027e-01 -3.720569610595703125e-02 2.965389564633369446e-02 4.124068319797515869e-01 3.634409233927726746e-02 9.989159703254699707e-01 2.908303216099739075e-02 -7.701106369495391846e-04 -3.070380911231040955e-02 -2.797235548496246338e-02 9.991370439529418945e-01 2.932325935363769531e+01
9.987244606018066406e-01 -4.134601727128028870e-02 2.897877432405948639e-02 4.856391549110412598e-01 4.051204025745391846e-02 9.987639188766479492e-01 2.879808284342288971e-02 3.008699789643287659e-02 -3.013364411890506744e-02 -2.758736535906791687e-02 9.991650581359863281e-01 3.191666030883789062e+01
9.982810616493225098e-01 -4.787158966064453125e-02 3.380877152085304260e-02 5.678735375404357910e-01 4.686596244573593140e-02 9.984524250030517578e-01 2.993576601147651672e-02 4.740123078227043152e-02 -3.518952801823616028e-02 -2.829983271658420563e-02 9.989798069000244141e-01 3.466836929321289062e+01
9.979053735733032227e-01 -5.353529751300811768e-02 3.631373494863510132e-02 6.637192964553833008e-01 5.221163854002952576e-02 9.979698061943054199e-01 3.646901249885559082e-02 8.329790830612182617e-02 -3.819239512085914612e-02 -3.449662774801254272e-02 9.986746907234191895e-01 3.753153228759765625e+01
9.982504844665527344e-01 -5.380082502961158752e-02 2.451770752668380737e-02 7.620435953140258789e-01 5.261660739779472351e-02 9.975256323814392090e-01 4.662462696433067322e-02 1.304421126842498779e-01 -2.696548774838447571e-02 -4.525302723050117493e-02 9.986115097999572754e-01 4.031170272827148438e+01
9.983580708503723145e-01 -5.293246358633041382e-02 2.188852429389953613e-02 8.332303166389465332e-01 5.178112536668777466e-02 9.973964691162109375e-01 5.018743500113487244e-02 2.304190099239349365e-01 -2.448808401823043823e-02 -4.897162690758705139e-02 9.984998703002929688e-01 4.306507110595703125e+01
9.978585243225097656e-01 -5.867331475019454956e-02 2.890741266310214996e-02 9.148013591766357422e-01 5.722902715206146240e-02 9.971829652786254883e-01 4.848376661539077759e-02 3.058182895183563232e-01 -3.167068958282470703e-02 -4.672560468316078186e-02 9.984055161476135254e-01 4.572548294067382812e+01
9.977926611900329590e-01 -5.763127282261848450e-02 3.298969194293022156e-02 1.009738087654113770e+00 5.599262565374374390e-02 9.972470998764038086e-01 4.860824719071388245e-02 4.026850461959838867e-01 -3.570023924112319946e-02 -4.665378108620643616e-02 9.982728958129882812e-01 4.839571380615234375e+01
9.983401894569396973e-01 -5.308671295642852783e-02 2.232544124126434326e-02 1.110134124755859375e+00 5.188591033220291138e-02 9.973341822624206543e-01 5.130413919687271118e-02 4.541662037372589111e-01 -2.498950436711311340e-02 -5.006062239408493042e-02 9.984334707260131836e-01 5.128757858276367188e+01
9.980892539024353027e-01 -5.683891847729682922e-02 2.422400191426277161e-02 1.204427003860473633e+00 5.547860637307167053e-02 9.970228672027587891e-01 5.354533717036247253e-02 5.535876750946044922e-01 -2.719535492360591888e-02 -5.209913104772567749e-02 9.982714653015136719e-01 5.389921569824218750e+01
9.976137876510620117e-01 -6.245651096105575562e-02 2.942048013210296631e-02 1.272752046585083008e+00 6.094829738140106201e-02 9.969057440757751465e-01 4.963789880275726318e-02 6.576534509658813477e-01 -3.242966905236244202e-02 -4.772634059190750122e-02 9.983338117599487305e-01 5.652254486083984375e+01
9.976221323013305664e-01 -6.311691552400588989e-02 2.767657116055488586e-02 1.364135384559631348e+00 6.151227653026580811e-02 9.965657591819763184e-01 5.543055012822151184e-02 7.463616132736206055e-01 -3.108014352619647980e-02 -5.359631031751632690e-02 9.980788230895996094e-01 5.912729263305664062e+01
9.975430369377136230e-01 -6.325139850378036499e-02 3.011357598006725311e-02 1.465806722640991211e+00 6.149956583976745605e-02 9.965391159057617188e-01 5.592203140258789062e-02 8.460748195648193359e-01 -3.354651853442192078e-02 -5.393267795443534851e-02 9.979808330535888672e-01 6.208140563964843750e+01
9.978468418121337891e-01 -5.953976139426231384e-02 2.749949507415294647e-02 1.555238723754882812e+00 5.787644907832145691e-02 9.966510534286499023e-01 5.776496231555938721e-02 9.339381456375122070e-01 -3.084672801196575165e-02 -5.604903772473335266e-02 9.979512691497802734e-01 6.472210693359375000e+01
9.980132579803466797e-01 -5.893582478165626526e-02 2.226202189922332764e-02 1.629551529884338379e+00 5.735263600945472717e-02 9.961646199226379395e-01 6.607948988676071167e-02 1.056965351104736328e+00 -2.607110328972339630e-02 -6.467144936323165894e-02 9.975659251213073730e-01 6.743756866455078125e+01
9.977337121963500977e-01 -6.138392537832260132e-02 2.755125239491462708e-02 1.699774742126464844e+00 5.933268368244171143e-02 9.957849979400634766e-01 6.994035094976425171e-02 1.209005951881408691e+00 -3.172835335135459900e-02 -6.814718991518020630e-02 9.971705675125122070e-01 7.010111236572265625e+01
9.968879818916320801e-01 -6.652797758579254150e-02 4.228604212403297424e-02 1.808526158332824707e+00 6.363101303577423096e-02 9.957545399665832520e-01 6.651160120964050293e-02 1.342845916748046875e+00 -4.653142392635345459e-02 -6.361394375562667847e-02 9.968891143798828125e-01 7.280405426025390625e+01
9.965116977691650391e-01 -7.287061959505081177e-02 4.066993296146392822e-02 1.910682201385498047e+00 7.007151097059249878e-02 9.953255653381347656e-01 6.645873188972473145e-02 1.442381858825683594e+00 -4.532273858785629272e-02 -6.337712705135345459e-02 9.969598650932312012e-01 7.525296020507812500e+01
9.956671595573425293e-01 -7.755784690380096436e-02 5.129678547382354736e-02 2.019115686416625977e+00 7.403414696455001831e-02 9.949785470962524414e-01 6.735283881425857544e-02 1.562542080879211426e+00 -5.626296997070312500e-02 -6.326332688331604004e-02 9.964095354080200195e-01 7.760046386718750000e+01
9.946461319923400879e-01 -8.408632874488830566e-02 6.006792187690734863e-02 2.141590833663940430e+00 7.975915074348449707e-02 9.942730069160461426e-01 7.112947851419448853e-02 1.681317925453186035e+00 -6.570495665073394775e-02 -6.595773249864578247e-02 9.956566691398620605e-01 7.993373107910156250e+01
9.945039153099060059e-01 -8.788480609655380249e-02 5.690236017107963562e-02 2.310481309890747070e+00 8.347275108098983765e-02 9.936262965202331543e-01 7.575485855340957642e-02 1.833050370216369629e+00 -6.319741159677505493e-02 -7.058875262737274170e-02 9.955013990402221680e-01 8.230863952636718750e+01
9.936656355857849121e-01 -9.450707584619522095e-02 6.080015003681182861e-02 2.460547685623168945e+00 9.002719074487686157e-02 9.932875633239746094e-01 7.262700796127319336e-02 1.981022119522094727e+00 -6.725583225488662720e-02 -6.669334322214126587e-02 9.955040812492370605e-01 8.491610717773437500e+01
9.929380416870117188e-01 -9.965205937623977661e-02 6.436690688133239746e-02 2.605080366134643555e+00 9.435644000768661499e-02 9.922661185264587402e-01 8.065041154623031616e-02 2.149797439575195312e+00 -7.190611213445663452e-02 -7.400747388601303101e-02 9.946618080139160156e-01 8.754899597167968750e+01
9.929379820823669434e-01 -1.041704118251800537e-01 5.676514655351638794e-02 2.793811321258544922e+00 9.914937615394592285e-02 9.914302229881286621e-01 8.506022393703460693e-02 2.351656675338745117e+00 -6.513946503400802612e-02 -7.883134484291076660e-02 9.947572946548461914e-01 9.050808715820312500e+01
9.919983744621276855e-01 -1.101223081350326538e-01 6.174092739820480347e-02 2.968553066253662109e+00 1.043543443083763123e-01 9.904649853706359863e-01 8.993871510028839111e-02 2.543224096298217773e+00 -7.105651497840881348e-02 -8.277616649866104126e-02 9.940314888954162598e-01 9.329267883300781250e+01
9.912696480751037598e-01 -1.165957674384117126e-01 6.156061589717864990e-02 3.125144720077514648e+00 1.106142848730087280e-01 9.895049929618835449e-01 9.297315031290054321e-02 2.766298532485961914e+00 -7.175484299659729004e-02 -8.535201102495193481e-02 9.937634468078613281e-01 9.604689025878906250e+01
9.901605248451232910e-01 -1.178796067833900452e-01 7.540801912546157837e-02 3.318137645721435547e+00 1.103974953293800354e-01 9.891719818115234375e-01 9.669981896877288818e-02 2.955601215362548828e+00 -8.599046617746353149e-02 -8.742351084947586060e-02 9.924526810646057129e-01 9.862270355224609375e+01
9.884771108627319336e-01 -1.274004876613616943e-01 8.174306899309158325e-02 3.523346662521362305e+00 1.186059862375259399e-01 9.874078631401062012e-01 1.046805232763290405e-01 3.186756134033203125e+00 -9.405013173818588257e-02 -9.377910196781158447e-02 9.911406040191650391e-01 1.011902999877929688e+02
9.877901077270507812e-01 -1.325643509626388550e-01 8.183693885803222656e-02 3.773901939392089844e+00 1.237032338976860046e-01 9.867239594459533691e-01 1.052284017205238342e-01 3.415844917297363281e+00 -9.470004588365554810e-02 -9.382009506225585938e-02 9.910748004913330078e-01 1.039808731079101562e+02
9.879336953163146973e-01 -1.345078200101852417e-01 7.677599787712097168e-02 3.979331731796264648e+00 1.256480515003204346e-01 9.859067797660827637e-01 1.104538813233375549e-01 3.668547630310058594e+00 -9.055093675851821899e-02 -9.947437047958374023e-02 9.909111857414245605e-01 1.065700454711914062e+02
9.882488250732421875e-01 -1.345352083444595337e-01 7.255729287862777710e-02 4.170823574066162109e+00 1.258811205625534058e-01 9.855943322181701660e-01 1.129487082362174988e-01 3.924712896347045898e+00 -8.670768141746520996e-02 -1.024878472089767456e-01 9.909478425979614258e-01 1.092501449584960938e+02
9.876804351806640625e-01 -1.374316513538360596e-01 7.483137398958206177e-02 4.371012687683105469e+00 1.283629685640335083e-01 9.850522875785827637e-01 1.148678883910179138e-01 4.122091293334960938e+00 -8.949933946132659912e-02 -1.038472205400466919e-01 9.905580282211303711e-01 1.116282806396484375e+02
9.867488741874694824e-01 -1.413082927465438843e-01 7.974046468734741211e-02 4.618692874908447266e+00 1.311882883310317993e-01 9.840197563171386719e-01 1.203932166099548340e-01 4.406322479248046875e+00 -9.547878801822662354e-02 -1.083368808031082153e-01 9.895182847976684570e-01 1.143992996215820312e+02
9.867118000984191895e-01 -1.432167440652847290e-01 7.673844695091247559e-02 4.765956401824951172e+00 1.332930177450180054e-01 9.835712313652038574e-01 1.217388436198234558e-01 4.672323703765869141e+00 -9.291281551122665405e-02 -1.098924800753593445e-01 9.895910024642944336e-01 1.168095703125000000e+02
9.864998459815979004e-01 -1.454416662454605103e-01 7.526526600122451782e-02 4.944368839263916016e+00 1.353257745504379272e-01 9.828228354454040527e-01 1.254829466342926025e-01 4.933715343475341797e+00 -9.222291409969329834e-02 -1.136036068201065063e-01 9.892363548278808594e-01 1.191380538940429688e+02
9.862875342369079590e-01 -1.492792367935180664e-01 7.037550210952758789e-02 5.144044876098632812e+00 1.398082375526428223e-01 9.823385477066040039e-01 1.243556141853332520e-01 5.259523391723632812e+00 -8.769631385803222656e-02 -1.128113344311714172e-01 9.897385239601135254e-01 1.218589935302734375e+02
9.851305484771728516e-01 -1.579900979995727539e-01 6.750610470771789551e-02 5.312086105346679688e+00 1.484011858701705933e-01 9.804730415344238281e-01 1.290324032306671143e-01 5.521657943725585938e+00 -8.657379448413848877e-02 -1.170957982540130615e-01 9.893396496772766113e-01 1.242938995361328125e+02
9.832981228828430176e-01 -1.674960702657699585e-01 7.120317965745925903e-02 5.502341270446777344e+00 1.575498431921005249e-01 9.792133569717407227e-01 1.277454644441604614e-01 5.834726333618164062e+00 -9.112000465393066406e-02 -1.143938601016998291e-01 9.892474412918090820e-01 1.268497619628906250e+02
9.844045042991638184e-01 -1.602799892425537109e-01 7.251287251710891724e-02 5.724322319030761719e+00 1.501926630735397339e-01 9.803409576416015625e-01 1.279585957527160645e-01 6.140131473541259766e+00 -9.159658104181289673e-02 -1.150721609592437744e-01 9.891247153282165527e-01 1.296781768798828125e+02
9.839103221893310547e-01 -1.630677431821823120e-01 7.300344109535217285e-02 5.951755046844482422e+00 1.524897366762161255e-01 9.793875813484191895e-01 1.324629783630371094e-01 6.431363105773925781e+00 -9.309913963079452515e-02 -1.191994473338127136e-01 9.884954690933227539e-01 1.322638244628906250e+02
9.828448891639709473e-01 -1.695190072059631348e-01 7.265871018171310425e-02 6.126966476440429688e+00 1.596393883228302002e-01 9.792091250419616699e-01 1.251572817564010620e-01 6.703292369842529297e+00 -9.236464649438858032e-02 -1.114110425114631653e-01 9.894723296165466309e-01 1.347185516357421875e+02
9.825421571731567383e-01 -1.703663021326065063e-01 7.474052160978317261e-02 6.314323425292968750e+00 1.597604453563690186e-01 9.785232543945312500e-01 1.302633881568908691e-01 6.993890762329101562e+00 -9.532786905765533447e-02 -1.160487532615661621e-01 9.886578917503356934e-01 1.373453216552734375e+02
9.817163348197937012e-01 -1.743060946464538574e-01 7.648690044879913330e-02 6.536509513854980469e+00 1.637248843908309937e-01 9.781948328018188477e-01 1.277845054864883423e-01 7.301466941833496094e+00 -9.709274023771286011e-02 -1.129253953695297241e-01 9.888478517532348633e-01 1.398344573974609375e+02
9.808550477027893066e-01 -1.823475062847137451e-01 6.835565716028213501e-02 6.743272304534912109e+00 1.723904162645339966e-01 9.763116836547851562e-01 1.307553946971893311e-01 7.617723464965820312e+00 -9.057937562465667725e-02 -1.164683178067207336e-01 9.890549778938293457e-01 1.425396423339843750e+02
9.805558323860168457e-01 -1.878888159990310669e-01 5.663627758622169495e-02 6.902083396911621094e+00 1.788701266050338745e-01 9.744459390640258789e-01 1.358702778816223145e-01 7.925338745117187500e+00 -8.071751892566680908e-02 -1.230979636311531067e-01 9.891060590744018555e-01 1.451391296386718750e+02
9.788051843643188477e-01 -1.981356889009475708e-01 5.179073661565780640e-02 7.098589420318603516e+00 1.887471228837966919e-01 9.709204435348510742e-01 1.472687870264053345e-01 8.263431549072265625e+00 -7.946392148733139038e-02 -1.343722045421600342e-01 9.877392053604125977e-01 1.479991302490234375e+02
9.794275164604187012e-01 -1.975758373737335205e-01 4.105066508054733276e-02 7.223504543304443359e+00 1.896172612905502319e-01 9.706763625144958496e-01 1.477596312761306763e-01 8.625205993652343750e+00 -6.904067844152450562e-02 -1.369360387325286865e-01 9.881705641746520996e-01 1.508258361816406250e+02
9.778444170951843262e-01 -2.045247703790664673e-01 4.460549354553222656e-02 7.357492923736572266e+00 1.961575895547866821e-01 9.696589708328247070e-01 1.458898782730102539e-01 8.971049308776855469e+00 -7.309024780988693237e-02 -1.339079886674880981e-01 9.882943630218505859e-01 1.535377502441406250e+02
9.772430658340454102e-01 -2.056514620780944824e-01 5.199256166815757751e-02 7.463134288787841797e+00 1.966183036565780640e-01 9.701709151268005371e-01 1.418091654777526855e-01 9.277714729309082031e+00 -7.960497587919235229e-02 -1.283594369888305664e-01 9.885272979736328125e-01 1.558553314208984375e+02
9.763426184654235840e-01 -2.115470468997955322e-01 4.475240781903266907e-02 7.573812961578369141e+00 2.031329870223999023e-01 9.682846665382385254e-01 1.454719007015228271e-01 9.623085021972656250e+00 -7.410726696252822876e-02 -1.329398453235626221e-01 9.883493185043334961e-01 1.585977478027343750e+02
9.748190641403198242e-01 -2.166614532470703125e-01 5.277772247791290283e-02 7.693969726562500000e+00 2.059426307678222656e-01 9.654651880264282227e-01 1.595772355794906616e-01 9.902077674865722656e+00 -8.552932739257812500e-02 -1.446898579597473145e-01 9.857732057571411133e-01 1.609631805419921875e+02
9.726784825325012207e-01 -2.246360778808593750e-01 5.860889330506324768e-02 7.829594135284423828e+00 2.131278961896896362e-01 9.641285538673400879e-01 1.582179069519042969e-01 1.025558280944824219e+01 -9.204799681901931763e-02 -1.414040774106979370e-01 9.856628179550170898e-01 1.635383148193359375e+02
9.725273251533508301e-01 -2.271087914705276489e-01 5.110858753323554993e-02 7.966827869415283203e+00 2.166379690170288086e-01 9.633244872093200684e-01 1.583483219146728516e-01 1.058365154266357422e+01 -8.519649505615234375e-02 -1.429261118173599243e-01 9.860592484474182129e-01 1.659295806884765625e+02
9.731419682502746582e-01 -2.245922237634658813e-01 5.052672326564788818e-02 8.103166580200195312e+00 2.138800770044326782e-01 9.632648825645446777e-01 1.624082922935485840e-01 1.090986537933349609e+01 -8.514629304409027100e-02 -1.472397595643997192e-01 9.854287505149841309e-01 1.682026977539062500e+02
9.725548028945922852e-01 -2.279104143381118774e-01 4.683893173933029175e-02 8.221753120422363281e+00 2.178061455488204956e-01 9.625785350799560547e-01 1.612561941146850586e-01 1.127752971649169922e+01 -8.183814585208892822e-02 -1.466287821531295776e-01 9.858000874519348145e-01 1.705682525634765625e+02
9.720865488052368164e-01 -2.292315065860748291e-01 5.000614747405052185e-02 8.332614898681640625e+00 2.183707803487777710e-01 9.619078636169433594e-01 1.644624471664428711e-01 1.162425994873046875e+01 -8.580131083726882935e-02 -1.489519476890563965e-01 9.851145744323730469e-01 1.728324737548828125e+02
9.703701734542846680e-01 -2.374697625637054443e-01 4.460835456848144531e-02 8.442070960998535156e+00 2.270576059818267822e-01 9.593302011489868164e-01 1.677228063344955444e-01 1.200796413421630859e+01 -8.262327313423156738e-02 -1.526246219873428345e-01 9.848240613937377930e-01 1.753125457763671875e+02
9.717921018600463867e-01 -2.328299432992935181e-01 3.755669295787811279e-02 8.546613693237304688e+00 2.231451123952865601e-01 9.592924118041992188e-01 1.731037497520446777e-01 1.234214019775390625e+01 -7.633163034915924072e-02 -1.598403304815292358e-01 9.841869473457336426e-01 1.776421966552734375e+02
9.708838462829589844e-01 -2.360771000385284424e-01 4.064977541565895081e-02 8.649487495422363281e+00 2.256124466657638550e-01 9.581696987152099609e-01 1.760976612567901611e-01 1.270865726470947266e+01 -8.052205294370651245e-02 -1.617993265390396118e-01 9.835327267646789551e-01 1.800092010498046875e+02
9.699111580848693848e-01 -2.407008409500122070e-01 3.654788061976432800e-02 8.717851638793945312e+00 2.307575196027755737e-01 9.567458629608154297e-01 1.771687418222427368e-01 1.307055377960205078e+01 -7.761174440383911133e-02 -1.634042859077453613e-01 9.835013151168823242e-01 1.821547698974609375e+02
9.701127409934997559e-01 -2.410378158092498779e-01 2.796915546059608459e-02 8.788975715637207031e+00 2.324011921882629395e-01 9.560789465904235840e-01 1.786146163940429688e-01 1.346887397766113281e+01 -6.979364156723022461e-02 -1.667763143777847290e-01 9.835211634635925293e-01 1.844413757324218750e+02
9.682218432426452637e-01 -2.478290200233459473e-01 3.357741981744766235e-02 8.892438888549804688e+00 2.381327003240585327e-01 9.545937776565551758e-01 1.790084242820739746e-01 1.386454200744628906e+01 -7.641632109880447388e-02 -1.653240621089935303e-01 9.832740426063537598e-01 1.868415985107421875e+02
9.662733078002929688e-01 -2.549667358398437500e-01 3.616897016763687134e-02 8.960559844970703125e+00 2.446207404136657715e-01 9.526699781417846680e-01 1.805023103952407837e-01 1.425442695617675781e+01 -8.047921955585479736e-02 -1.655669361352920532e-01 9.829089641571044922e-01 1.892217407226562500e+02
9.644340276718139648e-01 -2.617838084697723389e-01 3.656013309955596924e-02 9.052792549133300781e+00 2.509480714797973633e-01 9.502705335617065430e-01 1.844220012426376343e-01 1.461989402770996094e+01 -8.302075415849685669e-02 -1.686882078647613525e-01 9.821665287017822266e-01 1.914510955810546875e+02
9.633458256721496582e-01 -2.661491930484771729e-01 3.361264616250991821e-02 9.162027359008789062e+00 2.559127807617187500e-01 9.493328928947448730e-01 1.824174970388412476e-01 1.502651882171630859e+01 -8.045990020036697388e-02 -1.671292781829833984e-01 9.826460480690002441e-01 1.938862457275390625e+02
9.613670110702514648e-01 -2.735357880592346191e-01 3.085327520966529846e-02 9.265393257141113281e+00 2.636931240558624268e-01 9.472951292991638184e-01 1.819290816783905029e-01 1.536659717559814453e+01 -7.899131625890731812e-02 -1.667648702859878540e-01 9.828270673751831055e-01 1.959566345214843750e+02
9.600421190261840820e-01 -2.785723805427551270e-01 2.677277661859989166e-02 9.335315704345703125e+00 2.692015469074249268e-01 9.454026818275451660e-01 1.836969703435897827e-01 1.574433135986328125e+01 -7.648400217294692993e-02 -1.691496074199676514e-01 9.826178550720214844e-01 1.981967773437500000e+02
9.594045877456665039e-01 -2.812691330909729004e-01 2.075683511793613434e-02 9.387356758117675781e+00 2.725820541381835938e-01 9.436310529708862305e-01 1.877755224704742432e-01 1.613129234313964844e+01 -7.240229845046997070e-02 -1.744948029518127441e-01 9.819922447204589844e-01 2.004668884277343750e+02
9.567182660102844238e-01 -2.900812029838562012e-01 2.331143803894519806e-02 9.444856643676757812e+00 2.804155647754669189e-01 9.403293728828430176e-01 1.927380114793777466e-01 1.652693176269531250e+01 -7.783014327287673950e-02 -1.778591275215148926e-01 9.809729456901550293e-01 2.027366180419921875e+02
9.532632827758789062e-01 -3.012631833553314209e-01 2.302074991166591644e-02 9.521286010742187500e+00 2.911208868026733398e-01 9.362139701843261719e-01 1.968558579683303833e-01 1.693210601806640625e+01 -8.085780590772628784e-02 -1.809536963701248169e-01 9.801617860794067383e-01 2.051273651123046875e+02
9.516312479972839355e-01 -3.064909279346466064e-01 2.148693613708019257e-02 9.569785118103027344e+00 2.963357269763946533e-01 9.340692162513732910e-01 1.992488354444503784e-01 1.734186172485351562e+01 -8.113828301429748535e-02 -1.832440942525863647e-01 9.797129631042480469e-01 2.071647491455078125e+02
9.485897421836853027e-01 -3.152306079864501953e-01 2.841896936297416687e-02 9.624929428100585938e+00 3.033503592014312744e-01 9.311013221740722656e-01 2.025564759969711304e-01 1.776169013977050781e+01 -9.031297266483306885e-02 -1.835221052169799805e-01 9.788577556610107422e-01 2.094466094970703125e+02
9.458744525909423828e-01 -3.224414885044097900e-01 3.678977489471435547e-02 9.712619781494140625e+00 3.084299564361572266e-01 9.284112453460693359e-01 2.071805596351623535e-01 1.822019767761230469e+01 -1.009596735239028931e-01 -1.846197396516799927e-01 9.776103496551513672e-01 2.117374877929687500e+02
9.435662627220153809e-01 -3.285936117172241211e-01 4.134610667824745178e-02 9.803130149841308594e+00 3.135709166526794434e-01 9.265658855438232422e-01 2.077238559722900391e-01 1.862997817993164062e+01 -1.065666452050209045e-01 -1.830362826585769653e-01 9.773129820823669434e-01 2.137236175537109375e+02
9.404700398445129395e-01 -3.360582590103149414e-01 5.080763250589370728e-02 9.932508468627929688e+00 3.194159865379333496e-01 9.250053167343139648e-01 2.057641595602035522e-01 1.906898880004882812e+01 -1.161460950970649719e-01 -1.772862672805786133e-01 9.772815108299255371e-01 2.159812927246093750e+02
9.401533603668212891e-01 -3.376207947731018066e-01 4.608939215540885925e-02 1.007580280303955078e+01 3.212524354457855225e-01 9.233068227767944336e-01 2.104795277118682861e-01 1.954544830322265625e+01 -1.136169284582138062e-01 -1.830767095088958740e-01 9.765109419822692871e-01 2.184693298339843750e+02
9.403123855590820312e-01 -3.370745480060577393e-01 4.683865606784820557e-02 1.020815658569335938e+01 3.209176361560821533e-01 9.240831732749938965e-01 2.075628936290740967e-01 2.002136230468750000e+01 -1.132469996809959412e-01 -1.801426112651824951e-01 9.770994186401367188e-01 2.209828643798828125e+02
9.398254156112670898e-01 -3.384631872177124023e-01 4.659875482320785522e-02 1.034562397003173828e+01 3.222253024578094482e-01 9.234331846237182617e-01 2.084280699491500854e-01 2.052075958251953125e+01 -1.135760769248008728e-01 -1.808706969022750854e-01 9.769266843795776367e-01 2.234581298828125000e+02
9.391926527023315430e-01 -3.401510119438171387e-01 4.706400632858276367e-02 1.048100852966308594e+01 3.235116899013519287e-01 9.224272370338439941e-01 2.108753174543380737e-01 2.103568077087402344e+01 -1.151425763964653015e-01 -1.828268170356750488e-01 9.763789772987365723e-01 2.259797821044921875e+02
9.380414485931396484e-01 -3.434245884418487549e-01 4.624219611287117004e-02 1.061163425445556641e+01 3.272044062614440918e-01 9.217569231986999512e-01 2.080904990434646606e-01 2.149736404418945312e+01 -1.140874549746513367e-01 -1.800668686628341675e-01 9.770155549049377441e-01 2.284040679931640625e+02
9.361931681632995605e-01 -3.491749465465545654e-01 4.024657979607582092e-02 1.074298858642578125e+01 3.337457180023193359e-01 9.190114736557006836e-01 2.098376303911209106e-01 2.194977569580078125e+01 -1.102571114897727966e-01 -1.830164194107055664e-01 9.769073128700256348e-01 2.307445983886718750e+02
9.338324666023254395e-01 -3.558506965637207031e-01 3.643845021724700928e-02 1.086149978637695312e+01 3.406815528869628906e-01 9.158046841621398926e-01 2.126923650503158569e-01 2.243534469604492188e+01 -1.090572252869606018e-01 -1.862051188945770264e-01 9.764392971992492676e-01 2.331554718017578125e+02
9.331942200660705566e-01 -3.579760789871215820e-01 3.165739774703979492e-02 1.096527194976806641e+01 3.430920839309692383e-01 9.136676192283630371e-01 2.179437875747680664e-01 2.294161033630371094e+01 -1.069429889321327209e-01 -1.925224810838699341e-01 9.754475355148315430e-01 2.357122650146484375e+02
9.312597513198852539e-01 -3.635731041431427002e-01 2.388316020369529724e-02 1.105940151214599609e+01 3.502600789070129395e-01 9.113614559173583984e-01 2.161907553672790527e-01 2.346592712402343750e+01 -1.003673151135444641e-01 -1.929644197225570679e-01 9.760587811470031738e-01 2.382225494384765625e+02
9.288901090621948242e-01 -3.700709342956542969e-01 1.453361101448535919e-02 1.114083099365234375e+01 3.581606149673461914e-01 9.075980186462402344e-01 2.190594226121902466e-01 2.405700683593750000e+01 -9.425818175077438354e-02 -1.982767432928085327e-01 9.756030440330505371e-01 2.410701751708984375e+02
9.285694360733032227e-01 -3.709670603275299072e-01 1.195129193365573883e-02 1.118481540679931641e+01 3.599176704883575439e-01 9.078425168991088867e-01 2.151312381029129028e-01 2.453679466247558594e+01 -9.065647423267364502e-02 -1.954627782106399536e-01 9.765118360519409180e-01 2.435539398193359375e+02
9.273477792739868164e-01 -3.741563856601715088e-01 5.806288681924343109e-03 1.126443958282470703e+01 3.642045557498931885e-01 9.060276150703430176e-01 2.155673503875732422e-01 2.510476493835449219e+01 -8.591654151678085327e-02 -1.977912038564682007e-01 9.764715433120727539e-01 2.463756713867187500e+02
9.244070649147033691e-01 -3.814009428024291992e-01 2.359105274081230164e-03 1.128580856323242188e+01 3.721641004085540771e-01 9.033386111259460449e-01 2.132452428340911865e-01 2.565028762817382812e+01 -8.346299827098846436e-02 -1.962474137544631958e-01 9.769956469535827637e-01 2.490440826416015625e+02
9.234247803688049316e-01 -3.837736546993255615e-01 -2.257498912513256073e-03 1.129976654052734375e+01 3.752691149711608887e-01 9.016982913017272949e-01 2.147409021854400635e-01 2.616124725341796875e+01 -8.037631213665008545e-02 -1.991442143917083740e-01 9.766682982444763184e-01 2.516256408691406250e+02
9.216608405113220215e-01 -3.879817128181457520e-01 -3.482762025669217110e-03 1.128909015655517578e+01 3.798199892044067383e-01 9.003666639328002930e-01 2.123136818408966064e-01 2.665393829345703125e+01 -7.923805713653564453e-02 -1.970040053129196167e-01 9.771952033042907715e-01 2.542627868652343750e+02
9.195964932441711426e-01 -3.928081989288330078e-01 -6.673021242022514343e-03 1.131289196014404297e+01 3.845934867858886719e-01 8.966385126113891602e-01 2.193803340196609497e-01 2.726103591918945312e+01 -8.019109815359115601e-02 -2.043077796697616577e-01 9.756164550781250000e-01 2.571155395507812500e+02
9.160408377647399902e-01 -4.009374082088470459e-01 -1.090087927877902985e-02 1.129041957855224609e+01 3.935174942016601562e-01 8.931695818901062012e-01 2.176984399557113647e-01 2.777322769165039062e+01 -7.754711806774139404e-02 -2.037103623151779175e-01 9.759550094604492188e-01 2.596659240722656250e+02
9.123870730400085449e-01 -4.090010225772857666e-01 -1.638344489037990570e-02 1.127337455749511719e+01 4.020094275474548340e-01 8.878188729286193848e-01 2.239792644977569580e-01 2.827079391479492188e+01 -7.706221938133239746e-02 -2.109421044588088989e-01 9.744559526443481445e-01 2.620938110351562500e+02
9.121419787406921387e-01 -4.095935821533203125e-01 -1.518753543496131897e-02 1.125893783569335938e+01 4.026929140090942383e-01 8.886374831199645996e-01 2.194593995809555054e-01 2.881184196472167969e+01 -7.639294862747192383e-02 -2.062940597534179688e-01 9.755031466484069824e-01 2.646747741699218750e+02
9.095157980918884277e-01 -4.147960841655731201e-01 -2.693965286016464233e-02 1.125594234466552734e+01 4.103662371635437012e-01 8.857033848762512207e-01 2.170935869216918945e-01 2.932850074768066406e+01 -6.618904322385787964e-02 -2.085051983594894409e-01 9.757787585258483887e-01 2.671889038085937500e+02
9.075894355773925781e-01 -4.192968904972076416e-01 -2.172572910785675049e-02 1.121303653717041016e+01 4.129956662654876709e-01 8.822387456893920898e-01 2.260308712720870972e-01 2.986581420898437500e+01 -7.560677081346511841e-02 -2.141158878803253174e-01 9.738776087760925293e-01 2.697036743164062500e+02
9.065573215484619141e-01 -4.214511215686798096e-01 -2.309192530810832977e-02 1.116002178192138672e+01 4.151538312435150146e-01 8.804664611816406250e-01 2.289687693119049072e-01 3.042548370361328125e+01 -7.616747915744781494e-02 -2.171600461006164551e-01 9.731596112251281738e-01 2.723329162597656250e+02
9.016023278236389160e-01 -4.321928918361663818e-01 -1.797246932983398438e-02 1.111848068237304688e+01 4.245057106018066406e-01 8.760541677474975586e-01 2.287458032369613647e-01 3.101994705200195312e+01 -8.311744034290313721e-02 -2.138671875000000000e-01 9.733200669288635254e-01 2.751255187988281250e+02
8.996440172195434570e-01 -4.362775683403015137e-01 -1.740657910704612732e-02 1.107877063751220703e+01 4.277620613574981689e-01 8.726912140846252441e-01 2.354362607002258301e-01 3.166560935974121094e+01 -8.752497285604476929e-02 -2.192547172307968140e-01 9.717337489128112793e-01 2.779786376953125000e+02
9.014971256256103516e-01 -4.326680004596710205e-01 -1.008768379688262939e-02 1.106258869171142578e+01 4.223197996616363525e-01 8.743632435798645020e-01 2.390302717685699463e-01 3.222233200073242188e+01 -9.460043162107467651e-02 -2.197453677654266357e-01 9.709595441818237305e-01 2.804129638671875000e+02
8.993284702301025391e-01 -4.372693002223968506e-01 2.062008716166019440e-03 1.105736923217773438e+01 4.236287772655487061e-01 8.724238872528076172e-01 2.437533736228942871e-01 3.277399063110351562e+01 -1.083847880363464355e-01 -2.183408588171005249e-01 9.698349237442016602e-01 2.828272705078125000e+02
8.992837071418762207e-01 -4.372419416904449463e-01 1.042587868869304657e-02 1.110602378845214844e+01 4.211913645267486572e-01 8.722029924392700195e-01 2.487171888351440430e-01 3.332145309448242188e+01 -1.178430542349815369e-01 -2.192760556936264038e-01 9.685198664665222168e-01 2.851237487792968750e+02
8.976987600326538086e-01 -4.405889511108398438e-01 4.336932208389043808e-03 1.113471889495849609e+01 4.257759749889373779e-01 8.699659705162048340e-01 2.487458586692810059e-01 3.390914916992187500e+01 -1.133676543831825256e-01 -2.214522808790206909e-01 9.685589075088500977e-01 2.876323242187500000e+02
8.950142264366149902e-01 -4.460380375385284424e-01 -2.929996699094772339e-04 1.118208312988281250e+01 4.313970804214477539e-01 8.654686808586120605e-01 2.546782195568084717e-01 3.456749725341796875e+01 -1.133425831794738770e-01 -2.280670255422592163e-01 9.670256376266479492e-01 2.903879699707031250e+02
8.933420777320861816e-01 -4.492933452129364014e-01 8.716419339179992676e-03 1.123907566070556641e+01 4.312725961208343506e-01 8.626386523246765137e-01 2.643084824085235596e-01 3.529062271118164062e+01 -1.262711435556411743e-01 -2.323587089776992798e-01 9.643986225128173828e-01 2.932261047363281250e+02
8.896875381469726562e-01 -4.564976096153259277e-01 8.165402337908744812e-03 1.127323722839355469e+01 4.384733438491821289e-01 8.592713475227355957e-01 2.634282112121582031e-01 3.602106475830078125e+01 -1.272706240415573120e-01 -2.307884544134140015e-01 9.646441936492919922e-01 2.959845886230468750e+02
8.865249156951904297e-01 -4.624533057212829590e-01 1.453085150569677353e-02 1.131919765472412109e+01 4.428030848503112793e-01 8.571248054504394531e-01 2.631787955760955811e-01 3.665335464477539062e+01 -1.341626346111297607e-01 -2.268802374601364136e-01 9.646373987197875977e-01 2.984129943847656250e+02
8.856463432312011719e-01 -4.642156660556793213e-01 1.162208616733551025e-02 1.136399555206298828e+01 4.446939229965209961e-01 8.550774455070495605e-01 2.666279077529907227e-01 3.731058120727539062e+01 -1.337106227874755859e-01 -2.309697419404983521e-01 9.637292027473449707e-01 3.009525146484375000e+02
8.835203647613525391e-01 -4.681896269321441650e-01 1.381908543407917023e-02 1.141616058349609375e+01 4.483200907707214355e-01 8.538327217102050781e-01 2.645360529422760010e-01 3.803219604492187500e+01 -1.356522142887115479e-01 -2.275276184082031250e-01 9.642764925956726074e-01 3.036952819824218750e+02
8.803806304931640625e-01 -4.739632904529571533e-01 1.701257377862930298e-02 1.148788738250732422e+01 4.523274600505828857e-01 8.498957157135009766e-01 2.703287005424499512e-01 3.871036911010742188e+01 -1.425847709178924561e-01 -2.302968949079513550e-01 9.626175165176391602e-01 3.064041137695312500e+02
8.769553899765014648e-01 -4.803608953952789307e-01 1.426378265023231506e-02 1.156834888458251953e+01 4.584589302539825439e-01 8.451334238052368164e-01 2.748916149139404297e-01 3.935477447509765625e+01 -1.441019475460052490e-01 -2.345282882452011108e-01 9.613691568374633789e-01 3.088626098632812500e+02
8.734529018402099609e-01 -4.867656826972961426e-01 1.183112710714340210e-02 1.164494132995605469e+01 4.647859036922454834e-01 8.407610654830932617e-01 2.776604294776916504e-01 4.011283111572265625e+01 -1.451026797294616699e-01 -2.370243221521377563e-01 9.606061577796936035e-01 3.117201538085937500e+02
8.736299872398376465e-01 -4.863972067832946777e-01 1.375052891671657562e-02 1.167264747619628906e+01 4.640544950962066650e-01 8.413346409797668457e-01 2.771459519863128662e-01 4.077556991577148438e+01 -1.463717818260192871e-01 -2.357419729232788086e-01 9.607291817665100098e-01 3.142605590820312500e+02
8.704915046691894531e-01 -4.920310080051422119e-01 1.227666903287172318e-02 1.174207115173339844e+01 4.688833355903625488e-01 8.366068005561828613e-01 2.832629978656768799e-01 4.147723007202148438e+01 -1.496448963880538940e-01 -2.408216446638107300e-01 9.589634537696838379e-01 3.168121032714843750e+02
8.686960339546203613e-01 -4.950499534606933594e-01 1.712938770651817322e-02 1.182144737243652344e+01 4.703515172004699707e-01 8.352150917053222656e-01 2.849308848381042480e-01 4.226604843139648438e+01 -1.553617268800735474e-01 -2.394614517688751221e-01 9.583947062492370605e-01 3.195805053710937500e+02
8.644259572029113770e-01 -5.021356344223022461e-01 2.506530284881591797e-02 1.188995265960693359e+01 4.750433266162872314e-01 8.320789337158203125e-01 2.863196730613708496e-01 4.296310424804687500e+01 -1.646276116371154785e-01 -2.355950176715850830e-01 9.578059911727905273e-01 3.220388183593750000e+02
8.628368377685546875e-01 -5.047152042388916016e-01 2.785541862249374390e-02 1.196090412139892578e+01 4.765123128890991211e-01 8.305366635322570801e-01 2.883493304252624512e-01 4.374453353881835938e+01 -1.686692237854003906e-01 -2.355249375104904175e-01 9.571197628974914551e-01 3.248123779296875000e+02
8.611350059509277344e-01 -5.075514316558837891e-01 2.896169759333133698e-02 1.208832359313964844e+01 4.788554608821868896e-01 8.289420604705810547e-01 2.890552282333374023e-01 4.451297378540039062e+01 -1.707179546356201172e-01 -2.350470721721649170e-01 9.568740129470825195e-01 3.275717773437500000e+02
8.564764261245727539e-01 -5.153626203536987305e-01 2.915957942605018616e-02 1.218112659454345703e+01 4.849694073200225830e-01 8.227413296699523926e-01 2.964823246002197266e-01 4.525442886352539062e+01 -1.767866760492324829e-01 -2.397885620594024658e-01 9.545928835868835449e-01 3.302218627929687500e+02
8.591463565826416016e-01 -5.112457275390625000e-01 2.227403223514556885e-02 1.228332138061523438e+01 4.823119640350341797e-01 8.235331773757934570e-01 2.986112833023071289e-01 4.599844360351562500e+01 -1.710071414709091187e-01 -2.458077073097229004e-01 9.541146755218505859e-01 3.328506774902343750e+02
8.552069664001464844e-01 -5.175441503524780273e-01 2.774573490023612976e-02 1.239832973480224609e+01 4.868823289871215820e-01 8.205862641334533691e-01 2.993060946464538574e-01 4.684048461914062500e+01 -1.776718497276306152e-01 -2.424596995115280151e-01 9.537535309791564941e-01 3.356347656250000000e+02
