9.998657703399658203e-01 -1.425248337909579277e-03 1.632236316800117493e-02 1.939806714653968811e-02 1.424533780664205551e-03 9.999989867210388184e-01 5.539745325222611427e-05 -1.006872579455375671e-02 -1.632242649793624878e-02 -3.213826130377128720e-05 9.998667836189270020e-01 6.160427331924438477e-01
9.991152882575988770e-01 -2.939395606517791748e-03 4.195412993431091309e-02 5.917647108435630798e-02 2.945349551737308502e-03 9.999956488609313965e-01 -8.011236059246584773e-05 -1.933498680591583252e-02 -4.195371270179748535e-02 2.036110527114942670e-04 9.991195797920227051e-01 1.169417619705200195e+00
9.985439181327819824e-01 -4.049475770443677902e-03 5.379447340965270996e-02 9.569172561168670654e-02 4.060092847794294357e-03 9.999917745590209961e-01 -8.809621795080602169e-05 -2.783390879631042480e-02 -5.379366874694824219e-02 3.063785261474549770e-04 9.985520243644714355e-01 1.684054136276245117e+00
9.984571337699890137e-01 -4.852096550166606903e-03 5.531687662005424500e-02 1.303646415472030640e-01 4.878765437752008438e-03 9.999880790710449219e-01 -3.470992669463157654e-04 -3.768035769462585449e-02 -5.531452596187591553e-02 6.164418300613760948e-04 9.984688162803649902e-01 2.283523559570312500e+00
9.985484480857849121e-01 -5.558256991207599640e-03 5.357558652758598328e-02 1.624880731105804443e-01 5.558136850595474243e-03 9.999845623970031738e-01 1.512152375653386116e-04 -4.605741053819656372e-02 -5.357559397816658020e-02 1.467848196625709534e-04 9.985637664794921875e-01 2.898473024368286133e+00
9.985410571098327637e-01 -6.474785041064023972e-03 5.361043661832809448e-02 1.969732642173767090e-01 6.399355363100767136e-03 9.999783039093017578e-01 1.578508876264095306e-03 -5.567563325166702271e-02 -5.361949279904365540e-02 -1.233133254572749138e-03 9.985606670379638672e-01 3.509022235870361328e+00
9.982768297195434570e-01 -7.587572559714317322e-03 5.818884447216987610e-02 2.334973961114883423e-01 7.501884829252958298e-03 9.999704957008361816e-01 1.690854318439960480e-03 -6.164853647351264954e-02 -5.819994956254959106e-02 -1.251414301805198193e-03 9.983041882514953613e-01 4.091934204101562500e+00
9.975389242172241211e-01 -8.291599340736865997e-03 6.962420046329498291e-02 2.718226611614227295e-01 8.307140320539474487e-03 9.999656081199645996e-01 6.632087752223014832e-05 -6.826423853635787964e-02 -6.962234526872634888e-02 5.122204311192035675e-04 9.975733160972595215e-01 4.519437313079833984e+00
9.967716932296752930e-01 -9.632583707571029663e-03 7.970900088548660278e-02 3.195898234844207764e-01 9.684977121651172638e-03 9.999531507492065430e-01 -2.707285748329013586e-04 -7.564599812030792236e-02 -7.970264554023742676e-02 1.041834359057247639e-03 9.968181252479553223e-01 5.046415328979492188e+00
9.959448575973510742e-01 -1.028139237314462662e-02 8.937673270702362061e-02 3.694930970668792725e-01 1.037093997001647949e-02 9.999461174011230469e-01 -5.375813925638794899e-04 -8.381269127130508423e-02 -8.936636894941329956e-02 1.462321961298584938e-03 9.959977865219116211e-01 5.537779331207275391e+00
9.961518645286560059e-01 -1.125275902450084686e-02 8.691865950822830200e-02 4.223349988460540771e-01 1.136865373700857162e-02 9.999350905418395996e-01 -8.384768152609467506e-04 -9.472434222698211670e-02 -8.690355718135833740e-02 1.823398284614086151e-03 9.962151050567626953e-01 6.186771392822265625e+00
9.975736141204833984e-01 -1.132260449230670929e-02 6.869286298751831055e-02 4.381343424320220947e-01 1.150415558367967606e-02 9.999313950538635254e-01 -2.247915137559175491e-03 -1.029714047908782959e-01 -6.866268068552017212e-02 3.032714128494262695e-03 9.976353645324707031e-01 6.631429672241210938e+00
9.981763362884521484e-01 -1.203769352287054062e-02 5.915306881070137024e-02 4.654687047004699707e-01 1.220083609223365784e-02 9.999228119850158691e-01 -2.397578908130526543e-03 -1.141331493854522705e-01 -5.911961197853088379e-02 3.114923601970076561e-03 9.982460737228393555e-01 7.209183692932128906e+00
9.989297389984130859e-01 -1.330263353884220123e-02 4.429686069488525391e-02 4.881469905376434326e-01 1.343466155230998993e-02 9.999063014984130859e-01 -2.684178296476602554e-03 -1.271512657403945923e-01 -4.425697401165962219e-02 3.276419360190629959e-03 9.990147948265075684e-01 7.921882152557373047e+00
9.992073178291320801e-01 -1.400378067046403885e-02 3.726135939359664917e-02 5.119150876998901367e-01 1.411565858870744705e-02 9.998967647552490234e-01 -2.741148462519049644e-03 -1.385823190212249756e-01 -3.721909970045089722e-02 3.264945000410079956e-03 9.993017315864562988e-01 8.640182495117187500e+00
9.994775056838989258e-01 -1.484471745789051056e-02 2.870759740471839905e-02 5.310959815979003906e-01 1.495171524584293365e-02 9.998821616172790527e-01 -3.516093129292130470e-03 -1.519528925418853760e-01 -2.865199372172355652e-02 3.943484276533126831e-03 9.995816349983215332e-01 9.376841545104980469e+00
9.995835423469543457e-01 -1.563737541437149048e-02 2.424949780106544495e-02 5.469529032707214355e-01 1.570824161171913147e-02 9.998729825019836426e-01 -2.734660170972347260e-03 -1.632827818393707275e-01 -2.420362830162048340e-02 3.114438150078058243e-03 9.997021555900573730e-01 1.006244754791259766e+01
9.997062683105468750e-01 -1.685488410294055939e-02 1.741034910082817078e-02 5.566438436508178711e-01 1.690730825066566467e-02 9.998530745506286621e-01 -2.868456300348043442e-03 -1.755323410034179688e-01 -1.735941693186759949e-02 3.161975648254156113e-03 9.998442530632019043e-01 1.080468750000000000e+01
9.997391104698181152e-01 -1.801043190062046051e-02 1.404387969523668289e-02 5.659775733947753906e-01 1.804360561072826385e-02 9.998348355293273926e-01 -2.239230787381529808e-03 -1.886568814516067505e-01 -1.400120463222265244e-02 2.492048544809222221e-03 9.998988509178161621e-01 1.157235145568847656e+01
9.998031854629516602e-01 -1.967747882008552551e-02 2.515122294425964355e-03 5.622239112854003906e-01 1.968662627041339874e-02 9.997996091842651367e-01 -3.666498232632875443e-03 -1.985456943511962891e-01 -2.442446537315845490e-03 3.715290222316980362e-03 9.999901056289672852e-01 1.218872261047363281e+01
9.997848272323608398e-01 -2.073150686919689178e-02 6.473043467849493027e-04 5.610058903694152832e-01 2.073398604989051819e-02 9.997767210006713867e-01 -4.098387435078620911e-03 -2.122546434402465820e-01 -5.621699383482336998e-04 4.110926296561956406e-03 9.999913573265075684e-01 1.289477252960205078e+01
9.997567534446716309e-01 -2.185727097094058990e-02 -2.932847011834383011e-03 5.572403669357299805e-01 2.184452675282955170e-02 9.997521638870239258e-01 -4.308647010475397110e-03 -2.274748086929321289e-01 3.026319434866309166e-03 4.243531730026006699e-03 9.999863505363464355e-01 1.365617179870605469e+01
9.997062683105468750e-01 -2.315998077392578125e-02 -7.138856220990419388e-03 5.498940348625183105e-01 2.313573099672794342e-02 9.997263550758361816e-01 -3.460842184722423553e-03 -2.419878989458084106e-01 7.217079866677522659e-03 3.294662106782197952e-03 9.999684691429138184e-01 1.447422885894775391e+01
9.996062517166137695e-01 -2.387587167322635651e-02 -1.474183052778244019e-02 5.363634228706359863e-01 2.382488735020160675e-02 9.997096061706542969e-01 -3.624386386945843697e-03 -2.541994750499725342e-01 1.482410728931427002e-02 3.271735971793532372e-03 9.998847246170043945e-01 1.515409564971923828e+01
9.994625449180603027e-01 -2.460196241736412048e-02 -2.166337333619594574e-02 5.198681354522705078e-01 2.453175745904445648e-02 9.996929764747619629e-01 -3.500526072457432747e-03 -2.652980685234069824e-01 2.174286358058452606e-02 2.967203268781304359e-03 9.997591376304626465e-01 1.573378372192382812e+01
9.989449381828308105e-01 -2.531598694622516632e-02 -3.831491619348526001e-02 4.867444932460784912e-01 2.516954392194747925e-02 9.996740221977233887e-01 -4.299674183130264282e-03 -2.765647470951080322e-01 3.841129690408706665e-02 3.330767853185534477e-03 9.992564320564270020e-01 1.631575965881347656e+01
9.987829327583312988e-01 -2.675106376409530640e-02 -4.143563657999038696e-02 4.504850804805755615e-01 2.658450417220592499e-02 9.996362328529357910e-01 -4.565609153360128403e-03 -2.933415472507476807e-01 4.154271632432937622e-02 3.458505729213356972e-03 9.991307258605957031e-01 1.718221282958984375e+01
9.986478686332702637e-01 -2.807108871638774872e-02 -4.375308752059936523e-02 4.089194536209106445e-01 2.791529707610607147e-02 9.996016621589660645e-01 -4.167756531387567520e-03 -3.111382126808166504e-01 4.385266825556755066e-02 2.940739737823605537e-03 9.990336894989013672e-01 1.809928131103515625e+01
9.982693791389465332e-01 -2.962706796824932098e-02 -5.079732835292816162e-02 3.615164756774902344e-01 2.946813777089118958e-02 9.995582699775695801e-01 -3.875013673678040504e-03 -3.259720206260681152e-01 5.088971182703971863e-02 2.371403854340314865e-03 9.987014532089233398e-01 1.901966285705566406e+01
9.980415701866149902e-01 -3.121721558272838593e-02 -5.420687049627304077e-02 3.125153779983520508e-01 3.104856610298156738e-02 9.995101690292358398e-01 -3.950868733227252960e-03 -3.432392776012420654e-01 5.430367216467857361e-02 2.260084729641675949e-03 9.985218644142150879e-01 1.990961074829101562e+01
9.977865815162658691e-01 -3.288535401225090027e-02 -5.779558047652244568e-02 2.529196143150329590e-01 3.273820132017135620e-02 9.994579553604125977e-01 -3.491435898467898369e-03 -3.631115257740020752e-01 5.787908285856246948e-02 1.591583946719765663e-03 9.983223080635070801e-01 2.091785049438476562e+01
9.974682927131652832e-01 -3.422548249363899231e-02 -6.233384832739830017e-02 1.966792047023773193e-01 3.409411013126373291e-02 9.994136691093444824e-01 -3.170411102473735809e-03 -3.808953464031219482e-01 6.240582466125488281e-02 1.037167152389883995e-03 9.980502724647521973e-01 2.180168151855468750e+01
9.969170689582824707e-01 -3.567561507225036621e-02 -6.988140195608139038e-02 1.301455944776535034e-01 3.551675006747245789e-02 9.993629455566406250e-01 -3.515024203807115555e-03 -3.974434137344360352e-01 6.996230036020278931e-02 1.022227108478546143e-03 9.975490570068359375e-01 2.272791862487792969e+01
9.966273307800292969e-01 -3.690216317772865295e-02 -7.329300791025161743e-02 6.952775269746780396e-02 3.678974881768226624e-02 9.993188977241516113e-01 -2.883780514821410179e-03 -4.125029146671295166e-01 7.334951311349868774e-02 1.776230055838823318e-04 9.973062276840209961e-01 2.354459953308105469e+01
9.961903691291809082e-01 -3.829196840524673462e-02 -7.834567129611968994e-02 4.362888634204864502e-03 3.823632001876831055e-02 9.992663264274597168e-01 -2.210940700024366379e-03 -4.272784292697906494e-01 7.837285101413726807e-02 -7.931325235404074192e-04 9.969238042831420898e-01 2.436656951904296875e+01
9.958117008209228516e-01 -3.928113728761672974e-02 -8.255615085363388062e-02 -6.550443917512893677e-02 3.925716131925582886e-02 9.992273449897766113e-01 -1.914342865347862244e-03 -4.404096901416778564e-01 8.256755769252777100e-02 -1.334595493972301483e-03 9.965845942497253418e-01 2.518090248107910156e+01
9.950667023658752441e-01 -4.051886871457099915e-02 -9.055335819721221924e-02 -1.377194374799728394e-01 4.050811380147933960e-02 9.991773366928100586e-01 -1.957488246262073517e-03 -4.520579576492309570e-01 9.055818617343902588e-02 -1.720314729027450085e-03 9.958896636962890625e-01 2.598595428466796875e+01
9.944998621940612793e-01 -4.201167821884155273e-02 -9.593950212001800537e-02 -2.174737155437469482e-01 4.197691380977630615e-02 9.991158246994018555e-01 -2.381615806370973587e-03 -4.658540189266204834e-01 9.595473855733871460e-02 -1.658727414906024933e-03 9.953842759132385254e-01 2.679460716247558594e+01
9.939696192741394043e-01 -4.305727034807205200e-02 -1.008452996611595154e-01 -2.998465895652770996e-01 4.308012872934341431e-02 9.990698099136352539e-01 -1.952218590304255486e-03 -4.792486429214477539e-01 1.008355468511581421e-01 -2.403981983661651611e-03 9.949001669883728027e-01 2.760932922363281250e+01
9.936095476150512695e-01 -4.411984980106353760e-02 -1.038886606693267822e-01 -3.869654536247253418e-01 4.413296654820442200e-02 9.990234375000000000e-01 -2.173618180677294731e-03 -4.929549098014831543e-01 1.038831025362014771e-01 -2.425186568871140480e-03 9.945864677429199219e-01 2.843278884887695312e+01
9.933168888092041016e-01 -4.547602683305740356e-02 -1.060792878270149231e-01 -4.836528301239013672e-01 4.560839012265205383e-02 9.989588856697082520e-01 -1.179129234515130520e-03 -5.082138776779174805e-01 1.060224696993827820e-01 -3.666856326162815094e-03 9.943568706512451172e-01 2.933547973632812500e+01
9.931003451347351074e-01 -4.649812355637550354e-02 -1.076517626643180847e-01 -5.787068605422973633e-01 4.677991941571235657e-02 9.989054203033447266e-01 9.237474296241998672e-05 -5.210602283477783203e-01 1.075296401977539062e-01 -5.127678159624338150e-03 9.941884875297546387e-01 3.021315383911132812e+01
9.929506778717041016e-01 -4.764888435602188110e-02 -1.085256487131118774e-01 -6.791781187057495117e-01 4.796531796455383301e-02 9.988492131233215332e-01 3.055669367313385010e-04 -5.339227914810180664e-01 1.083862036466598511e-01 -5.508880130946636200e-03 9.940934181213378906e-01 3.113526344299316406e+01
9.925076961517333984e-01 -4.887679219245910645e-02 -1.119769737124443054e-01 -7.745695114135742188e-01 4.925793781876564026e-02 9.987861514091491699e-01 6.379351252689957619e-04 -5.464720726013183594e-01 1.118098795413970947e-01 -6.148910149931907654e-03 9.937104582786560059e-01 3.197965431213378906e+01
9.923024773597717285e-01 -5.004290863871574402e-02 -1.132724583148956299e-01 -8.796908855438232422e-01 5.050546675920486450e-02 9.987232685089111328e-01 1.215664902701973915e-03 -5.604047179222106934e-01 1.130670160055160522e-01 -6.927185691893100739e-03 9.935630559921264648e-01 3.290108871459960938e+01
9.921497106552124023e-01 -5.128181725740432739e-02 -1.140537336468696594e-01 -9.902905225753784180e-01 5.182991176843643188e-02 9.986544251441955566e-01 1.843304256908595562e-03 -5.744364261627197266e-01 1.138057559728622437e-01 -7.740227971225976944e-03 9.934727549552917480e-01 3.386344909667968750e+01
9.918335080146789551e-01 -5.245998129248619080e-02 -1.162472739815711975e-01 -1.094294667243957520e+00 5.306811258196830750e-02 9.985888004302978516e-01 2.140302676707506180e-03 -5.862624645233154297e-01 1.159709692001342773e-01 -8.291847072541713715e-03 9.932178258895874023e-01 3.475230407714843750e+01
9.916381835937500000e-01 -5.365624651312828064e-02 -1.173618882894515991e-01 -1.199821591377258301e+00 5.438596755266189575e-02 9.985156059265136719e-01 3.021658398211002350e-03 -5.984859466552734375e-01 1.170255765318870544e-01 -9.379231370985507965e-03 9.930844306945800781e-01 3.564371490478515625e+01
9.906032085418701172e-01 -5.542114377021789551e-02 -1.250310838222503662e-01 -1.313538432121276855e+00 5.620628967881202698e-02 9.984155893325805664e-01 2.757915528491139412e-03 -6.088942885398864746e-01 1.246801614761352539e-01 -9.759533219039440155e-03 9.921488165855407715e-01 3.654072189331054688e+01
9.900830984115600586e-01 -5.707386881113052368e-02 -1.283630579710006714e-01 -1.429039478302001953e+00 5.789336189627647400e-02 9.983194470405578613e-01 2.658931771293282509e-03 -6.201534867286682129e-01 1.279956102371215820e-01 -1.006393227726221085e-02 9.917234778404235840e-01 3.741792678833007812e+01
9.897124767303466797e-01 -5.810975283384323120e-02 -1.307350546121597290e-01 -1.549750089645385742e+00 5.902971699833869934e-02 9.982514381408691406e-01 3.169189905747771263e-03 -6.316884160041809082e-01 1.303223222494125366e-01 -1.085384003818035126e-02 9.914120435714721680e-01 3.832687377929687500e+01
9.886714816093444824e-01 -5.916508287191390991e-02 -1.379396766424179077e-01 -1.670772671699523926e+00 6.024456024169921875e-02 9.981772303581237793e-01 3.660045098513364792e-03 -6.414687633514404297e-01 1.374717056751251221e-01 -1.192869804799556732e-02 9.904336929321289062e-01 3.919744491577148438e+01
9.874377250671386719e-01 -6.077594682574272156e-02 -1.458492726087570190e-01 -1.814052939414978027e+00 6.180525571107864380e-02 9.980853199958801270e-01 2.532041165977716446e-03 -6.545937061309814453e-01 1.454161107540130615e-01 -1.151448581367731094e-02 9.893034100532531738e-01 4.016868972778320312e+01
9.864861965179443359e-01 -6.214359402656555176e-02 -1.515987515449523926e-01 -1.961465001106262207e+00 6.329116225242614746e-02 9.979916214942932129e-01 2.751382300630211830e-03 -6.642869114875793457e-01 1.511232852935791016e-01 -1.230906322598457336e-02 9.884381294250488281e-01 4.113501739501953125e+01
9.856199026107788086e-01 -6.324237585067749023e-02 -1.566934436559677124e-01 -2.107838869094848633e+00 6.443654000759124756e-02 9.979188442230224609e-01 2.547678304836153984e-03 -6.741180419921875000e-01 1.562062054872512817e-01 -1.260782498866319656e-02 9.876438975334167480e-01 4.205398941040039062e+01
9.850341081619262695e-01 -6.424739211797714233e-02 -1.599346101284027100e-01 -2.256179809570312500e+00 6.560982763767242432e-02 9.978404045104980469e-01 3.247045679017901421e-03 -6.848576068878173828e-01 1.593805849552154541e-01 -1.369173359125852585e-02 9.871221184730529785e-01 4.297325515747070312e+01
9.845814704895019531e-01 -6.505877524614334106e-02 -1.623751968145370483e-01 -2.408521890640258789e+00 6.666081398725509644e-02 9.977661967277526855e-01 4.431721754372119904e-03 -6.954929828643798828e-01 1.617241352796554565e-01 -1.518745347857475281e-02 9.867190122604370117e-01 4.389950561523437500e+01
9.838031530380249023e-01 -6.640507280826568604e-02 -1.664950400590896606e-01 -2.563799142837524414e+00 6.829694658517837524e-02 9.976493716239929199e-01 5.656784400343894958e-03 -7.033352255821228027e-01 1.657280027866363525e-01 -1.693626493215560913e-02 9.860259294509887695e-01 4.482083129882812500e+01
9.832971096038818359e-01 -6.775110214948654175e-02 -1.689241528511047363e-01 -2.718397140502929688e+00 6.989420950412750244e-02 9.975318312644958496e-01 6.766040343791246414e-03 -7.128072381019592285e-01 1.680487841367721558e-01 -1.845984905958175659e-02 9.856057167053222656e-01 4.573001861572265625e+01
9.829870462417602539e-01 -6.923690438270568848e-02 -1.701220124959945679e-01 -2.877356529235839844e+00 7.149727642536163330e-02 9.974151849746704102e-01 7.188975811004638672e-03 -7.217024564743041992e-01 1.691845208406448364e-01 -1.922993175685405731e-02 9.853966832160949707e-01 4.665234375000000000e+01
9.822588562965393066e-01 -7.056318223476409912e-02 -1.737443208694458008e-01 -3.037919759750366211e+00 7.320151478052139282e-02 9.972785115242004395e-01 8.816079236567020416e-03 -7.276548147201538086e-01 1.726493686437606812e-01 -2.137802168726921082e-02 9.847512245178222656e-01 4.756935501098632812e+01
9.820175170898437500e-01 -7.164014130830764771e-02 -1.746653616428375244e-01 -3.192857027053833008e+00 7.446938008069992065e-02 9.971765279769897461e-01 9.689503349363803864e-03 -7.327524423599243164e-01 1.734780222177505493e-01 -2.252248860895633698e-02 9.845800399780273438e-01 4.843877792358398438e+01
9.817596673965454102e-01 -7.292531430721282959e-02 -1.755804419517517090e-01 -3.347310781478881836e+00 7.570909708738327026e-02 9.970878362655639648e-01 9.199527092278003693e-03 -7.384539842605590820e-01 1.743981987237930298e-01 -2.232476696372032166e-02 9.844219684600830078e-01 4.930671310424804688e+01
9.815559983253479004e-01 -7.423111051321029663e-02 -1.761710047721862793e-01 -3.514894962310791016e+00 7.694019377231597900e-02 9.969990849494934082e-01 8.587181568145751953e-03 -7.443449497222900391e-01 1.750048398971557617e-01 -2.198343351483345032e-02 9.843220114707946777e-01 5.024885177612304688e+01
9.811992645263671875e-01 -7.584507018327713013e-02 -1.774661839008331299e-01 -3.675658464431762695e+00 7.846976071596145630e-02 9.968862533569335938e-01 7.807740010321140289e-03 -7.517462372779846191e-01 1.763213723897933960e-01 -2.158668078482151031e-02 9.840957522392272949e-01 5.114619064331054688e+01
9.811660647392272949e-01 -7.732332497835159302e-02 -1.770113259553909302e-01 -3.834754467010498047e+00 7.982603460550308228e-02 9.967842102050781250e-01 7.050239946693181992e-03 -7.603691816329956055e-01 1.758968979120254517e-01 -2.104756981134414673e-02 9.841833710670471191e-01 5.203155136108398438e+01
9.806798100471496582e-01 -7.917781919240951538e-02 -1.788765341043472290e-01 -4.007368087768554688e+00 8.146762102842330933e-02 9.966612458229064941e-01 5.479915998876094818e-03 -7.682366371154785156e-01 1.778453886508941650e-01 -1.994669064879417419e-02 9.838560819625854492e-01 5.298465728759765625e+01
9.805877804756164551e-01 -8.077082782983779907e-02 -1.786688119173049927e-01 -4.170619010925292969e+00 8.310953527688980103e-02 9.965248107910156250e-01 5.631107371300458908e-03 -7.778726220130920410e-01 1.775930672883987427e-01 -2.037088014185428619e-02 9.838929176330566406e-01 5.388758468627929688e+01
9.805843234062194824e-01 -8.238532394170761108e-02 -1.779487580060958862e-01 -4.333571434020996094e+00 8.460491150617599487e-02 9.964028000831604004e-01 4.907752852886915207e-03 -7.867071032524108887e-01 1.769043058156967163e-01 -1.986780762672424316e-02 9.840272665023803711e-01 5.478915023803710938e+01
9.804689288139343262e-01 -8.388763666152954102e-02 -1.778826564550399780e-01 -4.499010086059570312e+00 8.605925738811492920e-02 9.962801337242126465e-01 4.513613414019346237e-03 -7.976685762405395508e-01 1.768423020839691162e-01 -1.973391138017177582e-02 9.840410947799682617e-01 5.570090484619140625e+01
9.803014993667602539e-01 -8.554816991090774536e-02 -1.780142337083816528e-01 -4.666995525360107422e+00 8.753724396228790283e-02 9.961559772491455078e-01 3.334720386192202568e-03 -8.091334104537963867e-01 1.770446598529815674e-01 -1.885191164910793304e-02 9.840219616889953613e-01 5.663349151611328125e+01
9.802409410476684570e-01 -8.693944662809371948e-02 -1.776730865240097046e-01 -4.835709095001220703e+00 8.882562816143035889e-02 9.960439205169677734e-01 2.673863898962736130e-03 -8.210157155990600586e-01 1.767377257347106934e-01 -1.840296015143394470e-02 9.840856194496154785e-01 5.756533813476562500e+01
9.800336956977844238e-01 -8.805231750011444092e-02 -1.782674789428710938e-01 -5.011367321014404297e+00 8.982518315315246582e-02 9.959560632705688477e-01 1.882153796032071114e-03 -8.337965607643127441e-01 1.773808598518371582e-01 -1.785748824477195740e-02 9.839799404144287109e-01 5.853606414794921875e+01
9.798219203948974609e-01 -8.960606902837753296e-02 -1.786569803953170776e-01 -5.167457580566406250e+00 9.125532954931259155e-02 9.958273172378540039e-01 1.017960254102945328e-03 -8.458952307701110840e-01 1.778203099966049194e-01 -1.730082929134368896e-02 9.839105606079101562e-01 5.939408493041992188e+01
9.794650673866271973e-01 -9.082175046205520630e-02 -1.799951791763305664e-01 -5.316250324249267578e+00 9.243459254503250122e-02 9.957188367843627930e-01 5.754323792643845081e-04 -8.575296401977539062e-01 1.791723668575286865e-01 -1.720140315592288971e-02 9.836669564247131348e-01 6.020625686645507812e+01
9.788499474525451660e-01 -9.250691533088684082e-02 -1.824662238359451294e-01 -5.477789878845214844e+00 9.403368085622787476e-02 9.955692291259765625e-01 -2.856157952919602394e-04 -8.702510595321655273e-01 1.816841959953308105e-01 -1.687840186059474945e-02 9.832117557525634766e-01 6.108203506469726562e+01
9.788429141044616699e-01 -9.412983059883117676e-02 -1.816720217466354370e-01 -5.641769886016845703e+00 9.551235288381576538e-02 9.954278469085693359e-01 -1.143835484981536865e-03 -8.852944970130920410e-01 1.809490919113159180e-01 -1.623229309916496277e-02 9.833581447601318359e-01 6.197867202758789062e+01
9.788936972618103027e-01 -9.593495726585388184e-02 -1.804503649473190308e-01 -5.802946090698242188e+00 9.699936211109161377e-02 9.952803254127502441e-01 -2.937451703473925591e-03 -9.013518095016479492e-01 1.798805594444274902e-01 -1.462812442332506180e-02 9.835793375968933105e-01 6.286388397216796875e+01
9.790668487548828125e-01 -9.786757081747055054e-02 -1.784620881080627441e-01 -5.984429359436035156e+00 9.891764074563980103e-02 9.950911998748779297e-01 -3.026588121429085732e-03 -9.189786911010742188e-01 1.778823137283325195e-01 -1.468982454389333725e-02 9.839417934417724609e-01 6.386862182617187500e+01
9.788644313812255859e-01 -9.898020327091217041e-02 -1.789579093456268311e-01 -6.160169124603271484e+00 1.001554951071739197e-01 9.949688911437988281e-01 -2.478354377672076225e-03 -9.362223744392395020e-01 1.783029139041900635e-01 -1.549765467643737793e-02 9.838532209396362305e-01 6.483869934082031250e+01
9.788661599159240723e-01 -1.000732257962226868e-01 -1.783392131328582764e-01 -6.328567504882812500e+00 1.014451533555984497e-01 9.948403239250183105e-01 -1.433118130080401897e-03 -9.546670913696289062e-01 1.775625050067901611e-01 -1.668882742524147034e-02 9.839676618576049805e-01 6.577558898925781250e+01
9.788555502891540527e-01 -1.016691997647285461e-01 -1.774926334619522095e-01 -6.502916336059570312e+00 1.034426912665367126e-01 9.946353435516357422e-01 7.422718917950987816e-04 -9.707502722740173340e-01 1.764650344848632812e-01 -1.908690482378005981e-02 9.841215014457702637e-01 6.674935150146484375e+01
9.787446260452270508e-01 -1.026337146759033203e-01 -1.775491237640380859e-01 -6.689816951751708984e+00 1.045347675681114197e-01 9.945204854011535645e-01 1.360641093924641609e-03 -9.877428412437438965e-01 1.764366626739501953e-01 -1.989178918302059174e-02 9.841106534004211426e-01 6.779073333740234375e+01
9.787591099739074707e-01 -1.043590903282165527e-01 -1.764599978923797607e-01 -6.868546485900878906e+00 1.063226461410522461e-01 9.943304061889648438e-01 1.682581147179007530e-03 -1.005007386207580566e+00 1.752840280532836914e-01 -2.040854841470718384e-02 9.843060374259948730e-01 6.879102325439453125e+01
9.785655140876770020e-01 -1.057852953672409058e-01 -1.766842156648635864e-01 -7.049423217773437500e+00 1.077516674995422363e-01 9.941768050193786621e-01 1.544300233945250511e-03 -1.022346138954162598e+00 1.754920482635498047e-01 -2.054923027753829956e-02 9.842660427093505859e-01 6.980219268798828125e+01
9.779878854751586914e-01 -1.070770919322967529e-01 -1.790879070758819580e-01 -7.235547065734863281e+00 1.092497482895851135e-01 9.940118789672851562e-01 2.284382935613393784e-03 -1.033902168273925781e+00 1.777709573507308960e-01 -2.179942093789577484e-02 9.838300943374633789e-01 7.082762908935546875e+01
9.777157306671142578e-01 -1.080990880727767944e-01 -1.799575835466384888e-01 -7.415254116058349609e+00 1.106064021587371826e-01 9.938566684722900391e-01 3.927010111510753632e-03 -1.045724153518676758e+00 1.784276068210601807e-01 -2.374397218227386475e-02 9.836661815643310547e-01 7.181660461425781250e+01
9.773663282394409180e-01 -1.090520992875099182e-01 -1.812758743762969971e-01 -7.596251964569091797e+00 1.120692268013954163e-01 9.936795830726623535e-01 6.453770212829113007e-03 -1.053090333938598633e+00 1.794264316558837891e-01 -2.662315778434276581e-02 9.834107160568237305e-01 7.280695343017578125e+01
9.768442511558532715e-01 -1.100138127803802490e-01 -1.834950000047683716e-01 -7.782052516937255859e+00 1.132159158587455750e-01 9.935456514358520508e-01 7.033677771687507629e-03 -1.057028770446777344e+00 1.815369427204132080e-01 -2.764537744224071503e-02 9.829950928688049316e-01 7.380444335937500000e+01
9.763875603675842285e-01 -1.112733036279678345e-01 -1.851586103439331055e-01 -7.968014717102050781e+00 1.145942211151123047e-01 9.933856725692749023e-01 7.297161966562271118e-03 -1.064988493919372559e+00 1.831220239400863647e-01 -2.834298089146614075e-02 9.826810956001281738e-01 7.479181671142578125e+01
9.761210083961486816e-01 -1.124906241893768311e-01 -1.858272403478622437e-01 -8.147032737731933594e+00 1.161027997732162476e-01 9.931997060775756836e-01 8.635955862700939178e-03 -1.070438504219055176e+00 1.835921853780746460e-01 -3.000481612980365753e-02 9.825440049171447754e-01 7.573368835449218750e+01
9.756936430931091309e-01 -1.136760935187339783e-01 -1.873441189527511597e-01 -8.317989349365234375e+00 1.174451932311058044e-01 9.930376410484313965e-01 9.105985984206199646e-03 -1.076142311096191406e+00 1.850047260522842407e-01 -3.088733367621898651e-02 9.822516441345214844e-01 7.662797546386718750e+01
9.751096367835998535e-01 -1.154811233282089233e-01 -1.892707645893096924e-01 -8.470009803771972656e+00 1.193074434995651245e-01 9.928174018859863281e-01 8.909117430448532104e-03 -1.081316232681274414e+00 1.868825703859329224e-01 -3.126879408955574036e-02 9.818840026855468750e-01 7.741908264160156250e+01
9.743747711181640625e-01 -1.168788447976112366e-01 -1.921748369932174683e-01 -8.624152183532714844e+00 1.209745109081268311e-01 9.926084876060485840e-01 9.676945395767688751e-03 -1.084858417510986328e+00 1.896234303712844849e-01 -3.267724066972732544e-02 9.813124537467956543e-01 7.820769500732421875e+01
9.743033051490783691e-01 -1.181756854057312012e-01 -1.917438358068466187e-01 -8.784386634826660156e+00 1.225804612040519714e-01 9.923950433731079102e-01 1.123200077563524246e-02 -1.088360071182250977e+00 1.889583766460418701e-01 -3.444743528962135315e-02 9.813801646232604980e-01 7.903211975097656250e+01
9.740551710128784180e-01 -1.197138205170631409e-01 -1.920501887798309326e-01 -8.940432548522949219e+00 1.243532150983810425e-01 9.921624660491943359e-01 1.224371418356895447e-02 -1.090784788131713867e+00 1.890793442726135254e-01 -3.580811992287635803e-02 9.813081622123718262e-01 7.982920837402343750e+01
9.735831618309020996e-01 -1.213139891624450684e-01 -1.934340596199035645e-01 -9.124309539794921875e+00 1.260027289390563965e-01 9.919563531875610352e-01 1.207663398236036301e-02 -1.095582365989685059e+00 1.904131770133972168e-01 -3.613083437085151672e-02 9.810383319854736328e-01 8.076918029785156250e+01
9.731177687644958496e-01 -1.226799264550209045e-01 -1.949090212583541870e-01 -9.275086402893066406e+00 1.273455917835235596e-01 9.917912483215332031e-01 1.154106017202138901e-02 -1.098060250282287598e+00 1.918932944536209106e-01 -3.605161979794502258e-02 9.807528257369995117e-01 8.153870391845703125e+01
9.730200171470642090e-01 -1.247566863894462585e-01 -1.940769404172897339e-01 -9.420886993408203125e+00 1.290425211191177368e-01 9.915931224822998047e-01 9.548682719469070435e-03 -1.101213097572326660e+00 1.912541687488555908e-01 -3.433524072170257568e-02 9.809392690658569336e-01 8.228269958496093750e+01
9.728493690490722656e-01 -1.260109841823577881e-01 -1.941221952438354492e-01 -9.564307212829589844e+00 1.301776915788650513e-01 9.914516210556030273e-01 8.806878700852394104e-03 -1.105613470077514648e+00 1.913530826568603516e-01 -3.383815288543701172e-02 9.809372425079345703e-01 8.301429748535156250e+01
9.720005393028259277e-01 -1.274933367967605591e-01 -1.973791122436523438e-01 -9.701583862304687500e+00 1.309573203325271606e-01 9.913775920867919922e-01 4.542757757008075714e-03 -1.111492037773132324e+00 1.950981616973876953e-01 -3.026380948722362518e-02 9.803161025047302246e-01 8.370365905761718750e+01
9.718136787414550781e-01 -1.293388009071350098e-01 -1.970981210470199585e-01 -9.882019042968750000e+00 1.327108144760131836e-01 9.911469221115112305e-01 3.939790651202201843e-03 -1.121299028396606445e+00 1.948437243700027466e-01 -2.998579852283000946e-02 9.803752303123474121e-01 8.460527038574218750e+01
9.717772006988525391e-01 -1.305697262287139893e-01 -1.964653730392456055e-01 -1.005678653717041016e+01 1.339188218116760254e-01 9.909849762916564941e-01 3.800635458901524544e-03 -1.132905125617980957e+00 1.941980868577957153e-01 -3.000378422439098358e-02 9.805027246475219727e-01 8.549024200439453125e+01
9.715697765350341797e-01 -1.323111206293106079e-01 -1.963263005018234253e-01 -1.021699047088623047e+01 1.353977918624877930e-01 9.907885789871215820e-01 2.323333872482180595e-03 -1.143308162689208984e+00 1.942105293273925781e-01 -2.883942797780036926e-02 9.805352091789245605e-01 8.629820251464843750e+01
9.714148044586181641e-01 -1.334340423345565796e-01 -1.963330656290054321e-01 -1.037784957885742188e+01 1.365756094455718994e-01 9.906265139579772949e-01 2.487339079380035400e-03 -1.154520034790039062e+00 1.941609233617782593e-01 -2.923054061830043793e-02 9.805334806442260742e-01 8.710700225830078125e+01
9.709807038307189941e-01 -1.348581016063690186e-01 -1.975035816431045532e-01 -1.054675102233886719e+01 1.381404697895050049e-01 9.904084801673889160e-01 2.871950156986713409e-03 -1.164615511894226074e+00 1.952219754457473755e-01 -3.007183782756328583e-02 9.802973270416259766e-01 8.794486236572265625e+01
9.704490303993225098e-01 -1.357998251914978027e-01 -1.994615346193313599e-01 -1.071397209167480469e+01 1.391727775335311890e-01 9.902637600898742676e-01 2.920574974268674850e-03 -1.174675583839416504e+00 1.971229761838912964e-01 -3.059387579560279846e-02 9.799007177352905273e-01 8.877307891845703125e+01
9.702542424201965332e-01 -1.377683728933334351e-01 -1.990589946508407593e-01 -1.088962078094482422e+01 1.406621336936950684e-01 9.900575280189514160e-01 3.994228318333625793e-04 -1.186959505081176758e+00 1.970248967409133911e-01 -2.838759496808052063e-02 9.799868464469909668e-01 8.964733123779296875e+01
9.698861837387084961e-01 -1.391005069017410278e-01 -1.999242901802062988e-01 -1.106964015960693359e+01 1.419426798820495605e-01 9.898748397827148438e-01 -1.188048918265849352e-04 -1.201879978179931641e+00 1.979166120290756226e-01 -2.826255187392234802e-02 9.798107147216796875e-01 9.053845977783203125e+01
9.694665074348449707e-01 -1.407480388879776001e-01 -2.008048743009567261e-01 -1.126825046539306641e+01 1.433942615985870361e-01 9.896646142005920410e-01 -1.381111214868724346e-03 -1.218109488487243652e+00 1.989239305257797241e-01 -2.745531685650348663e-02 9.796296358108520508e-01 9.151480865478515625e+01
9.691542983055114746e-01 -1.421510577201843262e-01 -2.013232111930847168e-01 -1.146736907958984375e+01 1.447734683752059937e-01 9.894632697105407715e-01 -1.715412596240639687e-03 -1.235059142112731934e+00 1.994458287954330444e-01 -2.748375013470649719e-02 9.795227050781250000e-01 9.248810577392578125e+01
9.689176082611083984e-01 -1.436206102371215820e-01 -2.014191001653671265e-01 -1.165684986114501953e+01 1.461100876331329346e-01 9.892649650573730469e-01 -2.532650250941514969e-03 -1.252410173416137695e+00 1.996206790208816528e-01 -2.697542309761047363e-02 9.795011878013610840e-01 9.342424774169921875e+01
9.684864878654479980e-01 -1.447387486696243286e-01 -2.026881277561187744e-01 -1.182451057434082031e+01 1.471890062093734741e-01 9.891036748886108398e-01 -3.014380112290382385e-03 -1.267474770545959473e+00 2.009159475564956665e-01 -2.691406942903995514e-02 9.792379736900329590e-01 9.423496246337890625e+01
9.677913188934326172e-01 -1.460531502962112427e-01 -2.050520181655883789e-01 -1.198770809173583984e+01 1.484668999910354614e-01 9.889104962348937988e-01 -3.650036407634615898e-03 -1.283287048339843750e+00 2.033112645149230957e-01 -2.691095322370529175e-02 9.787435531616210938e-01 9.503017425537109375e+01
9.670775532722473145e-01 -1.470166593790054321e-01 -2.077137380838394165e-01 -1.215470695495605469e+01 1.494358032941818237e-01 9.887628555297851562e-01 -4.085020162165164948e-03 -1.298412322998046875e+00 2.059802561998367310e-01 -2.708932943642139435e-02 9.781803488731384277e-01 9.582646179199218750e+01
9.655297994613647461e-01 -1.480612903833389282e-01 -2.140746116638183594e-01 -1.232308006286621094e+01 1.502549499273300171e-01 9.886284470558166504e-01 -6.081574596464633942e-03 -1.314033746719360352e+00 2.125407457351684570e-01 -2.629381604492664337e-02 9.767975807189941406e-01 9.660173034667968750e+01
9.639788269996643066e-01 -1.498872637748718262e-01 -2.197189629077911377e-01 -1.250933837890625000e+01 1.519846022129058838e-01 9.883548021316528320e-01 -7.426726166158914566e-03 -1.331353664398193359e+00 2.182735055685043335e-01 -2.623468078672885895e-02 9.755341410636901855e-01 9.743827819824218750e+01
9.611260890960693359e-01 -1.522260010242462158e-01 -2.303513288497924805e-01 -1.272770309448242188e+01 1.540911346673965454e-01 9.880060553550720215e-01 -9.981071576476097107e-03 -1.353852987289428711e+00 2.291079312562942505e-01 -2.590201422572135925e-02 9.730555415153503418e-01 9.836635589599609375e+01
9.587638974189758301e-01 -1.543656885623931885e-01 -2.386228293180465698e-01 -1.295632266998291016e+01 1.563741564750671387e-01 9.876407980918884277e-01 -1.061045750975608826e-02 -1.380321264266967773e+00 2.373115718364715576e-01 -2.714150771498680115e-02 9.710535407066345215e-01 9.931303405761718750e+01
9.554759263992309570e-01 -1.559880524873733521e-01 -2.504622936248779297e-01 -1.318667697906494141e+01 1.578527092933654785e-01 9.873801469802856445e-01 -1.275632530450820923e-02 -1.406573295593261719e+00 2.492913752794265747e-01 -2.734777703881263733e-02 9.680414199829101562e-01 1.002131042480468750e+02
9.526391625404357910e-01 -1.584275960922241211e-01 -2.595710754394531250e-01 -1.343973731994628906e+01 1.599166840314865112e-01 9.870085716247558594e-01 -1.551178283989429474e-02 -1.433934688568115234e+00 2.586564123630523682e-01 -2.673260495066642761e-02 9.655985236167907715e-01 1.011562728881835938e+02
9.492975473403930664e-01 -1.605375409126281738e-01 -2.702952623367309570e-01 -1.368812465667724609e+01 1.611931473016738892e-01 9.867216944694519043e-01 -1.992447488009929657e-02 -1.464106321334838867e+00 2.699048519134521484e-01 -2.465548180043697357e-02 9.625703692436218262e-01 1.020509414672851562e+02
9.444513916969299316e-01 -1.624429076910018921e-01 -2.856948375701904297e-01 -1.393673992156982422e+01 1.622343212366104126e-01 9.864463806152343750e-01 -2.456702291965484619e-02 -1.495698809623718262e+00 2.858134210109710693e-01 -2.314714528620243073e-02 9.580047726631164551e-01 1.028910598754882812e+02
9.412764906883239746e-01 -1.636103093624114990e-01 -2.953436970710754395e-01 -1.418647861480712891e+01 1.631349325180053711e-01 9.862497448921203613e-01 -2.642829716205596924e-02 -1.531774878501892090e+00 2.956066429615020752e-01 -2.330454066395759583e-02 9.550244808197021484e-01 1.037092208862304688e+02
9.370319843292236328e-01 -1.654673665761947632e-01 -3.075538873672485352e-01 -1.445310211181640625e+01 1.644095778465270996e-01 9.859496951103210449e-01 -2.954076044261455536e-02 -1.570698142051696777e+00 3.081207573413848877e-01 -2.288416214287281036e-02 9.510710239410400391e-01 1.045534439086914062e+02
9.317554235458374023e-01 -1.672429591417312622e-01 -3.222724497318267822e-01 -1.472684478759765625e+01 1.652577668428421021e-01 9.856738448143005371e-01 -3.372019529342651367e-02 -1.612174034118652344e+00 3.232950270175933838e-01 -2.183904685080051422e-02 9.460451602935791016e-01 1.053657379150390625e+02
9.287991523742675781e-01 -1.685172170400619507e-01 -3.300484120845794678e-01 -1.501342296600341797e+01 1.661443561315536499e-01 9.854584336280822754e-01 -3.560652211308479309e-02 -1.654741525650024414e+00 3.312493562698364258e-01 -2.176436968147754669e-02 9.432911276817321777e-01 1.061940689086914062e+02
9.270318746566772461e-01 -1.696339249610900879e-01 -3.344160318374633789e-01 -1.531301307678222656e+01 1.669803559780120850e-01 9.852696657180786133e-01 -3.689696639776229858e-02 -1.702022314071655273e+00 3.357489705085754395e-01 -2.163624204695224762e-02 9.417018890380859375e-01 1.070507583618164062e+02
9.259904623031616211e-01 -1.711749136447906494e-01 -3.365094959735870361e-01 -1.563722038269042969e+01 1.683891713619232178e-01 9.850000739097595215e-01 -3.768228366971015930e-02 -1.752144098281860352e+00 3.379121720790863037e-01 -2.177110873162746429e-02 9.409247636795043945e-01 1.079661788940429688e+02
9.258983135223388672e-01 -1.723623722791671753e-01 -3.361568152904510498e-01 -1.596704101562500000e+01 1.694936156272888184e-01 9.847945570945739746e-01 -3.810004889965057373e-02 -1.804123878479003906e+00 3.376124799251556396e-01 -2.169965393841266632e-02 9.410339593887329102e-01 1.088976974487304688e+02
9.249156713485717773e-01 -1.736164838075637817e-01 -3.382102549076080322e-01 -1.630508804321289062e+01 1.706680804491043091e-01 9.845688343048095703e-01 -3.868513926863670349e-02 -1.856146454811096191e+00 3.397077620029449463e-01 -2.194119989871978760e-02 9.402740597724914551e-01 1.098434143066406250e+02
