9.999904632568359375e-01 -6.663367967121303082e-04 4.319605883210897446e-03 2.238463843241333961e-03 6.634703022427856922e-04 9.999995827674865723e-01 6.650756695307791233e-04 -5.350408703088760376e-02 -4.320047330111265182e-03 -6.622037035413086414e-04 9.999904632568359375e-01 2.575945377349853516e+00
9.999995827674865723e-01 -8.399243815802037716e-04 5.016708746552467346e-05 7.266828790307044983e-03 8.399061625823378563e-04 9.999995827674865723e-01 2.700352051761001348e-04 -1.026358306407928467e-01 -5.039386451244354248e-05 -2.699955366551876068e-04 9.999999403953552246e-01 5.381955146789550781e+00
9.999775290489196777e-01 -1.184767112135887146e-03 -6.590191740542650223e-03 -4.811866208910942078e-03 1.183933462016284466e-03 9.999992847442626953e-01 -1.300505246035754681e-04 -1.455343067646026611e-01 6.590341683477163315e-03 1.222448190674185753e-04 9.999782443046569824e-01 7.914445400238037109e+00
9.999315142631530762e-01 -1.642407034523785114e-03 -1.158051751554012299e-02 -3.225863724946975708e-02 1.646635006181895733e-03 9.999985694885253906e-01 3.555408620741218328e-04 -1.948019862174987793e-01 1.157991774380207062e-02 -3.745882422663271427e-04 9.999328255653381348e-01 1.034452152252197266e+01
9.999010562896728516e-01 -3.587198443710803986e-03 -1.359911635518074036e-02 -6.533700227737426758e-02 3.609110601246356964e-03 9.999922513961791992e-01 1.587574253790080547e-03 -2.434267103672027588e-01 1.359332352876663208e-02 -1.636490225791931152e-03 9.999061822891235352e-01 1.312405395507812500e+01
9.996979236602783203e-01 -3.596049034968018532e-03 -2.431423962116241455e-02 -1.201085224747657776e-01 3.683557966724038124e-03 9.999869465827941895e-01 3.555687610059976578e-03 -2.956043183803558350e-01 2.430114150047302246e-02 -3.644168842583894730e-03 9.996979236602783203e-01 1.575861263275146484e+01
9.993613958358764648e-01 -5.591261200606822968e-03 -3.529147058725357056e-02 -2.035189121961593628e-01 5.688265431672334671e-03 9.999803304672241211e-01 2.649054396897554398e-03 -3.381422460079193115e-01 3.527596592903137207e-02 -2.848095027729868889e-03 9.993734359741210938e-01 1.832875442504882812e+01
9.991099834442138672e-01 -6.980431731790304184e-03 -4.159873723983764648e-02 -2.954770922660827637e-01 6.862109061330556870e-03 9.999720454216003418e-01 -2.986867213621735573e-03 -3.780083060264587402e-01 4.161841794848442078e-02 2.698773983865976334e-03 9.991298317909240723e-01 2.084790420532226562e+01
9.989468455314636230e-01 -8.133890107274055481e-03 -4.515455663204193115e-02 -4.095876216888427734e-01 8.121707476675510406e-03 9.999669194221496582e-01 -4.540798254311084747e-04 -4.301335513591766357e-01 4.515674710273742676e-02 8.688005618751049042e-05 9.989797472953796387e-01 2.334784317016601562e+01
9.987519979476928711e-01 -7.679701782763004303e-03 -4.934962838888168335e-02 -5.207719802856445312e-01 7.541055325418710709e-03 9.999670386314392090e-01 -2.995819319039583206e-03 -4.679055511951446533e-01 4.937100410461425781e-02 2.619942184537649155e-03 9.987769126892089844e-01 2.570685958862304688e+01
9.987444877624511719e-01 -1.025453303009271622e-02 -4.903320223093032837e-02 -6.495402455329895020e-01 1.012929715216159821e-02 9.999448060989379883e-01 -2.802700037136673927e-03 -5.278978347778320312e-01 4.905923083424568176e-02 2.302514156326651573e-03 9.987930655479431152e-01 2.825947761535644531e+01
9.988681674003601074e-01 -1.161102112382650375e-02 -4.612442478537559509e-02 -7.703160643577575684e-01 1.129779592156410217e-02 9.999114274978637695e-01 -7.046156097203493118e-03 -5.766729712486267090e-01 4.620213434100151062e-02 6.517074070870876312e-03 9.989106655120849609e-01 3.078543281555175781e+01
9.989221692085266113e-01 -1.039318460971117020e-02 -4.523739218711853027e-02 -8.915404677391052246e-01 9.985156357288360596e-03 9.999074935913085938e-01 -9.237086400389671326e-03 -6.431981921195983887e-01 4.532917216420173645e-02 8.775415830314159393e-03 9.989333748817443848e-01 3.338876724243164062e+01
9.990774393081665039e-01 -1.079967524856328964e-02 -4.156318679451942444e-02 -1.007291316986083984e+00 1.041194051504135132e-02 9.999003410339355469e-01 -9.534882381558418274e-03 -7.193155884742736816e-01 4.166198521852493286e-02 9.093327447772026062e-03 9.990901350975036621e-01 3.599348449707031250e+01
9.990242719650268555e-01 -1.112370193004608154e-02 -4.273950681090354919e-02 -1.115017056465148926e+00 1.071305014193058014e-02 9.998943209648132324e-01 -9.826298803091049194e-03 -7.950031757354736328e-01 4.284426569938659668e-02 9.358840063214302063e-03 9.990376830101013184e-01 3.857053375244140625e+01
9.991047978401184082e-01 -1.195454318076372147e-02 -4.057851061224937439e-02 -1.222624540328979492e+00 1.157675869762897491e-02 9.998874664306640625e-01 -9.533259086310863495e-03 -8.640540242195129395e-01 4.068788513541221619e-02 9.054957889020442963e-03 9.991306066513061523e-01 4.118312835693359375e+01
9.989920258522033691e-01 -1.308911107480525970e-02 -4.293671995401382446e-02 -1.322440147399902344e+00 1.264308113604784012e-02 9.998633265495300293e-01 -1.064434088766574860e-02 -9.321258664131164551e-01 4.307014867663383484e-02 1.009076461195945740e-02 9.990208148956298828e-01 4.353020095825195312e+01
9.988312721252441406e-01 -1.364560145884752274e-02 -4.636608064174652100e-02 -1.417001128196716309e+00 1.318453531712293625e-02 9.998605847358703613e-01 -1.023636013269424438e-02 -9.968116283416748047e-01 4.649927094578742981e-02 9.613087400794029236e-03 9.988718032836914062e-01 4.566047286987304688e+01
9.986057877540588379e-01 -1.348128914833068848e-02 -5.103512853384017944e-02 -1.534578084945678711e+00 1.298448536545038223e-02 9.998650550842285156e-01 -1.005456317216157913e-02 -1.065794229507446289e+00 5.116376280784606934e-02 9.377887472510337830e-03 9.986459612846374512e-01 4.800940704345703125e+01
9.985625743865966797e-01 -1.411943696439266205e-02 -5.170328542590141296e-02 -1.666603565216064453e+00 1.367398165166378021e-02 9.998663067817687988e-01 -8.960252627730369568e-03 -1.143319010734558105e+00 5.182285234332084656e-02 8.240388706326484680e-03 9.986220002174377441e-01 5.057018661499023438e+01
9.982067346572875977e-01 -1.614480093121528625e-02 -5.763970315456390381e-02 -1.811849832534790039e+00 1.557886041700839996e-02 9.998259544372558594e-01 -1.025543268769979477e-02 -1.218527793884277344e+00 5.779520794749259949e-02 9.339088574051856995e-03 9.982844591140747070e-01 5.326482772827148438e+01
9.982298612594604492e-01 -1.778797060251235962e-02 -5.674824491143226624e-02 -1.962339639663696289e+00 1.714749261736869812e-02 9.997837543487548828e-01 -1.175435911864042282e-02 -1.298346042633056641e+00 5.694502592086791992e-02 1.076047122478485107e-02 9.983189702033996582e-01 5.584046554565429688e+01
9.979270696640014648e-01 -1.802232488989830017e-02 -6.177650019526481628e-02 -2.112636566162109375e+00 1.759088225662708282e-02 9.998168349266052246e-01 -7.521593943238258362e-03 -1.376366734504699707e+00 6.190070882439613342e-02 6.419309414923191071e-03 9.980613589286804199e-01 5.835529708862304688e+01
9.976696372032165527e-01 -1.881265267729759216e-02 -6.558138877153396606e-02 -2.274243593215942383e+00 1.852057687938213348e-02 9.998155832290649414e-01 -5.059248767793178558e-03 -1.446336507797241211e+00 6.566444039344787598e-02 3.832871094346046448e-03 9.978340864181518555e-01 6.087656784057617188e+01
9.973661899566650391e-01 -1.756259612739086151e-02 -7.036855071783065796e-02 -2.446432352066040039e+00 1.730347052216529846e-02 9.998409748077392578e-01 -4.290698096156120300e-03 -1.507091403007507324e+00 7.043267786502838135e-02 3.061790252104401588e-03 9.975115060806274414e-01 6.336789703369140625e+01
9.970251917839050293e-01 -1.813852973282337189e-02 -7.490871846675872803e-02 -2.631073236465454102e+00 1.790545135736465454e-02 9.998323917388916016e-01 -3.782249055802822113e-03 -1.560422062873840332e+00 7.496473938226699829e-02 2.429740969091653824e-03 9.971828460693359375e-01 6.587184143066406250e+01
9.961596131324768066e-01 -2.013309672474861145e-02 -8.520720154047012329e-02 -2.837867259979248047e+00 1.983731053769588470e-02 9.997937083244323730e-01 -4.316951148211956024e-03 -1.618337273597717285e+00 8.527650684118270874e-02 2.610102295875549316e-03 9.963535666465759277e-01 6.842761230468750000e+01
9.960235357284545898e-01 -1.988553442060947418e-02 -8.684096485376358032e-02 -3.034373044967651367e+00 1.979320496320724487e-02 9.998020529747009277e-01 -1.924695447087287903e-03 -1.665944099426269531e+00 8.686202019453048706e-02 1.981947571039199829e-04 9.962199330329895020e-01 7.076827239990234375e+01
9.962928891181945801e-01 -1.904961466789245605e-02 -8.388792723417282104e-02 -3.222279548645019531e+00 1.895065978169441223e-02 9.998183250427246094e-01 -1.976289320737123489e-03 -1.712591648101806641e+00 8.391029387712478638e-02 3.792392381001263857e-04 9.964728355407714844e-01 7.286355590820312500e+01
9.962208867073059082e-01 -1.894581690430641174e-02 -8.476653695106506348e-02 -3.417001008987426758e+00 1.883167773485183716e-02 9.998202323913574219e-01 -2.148246625438332558e-03 -1.764261126518249512e+00 8.479198068380355835e-02 5.437475629150867462e-04 9.963985085487365723e-01 7.513558197021484375e+01
9.957792162895202637e-01 -1.884411089122295380e-02 -8.982760459184646606e-02 -3.623896598815917969e+00 1.865750737488269806e-02 9.998215436935424805e-01 -2.918776823207736015e-03 -1.820250749588012695e+00 8.986655622720718384e-02 1.230414025485515594e-03 9.959530234336853027e-01 7.747089385986328125e+01
9.952082633972167969e-01 -2.163189277052879333e-02 -9.535735845565795898e-02 -3.848203659057617188e+00 2.155800536274909973e-02 9.997658133506774902e-01 -1.807012362405657768e-03 -1.869713544845581055e+00 9.537409991025924683e-02 -2.574257086962461472e-04 9.954414367675781250e-01 7.984275054931640625e+01
9.946051239967346191e-01 -2.307081222534179688e-02 -1.011372879147529602e-01 -4.094708919525146484e+00 2.293707057833671570e-02 9.997336268424987793e-01 -2.487030811607837677e-03 -1.919963121414184570e+00 1.011677160859107971e-01 1.537619973532855511e-04 9.948692917823791504e-01 8.232437896728515625e+01
9.950346946716308594e-01 -2.480703964829444885e-02 -9.638909995555877686e-02 -4.363783836364746094e+00 2.455774694681167603e-02 9.996910691261291504e-01 -3.773939330130815506e-03 -1.973428726196289062e+00 9.645293653011322021e-02 1.388058182783424854e-03 9.953364729881286621e-01 8.500856781005859375e+01
9.943730235099792480e-01 -2.356651797890663147e-02 -1.032821014523506165e-01 -4.620882987976074219e+00 2.330309897661209106e-02 9.997211694717407227e-01 -3.758361330255866051e-03 -2.039300918579101562e+00 1.033418625593185425e-01 1.330369035713374615e-03 9.946449398994445801e-01 8.756613159179687500e+01
9.946387410163879395e-01 -2.521516382694244385e-02 -1.002911105751991272e-01 -4.853512763977050781e+00 2.509175613522529602e-02 9.996818304061889648e-01 -2.493768697604537010e-03 -2.090192556381225586e+00 1.003220677375793457e-01 -3.612809814512729645e-05 9.949549436569213867e-01 8.981965637207031250e+01
9.940598607063293457e-01 -2.632647752761840820e-02 -1.056039035320281982e-01 -5.098783969879150391e+00 2.618222124874591827e-02 9.996532201766967773e-01 -2.754108281806111336e-03 -2.136210680007934570e+00 1.056397780776023865e-01 -2.723826764849945903e-05 9.944043755531311035e-01 9.217950439453125000e+01
9.937579035758972168e-01 -2.848409675061702728e-02 -1.078615710139274597e-01 -5.342281341552734375e+00 2.839139290153980255e-02 9.995937943458557129e-01 -2.397097647190093994e-03 -2.190637350082397461e+00 1.078860238194465637e-01 -6.802728166803717613e-04 9.941629171371459961e-01 9.441674804687500000e+01
9.928287267684936523e-01 -2.893926389515399933e-02 -1.159911826252937317e-01 -5.620633125305175781e+00 2.895728871226310730e-02 9.995792508125305176e-01 -1.531720627099275589e-03 -2.246522426605224609e+00 1.159866899251937866e-01 -1.838123193010687828e-03 9.932489395141601562e-01 9.689178466796875000e+01
9.928777813911437988e-01 -3.007168322801589966e-02 -1.152816638350486755e-01 -5.871236324310302734e+00 3.012852370738983154e-02 9.995450377464294434e-01 -1.251522684469819069e-03 -2.296465873718261719e+00 1.152668520808219910e-01 -2.230749698355793953e-03 9.933319091796875000e-01 9.903931427001953125e+01
9.929436445236206055e-01 -2.906454913318157196e-02 -1.149720549583435059e-01 -6.148758888244628906e+00 2.924777753651142120e-02 9.995719194412231445e-01 -9.498663712292909622e-05 -2.344361066818237305e+00 1.149256303906440735e-01 -3.268460975959897041e-03 9.933685660362243652e-01 1.014022064208984375e+02
9.926142096519470215e-01 -2.912196144461631775e-02 -1.177680119872093201e-01 -6.407135486602783203e+00 2.904617972671985626e-02 9.995750784873962402e-01 -2.361743710935115814e-03 -2.384934902191162109e+00 1.177867725491523743e-01 -1.076511340215802193e-03 9.930381774902343750e-01 1.035879516601562500e+02
9.925336241722106934e-01 -2.740433439612388611e-02 -1.188540831208229065e-01 -6.670937538146972656e+00 2.746756374835968018e-02 9.996218681335449219e-01 -1.108011463657021523e-03 -2.429466962814331055e+00 1.188395246863365173e-01 -2.164999023079872131e-03 9.929109811782836914e-01 1.058067016601562500e+02
9.922757744789123535e-01 -2.758041583001613617e-02 -1.209475919604301453e-01 -6.968195915222167969e+00 2.782763540744781494e-02 9.996124505996704102e-01 3.537413431331515312e-04 -2.478085279464721680e+00 1.208909824490547180e-01 -3.716797800734639168e-03 9.926586747169494629e-01 1.083052062988281250e+02
9.922093749046325684e-01 -2.864799834787845612e-02 -1.212438493967056274e-01 -7.256284713745117188e+00 2.884850092232227325e-02 9.995836019515991211e-01 -1.030654239002615213e-04 -2.524821281433105469e+00 1.211963221430778503e-01 -3.395536215975880623e-03 9.926226139068603516e-01 1.106696624755859375e+02
9.918789267539978027e-01 -2.867621369659900665e-02 -1.239108666777610779e-01 -7.562489986419677734e+00 2.888477407395839691e-02 9.995825290679931641e-01 -1.147740549640730023e-04 -2.568265914916992188e+00 1.238624379038810730e-01 -3.465391695499420166e-03 9.922931790351867676e-01 1.131593551635742188e+02
9.916094541549682617e-01 -3.042724542319774628e-02 -1.256383061408996582e-01 -7.861180782318115234e+00 3.013159893453121185e-02 9.995366930961608887e-01 -4.254785832017660141e-03 -2.623263359069824219e+00 1.257095485925674438e-01 4.333145916461944580e-04 9.920668005943298340e-01 1.155431594848632812e+02
9.902045726776123047e-01 -3.164774924516677856e-02 -1.359904110431671143e-01 -8.199687957763671875e+00 3.129605576395988464e-02 9.994987845420837402e-01 -4.725205712020397186e-03 -2.683528900146484375e+00 1.360717862844467163e-01 4.228684119880199432e-04 9.906986355781555176e-01 1.180978851318359375e+02
9.892296195030212402e-01 -3.462412953376770020e-02 -1.422180831432342529e-01 -8.556679725646972656e+00 3.418013453483581543e-02 9.993999600410461426e-01 -5.565738771110773087e-03 -2.739351511001586914e+00 1.423254609107971191e-01 6.446860497817397118e-04 9.898194074630737305e-01 1.205992584228515625e+02
9.878691434860229492e-01 -3.375682234764099121e-02 -1.515757739543914795e-01 -8.929368019104003906e+00 3.351807966828346252e-02 9.994292855262756348e-01 -4.131773952394723892e-03 -2.793919801712036133e+00 1.516287773847579956e-01 -9.989535901695489883e-04 9.884366989135742188e-01 1.230739135742187500e+02
9.864366054534912109e-01 -3.407815843820571899e-02 -1.605662405490875244e-01 -9.307071685791015625e+00 3.373074159026145935e-02 9.994187355041503906e-01 -4.890827462077140808e-03 -2.840910434722900391e+00 1.606395989656448364e-01 -5.916056106798350811e-04 9.870126247406005859e-01 1.254608078002929688e+02
9.853826165199279785e-01 -3.497261926531791687e-02 -1.667273789644241333e-01 -9.702388763427734375e+00 3.471263870596885681e-02 9.993870854377746582e-01 -4.475222900509834290e-03 -2.901525974273681641e+00 1.667817085981369019e-01 -1.377814100123941898e-03 9.859925508499145508e-01 1.278285140991210938e+02
9.844142198562622070e-01 -3.568283841013908386e-02 -1.722073554992675781e-01 -1.012536239624023438e+01 3.531696274876594543e-02 9.993624091148376465e-01 -5.190027877688407898e-03 -2.955260276794433594e+00 1.722827702760696411e-01 -9.727751021273434162e-04 9.850467443466186523e-01 1.302929534912109375e+02
9.833425283432006836e-01 -3.611653670668601990e-02 -1.781376004219055176e-01 -1.057344436645507812e+01 3.585577756166458130e-02 9.993457198143005371e-01 -4.685057327151298523e-03 -3.021929979324340820e+00 1.781902760267257690e-01 -1.780314953066408634e-03 9.839941859245300293e-01 1.327731323242187500e+02
9.827957749366760254e-01 -3.667207434773445129e-02 -1.810179054737091064e-01 -1.096007061004638672e+01 3.643327578902244568e-02 9.993249773979187012e-01 -4.646176937967538834e-03 -3.072876691818237305e+00 1.810661107301712036e-01 -2.028902759775519371e-03 9.834685921669006348e-01 1.348972015380859375e+02
9.822286963462829590e-01 -3.685693442821502686e-02 -1.840330958366394043e-01 -1.143182849884033203e+01 3.644090145826339722e-02 9.993195533752441406e-01 -5.644410848617553711e-03 -3.130147933959960938e+00 1.841159313917160034e-01 -1.162297325208783150e-03 9.829035997390747070e-01 1.374529113769531250e+02
9.814255237579345703e-01 -3.710318729281425476e-02 -1.882210522890090942e-01 -1.190750598907470703e+01 3.665444254875183105e-02 9.993104338645935059e-01 -5.866526160389184952e-03 -3.188736677169799805e+00 1.883089542388916016e-01 -1.141644199378788471e-03 9.821089506149291992e-01 1.399534301757812500e+02
9.805284142494201660e-01 -3.609778732061386108e-02 -1.930310428142547607e-01 -1.236386775970458984e+01 3.604971617460250854e-02 9.993425607681274414e-01 -3.763529472053050995e-03 -3.243141889572143555e+00 1.930400133132934570e-01 -3.268538275733590126e-03 9.811851978302001953e-01 1.422908935546875000e+02
9.796148538589477539e-01 -3.361511975526809692e-02 -1.980524659156799316e-01 -1.285644340515136719e+01 3.377286717295646667e-02 9.994257688522338867e-01 -2.583258319646120071e-03 -3.296804904937744141e+00 1.980256140232086182e-01 -4.158253315836191177e-03 9.801877140998840332e-01 1.447448120117187500e+02
9.774971008300781250e-01 -3.601315245032310486e-02 -2.078516036272048950e-01 -1.337249279022216797e+01 3.652339056134223938e-02 9.993314146995544434e-01 -1.384515548124909401e-03 -3.352329969406127930e+00 2.077625393867492676e-01 -6.238145753741264343e-03 9.781590104103088379e-01 1.472329711914062500e+02
9.775298833847045898e-01 -3.706941381096839905e-02 -2.075113952159881592e-01 -1.384162807464599609e+01 3.795008361339569092e-02 9.992791414260864258e-01 2.623569453135132790e-04 -3.393265247344970703e+00 2.073521167039871216e-01 -8.131596259772777557e-03 9.782322049140930176e-01 1.494532623291015625e+02
9.764971137046813965e-01 -3.771409392356872559e-02 -2.122044116258621216e-01 -1.434595203399658203e+01 3.843259438872337341e-02 9.992604851722717285e-01 -7.402728078886866570e-04 -3.435971498489379883e+00 2.120754420757293701e-01 -7.432755082845687866e-03 9.772245883941650391e-01 1.518178405761718750e+02
9.769664406776428223e-01 -3.706279024481773376e-02 -2.101490050554275513e-01 -1.482659339904785156e+01 3.795593231916427612e-02 9.992789626121520996e-01 2.160968724638223648e-04 -3.474902868270874023e+00 2.099895030260086060e-01 -8.187592960894107819e-03 9.776688814163208008e-01 1.540428619384765625e+02
9.776439666748046875e-01 -3.631668910384178162e-02 -2.071065306663513184e-01 -1.527047157287597656e+01 3.685807809233665466e-02 9.993193149566650391e-01 -1.246083644218742847e-03 -3.514767408370971680e+00 2.070108354091644287e-01 -6.415386684238910675e-03 9.783171415328979492e-01 1.561214599609375000e+02
9.773792028427124023e-01 -3.674225509166717529e-02 -2.082780003547668457e-01 -1.573659038543701172e+01 3.690319880843162537e-02 9.993135929107666016e-01 -3.115154337137937546e-03 -3.561896800994873047e+00 2.082495242357254028e-01 -4.641496110707521439e-03 9.780642986297607422e-01 1.583106994628906250e+02
9.766944050788879395e-01 -3.832579404115676880e-02 -2.111847400665283203e-01 -1.624102020263671875e+01 3.883512690663337708e-02 9.992437362670898438e-01 -1.737678656354546547e-03 -3.616725206375122070e+00 2.110916376113891602e-01 -6.504276767373085022e-03 9.774442315101623535e-01 1.606492767333984375e+02
9.765532612800598145e-01 -4.104710742831230164e-02 -2.113258838653564453e-01 -1.677327537536621094e+01 4.130899906158447266e-02 9.991409182548522949e-01 -3.178129438310861588e-03 -3.668436527252197266e+00 2.112748026847839355e-01 -5.626118741929531097e-03 9.774100780487060547e-01 1.631207122802734375e+02
9.762593507766723633e-01 -4.005928710103034973e-02 -2.128677070140838623e-01 -1.729211997985839844e+01 4.036042094230651855e-02 9.991804361343383789e-01 -2.933421637862920761e-03 -3.724008560180664062e+00 2.128107845783233643e-01 -5.727715324610471725e-03 9.770762324333190918e-01 1.655094604492187500e+02
9.760059118270874023e-01 -4.112582281231880188e-02 -2.138242423534393311e-01 -1.776306152343750000e+01 4.157166182994842529e-02 9.991322159767150879e-01 -2.413986017927527428e-03 -3.776395797729492188e+00 2.137379795312881470e-01 -6.533043459057807922e-03 9.768687486648559570e-01 1.676665344238281250e+02
9.759593009948730469e-01 -4.082719236612319946e-02 -2.140944153070449829e-01 -1.823607254028320312e+01 4.123799875378608704e-02 9.991457462310791016e-01 -2.550231525674462318e-03 -3.823732614517211914e+00 2.140156924724578857e-01 -6.340065039694309235e-03 9.768092632293701172e-01 1.698210906982421875e+02
9.763196110725402832e-01 -4.101897031068801880e-02 -2.124083936214447021e-01 -1.865807533264160156e+01 4.157309979200363159e-02 9.991333484649658203e-01 -1.859957235865294933e-03 -3.864593029022216797e+00 2.123006582260131836e-01 -7.014723960310220718e-03 9.771788716316223145e-01 1.717469940185546875e+02
9.764259457588195801e-01 -4.053173586726188660e-02 -2.120129019021987915e-01 -1.911855316162109375e+01 4.164248704910278320e-02 9.991318583488464355e-01 7.734273094683885574e-04 -3.908847808837890625e+00 2.117975652217864990e-01 -9.584100916981697083e-03 9.772661924362182617e-01 1.738661804199218750e+02
9.770759940147399902e-01 -4.056375846266746521e-02 -2.089904248714447021e-01 -1.957349014282226562e+01 4.154456034302711487e-02 9.991362094879150391e-01 3.024065808858722448e-04 -3.949590444564819336e+00 2.087976932525634766e-01 -8.978052064776420593e-03 9.779172539710998535e-01 1.759743652343750000e+02
9.774610400199890137e-01 -4.174282774329185486e-02 -2.069476693868637085e-01 -2.001988983154296875e+01 4.249668866395950317e-02 9.990958571434020996e-01 -8.046386647038161755e-04 -3.995696544647216797e+00 2.067942023277282715e-01 -8.008230477571487427e-03 9.783512949943542480e-01 1.780577087402343750e+02
9.767197966575622559e-01 -4.268193617463111877e-02 -2.102296203374862671e-01 -2.046335029602050781e+01 4.352277144789695740e-02 9.990517497062683105e-01 -6.288822623901069164e-04 -4.044651031494140625e+00 2.100571841001510620e-01 -8.535687811672687531e-03 9.776514172554016113e-01 1.801320190429687500e+02
9.768264293670654297e-01 -4.328659921884536743e-02 -2.096113711595535278e-01 -2.090916442871093750e+01 4.418975487351417542e-02 9.990228414535522461e-01 -3.774944343604147434e-04 -4.083334922790527344e+00 2.094230949878692627e-01 -8.894466795027256012e-03 9.777845144271850586e-01 1.822113494873046875e+02
9.769411683082580566e-01 -4.368299618363380432e-02 -2.089933454990386963e-01 -2.133820533752441406e+01 4.427224025130271912e-02 9.990175366401672363e-01 -1.862502540461719036e-03 -4.120507240295410156e+00 2.088695615530014038e-01 -7.433585356920957565e-03 9.779150485992431641e-01 1.842054138183593750e+02
9.766790270805358887e-01 -4.356109350919723511e-02 -2.102402895689010620e-01 -2.176895904541015625e+01 4.385033622384071350e-02 9.990324378013610840e-01 -3.290544729679822922e-03 -4.170243740081787109e+00 2.101804167032241821e-01 -6.005840841680765152e-03 9.776439666748046875e-01 1.862385864257812500e+02
9.765150547027587891e-01 -4.535099864006042480e-02 -2.106229811906814575e-01 -2.220346641540527344e+01 4.599509388208389282e-02 9.989396929740905762e-01 -1.844895072281360626e-03 -4.221053600311279297e+00 2.104834914207458496e-01 -7.886599749326705933e-03 9.775653481483459473e-01 1.882485351562500000e+02
9.766447544097900391e-01 -4.519853740930557251e-02 -2.100544571876525879e-01 -2.263342094421386719e+01 4.592427238821983337e-02 9.989437460899353027e-01 -1.427678856998682022e-03 -4.269659519195556641e+00 2.098972052335739136e-01 -8.252712897956371307e-03 9.776886105537414551e-01 1.902214965820312500e+02
9.767066240310668945e-01 -4.606902971863746643e-02 -2.095772176980972290e-01 -2.306361389160156250e+01 4.665107652544975281e-02 9.989087581634521484e-01 -2.171682659536600113e-03 -4.310245990753173828e+00 2.094486504793167114e-01 -7.656359113752841949e-03 9.777896404266357422e-01 1.922182312011718750e+02
9.769746661186218262e-01 -4.771259427070617676e-02 -2.079538404941558838e-01 -2.350289726257324219e+01 4.836814850568771362e-02 9.988275766372680664e-01 -1.937888795509934425e-03 -4.356034278869628906e+00 2.078025788068771362e-01 -8.165543898940086365e-03 9.781367182731628418e-01 1.942742462158203125e+02
9.758044481277465820e-01 -4.634780436754226685e-02 -2.136778086423873901e-01 -2.395438003540039062e+01 4.669366776943206787e-02 9.989031553268432617e-01 -3.434431506320834160e-03 -4.398224353790283203e+00 2.136027216911315918e-01 -6.626531016081571579e-03 9.768981337547302246e-01 1.963351898193359375e+02
9.762703776359558105e-01 -4.835398867726325989e-02 -2.110893428325653076e-01 -2.439994621276855469e+01 4.877124726772308350e-02 9.988045096397399902e-01 -3.235829994082450867e-03 -4.447488307952880859e+00 2.109935581684112549e-01 -7.136522326618432999e-03 9.774613976478576660e-01 1.983733062744140625e+02
9.768604040145874023e-01 -4.884677007794380188e-02 -2.082266956567764282e-01 -2.483717727661132812e+01 4.932959377765655518e-02 9.987781643867492676e-01 -2.880234271287918091e-03 -4.491127490997314453e+00 2.081130743026733398e-01 -7.458620704710483551e-03 9.780763387680053711e-01 2.004149932861328125e+02
9.757739901542663574e-01 -4.821413010358810425e-02 -2.134038060903549194e-01 -2.537681770324707031e+01 4.868369176983833313e-02 9.988093376159667969e-01 -3.060951363295316696e-03 -4.545693874359130859e+00 2.132974117994308472e-01 -7.402958814054727554e-03 9.769592285156250000e-01 2.029137268066406250e+02
9.746612310409545898e-01 -4.869081452488899231e-02 -2.183235287666320801e-01 -2.589496421813964844e+01 4.864082485437393188e-02 9.988003373146057129e-01 -5.610217340290546417e-03 -4.596899032592773438e+00 2.183348983526229858e-01 -5.151847377419471741e-03 9.758602380752563477e-01 2.052566375732421875e+02
9.742996692657470703e-01 -4.972840100526809692e-02 -2.196989953517913818e-01 -2.640469360351562500e+01 4.946121200919151306e-02 9.987531900405883789e-01 -6.723374594002962112e-03 -4.650852680206298828e+00 2.197595238685607910e-01 -4.316473845392465591e-03 9.755445122718811035e-01 2.075374450683593750e+02
9.722987413406372070e-01 -5.099647864699363708e-02 -2.281119078397750854e-01 -2.697226715087890625e+01 5.044589191675186157e-02 9.986925125122070312e-01 -8.250737562775611877e-03 -4.718064308166503906e+00 2.282345294952392578e-01 -3.485598135739564896e-03 9.735999703407287598e-01 2.100086975097656250e+02
9.708763957023620605e-01 -4.992844536900520325e-02 -2.343217581510543823e-01 -2.758187675476074219e+01 4.961271211504936218e-02 9.987419843673706055e-01 -7.248967885971069336e-03 -4.795423507690429688e+00 2.343890517950057983e-01 -4.587961360812187195e-03 9.721320867538452148e-01 2.125660705566406250e+02
9.716733098030090332e-01 -4.975524172186851501e-02 -2.310324311256408691e-01 -2.814683532714843750e+01 4.915428161621093750e-02 9.987558722496032715e-01 -8.363330736756324768e-03 -4.856894016265869141e+00 2.311612814664840698e-01 -3.230281639844179153e-03 9.729101657867431641e-01 2.149433441162109375e+02
9.706236124038696289e-01 -5.071776732802391052e-02 -2.351980209350585938e-01 -2.869686889648437500e+01 5.057790502905845642e-02 9.986977577209472656e-01 -6.634380202740430832e-03 -4.925719738006591797e+00 2.352283746004104614e-01 -5.456818267703056335e-03 9.719249010086059570e-01 2.172355957031250000e+02
9.699594974517822266e-01 -5.196048691868782043e-02 -2.376535981893539429e-01 -2.925185585021972656e+01 5.225720256567001343e-02 9.986205697059631348e-01 -5.058582872152328491e-03 -4.985511302947998047e+00 2.375887781381607056e-01 -7.512958254665136337e-03 9.713369011878967285e-01 2.195125579833984375e+02
9.687893986701965332e-01 -5.449924990534782410e-02 -2.418209761381149292e-01 -2.987781906127929688e+01 5.437750369310379028e-02 9.984943270683288574e-01 -7.185387890785932541e-03 -5.049105644226074219e+00 2.418486177921295166e-01 -6.188978441059589386e-03 9.702944159507751465e-01 2.220586242675781250e+02
9.678081870079040527e-01 -5.482391268014907837e-02 -2.456462085247039795e-01 -3.049970436096191406e+01 5.488881096243858337e-02 9.984704852104187012e-01 -6.590583361685276031e-03 -5.121956825256347656e+00 2.456319481134414673e-01 -7.105295546352863312e-03 9.693372249603271484e-01 2.245365142822265625e+02
9.665264487266540527e-01 -5.551730468869209290e-02 -2.504891455173492432e-01 -3.110596847534179688e+01 5.541049689054489136e-02 9.984353780746459961e-01 -7.487209513783454895e-03 -5.187907218933105469e+00 2.505130171775817871e-01 -6.643625907599925995e-03 9.680905938148498535e-01 2.269044342041015625e+02
9.658997058868408203e-01 -5.421024188399314880e-02 -2.531783878803253174e-01 -3.170324134826660156e+01 5.444198846817016602e-02 9.984981417655944824e-01 -6.098608486354351044e-03 -5.252932071685791016e+00 2.531288862228393555e-01 -7.893393747508525848e-03 9.674006104469299316e-01 2.292000122070312500e+02
9.632993340492248535e-01 -5.397459119558334351e-02 -2.629475891590118408e-01 -3.239109420776367188e+01 5.427705869078636169e-02 9.985069632530212402e-01 -6.121603772044181824e-03 -5.320087909698486328e+00 2.628855407238006592e-01 -8.375587873160839081e-03 9.647908806800842285e-01 2.317942199707031250e+02
9.626503586769104004e-01 -5.550003051757812500e-02 -2.649988234043121338e-01 -3.303654479980468750e+01 5.577792227268218994e-02 9.984219670295715332e-01 -6.484999321401119232e-03 -5.384717464447021484e+00 2.649407088756561279e-01 -8.538777939975261688e-03 9.642270803451538086e-01 2.341613922119140625e+02
9.611160755157470703e-01 -5.866291746497154236e-02 -2.698422372341156006e-01 -3.367938995361328125e+01 5.828692018985748291e-02 9.982553124427795410e-01 -9.415809065103530884e-03 -5.450326919555664062e+00 2.699239253997802734e-01 -6.679050158709287643e-03 9.628586769104003906e-01 2.364873657226562500e+02
9.598642587661743164e-01 -5.900230258703231812e-02 -2.741892635822296143e-01 -3.437475585937500000e+01 5.872468277812004089e-02 9.982313513755798340e-01 -9.230620227754116058e-03 -5.527036666870117188e+00 2.742490768432617188e-01 -7.241991814225912094e-03 9.616316556930541992e-01 2.389459381103515625e+02
9.598460197448730469e-01 -6.131165102124214172e-02 -2.737460136413574219e-01 -3.499348068237304688e+01 6.047730520367622375e-02 9.981031417846679688e-01 -1.149667799472808838e-02 -5.591155529022216797e+00 2.739318013191223145e-01 -5.520834121853113174e-03 9.617335200309753418e-01 2.411173706054687500e+02
9.595140814781188965e-01 -6.190915778279304504e-02 -2.747732698917388916e-01 -3.564400482177734375e+01 6.084301322698593140e-02 9.980699419975280762e-01 -1.241261884570121765e-02 -5.664491653442382812e+00 2.750115394592285156e-01 -4.808406345546245575e-03 9.614291191101074219e-01 2.434035491943359375e+02
9.579063057899475098e-01 -6.106486544013023376e-02 -2.805118262767791748e-01 -3.635522079467773438e+01 6.015715748071670532e-02 9.981183409690856934e-01 -1.185601390898227692e-02 -5.740082740783691406e+00 2.807081341743469238e-01 -5.518298130482435226e-03 9.597775340080261230e-01 2.458674011230468750e+02
9.570991992950439453e-01 -6.181129068136215210e-02 -2.830914258956909180e-01 -3.702233505249023438e+01 6.033959239721298218e-02 9.980805516242980957e-01 -1.392625179141759872e-02 -5.817442417144775391e+00 2.834089994430541992e-01 -3.753262339159846306e-03 9.589920043945312500e-01 2.481381530761718750e+02
9.571602940559387207e-01 -6.219828501343727112e-02 -2.828002870082855225e-01 -3.761141586303710938e+01 6.088471412658691406e-02 9.980543255805969238e-01 -1.344323344528675079e-02 -5.883679389953613281e+00 2.830865383148193359e-01 -4.351459443569183350e-03 9.590849876403808594e-01 2.501417541503906250e+02
9.574308395385742188e-01 -6.151561066508293152e-02 -2.820324599742889404e-01 -3.824698257446289062e+01 6.059418991208076477e-02 9.980903863906860352e-01 -1.199965085834264755e-02 -5.955920696258544922e+00 2.822323739528656006e-01 -5.601273849606513977e-03 9.593302011489868164e-01 2.523011016845703125e+02
9.561047554016113281e-01 -6.021938472986221313e-02 -2.867710590362548828e-01 -3.895898818969726562e+01 6.003344431519508362e-02 9.981516599655151367e-01 -9.452534839510917664e-03 -6.036361217498779297e+00 2.868105769157409668e-01 -8.178822696208953857e-03 9.579529166221618652e-01 2.546970977783203125e+02
9.558411836624145508e-01 -6.159568578004837036e-02 -2.873567044734954834e-01 -3.969715118408203125e+01 6.181845813989639282e-02 9.980528354644775391e-01 -8.310295641422271729e-03 -6.114613056182861328e+00 2.873094081878662109e-01 -9.821207262575626373e-03 9.577880501747131348e-01 2.571756896972656250e+02
9.564955830574035645e-01 -6.240275502204895020e-02 -2.849953770637512207e-01 -4.040143966674804688e+01 6.202630326151847839e-02 9.980207681655883789e-01 -1.035891845822334290e-02 -6.182003498077392578e+00 2.850780785083770752e-01 -7.769533433020114899e-03 9.584733843803405762e-01 2.595263366699218750e+02
9.566344022750854492e-01 -6.218174099922180176e-02 -2.845778465270996094e-01 -4.112259292602539062e+01 6.197303161025047302e-02 9.980304241180419922e-01 -9.750813245773315430e-03 -6.254074096679687500e+00 2.846238613128662109e-01 -8.308665826916694641e-03 9.586040973663330078e-01 2.619559326171875000e+02
9.549927115440368652e-01 -6.170602142810821533e-02 -2.901411056518554688e-01 -4.181613159179687500e+01 6.141913682222366333e-02 9.980611205101013184e-01 -1.010779943317174911e-02 -6.323103427886962891e+00 2.902024984359741211e-01 -8.167823776602745056e-03 9.569312930107116699e-01 2.642662658691406250e+02
9.554699659347534180e-01 -6.234431639313697815e-02 -2.884282469749450684e-01 -4.254961776733398438e+01 6.242211535573005676e-02 9.980099797248840332e-01 -8.941248059272766113e-03 -6.402096748352050781e+00 2.884119451045989990e-01 -9.461680427193641663e-03 9.574605226516723633e-01 2.666825256347656250e+02
9.544034600257873535e-01 -6.512685120105743408e-02 -2.913299202919006348e-01 -4.322133255004882812e+01 6.531345844268798828e-02 9.978234767913818359e-01 -9.099049493670463562e-03 -6.467877388000488281e+00 2.912886440753936768e-01 -1.034406386315822601e-02 9.565801620483398438e-01 2.689004821777343750e+02
9.518097639083862305e-01 -6.289619952440261841e-02 -3.001713156700134277e-01 -4.393392944335937500e+01 6.388374418020248413e-02 9.979361295700073242e-01 -6.537346635013818741e-03 -6.534249305725097656e+00 2.999631762504577637e-01 -1.295423135161399841e-02 9.538637399673461914e-01 2.711855163574218750e+02
9.509809613227844238e-01 -6.264447420835494995e-02 -3.028390109539031982e-01 -4.461165618896484375e+01 6.380961835384368896e-02 9.979438781738281250e-01 -6.059511564671993256e-03 -6.597311973571777344e+00 3.025961518287658691e-01 -1.356203388422727585e-02 9.530232548713684082e-01 2.733231201171875000e+02
9.499251842498779297e-01 -6.465251743793487549e-02 -3.057168722152709961e-01 -4.524841308593750000e+01 6.556340306997299194e-02 9.978218674659729004e-01 -7.302471902221441269e-03 -6.651773929595947266e+00 3.055233359336853027e-01 -1.310749631375074387e-02 9.520952105522155762e-01 2.753059692382812500e+02
9.498937129974365234e-01 -6.592185795307159424e-02 -3.055435121059417725e-01 -4.598155593872070312e+01 6.688796728849411011e-02 9.977337718009948730e-01 -7.321836426854133606e-03 -6.719749450683593750e+00 3.053340017795562744e-01 -1.348267775028944016e-02 9.521507024765014648e-01 2.775749206542968750e+02
9.504368901252746582e-01 -6.529422104358673096e-02 -3.039850592613220215e-01 -4.662755584716796875e+01 6.678538769483566284e-02 9.977523088455200195e-01 -5.504617933183908463e-03 -6.780269145965576172e+00 3.036614656448364258e-01 -1.507041975855827332e-02 9.526616334915161133e-01 2.795775146484375000e+02
9.528332352638244629e-01 -6.657294929027557373e-02 -2.961038053035736084e-01 -4.727191162109375000e+01 6.793011724948883057e-02 9.976738691329956055e-01 -5.718171596527099609e-03 -6.833486557006835938e+00 2.957959473133087158e-01 -1.466635800898075104e-02 9.551393985748291016e-01 2.816390380859375000e+02
9.528502821922302246e-01 -6.627165526151657104e-02 -2.961165904998779297e-01 -4.801328277587890625e+01 6.757164001464843750e-02 9.976974725723266602e-01 -5.857692565768957138e-03 -6.893906593322753906e+00 2.958232462406158447e-01 -1.442804187536239624e-02 9.551346302032470703e-01 2.840189208984375000e+02
9.534585475921630859e-01 -6.719716638326644897e-02 -2.939421534538269043e-01 -4.870420837402343750e+01 6.817584484815597534e-02 9.976494312286376953e-01 -6.931740790605545044e-03 -6.960513591766357422e+00 2.937172949314117432e-01 -1.343108713626861572e-02 9.557988643646240234e-01 2.862727661132812500e+02
9.542341828346252441e-01 -6.814581900835037231e-02 -2.911938726902008057e-01 -4.938381195068359375e+01 6.968166679143905640e-02 9.975563287734985352e-01 -5.109418649226427078e-03 -7.019388198852539062e+00 2.908307909965515137e-01 -1.541575416922569275e-02 9.566512107849121094e-01 2.885187683105468750e+02
9.518876671791076660e-01 -6.930992752313613892e-02 -2.985072433948516846e-01 -5.008710098266601562e+01 7.072116434574127197e-02 9.974776506423950195e-01 -6.089213304221630096e-03 -7.077485561370849609e+00 2.981766760349273682e-01 -1.531499996781349182e-02 9.543887376785278320e-01 2.907956237792968750e+02
9.506577253341674805e-01 -6.922096759080886841e-02 -3.024217784404754639e-01 -5.085506820678710938e+01 7.012676447629928589e-02 9.975070357322692871e-01 -7.879861630499362946e-03 -7.133534431457519531e+00 3.022136390209197998e-01 -1.371727511286735535e-02 9.531424641609191895e-01 2.932341918945312500e+02
9.498589634895324707e-01 -7.021196931600570679e-02 -3.046948313713073730e-01 -5.166511535644531250e+01 7.062926143407821655e-02 9.974558353424072266e-01 -9.670995175838470459e-03 -7.202933311462402344e+00 3.045989871025085449e-01 -1.233474630862474442e-02 9.524018168449401855e-01 2.957879943847656250e+02
9.490336775779724121e-01 -7.125021517276763916e-02 -3.070164918899536133e-01 -5.244141387939453125e+01 7.189792394638061523e-02 9.973695278167724609e-01 -9.219202212989330292e-03 -7.279438972473144531e+00 3.068661093711853027e-01 -1.332498900592327118e-02 9.516603350639343262e-01 2.982036132812500000e+02
9.460818767547607422e-01 -7.001300901174545288e-02 -3.162718713283538818e-01 -5.326940155029296875e+01 7.066712528467178345e-02 9.974556565284729004e-01 -9.419709444046020508e-03 -7.355966567993164062e+00 3.161270022392272949e-01 -1.343868765980005264e-02 9.486225843429565430e-01 3.007355346679687500e+02
9.449562430381774902e-01 -6.871536374092102051e-02 -3.199007809162139893e-01 -5.411687088012695312e+01 6.963094323873519897e-02 9.975359439849853516e-01 -8.593476377427577972e-03 -7.431348323822021484e+00 3.197034001350402832e-01 -1.415501628071069717e-02 9.474127888679504395e-01 3.032502746582031250e+02
9.421377778053283691e-01 -7.130181789398193359e-02 -3.275563418865203857e-01 -5.493389511108398438e+01 7.191433757543563843e-02 9.973581433296203613e-01 -1.026220526546239853e-02 -7.503917694091796875e+00 3.274230957031250000e-01 -1.388805545866489410e-02 9.447766542434692383e-01 3.056491394042968750e+02
