9.999995231628417969e-01 7.196823717094957829e-04 -6.870877696201205254e-04 -1.401751022785902023e-02 -7.197717204689979553e-04 9.999997019767761230e-01 -1.295636466238647699e-04 -2.820320986211299896e-02 6.869944045320153236e-04 1.300581498071551323e-04 9.999998211860656738e-01 1.198997974395751953e+00
9.999980330467224121e-01 1.430879929102957249e-03 -1.366265001706779003e-03 -2.787364833056926727e-02 -1.431233016774058342e-03 9.999989271163940430e-01 -2.576190163381397724e-04 -5.608119815587997437e-02 1.365894917398691177e-03 2.595739788375794888e-04 9.999990463256835938e-01 2.384181022644042969e+00
9.999955892562866211e-01 2.145639155060052872e-03 -2.049036324024200439e-03 -4.180319979786872864e-02 -2.146435203030705452e-03 9.999976754188537598e-01 -3.863471210934221745e-04 -8.410628885030746460e-02 2.048203255981206894e-03 3.907434875145554543e-04 9.999979138374328613e-01 3.575627803802490234e+00
9.999922513961791992e-01 2.860329579561948776e-03 -2.731935121119022369e-03 -5.573543161153793335e-02 -2.861747285351157188e-03 9.999956488609313965e-01 -5.150908837094902992e-04 -1.121362000703811646e-01 2.730451524257659912e-03 5.229049711488187313e-04 9.999962449073791504e-01 4.767291069030761719e+00
9.999879598617553711e-01 3.576816525310277939e-03 -3.416746389120817184e-03 -6.970674544572830200e-02 -3.579037962481379509e-03 9.999933242797851562e-01 -6.441879668273031712e-04 -1.402441859245300293e-01 3.414420643821358681e-03 6.564088980667293072e-04 9.999940991401672363e-01 5.962283134460449219e+00
9.999826550483703613e-01 4.290400538593530655e-03 -4.098978824913501740e-03 -8.362555503845214844e-02 -4.293602891266345978e-03 9.999904632568359375e-01 -7.727886550128459930e-04 -1.682457774877548218e-01 4.095626063644886017e-03 7.903745863586664200e-04 9.999914765357971191e-01 7.152769565582275391e+00
9.999762773513793945e-01 5.005068611353635788e-03 -4.782443866133689880e-03 -9.756959974765777588e-02 -5.009435117244720459e-03 9.999868869781494141e-01 -9.016143158078193665e-04 -1.962976902723312378e-01 4.777870606631040573e-03 9.255502372980117798e-04 9.999884366989135742e-01 8.345401763916015625e+00
9.999690651893615723e-01 5.718770902603864670e-03 -5.465183872729539871e-03 -1.114989221096038818e-01 -5.724484100937843323e-03 9.999829530715942383e-01 -1.030294108204543591e-03 -2.243192791938781738e-01 5.459201056510210037e-03 1.061547896824777126e-03 9.999846816062927246e-01 9.536764144897460938e+00
9.999607205390930176e-01 6.432384252548217773e-03 -6.148038432002067566e-03 -1.254307329654693604e-01 -6.439628079533576965e-03 9.999784231185913086e-01 -1.158988103270530701e-03 -2.523452043533325195e-01 6.140451412647962570e-03 1.198533806018531322e-03 9.999806284904479980e-01 1.072832202911376953e+01
9.999514818191528320e-01 7.145768031477928162e-03 -6.830869708210229874e-03 -1.393621414899826050e-01 -7.154724095016717911e-03 9.999734163284301758e-01 -1.287669176235795021e-03 -2.803696990013122559e-01 6.821487564593553543e-03 1.336479792371392250e-03 9.999760985374450684e-01 1.191983318328857422e+01
9.999412298202514648e-01 7.859282195568084717e-03 -7.514028344303369522e-03 -1.533004492521286011e-01 -7.870138622820377350e-03 9.999678134918212891e-01 -1.416404149495065212e-03 -3.084072768688201904e-01 7.502655964344739914e-03 1.475457800552248955e-03 9.999710917472839355e-01 1.311191272735595703e+01
9.999315142631530762e-01 8.435908704996109009e-03 -8.163221180438995361e-03 -1.671408563852310181e-01 -8.448593318462371826e-03 9.999629259109497070e-01 -1.520606107078492641e-03 -3.362947702407836914e-01 8.150092326104640961e-03 1.589469728060066700e-03 9.999657273292541504e-01 1.430348396301269531e+01
9.999067187309265137e-01 1.021484192460775375e-02 -9.110264480113983154e-03 -1.818140447139739990e-01 -1.023201830685138702e-02 9.999457597732543945e-01 -1.840097014792263508e-03 -3.654236495494842529e-01 9.090975858271121979e-03 1.933141844347119331e-03 9.999570250511169434e-01 1.549659442901611328e+01
9.999052286148071289e-01 9.942671284079551697e-03 -9.559124708175659180e-03 -1.950729340314865112e-01 -9.960148483514785767e-03 9.999486804008483887e-01 -1.782531035132706165e-03 -3.924443721771240234e-01 9.540912695229053497e-03 1.877571805380284786e-03 9.999528527259826660e-01 1.668758392333984375e+01
9.999048709869384766e-01 9.373887442052364349e-03 -1.015133969485759735e-02 -2.081761211156845093e-01 -9.389114566147327423e-03 9.999548196792602539e-01 -1.453538192436099052e-03 -4.191513061523437500e-01 1.013725902885198593e-02 1.548711676150560379e-03 9.999476671218872070e-01 1.788104248046875000e+01
9.999029636383056641e-01 9.037036448717117310e-03 -1.063811965286731720e-02 -2.220686972141265869e-01 -9.048726409673690796e-03 9.999585747718811035e-01 -1.051573199220001698e-03 -4.450813531875610352e-01 1.062817126512527466e-02 1.147732371464371681e-03 9.999431371688842773e-01 1.907662963867187500e+01
9.998930692672729492e-01 9.270131587982177734e-03 -1.133310142904520035e-02 -2.372951209545135498e-01 -9.293054230511188507e-03 9.999549388885498047e-01 -1.971849473193287849e-03 -4.715142548084259033e-01 1.131431199610233307e-02 2.076956443488597870e-03 9.999340176582336426e-01 2.027018547058105469e+01
9.998898506164550781e-01 9.007105603814125061e-03 -1.182761229574680328e-02 -2.531558871269226074e-01 -9.043316356837749481e-03 9.999545812606811523e-01 -3.011911641806364059e-03 -4.977816641330718994e-01 1.179995294660329819e-02 3.118539229035377502e-03 9.999259114265441895e-01 2.146467399597167969e+01
9.998741745948791504e-01 9.613273665308952332e-03 -1.263921055942773819e-02 -2.707636654376983643e-01 -9.644479490816593170e-03 9.999505877494812012e-01 -2.410510554909706116e-03 -5.247439742088317871e-01 1.261541154235601425e-02 2.532104728743433952e-03 9.999175667762756348e-01 2.265882492065429688e+01
9.998625516891479492e-01 9.849566034972667694e-03 -1.336112059652805328e-02 -2.887907624244689941e-01 -9.880843572318553925e-03 9.999487400054931641e-01 -2.277132356539368629e-03 -5.527300238609313965e-01 1.333801355212926865e-02 2.408837666735053062e-03 9.999086260795593262e-01 2.385295295715332031e+01
9.998500347137451172e-01 9.852335788309574127e-03 -1.427518203854560852e-02 -3.071146905422210693e-01 -9.896722622215747833e-03 9.999464750289916992e-01 -3.042267169803380966e-03 -5.812325477600097656e-01 1.424445491284132004e-02 3.183087566867470741e-03 9.998939037322998047e-01 2.504683303833007812e+01
9.998351931571960449e-01 1.011489331722259521e-02 -1.510546356439590454e-02 -3.273512423038482666e-01 -1.015684660524129868e-02 9.999447464942932129e-01 -2.703181235119700432e-03 -6.069837808609008789e-01 1.507729757577180862e-02 2.856158651411533356e-03 9.998826384544372559e-01 2.624309349060058594e+01
9.998326301574707031e-01 9.254985488951206207e-03 -1.580829545855522156e-02 -3.472488522529602051e-01 -9.264582768082618713e-03 9.999569654464721680e-01 -5.344808450900018215e-04 -6.329430341720581055e-01 1.580266468226909637e-02 6.808494217693805695e-04 9.998751878738403320e-01 2.744167518615722656e+01
9.998238086700439453e-01 8.611261844635009766e-03 -1.670535281300544739e-02 -3.677985370159149170e-01 -8.617929182946681976e-03 9.999628663063049316e-01 -3.276812785770744085e-04 -6.565639376640319824e-01 1.670191809535026550e-02 4.715898539870977402e-04 9.998607635498046875e-01 2.863711547851562500e+01
9.998151063919067383e-01 7.984943687915802002e-03 -1.751954294741153717e-02 -3.892136216163635254e-01 -8.016007952392101288e-03 9.999663829803466797e-01 -1.704144175164401531e-03 -6.824257969856262207e-01 1.750535890460014343e-02 1.844266778789460659e-03 9.998455047607421875e-01 2.982829666137695312e+01
9.998012781143188477e-01 7.461303845047950745e-03 -1.851044408977031708e-02 -4.112762510776519775e-01 -7.508901413530111313e-03 9.999686479568481445e-01 -2.503665164113044739e-03 -7.087199091911315918e-01 1.849119178950786591e-02 2.642160980030894279e-03 9.998258352279663086e-01 3.102793502807617188e+01
9.997839331626892090e-01 7.872534915804862976e-03 -1.925948262214660645e-02 -4.357161521911621094e-01 -7.922228425741195679e-03 9.999654889106750488e-01 -2.505745040252804756e-03 -7.356470823287963867e-01 1.923909969627857208e-02 2.657781355082988739e-03 9.998115897178649902e-01 3.223192214965820312e+01
9.997745752334594727e-01 7.403992582112550735e-03 -1.991672441363334656e-02 -4.596533477306365967e-01 -7.444291375577449799e-03 9.999703764915466309e-01 -1.950488891452550888e-03 -7.632529139518737793e-01 1.990170031785964966e-02 2.098315628245472908e-03 9.997999072074890137e-01 3.342023086547851562e+01
9.997633099555969238e-01 7.159493397921323776e-03 -2.056208625435829163e-02 -4.846981465816497803e-01 -7.195726502686738968e-03 9.999726414680480957e-01 -1.689149765297770500e-03 -7.915941476821899414e-01 2.054943703114986420e-02 1.836709445342421532e-03 9.997873902320861816e-01 3.461479187011718750e+01
9.997580647468566895e-01 6.402728613466024399e-03 -2.105455473065376282e-02 -5.098190307617187500e-01 -6.438104435801506042e-03 9.999778866767883301e-01 -1.613318803720176220e-03 -8.182718753814697266e-01 2.104376815259456635e-02 1.748481416143476963e-03 9.997772574424743652e-01 3.581255340576171875e+01
9.997449517250061035e-01 6.469367537647485733e-03 -2.164904586970806122e-02 -5.367056727409362793e-01 -6.505826953798532486e-03 9.999775886535644531e-01 -1.614506938494741917e-03 -8.457823395729064941e-01 2.163811773061752319e-02 1.754941302351653576e-03 9.997645020484924316e-01 3.700926971435546875e+01
9.997459053993225098e-01 5.595703609287738800e-03 -2.184987626969814301e-02 -5.627413392066955566e-01 -5.621429067105054855e-03 9.999835491180419922e-01 -1.116569852456450462e-03 -8.734671473503112793e-01 2.184327132999897003e-02 1.239114208146929741e-03 9.997606873512268066e-01 3.820689010620117188e+01
9.997471570968627930e-01 5.730095785111188889e-03 -2.175759337842464447e-02 -5.904620289802551270e-01 -5.729516968131065369e-03 9.999836683273315430e-01 8.851327584125101566e-05 -9.001109600067138672e-01 2.175774984061717987e-02 3.617079710238613188e-05 9.997632503509521484e-01 3.940547943115234375e+01
9.997475147247314453e-01 6.200809031724929810e-03 -2.160647325217723846e-02 -6.181704401969909668e-01 -6.179953459650278091e-03 9.999803304672241211e-01 1.031475025229156017e-03 -9.268577098846435547e-01 2.161244489252567291e-02 -8.976855897344648838e-04 9.997659325599670410e-01 4.060242843627929688e+01
9.997435212135314941e-01 6.994173862040042877e-03 -2.155419625341892242e-02 -6.466320157051086426e-01 -6.982516031712293625e-03 9.999754428863525391e-01 6.156644667498767376e-04 -9.531281590461730957e-01 2.155797369778156281e-02 -4.650025221053510904e-04 9.997673630714416504e-01 4.179869842529296875e+01
9.997397065162658691e-01 7.822390645742416382e-03 -2.144963480532169342e-02 -6.756682991981506348e-01 -7.813012227416038513e-03 9.999694228172302246e-01 5.205581546761095524e-04 -9.776306748390197754e-01 2.145304717123508453e-02 -3.528349334374070168e-04 9.997698068618774414e-01 4.299591445922851562e+01
9.997221827507019043e-01 1.079817954450845718e-02 -2.097680605947971344e-02 -7.080162763595581055e-01 -1.075807586312294006e-02 9.999402761459350586e-01 2.023359527811408043e-03 -1.000411510467529297e+00 2.099740691483020782e-02 -1.797124510630965233e-03 9.997778534889221191e-01 4.419562530517578125e+01
9.997516274452209473e-01 1.107364147901535034e-02 -1.936701312661170959e-02 -7.358617186546325684e-01 -1.097597740590572357e-02 9.999267458915710449e-01 5.141412373632192612e-03 -1.020364522933959961e+00 1.942248456180095673e-02 -4.928063135594129562e-03 9.997991323471069336e-01 4.539562606811523438e+01
9.997779130935668945e-01 1.163717079907655716e-02 -1.760589331388473511e-02 -7.617279887199401855e-01 -1.149999722838401794e-02 9.999032020568847656e-01 7.871629670262336731e-03 -1.037443399429321289e+00 1.769572310149669647e-02 -7.666394580155611038e-03 9.998138546943664551e-01 4.659611129760742188e+01
9.998043775558471680e-01 1.191971078515052795e-02 -1.582127623260021210e-02 -7.844474911689758301e-01 -1.174382679164409637e-02 9.998690485954284668e-01 1.116292271763086319e-02 -1.051206350326538086e+00 1.595216803252696991e-02 -1.097078900784254074e-02 9.998123645782470703e-01 4.780148315429687500e+01
9.998279809951782227e-01 1.160708162933588028e-02 -1.451319456100463867e-02 -8.050209283828735352e-01 -1.141470763832330704e-02 9.998471736907958984e-01 1.326758414506912231e-02 -1.064091563224792480e+00 1.466485671699047089e-02 -1.309378258883953094e-02 9.998064041137695312e-01 4.900452423095703125e+01
9.998662471771240234e-01 9.923135861754417419e-03 -1.305597461760044098e-02 -8.220026493072509766e-01 -9.772669523954391479e-03 9.998860359191894531e-01 1.153769344091415405e-02 -1.073849558830261230e+00 1.316886674612760544e-02 -1.139953453093767166e-02 9.998478889465332031e-01 5.020346450805664062e+01
9.998748302459716797e-01 1.039848010987043381e-02 -1.199806481599807739e-02 -8.402908444404602051e-01 -1.028810814023017883e-02 9.999048709869384766e-01 9.223324246704578400e-03 -1.085314512252807617e+00 1.209274865686893463e-02 -9.087741374969482422e-03 9.998852014541625977e-01 5.140455245971679688e+01
9.998716115951538086e-01 1.154742203652858734e-02 -1.118360459804534912e-02 -8.594636917114257812e-01 -1.144655887037515640e-02 9.998939037322998047e-01 9.040292352437973022e-03 -1.098285555839538574e+00 1.128671318292617798e-02 -8.900148794054985046e-03 9.998963475227355957e-01 5.260581207275390625e+01
9.998827576637268066e-01 1.057347003370523453e-02 -1.114335563033819199e-02 -8.753790855407714844e-01 -1.047817803919315338e-02 9.999086856842041016e-01 8.574577048420906067e-03 -1.112634539604187012e+00 1.123285945504903793e-02 -8.442266844213008881e-03 9.999008774757385254e-01 5.381122589111328125e+01
9.998810291290283203e-01 9.904905222356319427e-03 -1.188406441360712051e-02 -8.928737044334411621e-01 -9.811860509216785431e-03 9.999213218688964844e-01 7.861427962779998779e-03 -1.127882599830627441e+00 1.196084544062614441e-02 -7.729158271104097366e-03 9.998981952667236328e-01 5.501518630981445312e+01
9.998599290847778320e-01 1.007198076695203781e-02 -1.341953594237565994e-02 -9.118608236312866211e-01 -9.967691265046596527e-03 9.999202489852905273e-01 7.815019227564334869e-03 -1.143151760101318359e+00 1.349706761538982391e-02 -7.669217884540557861e-03 9.998791217803955078e-01 5.622025680541992188e+01
9.998379349708557129e-01 1.009709108620882034e-02 -1.494468748569488525e-02 -9.332314729690551758e-01 -9.958175010979175568e-03 9.999072551727294922e-01 9.339766576886177063e-03 -1.160686731338500977e+00 1.503748446702957153e-02 -9.178225882351398468e-03 9.998444914817810059e-01 5.742775726318359375e+01
9.998231530189514160e-01 1.009405311197042465e-02 -1.590911671519279480e-02 -9.562156200408935547e-01 -9.940124116837978363e-03 9.999037384986877441e-01 9.724527597427368164e-03 -1.175654649734497070e+00 1.600560545921325684e-02 -9.555692784488201141e-03 9.998260736465454102e-01 5.863260650634765625e+01
9.997993707656860352e-01 1.105267275124788284e-02 -1.674529910087585449e-02 -9.814365506172180176e-01 -1.089511718600988388e-02 9.998962283134460449e-01 9.469926357269287109e-03 -1.190277695655822754e+00 1.684810034930706024e-02 -9.277826175093650818e-03 9.998148083686828613e-01 5.983855438232421875e+01
9.997827410697937012e-01 1.144538354128599167e-02 -1.745778694748878479e-02 -1.006715536117553711e+00 -1.128332689404487610e-02 9.998931288719177246e-01 9.352649562060832977e-03 -1.205599784851074219e+00 1.756282709538936615e-02 -9.144152514636516571e-03 9.998037815093994141e-01 6.104207229614257812e+01
9.997869133949279785e-01 1.080108247697353363e-02 -1.763248816132545471e-02 -1.031126499176025391e+00 -1.064720097929239273e-02 9.999050498008728027e-01 8.800718002021312714e-03 -1.221319556236267090e+00 1.772727631032466888e-02 -8.599873632192611694e-03 9.998055696487426758e-01 6.224559783935546875e+01
9.997962117195129395e-01 9.508893825113773346e-03 -1.785067655146121979e-02 -1.053863525390625000e+00 -9.370615705847740173e-03 9.999259710311889648e-01 7.818954996764659882e-03 -1.237482309341430664e+00 1.792456768453121185e-02 -7.634863257408142090e-03 9.998098611831665039e-01 6.344743728637695312e+01
9.997937679290771484e-01 9.088431484997272491e-03 -1.820103637874126434e-02 -1.078473329544067383e+00 -8.930405601859092712e-03 9.999222755432128906e-01 8.752218447625637054e-03 -1.251700282096862793e+00 1.828120835125446320e-02 -8.572966791689395905e-03 9.997956156730651855e-01 6.464750671386718750e+01
9.997896552085876465e-01 9.083071723580360413e-03 -1.842881366610527039e-02 -1.103193402290344238e+00 -8.882527239620685577e-03 9.999011754989624023e-01 1.094025466591119766e-02 -1.267100334167480469e+00 1.852055266499519348e-02 -1.075516082346439362e-02 9.997701048851013184e-01 6.585036468505859375e+01
9.997800588607788086e-01 9.523969143629074097e-03 -1.872882619500160217e-02 -1.129538536071777344e+00 -9.347387589514255524e-03 9.999116659164428711e-01 9.496448561549186707e-03 -1.281111121177673340e+00 1.880995742976665497e-02 -9.302244521677494049e-03 9.997794628143310547e-01 6.704756927490234375e+01
9.997633099555969238e-01 1.103354152292013168e-02 -1.880211383104324341e-02 -1.157680511474609375e+00 -1.088824123144149780e-02 9.999105334281921387e-01 7.813083007931709290e-03 -1.293921113014221191e+00 1.887833140790462494e-02 -7.593141868710517883e-03 9.997925162315368652e-01 6.824102783203125000e+01
9.997355341911315918e-01 1.319594494998455048e-02 -1.887929067015647888e-02 -1.186930298805236816e+00 -1.304732263088226318e-02 9.998833537101745605e-01 7.978697307407855988e-03 -1.309415817260742188e+00 1.897609978914260864e-02 -7.720537949353456497e-03 9.997895956039428711e-01 6.943521881103515625e+01
9.997112154960632324e-01 1.500436570495367050e-02 -1.881230808794498444e-02 -1.215316176414489746e+00 -1.485156733542680740e-02 9.998561739921569824e-01 8.236967027187347412e-03 -1.324676871299743652e+00 1.892191171646118164e-02 -7.946405559778213501e-03 9.997888803482055664e-01 7.062610626220703125e+01
9.996892213821411133e-01 1.665715873241424561e-02 -1.859769597649574280e-02 -1.243226170539855957e+00 -1.649733260273933411e-02 9.998263120651245117e-01 8.713778108358383179e-03 -1.339454770088195801e+00 1.872573420405387878e-02 -8.400075137615203857e-03 9.997888207435607910e-01 7.181594848632812500e+01
9.997000694274902344e-01 1.706545241177082062e-02 -1.762359775602817535e-02 -1.268567085266113281e+00 -1.689737103879451752e-02 9.998113512992858887e-01 9.637720882892608643e-03 -1.355741977691650391e+00 1.777216233313083649e-02 -9.333270601928234100e-03 9.997979998588562012e-01 7.300214385986328125e+01
9.997045397758483887e-01 1.873152330517768860e-02 -1.555210538208484650e-02 -1.292837977409362793e+00 -1.857377402484416962e-02 9.997758269309997559e-01 1.021438743919134140e-02 -1.371469020843505859e+00 1.572326384484767914e-02 -9.921373799443244934e-03 9.998265504837036133e-01 7.418744659423828125e+01
9.997528791427612305e-01 1.814333535730838776e-02 -1.291316282004117966e-02 -1.310251951217651367e+00 -1.802209392189979553e-02 9.997936487197875977e-01 9.430328384041786194e-03 -1.390124082565307617e+00 1.306279376149177551e-02 -9.195873513817787170e-03 9.998717904090881348e-01 7.536550140380859375e+01
9.998372793197631836e-01 1.463834196329116821e-02 -1.062523014843463898e-02 -1.320137739181518555e+00 -1.459773443639278412e-02 9.998864531517028809e-01 3.880951087921857834e-03 -1.407513976097106934e+00 1.066564396023750305e-02 -3.726817434653639793e-03 9.999355673789978027e-01 7.654074096679687500e+01
9.998520016670227051e-01 1.519314385950565338e-02 -8.185848593711853027e-03 -1.330919742584228516e+00 -1.517577562481164932e-02 9.998830556869506836e-01 2.169598359614610672e-03 -1.427083969116210938e+00 8.201981894671916962e-03 -2.046201610937714577e-03 9.999637007713317871e-01 7.771625518798828125e+01
9.998818635940551758e-01 1.450244430452585220e-02 -5.257596727460622787e-03 -1.337949633598327637e+00 -1.447054091840982437e-02 9.998776316642761230e-01 6.033902056515216827e-03 -1.448795914649963379e+00 5.329118110239505768e-03 -5.957493558526039124e-03 9.999676346778869629e-01 7.889455413818359375e+01
9.998925924301147461e-01 1.459307316690683365e-02 -1.933825085870921612e-03 -1.340941667556762695e+00 -1.457724720239639282e-02 9.998626112937927246e-01 7.962406612932682037e-03 -1.468532681465148926e+00 2.035090932622551918e-03 -7.934710942208766937e-03 9.999659657478332520e-01 8.006836700439453125e+01
9.998857975006103516e-01 1.502473559230566025e-02 2.051629126071929932e-03 -1.342289686203002930e+00 -1.503631006926298141e-02 9.998711347579956055e-01 5.712948273867368698e-03 -1.485824584960937500e+00 -1.980465138331055641e-03 -5.747448187321424484e-03 9.999811649322509766e-01 8.123449707031250000e+01
9.998857975006103516e-01 1.413377560675144196e-02 5.503300577402114868e-03 -1.335650563240051270e+00 -1.415129005908966064e-02 9.998954534530639648e-01 3.138997824862599373e-03 -1.506094455718994141e+00 -5.473223049193620682e-03 -3.218423109501600266e-03 9.999794363975524902e-01 8.239907836914062500e+01
9.998804330825805664e-01 1.272919401526451111e-02 8.863366208970546722e-03 -1.323864459991455078e+00 -1.272329874336719513e-02 9.999194145202636719e-01 -7.394338608719408512e-04 -1.530310273170471191e+00 -8.886506780982017517e-03 6.283592083491384983e-04 9.999598860740661621e-01 8.355794525146484375e+01
9.998564720153808594e-01 1.187378447502851486e-02 1.214487943798303604e-02 -1.309267282485961914e+00 -1.185258477926254272e-02 9.999287724494934082e-01 -1.833269954659044743e-03 -1.555470347404479980e+00 -1.217665337026119232e-02 1.693247468210756779e-03 9.999239444732666016e-01 8.471739196777343750e+01
9.998078942298889160e-01 1.167645491659641266e-02 1.578171178698539734e-02 -1.292992353439331055e+00 -1.167908310890197754e-02 9.999324679374694824e-01 6.528547237394377589e-05 -1.580585718154907227e+00 -1.580112986266613007e-02 -2.448485756758600473e-04 9.998745918273925781e-01 8.587692260742187500e+01
9.997266530990600586e-01 1.277109514921903610e-02 1.961992494761943817e-02 -1.273120164871215820e+00 -1.279258821159601212e-02 9.999184012413024902e-01 9.604849619790911674e-04 -1.605072498321533203e+00 -1.962437666952610016e-02 -1.205269363708794117e-03 9.998061656951904297e-01 8.703110504150390625e+01
9.996520280838012695e-01 1.244425401091575623e-02 2.328419499099254608e-02 -1.247130036354064941e+00 -1.241618674248456955e-02 9.999226927757263184e-01 -1.357178203761577606e-03 -1.630671858787536621e+00 -2.331960946321487427e-02 1.073435181751847267e-03 9.997268319129943848e-01 8.818379211425781250e+01
9.995743632316589355e-01 1.212485507130622864e-02 2.656005881726741791e-02 -1.216670036315917969e+00 -1.202465686947107315e-02 9.999206066131591797e-01 -3.935730084776878357e-03 -1.656161904335021973e+00 -2.662623114883899689e-02 3.622731193900108337e-03 9.996384978294372559e-01 8.933331298828125000e+01
9.994813799858093262e-01 1.221275422722101212e-02 2.981806360185146332e-02 -1.182743906974792480e+00 -1.208890788257122040e-02 9.999181628227233887e-01 -4.336842801421880722e-03 -1.683161973953247070e+00 -2.988427318632602692e-02 3.979986067861318588e-03 9.995448589324951172e-01 9.048337554931640625e+01
9.994070529937744141e-01 1.086441334336996078e-02 3.269313648343086243e-02 -1.144126772880554199e+00 -1.076878421008586884e-02 9.999378323554992676e-01 -3.108740085735917091e-03 -1.710417985916137695e+00 -3.273676335811614990e-02 2.759375376626849174e-03 9.994596838951110840e-01 9.163648986816406250e+01
9.993195533752441406e-01 1.010853238403797150e-02 3.549013659358024597e-02 -1.101748466491699219e+00 -1.005183812230825424e-02 9.999486207962036133e-01 -1.787582295946776867e-03 -1.736084580421447754e+00 -3.552128374576568604e-02 1.435001846402883530e-03 9.993677139282226562e-01 9.279121398925781250e+01
9.992260336875915527e-01 9.287876076996326447e-03 3.824413195252418518e-02 -1.056013226509094238e+00 -9.297795593738555908e-03 9.999574422836303711e-01 6.947711517568677664e-05 -1.760648369789123535e+00 -3.825085982680320740e-02 -4.172762564849108458e-04 9.992678165435791016e-01 9.394702911376953125e+01
9.991391301155090332e-01 8.157585747539997101e-03 4.069365188479423523e-02 -1.006117463111877441e+00 -8.215062320232391357e-03 9.999660849571228027e-01 1.232939772307872772e-03 -1.785069584846496582e+00 -4.069011285901069641e-02 -1.555403927341103554e-03 9.991704821586608887e-01 9.510253143310546875e+01
9.990538954734802246e-01 6.863212678581476212e-03 4.296195879578590393e-02 -9.539637565612792969e-01 -6.830616388469934464e-03 9.999767541885375977e-01 -9.192685247398912907e-04 -1.809540390968322754e+00 -4.297415539622306824e-02 6.354733486659824848e-04 9.990755915641784668e-01 9.625523376464843750e+01
9.989662766456604004e-01 5.398528184741735458e-03 4.515425115823745728e-02 -8.975377678871154785e-01 -5.201957654207944870e-03 9.999769330024719238e-01 -4.482822027057409286e-03 -1.834868311882019043e+00 -4.518428444862365723e-02 4.254664760082960129e-03 9.989691376686096191e-01 9.741301727294921875e+01
9.988693594932556152e-01 5.748731549829244614e-03 4.720820114016532898e-02 -8.410009145736694336e-01 -5.394743755459785461e-03 9.999569058418273926e-01 -7.634975947439670563e-03 -1.861913204193115234e+00 -4.725692793726921082e-02 7.381657138466835022e-03 9.988549351692199707e-01 9.857206726074218750e+01
9.987905025482177734e-01 5.894874222576618195e-03 4.883033409714698792e-02 -7.820432186126708984e-01 -5.478709470480680466e-03 9.999480247497558594e-01 -8.664273656904697418e-03 -1.891640424728393555e+00 -4.888571426272392273e-02 8.395056240260601044e-03 9.987685680389404297e-01 9.973952484130859375e+01
9.987602829933166504e-01 5.954342894256114960e-03 4.943643510341644287e-02 -7.233548164367675781e-01 -5.563652608543634415e-03 9.999526143074035645e-01 -8.048759773373603821e-03 -1.922454476356506348e+00 -4.948886856436729431e-02 7.767882198095321655e-03 9.987439513206481934e-01 1.009139556884765625e+02
9.987957477569580078e-01 6.151460576802492142e-03 4.869064688682556152e-02 -6.655294299125671387e-01 -5.864822305738925934e-03 9.999650716781616211e-01 -6.039826199412345886e-03 -1.953026533126831055e+00 -4.873294755816459656e-02 5.746988113969564438e-03 9.987947344779968262e-01 1.020945587158203125e+02
9.988653063774108887e-01 5.468019284307956696e-03 4.732681438326835632e-02 -6.077156066894531250e-01 -5.265897605568170547e-03 9.999769926071166992e-01 -4.406941588968038559e-03 -1.983090758323669434e+00 -4.735663160681724548e-02 4.149641375988721848e-03 9.988688230514526367e-01 1.032786560058593750e+02
9.989564418792724609e-01 5.748451221734285355e-03 4.532812163233757019e-02 -5.505685806274414062e-01 -5.584336351603269577e-03 9.999778866767883301e-01 -3.759540384635329247e-03 -2.012872934341430664e+00 -4.535554721951484680e-02 3.496863413602113724e-03 9.989641904830932617e-01 1.044698486328125000e+02
9.990639686584472656e-01 5.895634647458791733e-03 4.287058115005493164e-02 -4.977456629276275635e-01 -5.765947513282299042e-03 9.999790787696838379e-01 -3.162012668326497078e-03 -2.041115760803222656e+00 -4.289513081312179565e-02 2.907067537307739258e-03 9.990747570991516113e-01 1.056677474975585938e+02
9.991894960403442383e-01 6.377190817147493362e-03 3.976669162511825562e-02 -4.483244419097900391e-01 -6.256524939090013504e-03 9.999760389328002930e-01 -3.173058852553367615e-03 -2.069736719131469727e+00 -3.979279100894927979e-02 2.916485071182250977e-03 9.992031455039978027e-01 1.068670501708984375e+02
9.993215799331665039e-01 7.835262455046176910e-03 3.600764274597167969e-02 -4.053744375705718994e-01 -7.715494371950626373e-03 9.999648332595825195e-01 -3.480465849861502647e-03 -2.098279953002929688e+00 -3.604044765233993530e-02 3.192034782841801643e-03 9.993446469306945801e-01 1.080717544555664062e+02
9.994536638259887695e-01 7.975443266332149506e-03 3.209958225488662720e-02 -3.651048243045806885e-01 -7.875119335949420929e-03 9.999642372131347656e-01 -3.269164357334375381e-03 -2.126997947692871094e+00 -3.213131055235862732e-02 3.004099708050489426e-03 9.994784593582153320e-01 1.092784500122070312e+02
9.995698928833007812e-01 8.622289635241031647e-03 2.805902808904647827e-02 -3.290723562240600586e-01 -8.566167205572128296e-03 9.999616742134094238e-01 -2.141045406460762024e-03 -2.156851053237915039e+00 -2.808327414095401764e-02 1.892427098937332630e-03 9.996031522750854492e-01 1.104914398193359375e+02
9.996801614761352539e-01 8.809022605419158936e-03 2.373860403895378113e-02 -2.985253632068634033e-01 -8.781243115663528442e-03 9.999611973762512207e-01 -1.299325143918395042e-03 -2.185662984848022461e+00 -2.375600673258304596e-02 1.078364904969930649e-03 9.997167587280273438e-01 1.117071533203125000e+02
9.997743964195251465e-01 8.964062668383121490e-03 1.929128915071487427e-02 -2.726690173149108887e-01 -8.956114761531352997e-03 9.999603033065795898e-01 -5.291895358823239803e-04 -2.213399887084960938e+00 -1.930216699838638306e-02 3.460126463323831558e-04 9.998131990432739258e-01 1.129235534667968750e+02
9.998520016670227051e-01 9.347474202513694763e-03 1.450222544372081757e-02 -2.537765502929687500e-01 -9.344542399048805237e-03 9.999568462371826172e-01 -3.109438403043895960e-04 -2.240143060684204102e+00 -1.451139803975820541e-02 1.602225529495626688e-04 9.998943209648132324e-01 1.141423645019531250e+02
9.999032616615295410e-01 1.017831545323133469e-02 9.563362225890159607e-03 -2.415495514869689941e-01 -1.017677690833806992e-02 9.999487996101379395e-01 -2.718612668104469776e-04 -2.267802000045776367e+00 -9.572545066475868225e-03 1.584900746820494533e-04 9.999538660049438477e-01 1.153626632690429688e+02
9.999329447746276855e-01 1.069375500082969666e-02 4.603719804435968399e-03 -2.340689152479171753e-01 -1.069204881787300110e-02 9.999433159828186035e-01 -5.259402678348124027e-04 -2.296828269958496094e+00 -4.615992773324251175e-03 4.613106430042535067e-04 9.999889731407165527e-01 1.165858688354492188e+02
9.999337196350097656e-01 1.157954428344964981e-02 -4.925246685161255300e-05 -2.325682491064071655e-01 -1.158018782734870911e-02 9.999329447746276855e-01 -1.083752489648759365e-03 -2.327573537826538086e+00 2.979902274091728032e-05 1.067263656295835972e-03 9.999991655349731445e-01 1.178114852905273438e+02
9.999036788940429688e-01 1.341515593230724335e-02 -3.741004737094044685e-03 -2.372902184724807739e-01 -1.342090871185064316e-02 9.999096393585205078e-01 -1.356289489194750786e-03 -2.357999324798583984e+00 3.715523984283208847e-03 1.392050529830157757e-03 9.999919533729553223e-01 1.190397720336914062e+02
9.998592734336853027e-01 1.576021686196327209e-02 -5.858545657247304916e-03 -2.464411109685897827e-01 -1.576773077249526978e-02 9.998756647109985352e-01 -1.137244864366948605e-03 -2.388146400451660156e+00 5.832911469042301178e-03 1.215010299347341061e-03 9.999821186065673828e-01 1.202712631225585938e+02
9.998375773429870605e-01 1.671113632619380951e-02 -6.828597281128168106e-03 -2.562288641929626465e-01 -1.672171615064144135e-02 9.998598694801330566e-01 -1.409233547747135162e-03 -2.417422533035278320e+00 6.797148380428552628e-03 1.509725232608616352e-03 9.999755620956420898e-01 1.215011672973632812e+02
9.997918009757995605e-01 1.884225942194461823e-02 -7.907580584287643433e-03 -2.696758806705474854e-01 -1.885116659104824066e-02 9.998224973678588867e-01 -9.793575154617428780e-04 -2.444633722305297852e+00 7.880777120590209961e-03 1.113696605898439884e-03 9.999681711196899414e-01 1.227422714233398438e+02
9.997557997703552246e-01 2.025638893246650696e-02 -8.898881264030933380e-03 -2.835685312747955322e-01 -2.025596797466278076e-02 9.997955560684204102e-01 2.043201384367421269e-04 -2.471498250961303711e+00 8.894220925867557526e-03 -3.586950697354041040e-05 9.999602437019348145e-01 1.239827499389648438e+02
9.997479319572448730e-01 2.029459178447723389e-02 -9.654294699430465698e-03 -2.970122694969177246e-01 -2.029438689351081848e-02 9.997947812080383301e-01 1.810115645639598370e-04 -2.498917341232299805e+00 9.649063460528850555e-03 1.494411890234914608e-06 9.999532103538513184e-01 1.252239608764648438e+02
9.996678233146667480e-01 2.356823347508907318e-02 -1.049307174980640411e-02 -3.168119192123413086e-01 -2.355021052062511444e-02 9.997216463088989258e-01 1.894718967378139496e-03 -2.521613121032714844e+00 1.052793581038713455e-02 -1.660611829720437527e-03 9.999430179595947266e-01 1.264700469970703125e+02
9.996217489242553711e-01 2.520164474844932556e-02 -1.106574386358261108e-02 -3.360727131366729736e-01 -2.515004016458988190e-02 9.996728301048278809e-01 4.830989055335521698e-03 -2.543287277221679688e+00 1.117711048573255539e-02 -4.563694819808006287e-03 9.999269247055053711e-01 1.277200393676757812e+02
9.996381402015686035e-01 2.417679503560066223e-02 -1.184162311255931854e-02 -3.532010018825531006e-01 -2.411542646586894989e-02 9.996957778930664062e-01 5.347038153558969498e-03 -2.561293363571166992e+00 1.196052599698305130e-02 -5.073001142591238022e-03 9.999154210090637207e-01 1.289697265625000000e+02
9.996385574340820312e-01 2.388109639286994934e-02 -1.238521561026573181e-02 -3.704391419887542725e-01 -2.384072914719581604e-02 9.997106790542602539e-01 3.443449037149548531e-03 -2.578123331069946289e+00 1.245700940489768982e-02 -3.156578633934259415e-03 9.999172687530517578e-01 1.302199096679687500e+02
9.996905326843261719e-01 2.116358280181884766e-02 -1.311679556965827942e-02 -3.845418691635131836e-01 -2.111141756176948547e-02 9.997693300247192383e-01 4.147855099290609360e-03 -2.596168279647827148e+00 1.319468487054109573e-02 -3.881767624989151955e-03 9.999052882194519043e-01 1.314754180908203125e+02
9.997234940528869629e-01 1.881772279739379883e-02 -1.413890719413757324e-02 -3.976193964481353760e-01 -1.873375661671161652e-02 9.998068213462829590e-01 6.088671740144491196e-03 -2.614806175231933594e+00 1.424388680607080460e-02 -5.836591590195894241e-03 9.998812675476074219e-01 1.327333068847656250e+02
9.997675418853759766e-01 1.603324152529239655e-02 -1.444670744240283966e-02 -4.133698940277099609e-01 -1.592025347054004669e-02 9.998425245285034180e-01 7.941959425806999207e-03 -2.631354808807373047e+00 1.456481497734785080e-02 -7.722800131887197495e-03 9.998638629913330078e-01 1.339956970214843750e+02
9.997895359992980957e-01 1.427649985998868942e-02 -1.476541720330715179e-02 -4.299088120460510254e-01 -1.413356140255928040e-02 9.998531341552734375e-01 9.779061190783977509e-03 -2.646137952804565430e+00 1.489589922130107880e-02 -9.581551887094974518e-03 9.998430013656616211e-01 1.352590942382812500e+02
9.998432993888854980e-01 9.895196184515953064e-03 -1.470928825438022614e-02 -4.438833892345428467e-01 -9.781936183571815491e-03 9.999225139617919922e-01 7.791360374540090561e-03 -2.660053968429565430e+00 1.477820985019207001e-02 -7.659060414880514145e-03 9.998613595962524414e-01 1.365223999023437500e+02
9.998654127120971680e-01 7.231520954519510269e-03 -1.475430838763713837e-02 -4.570523202419281006e-01 -7.143050897866487503e-03 9.999567866325378418e-01 6.079365033656358719e-03 -2.675989627838134766e+00 1.479059364646673203e-02 -5.984578747302293777e-03 9.998726248741149902e-01 1.377893066406250000e+02
9.998781681060791016e-01 5.644613876938819885e-03 -1.457691751420497894e-02 -4.720537960529327393e-01 -5.557626485824584961e-03 9.999670982360839844e-01 6.040810607373714447e-03 -2.693210601806640625e+00 1.460348628461360931e-02 -5.966783035546541214e-03 9.998754262924194336e-01 1.390565795898437500e+02
9.998823404312133789e-01 5.598274990916252136e-03 -1.430577784776687622e-02 -4.908118546009063721e-01 -5.506935995072126389e-03 9.999648332595825195e-01 6.456595845520496368e-03 -2.711313724517822266e+00 1.433435548096895218e-02 -6.386046297848224640e-03 9.998767971992492676e-01 1.403303833007812500e+02
9.998899698257446289e-01 5.971171893179416656e-03 -1.360250823199748993e-02 -5.099477767944335938e-01 -5.860108416527509689e-03 9.999497532844543457e-01 8.232594467699527740e-03 -2.728131532669067383e+00 1.364391762763261795e-02 -8.162003941833972931e-03 9.998735189437866211e-01 1.416057891845703125e+02
9.998803138732910156e-01 8.591989986598491669e-03 -1.289360877126455307e-02 -5.316543579101562500e-01 -8.464084938168525696e-03 9.999151825904846191e-01 9.986803866922855377e-03 -2.744131803512573242e+00 1.297128852456808090e-02 -9.888473898172378540e-03 9.998670816421508789e-01 1.428800048828125000e+02
9.998869895935058594e-01 8.660616353154182434e-03 -1.231870800256729126e-02 -5.501429438591003418e-01 -8.548363111913204193e-03 9.999223351478576660e-01 9.182781912386417389e-03 -2.759526729583740234e+00 1.239027548581361771e-02 -9.090042673051357269e-03 9.998821020126342773e-01 1.441528167724609375e+02
9.998894929885864258e-01 8.954312652349472046e-03 -1.191150862723588943e-02 -5.681041479110717773e-01 -8.877049200236797333e-03 9.999400377273559570e-01 6.571749225258827209e-03 -2.775351524353027344e+00 1.196264289319515228e-02 -6.480302661657333374e-03 9.999076128005981445e-01 1.454239349365234375e+02
9.998928308486938477e-01 9.105140343308448792e-03 -1.149424817413091660e-02 -5.862211585044860840e-01 -9.054505266249179840e-03 9.999499917030334473e-01 4.499630071222782135e-03 -2.794827699661254883e+00 1.152768637984991074e-02 -4.411689471453428268e-03 9.999239444732666016e-01 1.466938323974609375e+02
9.999063611030578613e-01 7.812527008354663849e-03 -1.125844754278659821e-02 -6.015658974647521973e-01 -7.809400558471679688e-03 9.999704360961914062e-01 3.725722781382501125e-04 -2.818861246109008789e+00 1.125408895313739777e-02 -2.986867621075361967e-04 9.999368190765380859e-01 1.479609222412109375e+02
9.999113082885742188e-01 7.891221903264522552e-03 -1.075910590589046478e-02 -6.183978915214538574e-01 -7.925782352685928345e-03 9.999648332595825195e-01 -3.119772532954812050e-03 -2.844544172286987305e+00 1.072716992348432541e-02 3.193132346495985985e-03 9.999375939369201660e-01 1.492268218994140625e+02
9.999150633811950684e-01 7.643546909093856812e-03 -1.059072650969028473e-02 -6.344398260116577148e-01 -7.689434569329023361e-03 9.999625086784362793e-01 -4.244248382747173309e-03 -2.875054121017456055e+00 1.055094040930271149e-02 4.315191879868507385e-03 9.999351501464843750e-01 1.504922180175781250e+02
9.999155402183532715e-01 7.470685523003339767e-03 -1.068147644400596619e-02 -6.492827534675598145e-01 -7.512844167649745941e-03 9.999654293060302734e-01 -3.858167445287108421e-03 -2.908754110336303711e+00 1.064532343298196793e-02 3.929059021174907684e-03 9.999357461929321289e-01 1.517560119628906250e+02
9.999108910560607910e-01 8.117261342704296112e-03 -1.064693648368120193e-02 -6.669017672538757324e-01 -8.155605755746364594e-03 9.999617934226989746e-01 -3.508688416332006454e-03 -2.939714193344116211e+00 1.061110850423574448e-02 3.584600286558270454e-03 9.999373555183410645e-01 1.530246124267578125e+02
9.999013543128967285e-01 8.932292461395263672e-03 -1.088974624872207642e-02 -6.841716170310974121e-01 -8.958287537097930908e-03 9.999583363533020020e-01 -2.287647686898708344e-03 -2.969911098480224609e+00 1.086195092648267746e-02 2.373772906139492989e-03 9.999383091926574707e-01 1.542881164550781250e+02
9.998942613601684570e-01 9.403374977409839630e-03 -1.114180497825145721e-02 -7.034720182418823242e-01 -9.423659183084964752e-03 9.999552965164184570e-01 -1.717426814138889313e-03 -2.997615814208984375e+00 1.111820526421070099e-02 1.812998321838676929e-03 9.999368786811828613e-01 1.555531005859375000e+02
9.998855590820312500e-01 9.671360254287719727e-03 -1.168365497142076492e-02 -7.212279438972473145e-01 -9.695542976260185242e-03 9.999522566795349121e-01 -1.965165836736559868e-03 -3.024881601333618164e+00 1.165712065994739532e-02 2.068776171654462814e-03 9.999302029609680176e-01 1.568166809082031250e+02
9.998747110366821289e-01 9.992100298404693604e-03 -1.232231594622135162e-02 -7.401309013366699219e-01 -1.001542620360851288e-02 9.999494552612304688e-01 -1.785268075764179230e-03 -3.051704168319702148e+00 1.229692436754703522e-02 1.900980598293244839e-03 9.999229907989501953e-01 1.580775909423828125e+02
