9.999987483024597168e-01 -1.550679095089435577e-03 3.576150920707732439e-04 4.989814478904008865e-03 1.550410641357302666e-03 9.999985098838806152e-01 7.495392346754670143e-04 -1.465531717985868454e-02 -3.587768587749451399e-04 -7.489838171750307083e-04 9.999996423721313477e-01 1.177037358283996582e+00
9.999918341636657715e-01 -3.980893176048994064e-03 7.212329073809087276e-04 7.966285571455955505e-03 3.981007263064384460e-03 9.999920725822448730e-01 -1.568368752487003803e-04 -3.885553777217864990e-02 -7.206028094515204430e-04 1.597068039700388908e-04 9.999997019767761230e-01 2.681932449340820312e+00
9.999816417694091797e-01 -5.876532755792140961e-03 1.446098671294748783e-03 1.277135126292705536e-02 5.876902025192975998e-03 9.999827146530151367e-01 -2.515978412702679634e-04 -6.348722428083419800e-02 -1.444595050998032093e-03 2.600917941890656948e-04 9.999989271163940430e-01 4.100985527038574219e+00
9.999633431434631348e-01 -8.227304555475711823e-03 2.356844022870063782e-03 1.594557613134384155e-02 8.227360434830188751e-03 9.999661445617675781e-01 -1.377201988361775875e-05 -8.881987631320953369e-02 -2.356650773435831070e-03 3.316211223136633635e-05 9.999972581863403320e-01 5.565325260162353516e+00
9.999380707740783691e-01 -9.431052953004837036e-03 5.904198624193668365e-03 2.096441388130187988e-02 9.433096274733543396e-03 9.999554753303527832e-01 -3.182855143677443266e-04 -1.162791177630424500e-01 -5.900933407247066498e-03 3.739606472663581371e-04 9.999825954437255859e-01 6.986280441284179688e+00
9.999091625213623047e-01 -1.109415479004383087e-02 7.647619582712650299e-03 3.198377415537834167e-02 1.108655333518981934e-02 9.999380111694335938e-01 1.035612658597528934e-03 -1.439234614372253418e-01 -7.658634334802627563e-03 -9.507329086773097515e-04 9.999703168869018555e-01 8.393634796142578125e+00
9.998680949211120605e-01 -1.240600179880857468e-02 1.047776546329259872e-02 4.836145043373107910e-02 1.240265183150768280e-02 9.999229907989501953e-01 3.846702747978270054e-04 -1.686553955078125000e-01 -1.048173103481531143e-02 -2.546674222685396671e-04 9.999451041221618652e-01 9.844398498535156250e+00
9.998224377632141113e-01 -1.492225378751754761e-02 1.149676740169525146e-02 6.355209648609161377e-02 1.490345969796180725e-02 9.998874068260192871e-01 1.718721818178892136e-03 -1.927705556154251099e-01 -1.152112055569887161e-02 -1.547075342386960983e-03 9.999324679374694824e-01 1.125101852416992188e+01
9.998041987419128418e-01 -1.583186164498329163e-02 1.186141837388277054e-02 8.171644806861877441e-02 1.581485942006111145e-02 9.998737573623657227e-01 1.525760046206414700e-03 -2.162925153970718384e-01 -1.188407652080059052e-02 -1.337874797172844410e-03 9.999285340309143066e-01 1.256646347045898438e+01
9.998005628585815430e-01 -1.706158928573131561e-02 1.037438772618770599e-02 1.014109030365943909e-01 1.703410036861896515e-02 9.998511672019958496e-01 2.732318593189120293e-03 -2.391818016767501831e-01 -1.041946187615394592e-02 -2.555055543780326843e-03 9.999424815177917480e-01 1.395156860351562500e+01
9.997452497482299805e-01 -1.952210813760757446e-02 1.132807880640029907e-02 1.132741197943687439e-01 1.949107460677623749e-02 9.998059868812561035e-01 2.843386493623256683e-03 -2.605973482131958008e-01 -1.138138957321643829e-02 -2.621865831315517426e-03 9.999318122863769531e-01 1.529138565063476562e+01
9.997016191482543945e-01 -2.138128504157066345e-02 1.180892158299684525e-02 1.271965205669403076e-01 2.133394964039325714e-02 9.997639656066894531e-01 4.119610879570245743e-03 -2.690179944038391113e-01 -1.189421582967042923e-02 -3.866451326757669449e-03 9.999217987060546875e-01 1.636236572265625000e+01
9.996685981750488281e-01 -2.256674133241176605e-02 1.238372270017862320e-02 1.413632333278656006e-01 2.251417376101016998e-02 9.997370839118957520e-01 4.367801360785961151e-03 -2.833112776279449463e-01 -1.247903145849704742e-02 -4.087545443326234818e-03 9.999138116836547852e-01 1.755875968933105469e+01
9.996236562728881836e-01 -2.405321039259433746e-02 1.318647153675556183e-02 1.576851755380630493e-01 2.399121783673763275e-02 9.997005462646484375e-01 4.839194472879171371e-03 -2.960948646068572998e-01 -1.329891849309206009e-02 -4.521015100181102753e-03 9.999014139175415039e-01 1.872340393066406250e+01
9.995819926261901855e-01 -2.598387375473976135e-02 1.267424039542675018e-02 1.762169599533081055e-01 2.591183222830295563e-02 9.996474385261535645e-01 5.815415177494287491e-03 -3.108858168125152588e-01 -1.282087527215480804e-02 -5.484572611749172211e-03 9.999028444290161133e-01 2.003026962280273438e+01
9.995422959327697754e-01 -2.767915464937686920e-02 1.220907364040613174e-02 1.931240707635879517e-01 2.759246528148651123e-02 9.995933771133422852e-01 7.212288677692413330e-03 -3.260509073734283447e-01 -1.240373495966196060e-02 -6.872110068798065186e-03 9.998995661735534668e-01 2.134532928466796875e+01
9.994559288024902344e-01 -3.006904758512973785e-02 1.355645712465047836e-02 2.124675065279006958e-01 2.995753288269042969e-02 9.995163679122924805e-01 8.355159312486648560e-03 -3.380594253540039062e-01 -1.380112767219543457e-02 -7.944496348500251770e-03 9.998733401298522949e-01 2.267336845397949219e+01
9.993801712989807129e-01 -3.203281760215759277e-02 1.460271514952182770e-02 2.331987768411636353e-01 3.189374879002571106e-02 9.994447231292724609e-01 9.658801369369029999e-03 -3.504822850227355957e-01 -1.490399986505508423e-02 -9.187079034745693207e-03 9.998468756675720215e-01 2.411261940002441406e+01
9.992848038673400879e-01 -3.417107090353965759e-02 1.619314402341842651e-02 2.524822354316711426e-01 3.399769216775894165e-02 9.993630051612854004e-01 1.086383312940597534e-02 -3.618937730789184570e-01 -1.655405201017856598e-02 -1.030553318560123444e-02 9.998100399971008301e-01 2.543763542175292969e+01
9.991437792778015137e-01 -3.652635216712951660e-02 1.943321712315082550e-02 2.737870514392852783e-01 3.629676625132560730e-02 9.992686510086059570e-01 1.203848049044609070e-02 -3.711378574371337891e-01 -1.985872164368629456e-02 -1.132280938327312469e-02 9.997388124465942383e-01 2.678055000305175781e+01
9.990691542625427246e-01 -3.798246011137962341e-02 2.044920064508914948e-02 2.973784804344177246e-01 3.771183639764785767e-02 9.991981387138366699e-01 1.346086990088224411e-02 -3.740873038768768311e-01 -2.094407379627227783e-02 -1.267716381698846817e-02 9.997003674507141113e-01 2.792748451232910156e+01
9.989658594131469727e-01 -3.991387039422988892e-02 2.177383936941623688e-02 3.230987787246704102e-01 3.961869329214096069e-02 9.991194009780883789e-01 1.382344029843807220e-02 -3.752633929252624512e-01 -2.230640500783920288e-02 -1.294649485498666763e-02 9.996674060821533203e-01 2.908603286743164062e+01
9.988934397697448730e-01 -4.095894098281860352e-02 2.311467751860618591e-02 3.496102094650268555e-01 4.063278064131736755e-02 9.990704059600830078e-01 1.440809573978185654e-02 -3.772544264793395996e-01 -2.368332445621490479e-02 -1.345293968915939331e-02 9.996290206909179688e-01 3.026804924011230469e+01
9.987927079200744629e-01 -4.221744090318679810e-02 2.511703036725521088e-02 3.798998296260833740e-01 4.188213869929313660e-02 9.990283250808715820e-01 1.372922118753194809e-02 -3.802486658096313477e-01 -2.567223273217678070e-02 -1.266069151461124420e-02 9.995902180671691895e-01 3.156438446044921875e+01
9.986898899078369141e-01 -4.366812109947204590e-02 2.667596377432346344e-02 4.124604463577270508e-01 4.327533766627311707e-02 9.989487528800964355e-01 1.512851007282733917e-02 -3.817343115806579590e-01 -2.730854973196983337e-02 -1.395427901297807693e-02 9.995296001434326172e-01 3.283345794677734375e+01
9.985473155975341797e-01 -4.547752067446708679e-02 2.889775671064853668e-02 4.449009895324707031e-01 4.505422338843345642e-02 9.988700151443481445e-01 1.513464283198118210e-02 -3.845580220222473145e-01 -2.955338358879089355e-02 -1.381069142371416092e-02 9.994677901268005371e-01 3.404731750488281250e+01
9.984551072120666504e-01 -4.713627696037292480e-02 2.942172065377235413e-02 4.822252690792083740e-01 4.669313877820968628e-02 9.987879991531372070e-01 1.557168364524841309e-02 -3.862638175487518311e-01 -3.012004867196083069e-02 -1.417383458465337753e-02 9.994457960128784180e-01 3.522355270385742188e+01
9.983587861061096191e-01 -4.847019165754318237e-02 3.050363063812255859e-02 5.164242386817932129e-01 4.799474403262138367e-02 9.987174272537231445e-01 1.613086089491844177e-02 -3.860458135604858398e-01 -3.124636784195899963e-02 -1.464037131518125534e-02 9.994044899940490723e-01 3.642672729492187500e+01
9.981220364570617676e-01 -5.086671933531761169e-02 3.413262963294982910e-02 5.592943429946899414e-01 5.030208826065063477e-02 9.985859990119934082e-01 1.720253564417362213e-02 -3.867956399917602539e-01 -3.495939448475837708e-02 -1.545328553766012192e-02 9.992692470550537109e-01 3.772627639770507812e+01
9.979382157325744629e-01 -5.177779495716094971e-02 3.792604804039001465e-02 6.007263660430908203e-01 5.117847397923469543e-02 9.985515475273132324e-01 1.660700514912605286e-02 -3.858188390731811523e-01 -3.873098269104957581e-02 -1.463176682591438293e-02 9.991425275802612305e-01 3.891104888916015625e+01
9.977034926414489746e-01 -5.282246321439743042e-02 4.239559546113014221e-02 6.521539688110351562e-01 5.212219804525375366e-02 9.984881877899169922e-01 1.745702885091304779e-02 -3.845878839492797852e-01 -4.325362294912338257e-02 -1.520718540996313095e-02 9.989483356475830078e-01 4.010491561889648438e+01
9.974381327629089355e-01 -5.427519604563713074e-02 4.659684374928474426e-02 7.041963934898376465e-01 5.353064835071563721e-02 9.984201788902282715e-01 1.708121970295906067e-02 -3.829053640365600586e-01 -4.745031893253326416e-02 -1.454310119152069092e-02 9.987676143646240234e-01 4.123371505737304688e+01
9.970483779907226562e-01 -5.586002767086029053e-02 5.266970396041870117e-02 7.680669426918029785e-01 5.501789972186088562e-02 9.983354806900024414e-01 1.730640977621078491e-02 -3.809435963630676270e-01 -5.354877561330795288e-02 -1.435755100101232529e-02 9.984618425369262695e-01 4.244836425781250000e+01
9.967914819717407227e-01 -5.719784274697303772e-02 5.599163845181465149e-02 8.364484310150146484e-01 5.635282024741172791e-02 9.982737302780151367e-01 1.655748672783374786e-02 -3.830319046974182129e-01 -5.684204027056694031e-02 -1.334907580167055130e-02 9.982937574386596680e-01 4.369580078125000000e+01
9.962447285652160645e-01 -5.867527425289154053e-02 6.366882473230361938e-02 9.111736416816711426e-01 5.771272256970405579e-02 9.981910586357116699e-01 1.685498096048831940e-02 -3.819766938686370850e-01 -6.454262882471084595e-02 -1.311718299984931946e-02 9.978285431861877441e-01 4.492265319824218750e+01
9.957011342048645020e-01 -6.058608368039131165e-02 7.006131857633590698e-02 9.894734621047973633e-01 5.948663130402565002e-02 9.980726838111877441e-01 1.767610199749469757e-02 -3.773023486137390137e-01 -7.099722325801849365e-02 -1.343240216374397278e-02 9.973859190940856934e-01 4.606374359130859375e+01
9.952619671821594238e-01 -6.242645159363746643e-02 7.454240322113037109e-02 1.071205139160156250e+00 6.124390289187431335e-02 9.979596734046936035e-01 1.804826781153678894e-02 -3.752501606941223145e-01 -7.551701366901397705e-02 -1.339748594909906387e-02 9.970542788505554199e-01 4.714321136474609375e+01
9.946348667144775391e-01 -6.389728933572769165e-02 8.135537803173065186e-02 1.158284902572631836e+00 6.254488229751586914e-02 9.978600740432739258e-01 1.906735263764858246e-02 -3.682636022567749023e-01 -8.239963650703430176e-02 -1.387669146060943604e-02 9.965025186538696289e-01 4.822337722778320312e+01
9.939580559730529785e-01 -6.545799225568771362e-02 8.810594677925109863e-02 1.255605340003967285e+00 6.404498964548110962e-02 9.977704882621765137e-01 1.877299323678016663e-02 -3.634499311447143555e-01 -8.913835883140563965e-02 -1.301682554185390472e-02 9.959338903427124023e-01 4.933962631225585938e+01
9.934265613555908203e-01 -6.659487634897232056e-02 9.310563653707504272e-02 1.356407165527343750e+00 6.521113961935043335e-02 9.977122545242309570e-01 1.782957650721073151e-02 -3.631075918674468994e-01 -9.407998621463775635e-02 -1.164085604250431061e-02 9.954962730407714844e-01 5.041519927978515625e+01
9.926653504371643066e-01 -6.846460700035095215e-02 9.963972121477127075e-02 1.470646381378173828e+00 6.712511181831359863e-02 9.976042509078979492e-01 1.673838496208190918e-02 -3.654652535915374756e-01 -1.005469784140586853e-01 -9.927293285727500916e-03 9.948825240135192871e-01 5.157191848754882812e+01
9.919226169586181641e-01 -6.878945231437683105e-02 1.065714284777641296e-01 1.588738441467285156e+00 6.748906522989273071e-02 9.975955486297607422e-01 1.576513051986694336e-02 -3.642569482326507568e-01 -1.073996350169181824e-01 -8.445388637483119965e-03 9.941797852516174316e-01 5.269947814941406250e+01
9.913328886032104492e-01 -6.970863789319992065e-02 1.113542020320892334e-01 1.710402846336364746e+00 6.834375858306884766e-02 9.975331425666809082e-01 1.603209786117076874e-02 -3.635349571704864502e-01 -1.121970489621162415e-01 -8.282785303890705109e-03 9.936511516571044922e-01 5.379398727416992188e+01
9.897188544273376465e-01 -7.186664640903472900e-02 1.236593425273895264e-01 1.859161496162414551e+00 7.045086473226547241e-02 9.973903894424438477e-01 1.578963175415992737e-02 -3.631075620651245117e-01 -1.244713515043258667e-01 -6.915395148098468781e-03 9.921988248825073242e-01 5.498693084716796875e+01
9.880504608154296875e-01 -7.372684031724929810e-02 1.353528052568435669e-01 1.990283846855163574e+00 7.206679880619049072e-02 9.972527623176574707e-01 1.713037863373756409e-02 -3.614275157451629639e-01 -1.362438797950744629e-01 -7.171242032200098038e-03 9.906491041183471680e-01 5.592896652221679688e+01
9.853187203407287598e-01 -7.399603724479675293e-02 1.538550406694412231e-01 2.146870136260986328e+00 7.214628159999847412e-02 9.972392320632934570e-01 1.757926121354103088e-02 -3.567913174629211426e-01 -1.547310203313827515e-01 -6.221114192157983780e-03 9.879367351531982422e-01 5.690445327758789062e+01
9.818645119667053223e-01 -7.370138913393020630e-02 1.746710836887359619e-01 2.316618204116821289e+00 7.126524299383163452e-02 9.972531795501708984e-01 2.018726430833339691e-02 -3.520672917366027832e-01 -1.756790578365325928e-01 -7.373189553618431091e-03 9.844195842742919922e-01 5.788973617553710938e+01
9.775009751319885254e-01 -7.441306114196777344e-02 1.973687559366226196e-01 2.519015789031982422e+00 7.143662869930267334e-02 9.971988201141357422e-01 2.216790616512298584e-02 -3.461597263813018799e-01 -1.984654068946838379e-01 -7.569799665361642838e-03 9.800783395767211914e-01 5.891272354125976562e+01
9.726080298423767090e-01 -7.558479160070419312e-02 2.198191285133361816e-01 2.715699195861816406e+00 7.228270173072814941e-02 9.971181154251098633e-01 2.303825505077838898e-02 -3.366941213607788086e-01 -2.209268957376480103e-01 -6.518080364912748337e-03 9.752683043479919434e-01 5.979228591918945312e+01
9.669867157936096191e-01 -7.682695239782333374e-02 2.429695725440979004e-01 2.958292007446289062e+00 7.299186289310455322e-02 9.970251321792602539e-01 2.476135827600955963e-02 -3.282514214515686035e-01 -2.441489994525909424e-01 -6.209110375493764877e-03 9.697175621986389160e-01 6.074501800537109375e+01
9.599893689155578613e-01 -7.716035842895507812e-02 2.691958844661712646e-01 3.218952178955078125e+00 7.257636636495590210e-02 9.969986081123352051e-01 2.695523947477340698e-02 -3.149222731590270996e-01 -2.704676389694213867e-01 -6.339493207633495331e-03 9.627078771591186523e-01 6.167575454711914062e+01
9.525851607322692871e-01 -7.734275609254837036e-02 2.942774593830108643e-01 3.516132116317749023e+00 7.190880924463272095e-02 9.969820380210876465e-01 2.925840206444263458e-02 -3.032384216785430908e-01 -2.956520915031433105e-01 -6.709991954267024994e-03 9.552717804908752441e-01 6.264677429199218750e+01
9.460899829864501953e-01 -7.818839699029922485e-02 3.143246471881866455e-01 3.804646253585815430e+00 7.249383628368377686e-02 9.969240427017211914e-01 2.978517673909664154e-02 -2.903157472610473633e-01 -3.156864941120147705e-01 -5.392871331423521042e-03 9.488478302955627441e-01 6.351094436645507812e+01
9.396384358406066895e-01 -7.878546416759490967e-02 3.329746425151824951e-01 4.113482475280761719e+00 7.279281318187713623e-02 9.968819618225097656e-01 3.045547753572463989e-02 -2.760104835033416748e-01 -3.343356847763061523e-01 -4.378991201519966125e-03 9.424434304237365723e-01 6.437114715576171875e+01
9.359604716300964355e-01 -7.877779752016067505e-02 3.431787490844726562e-01 4.386333942413330078e+00 7.326675206422805786e-02 9.968901276588439941e-01 2.901706844568252563e-02 -2.633858025074005127e-01 -3.443972170352935791e-01 -2.015254693105816841e-03 9.388214349746704102e-01 6.511742401123046875e+01
9.327636957168579102e-01 -7.896165549755096436e-02 3.517336249351501465e-01 4.689393520355224609e+00 7.327640801668167114e-02 9.968761801719665527e-01 2.946956269443035126e-02 -2.519979178905487061e-01 -3.529616296291351318e-01 -1.714378711767494678e-03 9.356358051300048828e-01 6.591683959960937500e+01
9.265953898429870605e-01 -7.872083038091659546e-02 3.677277266979217529e-01 4.990419387817382812e+00 7.327932864427566528e-02 9.968966841697692871e-01 2.876110188663005829e-02 -2.382639497518539429e-01 -3.688504099845886230e-01 2.969205379486083984e-04 9.294883012771606445e-01 6.667853546142578125e+01
9.156159162521362305e-01 -7.884158939123153687e-02 3.942475616931915283e-01 5.307048320770263672e+00 7.273112982511520386e-02 9.968869090080261230e-01 3.044375032186508179e-02 -2.248048335313796997e-01 -3.954201936721801758e-01 7.992709288373589516e-04 9.184995889663696289e-01 6.740977478027343750e+01
9.050106406211853027e-01 -7.876285165548324585e-02 4.180331826210021973e-01 5.667354106903076172e+00 7.185605913400650024e-02 9.968931078910827637e-01 3.226453065872192383e-02 -2.088014930486679077e-01 -4.192753434181213379e-01 8.384555112570524216e-04 9.078583121299743652e-01 6.819372558593750000e+01
8.963238000869750977e-01 -7.937737554311752319e-02 4.362367987632751465e-01 6.060350418090820312e+00 7.191551476716995239e-02 9.968438744544982910e-01 3.362226858735084534e-02 -1.914248764514923096e-01 -4.375285804271697998e-01 1.235737348906695843e-03 8.992031812667846680e-01 6.899681854248046875e+01
8.858565688133239746e-01 -7.928349077701568604e-02 4.571345746517181396e-01 6.476680278778076172e+00 7.159783691167831421e-02 9.968490004539489746e-01 3.414368256926536560e-02 -1.730554550886154175e-01 -4.584009349346160889e-01 2.483426127582788467e-03 8.887415528297424316e-01 6.980127716064453125e+01
8.743590116500854492e-01 -7.885769009590148926e-02 4.788293838500976562e-01 6.902283668518066406e+00 7.062204182147979736e-02 9.968812465667724609e-01 3.521661460399627686e-02 -1.539031416177749634e-01 -4.801129400730133057e-01 3.023931989446282387e-03 8.772010207176208496e-01 7.058341217041015625e+01
8.619993329048156738e-01 -7.856231927871704102e-02 5.007843375205993652e-01 7.341362476348876953e+00 7.016651332378387451e-02 9.968992471694946289e-01 3.561463207006454468e-02 -1.341163665056228638e-01 -5.020292997360229492e-01 4.438484087586402893e-03 8.648387789726257324e-01 7.132862091064453125e+01
8.430649042129516602e-01 -7.916522026062011719e-02 5.319532155990600586e-01 7.778208255767822266e+00 6.998199224472045898e-02 9.968453049659729004e-01 3.743964061141014099e-02 -1.129524335265159607e-01 -5.332388281822204590e-01 5.663085728883743286e-03 8.459452986717224121e-01 7.201167297363281250e+01
8.338080048561096191e-01 -8.023264259099960327e-02 5.461930036544799805e-01 8.228119850158691406e+00 7.055940479040145874e-02 9.967563152313232422e-01 3.870319202542304993e-02 -9.484061598777770996e-02 -5.475264191627502441e-01 6.268015131354331970e-03 8.367644548416137695e-01 7.268972015380859375e+01
8.224365115165710449e-01 -8.074978739023208618e-02 5.630962848663330078e-01 8.662300109863281250e+00 7.116760313510894775e-02 9.967020153999328613e-01 3.898562490940093994e-02 -7.674297690391540527e-02 -5.643870830535888672e-01 8.010999299585819244e-03 8.254709243774414062e-01 7.331545257568359375e+01
8.109319210052490234e-01 -8.115299046039581299e-02 5.794854164123535156e-01 9.169991493225097656e+00 7.102797925472259521e-02 9.966645836830139160e-01 4.017956927418708801e-02 -5.561416596174240112e-02 -5.808130502700805664e-01 8.576765656471252441e-03 8.139912486076354980e-01 7.402420806884765625e+01
7.969096899032592773e-01 -8.215454965829849243e-02 5.984858274459838867e-01 9.656128883361816406e+00 7.128787040710449219e-02 9.965761303901672363e-01 4.187783226370811462e-02 -3.346922248601913452e-02 -5.998769402503967285e-01 9.291904978454113007e-03 8.000378012657165527e-01 7.466910552978515625e+01
7.897028923034667969e-01 -8.256004005670547485e-02 6.079086065292358398e-01 1.016126441955566406e+01 7.150503247976303101e-02 9.965363144874572754e-01 4.245105758309364319e-02 -1.232939586043357849e-02 -6.093075871467590332e-01 9.944777004420757294e-03 7.928711175918579102e-01 7.532213592529296875e+01
7.781092524528503418e-01 -8.294285088777542114e-02 6.226284503936767578e-01 1.072061824798583984e+01 7.140402495861053467e-02 9.964977502822875977e-01 4.351270571351051331e-02 1.129382103681564331e-02 -6.240567564964294434e-01 1.060051657259464264e-02 7.813066244125366211e-01 7.601708984375000000e+01
7.633567452430725098e-01 -8.297786116600036621e-02 6.406254172325134277e-01 1.121181297302246094e+01 7.096122205257415771e-02 9.964851737022399902e-01 4.451507329940795898e-02 3.480833023786544800e-02 -6.420673131942749023e-01 1.147865504026412964e-02 7.665619254112243652e-01 7.659797668457031250e+01
7.493785023689270020e-01 -8.414103090763092041e-02 6.567739248275756836e-01 1.172214794158935547e+01 7.096496969461441040e-02 9.963858723640441895e-01 4.667866230010986328e-02 5.712203681468963623e-02 -6.583276987075805664e-01 1.162792928516864777e-02 7.526412606239318848e-01 7.717679595947265625e+01
7.381145358085632324e-01 -8.462862670421600342e-02 6.693465113639831543e-01 1.226017951965332031e+01 7.128512114286422729e-02 9.963307380676269531e-01 4.736191779375076294e-02 8.480676263570785522e-02 -6.708984971046447754e-01 1.275589875876903534e-02 7.414389848709106445e-01 7.777256011962890625e+01
7.124478220939636230e-01 -8.265958726406097412e-02 6.968395113945007324e-01 1.286758136749267578e+01 6.788367778062820435e-02 9.964988231658935547e-01 4.880120977759361267e-02 1.170709356665611267e-01 -6.984335184097290039e-01 1.253568567335605621e-02 7.155646681785583496e-01 7.840335845947265625e+01
6.934954524040222168e-01 -8.092486858367919922e-02 7.159015536308288574e-01 1.348900794982910156e+01 6.539525836706161499e-02 9.966402053833007812e-01 4.931078478693962097e-02 1.470639854669570923e-01 -7.174866199493408203e-01 1.261973660439252853e-02 6.964575052261352539e-01 7.901393890380859375e+01
6.799160838127136230e-01 -8.148601651191711426e-02 7.287482619285583496e-01 1.410778999328613281e+01 6.540318578481674194e-02 9.965844154357910156e-01 5.041388422250747681e-02 1.761498749256134033e-01 -7.303670048713684082e-01 1.338521763682365417e-02 6.829232573509216309e-01 7.959520721435546875e+01
6.637187004089355469e-01 -8.180989325046539307e-02 7.434948086738586426e-01 1.474108695983886719e+01 6.489688903093338013e-02 9.965505599975585938e-01 5.172117426991462708e-02 2.071369141340255737e-01 -7.451611757278442383e-01 1.392215210944414139e-02 6.667385101318359375e-01 8.015985870361328125e+01
6.497679352760314941e-01 -8.206101506948471069e-02 7.556901574134826660e-01 1.539572429656982422e+01 6.460952758789062500e-02 9.965201616287231445e-01 5.265950039029121399e-02 2.387796044349670410e-01 -7.573813796043395996e-01 1.460829377174377441e-02 6.528087258338928223e-01 8.072051239013671875e+01
6.267309188842773438e-01 -8.182842284440994263e-02 7.749274373054504395e-01 1.614566421508789062e+01 6.292310357093811035e-02 9.965378642082214355e-01 5.433964729309082031e-02 2.771224379539489746e-01 -7.766907215118408203e-01 1.470446400344371796e-02 6.297098994255065918e-01 8.134060668945312500e+01
6.076709032058715820e-01 -8.120451867580413818e-02 7.900266051292419434e-01 1.683291244506835938e+01 6.157264113426208496e-02 9.965818524360656738e-01 5.507544055581092834e-02 3.142344951629638672e-01 -7.917981743812561035e-01 1.517624035477638245e-02 6.105936765670776367e-01 8.187806701660156250e+01
5.935934782028198242e-01 -8.124268054962158203e-02 8.006538748741149902e-01 1.749443435668945312e+01 6.112533435225486755e-02 9.965688586235046387e-01 5.580481141805648804e-02 3.479019403457641602e-01 -8.024400472640991211e-01 1.581482030451297760e-02 5.965226292610168457e-01 8.236529541015625000e+01
5.782681107521057129e-01 -8.157692849636077881e-02 8.117582201957702637e-01 1.813786506652832031e+01 6.090247258543968201e-02 9.965285062789916992e-01 5.676048249006271362e-02 3.820565342903137207e-01 -8.135701417922973633e-01 1.661526411771774292e-02 5.812287926673889160e-01 8.282244873046875000e+01
5.589719414710998535e-01 -8.177393674850463867e-02 8.251445293426513672e-01 1.889101409912109375e+01 6.002425029873847961e-02 9.965049028396606445e-01 5.809439346194267273e-02 4.210302531719207764e-01 -8.270108103752136230e-01 1.705550402402877808e-02 5.619266033172607422e-01 8.333285522460937500e+01
5.449642539024353027e-01 -8.196829259395599365e-02 8.344430923461914062e-01 1.961456108093261719e+01 5.953907221555709839e-02 9.964807033538818359e-01 5.900122970342636108e-02 4.579178988933563232e-01 -8.363423347473144531e-01 1.752836443483829498e-02 5.479266047477722168e-01 8.380840301513671875e+01
5.278209447860717773e-01 -8.138876408338546753e-02 8.454472422599792480e-01 2.033391761779785156e+01 5.880135670304298401e-02 9.965114593505859375e-01 5.922104418277740479e-02 4.960662126541137695e-01 -8.473175764083862305e-01 1.845529675483703613e-02 5.307652354240417480e-01 8.425870513916015625e+01
5.144668221473693848e-01 -8.119614422321319580e-02 8.536575436592102051e-01 2.107570266723632812e+01 5.805266276001930237e-02 9.965208768844604492e-01 5.979857593774795532e-02 5.349039435386657715e-01 -8.555427193641662598e-01 1.879266835749149323e-02 5.173904299736022949e-01 8.471064758300781250e+01
5.031780004501342773e-01 -8.095370233058929443e-02 8.603828549385070801e-01 2.183497047424316406e+01 5.816961452364921570e-02 9.965173602104187012e-01 5.974332615733146667e-02 5.733777284622192383e-01 -8.622226119041442871e-01 1.998657174408435822e-02 5.061344504356384277e-01 8.515328979492187500e+01
4.937229156494140625e-01 -8.146568387746810913e-02 8.657951951026916504e-01 2.259920120239257812e+01 5.874264240264892578e-02 9.964525103569030762e-01 6.026151403784751892e-02 6.141086816787719727e-01 -8.676328063011169434e-01 2.110656537115573883e-02 4.967567324638366699e-01 8.559028625488281250e+01
4.888594448566436768e-01 -8.173423260450363159e-02 8.685252666473388672e-01 2.345269966125488281e+01 5.942329764366149902e-02 9.964085221290588379e-01 6.032187119126319885e-02 6.576187014579772949e-01 -8.703361153602600098e-01 2.212167717516422272e-02 4.919604361057281494e-01 8.607466125488281250e+01
4.811848402023315430e-01 -8.163449913263320923e-02 8.728098869323730469e-01 2.429426574707031250e+01 5.963625386357307434e-02 9.963961243629455566e-01 6.031583622097969055e-02 7.006688714027404785e-01 -8.745880722999572754e-01 2.302800305187702179e-02 4.843189120292663574e-01 8.654446411132812500e+01
4.775391817092895508e-01 -8.234269171953201294e-02 8.747434616088867188e-01 2.501633071899414062e+01 6.042036786675453186e-02 9.963192939758300781e-01 6.080245226621627808e-02 7.374983429908752441e-01 -8.765302896499633789e-01 2.381672337651252747e-02 4.807564914226531982e-01 8.694062042236328125e+01
4.733420014381408691e-01 -8.254005759954452515e-02 8.770031929016113281e-01 2.574598693847656250e+01 6.111516430974006653e-02 9.962782263755798340e-01 6.078031286597251892e-02 7.739720940589904785e-01 -8.787559270858764648e-01 2.482827380299568176e-02 4.766245782375335693e-01 8.733633422851562500e+01
4.702474176883697510e-01 -8.303204923868179321e-02 8.786200284957885742e-01 2.650060653686523438e+01 6.216178461909294128e-02 9.962077140808105469e-01 6.087477132678031921e-02 8.114122152328491211e-01 -8.803424835205078125e-01 2.599034272134304047e-02 4.736253619194030762e-01 8.774505615234375000e+01
4.682719707489013672e-01 -8.353277295827865601e-02 8.796270489692687988e-01 2.726693725585937500e+01 6.335605680942535400e-02 9.961328506469726562e-01 6.086888164281845093e-02 8.502472639083862305e-01 -8.813097476959228516e-01 2.722646482288837433e-02 4.717532694339752197e-01 8.815750122070312500e+01
4.668101370334625244e-01 -8.442269265651702881e-02 8.803188204765319824e-01 2.811849403381347656e+01 6.449658423662185669e-02 9.960320591926574707e-01 6.131878867745399475e-02 8.936678171157836914e-01 -8.820022344589233398e-01 2.815328352153301239e-02 4.704027175903320312e-01 8.861573028564453125e+01
4.650990664958953857e-01 -8.548209071159362793e-02 8.811219334602355957e-01 2.892653465270996094e+01 6.538265198469161987e-02 9.959254264831542969e-01 6.210765242576599121e-02 9.350873827934265137e-01 -8.828405141830444336e-01 2.872383221983909607e-02 4.687929153442382812e-01 8.904660797119140625e+01
4.626680016517639160e-01 -8.629372715950012207e-02 8.823218941688537598e-01 2.968372535705566406e+01 6.629133969545364380e-02 9.958323836326599121e-01 6.263388693332672119e-02 9.756895303726196289e-01 -8.840492963790893555e-01 2.951156161725521088e-02 4.664601981639862061e-01 8.944754028320312500e+01
4.588958024978637695e-01 -8.676059544086456299e-02 8.842440247535705566e-01 3.041914176940917969e+01 6.712096929550170898e-02 9.957620501518249512e-01 6.286886334419250488e-02 1.015011787414550781e+00 -8.859508633613586426e-01 3.050101920962333679e-02 4.627743363380432129e-01 8.983303070068359375e+01
4.552140533924102783e-01 -8.714173734188079834e-02 8.861076235771179199e-01 3.114532279968261719e+01 6.774748116731643677e-02 9.957039356231689453e-01 6.311627477407455444e-02 1.054215073585510254e+00 -8.878006339073181152e-01 3.130010142922401428e-02 4.591619372367858887e-01 9.020979309082031250e+01
4.506859183311462402e-01 -8.756449073553085327e-02 8.883777260780334473e-01 3.196584129333496094e+01 6.839954107999801636e-02 9.956389665603637695e-01 6.343694031238555908e-02 1.098228216171264648e+00 -8.900579810142517090e-01 3.217444568872451782e-02 4.547097086906433105e-01 9.063194274902343750e+01
4.475998878479003906e-01 -8.817734569311141968e-02 8.898760080337524414e-01 3.284337997436523438e+01 6.982829421758651733e-02 9.955341815948486328e-01 6.352399289608001709e-02 1.143368124961853027e+00 -8.915030956268310547e-01 3.370514884591102600e-02 4.517581760883331299e-01 9.107791900634765625e+01
4.436659514904022217e-01 -8.888787031173706055e-02 8.917733430862426758e-01 3.365422439575195312e+01 7.052511721849441528e-02 9.954459071159362793e-01 6.413459777832031250e-02 1.186558246612548828e+00 -8.934127092361450195e-01 3.443804010748863220e-02 4.479141831398010254e-01 9.148593139648437500e+01
4.416261315345764160e-01 -8.992588520050048828e-02 8.926813006401062012e-01 3.456402587890625000e+01 7.198221236467361450e-02 9.953080415725708008e-01 6.465329229831695557e-02 1.235260963439941406e+00 -8.943067193031311035e-01 3.570454940199851990e-02 4.460269808769226074e-01 9.194129180908203125e+01
4.401904642581939697e-01 -9.131967276334762573e-02 8.932487368583679199e-01 3.545368957519531250e+01 7.329823821783065796e-02 9.951490163803100586e-01 6.561616808176040649e-02 1.284300088882446289e+00 -8.949074745178222656e-01 3.658990561962127686e-02 4.447485506534576416e-01 9.238587951660156250e+01
4.388308823108673096e-01 -9.144062548875808716e-02 8.939051032066345215e-01 3.635648727416992188e+01 7.424794137477874756e-02 9.950966238975524902e-01 6.534253805875778198e-02 1.331935405731201172e+00 -8.954967260360717773e-01 3.769624978303909302e-02 4.434682726860046387e-01 9.283395385742187500e+01
4.367183148860931396e-01 -9.222874790430068970e-02 8.948581814765930176e-01 3.731040191650390625e+01 7.550535351037979126e-02 9.949785470962524414e-01 6.569879502058029175e-02 1.384630322456359863e+00 -8.964238762855529785e-01 3.887467831373214722e-02 4.414889812469482422e-01 9.330374908447265625e+01
4.350867867469787598e-01 -9.306012094020843506e-02 8.955665826797485352e-01 3.824226379394531250e+01 7.694055140018463135e-02 9.948488473892211914e-01 6.599730998277664185e-02 1.433874130249023438e+00 -8.970949649810791016e-01 4.019079357385635376e-02 4.400055706501007080e-01 9.376164245605468750e+01
4.330818057060241699e-01 -9.392760694026947021e-02 8.964474201202392578e-01 3.917940902709960938e+01 7.812609523534774780e-02 9.947242140769958496e-01 6.648144870996475220e-02 1.485195636749267578e+00 -8.979622125625610352e-01 4.124399274587631226e-02 4.381350576877593994e-01 9.421710205078125000e+01
4.320676922798156738e-01 -9.485365450382232666e-02 8.968392014503479004e-01 4.010638046264648438e+01 7.956443727016448975e-02 9.945847988128662109e-01 6.686017662286758423e-02 1.535024523735046387e+00 -8.983243703842163086e-01 4.246835410594940186e-02 4.372748136520385742e-01 9.466886138916015625e+01
4.313179850578308105e-01 -9.640536457300186157e-02 8.970345854759216309e-01 4.105258560180664062e+01 8.075840771198272705e-02 9.944085478782653809e-01 6.803952902555465698e-02 1.588275671005249023e+00 -8.985781073570251465e-01 4.309638217091560364e-02 4.366917312145233154e-01 9.513002777099609375e+01
4.294331669807434082e-01 -9.753936529159545898e-02 8.978158831596374512e-01 4.203353881835937500e+01 8.230236917734146118e-02 9.942400455474853516e-01 6.864905357360839844e-02 1.646234989166259766e+00 -8.993404507637023926e-01 4.441217333078384399e-02 4.349872469902038574e-01 9.560469055175781250e+01
4.276483058929443359e-01 -9.755206853151321411e-02 8.986660838127136230e-01 4.299248123168945312e+01 8.288971334695816040e-02 9.942030310630798340e-01 6.847811490297317505e-02 1.701610326766967773e+00 -9.001367092132568359e-01 4.520560055971145630e-02 4.332551956176757812e-01 9.606591796875000000e+01
4.255679845809936523e-01 -9.823821485042572021e-02 8.995784521102905273e-01 4.401814270019531250e+01 8.437123894691467285e-02 9.940670728683471680e-01 6.864293664693832397e-02 1.758427023887634277e+00 -9.009845852851867676e-01 4.668629169464111328e-02 4.313314557075500488e-01 9.655476379394531250e+01
4.247982501983642578e-01 -9.872020035982131958e-02 8.998894691467285156e-01 4.494721984863281250e+01 8.545462787151336670e-02 9.939704537391662598e-01 6.870180368423461914e-02 1.811581611633300781e+00 -9.012457132339477539e-01 4.771528765559196472e-02 4.306728839874267578e-01 9.699817657470703125e+01
4.236989617347717285e-01 -9.981001168489456177e-02 9.002873897552490234e-01 4.597227478027343750e+01 8.686634153127670288e-02 9.938067793846130371e-01 6.929645687341690063e-02 1.870999932289123535e+00 -9.016281366348266602e-01 4.884380847215652466e-02 4.297448992729187012e-01 9.748496246337890625e+01
4.220904409885406494e-01 -1.013021320104598999e-01 9.008761048316955566e-01 4.703311538696289062e+01 8.822551369667053223e-02 9.936099052429199219e-01 7.039336115121841431e-02 1.932453751564025879e+00 -9.022504091262817383e-01 4.976786300539970398e-02 4.283305704593658447e-01 9.799112701416015625e+01
4.200479686260223389e-01 -1.026704534888267517e-01 9.016755223274230957e-01 4.805255126953125000e+01 8.968198299407958984e-02 9.934121370315551758e-01 7.133761793375015259e-02 1.995728254318237305e+00 -9.030597209930419922e-01 5.089879781007766724e-02 4.264883697032928467e-01 9.847161102294921875e+01
4.185281991958618164e-01 -1.032868996262550354e-01 9.023116230964660645e-01 4.910327529907226562e+01 9.101574867963790894e-02 9.932802915573120117e-01 7.148332893848419189e-02 2.057428836822509766e+00 -9.036317467689514160e-01 5.220674350857734680e-02 4.251165091991424561e-01 9.896475219726562500e+01
4.175917506217956543e-01 -1.036049649119377136e-01 9.027089476585388184e-01 5.023778915405273438e+01 9.223414957523345947e-02 9.931795597076416016e-01 7.132107764482498169e-02 2.125145912170410156e+00 -9.039413332939147949e-01 5.347746238112449646e-02 4.242994785308837891e-01 9.949469757080078125e+01
4.163311123847961426e-01 -1.058112010359764099e-01 9.030352234840393066e-01 5.123926544189453125e+01 9.457546472549438477e-02 9.928568601608276367e-01 7.273330539464950562e-02 2.184476613998413086e+00 -9.042809009552001953e-01 5.512380599975585938e-02 4.233643412590026855e-01 9.996520233154296875e+01
4.150997996330261230e-01 -1.070548743009567261e-01 9.034553766250610352e-01 5.224939346313476562e+01 9.606471657752990723e-02 9.926583170890808105e-01 7.348734140396118164e-02 2.245846033096313477e+00 -9.046898484230041504e-01 5.628557503223419189e-02 4.223364591598510742e-01 1.004352874755859375e+02
4.135585427284240723e-01 -1.078209429979324341e-01 9.040708541870117188e-01 5.325398254394531250e+01 9.675428271293640137e-02 9.925448298454284668e-01 7.411323487758636475e-02 2.307552576065063477e+00 -9.053220152854919434e-01 5.682254582643508911e-02 4.209074974060058594e-01 1.009022674560546875e+02
4.120667278766632080e-01 -1.090920493006706238e-01 9.045994281768798828e-01 5.422555541992187500e+01 9.818935394287109375e-02 9.923413991928100586e-01 7.494593411684036255e-02 2.370472192764282227e+00 -9.058476090431213379e-01 5.793928354978561401e-02 4.196224510669708252e-01 1.013518753051757812e+02
4.098615646362304688e-01 -1.098522618412971497e-01 9.055088162422180176e-01 5.516981506347656250e+01 9.912458062171936035e-02 9.922061562538146973e-01 7.550318539142608643e-02 2.432256221771240234e+00 -9.067457318305969238e-01 5.881230160593986511e-02 4.175561368465423584e-01 1.017865371704101562e+02
4.094394445419311523e-01 -1.109897196292877197e-01 9.055610895156860352e-01 5.623718261718750000e+01 1.008251607418060303e-01 9.919971227645874023e-01 7.599680870771408081e-02 2.500384807586669922e+00 -9.067489504814147949e-01 6.018723174929618835e-02 4.173532128334045410e-01 1.022725906372070312e+02
4.079996645450592041e-01 -1.114265993237495422e-01 9.061571359634399414e-01 5.728608703613281250e+01 1.020039841532707214e-01 9.918733239173889160e-01 7.603929936885833740e-02 2.566906452178955078e+00 -9.072659611701965332e-01 6.140760332345962524e-02 4.160498380661010742e-01 1.027527999877929688e+02
4.068877100944519043e-01 -1.125667765736579895e-01 9.065160751342773438e-01 5.834042739868164062e+01 1.033083200454711914e-01 9.916818141937255859e-01 7.677261531352996826e-02 2.636345148086547852e+00 -9.076176285743713379e-01 6.241279095411300659e-02 4.151321351528167725e-01 1.032296905517578125e+02
4.057808220386505127e-01 -1.143004894256591797e-01 9.067952036857604980e-01 5.927746582031250000e+01 1.049131527543067932e-01 9.914159774780273438e-01 7.801944017410278320e-02 2.700502872467041016e+00 -9.079290032386779785e-01 6.347592920064926147e-02 4.142890870571136475e-01 1.036557006835937500e+02
4.050214290618896484e-01 -1.152366846799850464e-01 9.070162177085876465e-01 6.026319885253906250e+01 1.058872193098068237e-01 9.912620186805725098e-01 7.865706086158752441e-02 2.768630266189575195e+00 -9.081549644470214844e-01 6.418360024690628052e-02 4.136843383312225342e-01 1.041033325195312500e+02
4.033521711826324463e-01 -1.168016791343688965e-01 9.075597524642944336e-01 6.121908187866210938e+01 1.074393615126609802e-01 9.910042881965637207e-01 7.979105412960052490e-02 2.833963632583618164e+00 -9.087154269218444824e-01 6.532371789216995239e-02 4.122727215290069580e-01 1.045376358032226562e+02
4.011208713054656982e-01 -1.175723820924758911e-01 9.084487557411193848e-01 6.218378829956054688e+01 1.088833734393119812e-01 9.908171892166137695e-01 8.015579730272293091e-02 2.901136398315429688e+00 -9.095308184623718262e-01 6.676276773214340210e-02 4.102390110492706299e-01 1.049720535278320312e+02
3.997522890567779541e-01 -1.180703639984130859e-01 9.089872837066650391e-01 6.319395828247070312e+01 1.095516309142112732e-01 9.907149672508239746e-01 8.050789684057235718e-02 2.973712682723999023e+00 -9.100529551506042480e-01 6.739778071641921997e-02 4.089752733707427979e-01 1.054244384765625000e+02
