9.999560713768005371e-01 -4.768092476297169924e-04 9.359376505017280579e-03 1.176844537258148193e-02 4.546916170511394739e-04 9.999970793724060059e-01 2.364279935136437416e-03 -3.151354938745498657e-02 -9.360477328300476074e-03 -2.359919017180800438e-03 9.999533891677856445e-01 6.910950541496276855e-01
9.997732043266296387e-01 -1.396247884258627892e-03 2.124796807765960693e-02 3.230970352888107300e-02 1.371010439470410347e-03 9.999983310699462891e-01 1.202007173560559750e-03 -6.086513772606849670e-02 -2.124961093068122864e-02 -1.172600430436432362e-03 9.997734427452087402e-01 1.529683351516723633e+00
9.999646544456481934e-01 -2.557209925726056099e-03 8.001931011676788330e-03 3.924480825662612915e-02 2.553137019276618958e-03 9.999966025352478027e-01 5.182964960113167763e-04 -9.565180540084838867e-02 -8.003230206668376923e-03 -4.978473298251628876e-04 9.999676942825317383e-01 2.789151668548583984e+00
9.999651312828063965e-01 -2.265368122607469559e-03 -8.020298555493354797e-03 2.786869928240776062e-02 2.256779698655009270e-03 9.999969005584716797e-01 -1.078636967577040195e-03 -1.227032095193862915e-01 8.022714406251907349e-03 1.060500275343656540e-03 9.999670982360839844e-01 3.864583015441894531e+00
9.999914765357971191e-01 -9.771174518391489983e-04 -3.975356929004192352e-03 2.386074885725975037e-02 9.753067861311137676e-04 9.999994635581970215e-01 -4.568269941955804825e-04 -1.513776332139968872e-01 3.975795581936836243e-03 4.529608413577079773e-04 9.999918937683105469e-01 5.165524959564208984e+00
9.998703598976135254e-01 -1.560174860060214996e-04 -1.609048061072826385e-02 1.726607047021389008e-02 1.555737835587933660e-04 1.000000000000000000e+00 -2.875900827348232269e-05 -1.730903387069702148e-01 1.609048061072826385e-02 2.626935020089149475e-05 9.998704195022583008e-01 5.926533222198486328e+00
9.983916282653808594e-01 2.108902670443058014e-03 -5.665068328380584717e-02 -4.902423173189163208e-02 -2.228137105703353882e-03 9.999954104423522949e-01 -2.041654428467154503e-03 -1.953222751617431641e-01 5.664611235260963440e-02 2.164611360058188438e-03 9.983918666839599609e-01 6.723965644836425781e+00
9.971547126770019531e-01 3.450819058343768120e-03 -7.530063390731811523e-02 -1.379537284374237061e-01 -3.603846300393342972e-03 9.999917149543762207e-01 -1.896430738270282745e-03 -2.256568968296051025e-01 7.529346644878387451e-02 2.162422053515911102e-03 9.971589446067810059e-01 7.868596076965332031e+00
9.975975751876831055e-01 1.484407228417694569e-03 -6.925614178180694580e-02 -2.272805869579315186e-01 -1.584739657118916512e-03 9.999977946281433105e-01 -1.393839484080672264e-03 -2.565511167049407959e-01 6.925392150878906250e-02 1.500252634286880493e-03 9.975978136062622070e-01 9.272835731506347656e+00
9.980543255805969238e-01 -5.192642565816640854e-04 -6.234488636255264282e-02 -3.072374463081359863e-01 3.768746100831776857e-04 9.999973177909851074e-01 -2.295653335750102997e-03 -2.871044278144836426e-01 6.234591454267501831e-02 2.267692470923066139e-03 9.980519413948059082e-01 1.065298557281494141e+01
9.970011711120605469e-01 -1.053173444233834743e-03 -7.737648487091064453e-02 -4.252386689186096191e-01 1.002767356112599373e-03 9.999992251396179199e-01 -6.902925670146942139e-04 -3.264963030815124512e-01 7.737715542316436768e-02 6.106338696554303169e-04 9.970016479492187500e-01 1.224852180480957031e+01
9.964186549186706543e-01 -2.533519640564918518e-03 -8.451610058546066284e-02 -5.524403452873229980e-01 2.596362261101603508e-03 9.999964237213134766e-01 6.335283978842198849e-04 -3.538067936897277832e-01 8.451419323682785034e-02 -8.507023449055850506e-04 9.964217543601989746e-01 1.385557746887207031e+01
9.934050440788269043e-01 -1.143397879786789417e-03 -1.146498098969459534e-01 -7.437794208526611328e-01 1.466763438656926155e-03 9.999951720237731934e-01 2.736052265390753746e-03 -3.861161768436431885e-01 1.146461293101310730e-01 -2.886181231588125229e-03 9.934020638465881348e-01 1.558403587341308594e+01
9.879215359687805176e-01 -2.612840617075562477e-03 -1.549312472343444824e-01 -9.894329905509948730e-01 3.386713098734617233e-03 9.999830126762390137e-01 4.731145687401294708e-03 -4.146546721458435059e-01 1.549162715673446655e-01 -5.198716651648283005e-03 9.879137873649597168e-01 1.724005126953125000e+01
9.803293347358703613e-01 -4.985788837075233459e-03 -1.973040252923965454e-01 -1.319326877593994141e+00 5.652682390064001083e-03 9.999799132347106934e-01 2.816928783431649208e-03 -4.414321184158325195e-01 1.972860693931579590e-01 -3.876820206642150879e-03 9.803380966186523438e-01 1.892471504211425781e+01
9.713966846466064453e-01 -4.737128969281911850e-03 -2.374134957790374756e-01 -1.719757080078125000e+00 6.252860184758901596e-03 9.999644160270690918e-01 5.631695501506328583e-03 -4.713544845581054688e-01 2.373784333467483521e-01 -6.955130491405725479e-03 9.713921546936035156e-01 2.060817527770996094e+01
9.659024477005004883e-01 -4.334635101258754730e-03 -2.588680982589721680e-01 -2.092335224151611328e+00 5.552344024181365967e-03 9.999765157699584961e-01 3.973007202148437500e-03 -4.920589327812194824e-01 2.588448822498321533e-01 -5.274869035929441452e-03 9.659042358398437500e-01 2.199441719055175781e+01
9.591178297996520996e-01 -3.371399594470858574e-03 -2.829852402210235596e-01 -2.510364532470703125e+00 4.671690985560417175e-03 9.999811649322509766e-01 3.920207731425762177e-03 -5.172690153121948242e-01 2.829667925834655762e-01 -5.081968382000923157e-03 9.591159820556640625e-01 2.340058898925781250e+01
9.538249373435974121e-01 -3.808778710663318634e-03 -3.003371655941009521e-01 -2.942027091979980469e+00 4.726768005639314651e-03 9.999858736991882324e-01 2.329989802092313766e-03 -5.465647578239440918e-01 3.003241717815399170e-01 -3.642035182565450668e-03 9.538299441337585449e-01 2.477597236633300781e+01
9.451183080673217773e-01 -5.762588698416948318e-03 -3.266758620738983154e-01 -3.329135417938232422e+00 7.455147337168455124e-03 9.999641776084899902e-01 3.929317928850650787e-03 -5.753672122955322266e-01 3.266416490077972412e-01 -6.149096414446830750e-03 9.451279640197753906e-01 2.587953567504882812e+01
9.359880089759826660e-01 -7.068308070302009583e-03 -3.519592285156250000e-01 -3.841651201248168945e+00 8.861991576850414276e-03 9.999543428421020508e-01 3.485441207885742188e-03 -6.034686565399169922e-01 3.519186675548553467e-01 -6.381398066878318787e-03 9.360085129737854004e-01 2.724476051330566406e+01
9.272025823593139648e-01 -5.423751659691333771e-03 -3.745194077491760254e-01 -4.387629508972167969e+00 7.528019137680530548e-03 9.999626874923706055e-01 4.155858885496854782e-03 -6.263570785522460938e-01 3.744830489158630371e-01 -6.672720890492200851e-03 9.272094368934631348e-01 2.860045242309570312e+01
9.180029034614562988e-01 -6.089233793318271637e-03 -3.965255022048950195e-01 -4.955504894256591797e+00 8.828077465295791626e-03 9.999477267265319824e-01 5.082355812191963196e-03 -6.529667973518371582e-01 3.964740335941314697e-01 -8.166184648871421814e-03 9.180092811584472656e-01 2.991728019714355469e+01
8.991009593009948730e-01 -7.523133885115385056e-03 -4.376752376556396484e-01 -5.659024715423583984e+00 1.182874571532011032e-02 9.999043345451354980e-01 7.112173363566398621e-03 -6.804420948028564453e-01 4.375801086425781250e-01 -1.157172396779060364e-02 8.991045355796813965e-01 3.138361740112304688e+01
8.908638954162597656e-01 -8.187830448150634766e-03 -4.541952013969421387e-01 -6.304238796234130859e+00 1.351632457226514816e-02 9.998722076416015625e-01 8.486278355121612549e-03 -6.964850425720214844e-01 4.540680050849914551e-01 -1.369918044656515121e-02 8.908612728118896484e-01 3.265676498413085938e+01
8.829461932182312012e-01 -5.890643689781427383e-03 -4.694359898567199707e-01 -6.888607501983642578e+00 1.141498424112796783e-02 9.998946189880371094e-01 8.923048153519630432e-03 -7.143447995185852051e-01 4.693342745304107666e-01 -1.323718391358852386e-02 8.829209208488464355e-01 3.376165771484375000e+01
8.641933202743530273e-01 -4.525191150605678558e-03 -5.031383037567138672e-01 -7.667062759399414062e+00 1.066210307180881500e-02 9.998992681503295898e-01 9.320276789367198944e-03 -7.343417406082153320e-01 5.030458569526672363e-01 -1.341904141008853912e-02 8.641550540924072266e-01 3.510292053222656250e+01
8.401706814765930176e-01 -3.082284238189458847e-03 -5.423120260238647461e-01 -8.524621009826660156e+00 1.129300892353057861e-02 9.998659491539001465e-01 1.181273255497217178e-02 -7.557279467582702637e-01 5.422034263610839844e-01 -1.604905724525451660e-02 8.400934338569641113e-01 3.644673538208007812e+01
8.168044090270996094e-01 -2.879545092582702637e-03 -5.769063234329223633e-01 -9.430627822875976562e+00 1.255369372665882111e-02 9.998389482498168945e-01 1.278341934084892273e-02 -7.739689946174621582e-01 5.767771601676940918e-01 -1.768387109041213989e-02 8.167095780372619629e-01 3.774064636230468750e+01
7.964587807655334473e-01 -2.736947732046246529e-03 -6.046853661537170410e-01 -1.039807796478271484e+01 1.165856514126062393e-02 9.998728036880493164e-01 1.083038188517093658e-02 -7.878834605216979980e-01 6.045794486999511719e-01 -1.567572727799415588e-02 7.963899374008178711e-01 3.902076721191406250e+01
7.877322435379028320e-01 -2.252866048365831375e-03 -6.160123944282531738e-01 -1.140232467651367188e+01 1.150545570999383926e-02 9.998720884323120117e-01 1.105602458119392395e-02 -8.026569485664367676e-01 6.159093976020812988e-01 -1.579670235514640808e-02 7.876579761505126953e-01 4.030609130859375000e+01
7.747199535369873047e-01 -2.372774062678217888e-03 -6.322986483573913574e-01 -1.218437004089355469e+01 1.132760941982269287e-02 9.998839497566223145e-01 1.012691669166088104e-02 -8.172624707221984863e-01 6.322020292282104492e-01 -1.500796992331743240e-02 7.746575474739074707e-01 4.125820922851562500e+01
7.616814374923706055e-01 -3.462383989244699478e-03 -6.479409933090209961e-01 -1.312784004211425781e+01 1.152521464973688126e-02 9.998993277549743652e-01 8.205244317650794983e-03 -8.373630642890930176e-01 6.478481888771057129e-01 -1.371745206415653229e-02 7.616453170776367188e-01 4.236913681030273438e+01
7.415055036544799805e-01 -4.766048397868871689e-03 -6.709284186363220215e-01 -1.419075012207031250e+01 1.331799291074275970e-02 9.998817443847656250e-01 7.616144604980945587e-03 -8.550418615341186523e-01 6.708135604858398438e-01 -1.458284817636013031e-02 7.414819002151489258e-01 4.355483627319335938e+01
7.300754785537719727e-01 -5.161480512470006943e-03 -6.833455562591552734e-01 -1.524667644500732422e+01 1.375603489577770233e-02 9.998792409896850586e-01 7.144400384277105331e-03 -8.763794302940368652e-01 6.832270026206970215e-01 -1.461609266698360443e-02 7.300589680671691895e-01 4.468576431274414062e+01
7.075266242027282715e-01 -5.626959260553121567e-03 -7.066627740859985352e-01 -1.652513313293457031e+01 1.435146201401948929e-02 9.998758435249328613e-01 6.407282315194606781e-03 -8.996909260749816895e-01 7.065398693084716797e-01 -1.467498391866683960e-02 7.075201272964477539e-01 4.598357009887695312e+01
6.784492135047912598e-01 -6.577002350240945816e-03 -7.346163988113403320e-01 -1.770856666564941406e+01 1.682874560356140137e-02 9.998360276222229004e-01 6.590561941266059875e-03 -9.198189377784729004e-01 7.344535589218139648e-01 -1.683405414223670959e-02 6.784492135047912598e-01 4.708290481567382812e+01
6.550098061561584473e-01 -7.126581855118274689e-03 -7.555852532386779785e-01 -1.881259346008300781e+01 1.863849163055419922e-02 9.998029470443725586e-01 6.727533414959907532e-03 -9.386812448501586914e-01 7.553894519805908203e-01 -1.848959363996982574e-02 6.550141572952270508e-01 4.804509735107421875e+01
6.412764191627502441e-01 -8.040604181587696075e-03 -7.672662734985351562e-01 -1.972461318969726562e+01 1.886643283069133759e-02 9.998072981834411621e-01 5.290930625051259995e-03 -9.560094475746154785e-01 7.670769691467285156e-01 -1.786855049431324005e-02 6.413051486015319824e-01 4.880521774291992188e+01
6.257122755050659180e-01 -9.231433272361755371e-03 -7.799977660179138184e-01 -2.067402267456054688e+01 1.998221501708030701e-02 9.997908473014831543e-01 4.196967463940382004e-03 -9.827655553817749023e-01 7.797969579696655273e-01 -1.821220107376575470e-02 6.257664561271667480e-01 4.956886291503906250e+01
6.071692109107971191e-01 -1.175384223461151123e-02 -7.944840788841247559e-01 -2.169519996643066406e+01 2.182139828801155090e-02 9.997594356536865234e-01 1.885848585516214371e-03 -1.006093859672546387e+00 7.942718863487243652e-01 -1.848181523382663727e-02 6.072801351547241211e-01 5.034258651733398438e+01
5.896903872489929199e-01 -1.348833926022052765e-02 -8.075152635574340820e-01 -2.269099617004394531e+01 2.252130396664142609e-02 9.997456669807434082e-01 -2.529999474063515663e-04 -1.027587771415710449e+00 8.073143959045410156e-01 -1.803713478147983551e-02 5.898447036743164062e-01 5.106203842163085938e+01
5.659286379814147949e-01 -1.358447410166263580e-02 -8.243408203125000000e-01 -2.388249206542968750e+01 2.281316183507442474e-02 9.997386932373046875e-01 -8.131257491186261177e-04 -1.056296944618225098e+00 8.241376280784606934e-01 -1.834567822515964508e-02 5.660911798477172852e-01 5.188171386718750000e+01
5.403296947479248047e-01 -1.510003954172134399e-02 -8.413164019584655762e-01 -2.506181716918945312e+01 2.534759417176246643e-02 9.996765851974487305e-01 -1.662975875660777092e-03 -1.092171669006347656e+00 8.410705924034118652e-01 -2.042682468891143799e-02 5.405381917953491211e-01 5.264281082153320312e+01
5.000273585319519043e-01 -1.540389098227024078e-02 -8.658711314201354980e-01 -2.650291061401367188e+01 2.479615807533264160e-02 9.996857047080993652e-01 -3.465048968791961670e-03 -1.129357933998107910e+00 8.656536340713500977e-01 -1.973769068717956543e-02 5.002526044845581055e-01 5.348807525634765625e+01
4.555422961711883545e-01 -1.338577829301357269e-02 -8.901119828224182129e-01 -2.790428924560546875e+01 2.325670607388019562e-02 9.997237324714660645e-01 -3.131807548925280571e-03 -1.167381525039672852e+00 8.899093270301818848e-01 -1.927443221211433411e-02 4.557281732559204102e-01 5.421160507202148438e+01
4.306339025497436523e-01 -1.310355030000209808e-02 -9.024300575256347656e-01 -2.918971061706542969e+01 2.310021035373210907e-02 9.997261762619018555e-01 -3.493036841973662376e-03 -1.206000089645385742e+00 9.022300839424133301e-01 -1.934213377535343170e-02 4.308190345764160156e-01 5.482412719726562500e+01
3.941277563571929932e-01 -1.168376207351684570e-02 -9.189798831939697266e-01 -3.065701293945312500e+01 2.328594960272312164e-02 9.997242093086242676e-01 -2.723558340221643448e-03 -1.243409991264343262e+00 9.187595844268798828e-01 -2.032591775059700012e-02 3.942914307117462158e-01 5.546163558959960938e+01
3.743876814842224121e-01 -1.078000385314226151e-02 -9.272080659866333008e-01 -3.204576110839843750e+01 2.156860381364822388e-02 9.997621774673461914e-01 -2.914572134613990784e-03 -1.279946923255920410e+00 9.270203709602355957e-01 -1.890743151307106018e-02 3.745314478874206543e-01 5.602479934692382812e+01
3.638359606266021729e-01 -1.018039323389530182e-02 -9.314058423042297363e-01 -3.368481826782226562e+01 2.191039174795150757e-02 9.997561573982238770e-01 -2.368588000535964966e-03 -1.321411728858947754e+00 9.312043190002441406e-01 -1.954571902751922607e-02 3.639705777168273926e-01 5.666947555541992188e+01
3.450451195240020752e-01 -1.178016886115074158e-02 -9.385105967521667480e-01 -3.519366455078125000e+01 2.313520014286041260e-02 9.997231960296630859e-01 -4.042806569486856461e-03 -1.358801603317260742e+00 9.382999539375305176e-01 -2.031771279871463776e-02 3.452223837375640869e-01 5.723103713989257812e+01
3.320967853069305420e-01 -1.206575892865657806e-02 -9.431664943695068359e-01 -3.698896789550781250e+01 2.526997774839401245e-02 9.996721148490905762e-01 -3.890855005010962486e-03 -1.403502941131591797e+00 9.429057240486145020e-01 -2.254169434309005737e-02 3.322930037975311279e-01 5.786968231201171875e+01
3.084427714347839355e-01 -1.073142699897289276e-02 -9.511806368827819824e-01 -3.866893386840820312e+01 2.453497052192687988e-02 9.996924400329589844e-01 -3.322704695165157318e-03 -1.437845945358276367e+00 9.509253501892089844e-01 -2.231236360967159271e-02 3.086113631725311279e-01 5.842424011230468750e+01
2.913871705532073975e-01 -1.035187020897865295e-02 -9.565474390983581543e-01 -4.042708587646484375e+01 2.225039340555667877e-02 9.997432231903076172e-01 -4.041348118335008621e-03 -1.477736473083496094e+00 9.563453793525695801e-01 -2.010599523782730103e-02 2.915428280830383301e-01 5.896921920776367188e+01
2.784688472747802734e-01 -8.284050971269607544e-03 -9.604078531265258789e-01 -4.234481430053710938e+01 2.138822339475154877e-02 9.997671842575073242e-01 -2.422073855996131897e-03 -1.517353653907775879e+00 9.602060914039611816e-01 -1.986698061227798462e-02 2.785813510417938232e-01 5.953292083740234375e+01
2.661399841308593750e-01 -8.946152403950691223e-03 -9.638912081718444824e-01 -4.424938964843750000e+01 2.194388583302497864e-02 9.997528791427612305e-01 -3.220079466700553894e-03 -1.557243943214416504e+00 9.636835455894470215e-01 -2.029456570744514465e-02 2.662706971168518066e-01 6.006804656982421875e+01
2.509358525276184082e-01 -8.223774842917919159e-03 -9.679670929908752441e-01 -4.611987686157226562e+01 2.228599041700363159e-02 9.997467398643493652e-01 -2.716361545026302338e-03 -1.600776433944702148e+00 9.677460789680480957e-01 -2.089051529765129089e-02 2.510557174682617188e-01 6.056092071533203125e+01
2.409469187259674072e-01 -9.679382666945457458e-03 -9.704883694648742676e-01 -4.801832580566406250e+01 2.426701225340366364e-02 9.996964931488037109e-01 -3.945836331695318222e-03 -1.647013425827026367e+00 9.702337980270385742e-01 -2.260015904903411865e-02 2.411088198423385620e-01 6.104199218750000000e+01
2.309654951095581055e-01 -1.032162923365831375e-02 -9.729055166244506836e-01 -5.008356094360351562e+01 2.541713044047355652e-02 9.996652603149414062e-01 -4.571559838950634003e-03 -1.693543434143066406e+00 9.726288318634033203e-01 -2.367263659834861755e-02 2.311506420373916626e-01 6.154240036010742188e+01
2.291154712438583374e-01 -1.020807959139347076e-02 -9.733440876007080078e-01 -5.209571456909179688e+01 2.506546676158905029e-02 9.996740818023681641e-01 -4.584071226418018341e-03 -1.743463754653930664e+00 9.730754494667053223e-01 -2.334708534181118011e-02 2.292967736721038818e-01 6.202280426025390625e+01
2.219239175319671631e-01 -7.222852203994989395e-03 -9.750356078147888184e-01 -5.398244857788085938e+01 2.528838254511356354e-02 9.996775984764099121e-01 -1.649618381634354591e-03 -1.786407113075256348e+00 9.747349619865417480e-01 -2.429103665053844452e-02 2.220351248979568481e-01 6.245830535888671875e+01
2.127360105514526367e-01 -8.291642181575298309e-03 -9.770729541778564453e-01 -5.592785263061523438e+01 2.600642293691635132e-02 9.996564984321594238e-01 -2.820976544171571732e-03 -1.830308914184570312e+00 9.767624735832214355e-01 -2.481009811162948608e-02 2.128786742687225342e-01 6.289065170288085938e+01
2.037713527679443359e-01 -7.792679127305746078e-03 -9.789859056472778320e-01 -5.795632171630859375e+01 2.600441686809062958e-02 9.996572732925415039e-01 -2.544531598687171936e-03 -1.877670288085937500e+00 9.786719679832458496e-01 -2.493950538337230682e-02 2.039042562246322632e-01 6.332188796997070312e+01
1.935205906629562378e-01 -8.243110962212085724e-03 -9.810599684715270996e-01 -5.991495895385742188e+01 2.661504596471786499e-02 9.996394515037536621e-01 -3.149231662973761559e-03 -1.924143433570861816e+00 9.807341098785400391e-01 -2.550156414508819580e-02 1.936702877283096313e-01 6.371162033081054688e+01
1.800077408552169800e-01 -7.497696671634912491e-03 -9.836350083351135254e-01 -6.188112640380859375e+01 2.642577327787876129e-02 9.996455907821655273e-01 -2.783758332952857018e-03 -1.967786192893981934e+00 9.833090901374816895e-01 -2.549226768314838409e-02 1.801421344280242920e-01 6.408242034912109375e+01
1.742886453866958618e-01 -7.666135206818580627e-03 -9.846631288528442383e-01 -6.367127227783203125e+01 2.723682671785354614e-02 9.996232986450195312e-01 -2.961613936349749565e-03 -2.004090547561645508e+00 9.843167662620544434e-01 -2.630297653377056122e-02 1.744318455457687378e-01 6.440122985839843750e+01
1.586172282695770264e-01 -7.860867306590080261e-03 -9.873071908950805664e-01 -6.563760375976562500e+01 2.917523682117462158e-02 9.995676279067993164e-01 -3.271301975473761559e-03 -2.042231321334838867e+00 9.869079589843750000e-01 -2.828609198331832886e-02 1.587780117988586426e-01 6.472377777099609375e+01
1.330820918083190918e-01 -8.380477316677570343e-03 -9.910678863525390625e-01 -6.740652465820312500e+01 2.881225012242794037e-02 9.995729923248291016e-01 -4.583450034260749817e-03 -2.081676006317138672e+00 9.906850457191467285e-01 -2.794497646391391754e-02 1.332666873931884766e-01 6.497386169433593750e+01
1.096579805016517639e-01 -7.219509687274694443e-03 -9.939414262771606445e-01 -6.888388061523437500e+01 2.719525992870330811e-02 9.996196627616882324e-01 -4.260405898094177246e-03 -2.121916055679321289e+00 9.935961961746215820e-01 -2.656336314976215363e-02 1.098125427961349487e-01 6.514301300048828125e+01
6.969919800758361816e-02 -8.024010807275772095e-03 -9.975340366363525391e-01 -7.051138305664062500e+01 2.988540939986705780e-02 9.995341300964355469e-01 -5.951966624706983566e-03 -2.163748502731323242e+00 9.971192479133605957e-01 -2.939692512154579163e-02 6.990638375282287598e-02 6.526109313964843750e+01
2.993827313184738159e-02 -7.126385346055030823e-03 -9.995245933532714844e-01 -7.208306121826171875e+01 3.105075657367706299e-02 9.994971156120300293e-01 -6.196148693561553955e-03 -2.208645820617675781e+00 9.990682005882263184e-01 -3.085055388510227203e-02 3.014426305890083313e-02 6.531372070312500000e+01
-1.414811611175537109e-02 -7.002036552876234055e-03 -9.998735785484313965e-01 -7.368412017822265625e+01 2.928216382861137390e-02 9.995421171188354492e-01 -7.414061110466718674e-03 -2.252727746963500977e+00 9.994698166847229004e-01 -2.938341721892356873e-02 -1.393693313002586365e-02 6.530052947998046875e+01
-5.615404993295669556e-02 -7.063171826303005219e-03 -9.983953237533569336e-01 -7.528810882568359375e+01 3.040149435400962830e-02 9.994975924491882324e-01 -8.780886419117450714e-03 -2.301580667495727539e+00 9.979578852653503418e-01 -3.084585256874561310e-02 -5.591153353452682495e-02 6.521654510498046875e+01
-9.582793712615966797e-02 -6.253099534660577774e-03 -9.953764081001281738e-01 -7.687699890136718750e+01 3.095544129610061646e-02 9.994762539863586426e-01 -9.259035810828208923e-03 -2.347558975219726562e+00 9.949151873588562012e-01 -3.169965371489524841e-02 -9.558469057083129883e-02 6.507414245605468750e+01
-1.359211206436157227e-01 -5.756618920713663101e-03 -9.907010197639465332e-01 -7.819107818603515625e+01 3.138968721032142639e-02 9.994543790817260742e-01 -1.011405512690544128e-02 -2.394973516464233398e+00 9.902209639549255371e-01 -3.247257694602012634e-02 -1.356668472290039062e-01 6.489454650878906250e+01
-1.585365682840347290e-01 -8.854866027832031250e-03 -9.873114824295043945e-01 -8.015361785888671875e+01 3.100941888988018036e-02 9.994201660156250000e-01 -1.394277624785900116e-02 -2.458138227462768555e+00 9.868646860122680664e-01 -3.282646462321281433e-02 -1.581706851720809937e-01 6.459442138671875000e+01
-1.596334874629974365e-01 -9.802368469536304474e-03 -9.871257543563842773e-01 -8.247751617431640625e+01 3.154119849205017090e-02 9.993878602981567383e-01 -1.502483710646629333e-02 -2.540457010269165039e+00 9.866709113121032715e-01 -3.353367000818252563e-02 -1.592272222042083740e-01 6.421781158447265625e+01
-1.622588038444519043e-01 -1.050232164561748505e-02 -9.866904020309448242e-01 -8.493376922607421875e+01 3.166329488158226013e-02 9.993713498115539551e-01 -1.584425009787082672e-02 -2.622496128082275391e+00 9.862387180328369141e-01 -3.381280601024627686e-02 -1.618248969316482544e-01 6.381417083740234375e+01
-1.826790869235992432e-01 -1.203410886228084564e-02 -9.830969572067260742e-01 -8.699298095703125000e+01 2.898717112839221954e-02 9.994227886199951172e-01 -1.762035302817821503e-02 -2.695084810256958008e+00 9.827437400817871094e-01 -3.171613812446594238e-02 -1.822254955768585205e-01 6.344740676879882812e+01
-2.101934254169464111e-01 -1.239494606852531433e-02 -9.775792360305786133e-01 -8.944309997558593750e+01 2.846454083919525146e-02 9.994164109230041504e-01 -1.879210956394672394e-02 -2.789242744445800781e+00 9.772439002990722656e-01 -3.177639096975326538e-02 -2.097187042236328125e-01 6.294792175292968750e+01
-2.302371710538864136e-01 -1.346470229327678680e-02 -9.730393886566162109e-01 -9.173277282714843750e+01 2.762740477919578552e-02 9.994090795516967773e-01 -2.036670409142971039e-02 -2.876034498214721680e+00 9.727407693862915039e-01 -3.157179430127143860e-02 -2.297299206256866455e-01 6.242417526245117188e+01
-2.439342290163040161e-01 -1.640390790998935699e-02 -9.696510434150695801e-01 -9.401692199707031250e+01 2.960974536836147308e-02 9.992631077766418457e-01 -2.435376495122909546e-02 -2.969764232635498047e+00 9.693380594253540039e-01 -3.465191274881362915e-02 -2.432695627212524414e-01 6.186399841308593750e+01
-2.549200654029846191e-01 -1.542108692228794098e-02 -9.668371081352233887e-01 -9.632342529296875000e+01 2.897236496210098267e-02 9.993003606796264648e-01 -2.357784472405910492e-02 -3.075541496276855469e+00 9.665263295173645020e-01 -3.402209654450416565e-02 -2.542957663536071777e-01 6.126850509643554688e+01
-2.671140134334564209e-01 -1.453411020338535309e-02 -9.635532498359680176e-01 -9.866552734375000000e+01 2.799018472433090210e-02 9.993456602096557617e-01 -2.283336780965328217e-02 -3.174818277359008789e+00 9.632565975189208984e-01 -3.306921571493148804e-02 -2.665332555770874023e-01 6.062953567504882812e+01
-2.716926634311676025e-01 -1.474590413272380829e-02 -9.622690081596374512e-01 -1.008895187377929688e+02 2.916373871266841888e-02 9.992954730987548828e-01 -2.354756183922290802e-02 -3.268855571746826172e+00 9.619402885437011719e-01 -3.446113318204879761e-02 -2.710720598697662354e-01 6.000885391235351562e+01
-2.953212261199951172e-01 -1.345004979521036148e-02 -9.553012251853942871e-01 -1.026433486938476562e+02 2.933369018137454987e-02 9.993000030517578125e-01 -2.313772402703762054e-02 -3.346643209457397461e+00 9.549458026885986328e-01 -3.485564514994621277e-02 -2.947208881378173828e-01 5.947697067260742188e+01
-3.270658552646636963e-01 -1.408166345208883286e-02 -9.448944926261901855e-01 -1.041792526245117188e+02 2.896395511925220490e-02 9.992679357528686523e-01 -2.491757459938526154e-02 -3.422531127929687500e+00 9.445557594299316406e-01 -3.551764786243438721e-02 -3.264195919036865234e-01 5.894893264770507812e+01
-3.666513264179229736e-01 -1.240734569728374481e-02 -9.302734136581420898e-01 -1.063242950439453125e+02 2.950092405080795288e-02 9.992512464523315430e-01 -2.495461143553256989e-02 -3.524109363555908203e+00 9.298886656761169434e-01 -3.659365326166152954e-02 -3.660118877887725830e-01 5.813894653320312500e+01
-4.056920409202575684e-01 -1.092377863824367523e-02 -9.139422178268432617e-01 -1.077959060668945312e+02 2.993910945951938629e-02 9.992311596870422363e-01 -2.523293159902095795e-02 -3.599351167678833008e+00 9.135173559188842773e-01 -3.759950399398803711e-02 -4.050543308258056641e-01 5.749850082397460938e+01
-4.301491379737854004e-01 -1.308570336550474167e-02 -9.026606082916259766e-01 -1.094374008178710938e+02 3.062498383224010468e-02 9.991059303283691406e-01 -2.907772734761238098e-02 -3.684398651123046875e+00 9.022362232208251953e-01 -4.015182703733444214e-02 -4.293650686740875244e-01 5.672988510131835938e+01
-4.658977091312408447e-01 -1.439460925757884979e-02 -8.847190737724304199e-01 -1.108678283691406250e+02 2.819371037185192108e-02 9.991164803504943848e-01 -3.110284730792045593e-02 -3.761693239212036133e+00 8.843871355056762695e-01 -3.943435847759246826e-02 -4.650816023349761963e-01 5.598682022094726562e+01
-4.924483895301818848e-01 -1.567059941589832306e-02 -8.701980113983154297e-01 -1.124740219116210938e+02 2.705634199082851410e-02 9.990770220756530762e-01 -3.330275416374206543e-02 -3.858924627304077148e+00 8.699187040328979492e-01 -3.994437307119369507e-02 -4.915713071823120117e-01 5.509216308593750000e+01
-5.205838680267333984e-01 -1.626375876367092133e-02 -8.536529541015625000e-01 -1.140468063354492188e+02 2.503765560686588287e-02 9.990957379341125488e-01 -3.430346772074699402e-02 -3.958842515945434570e+00 8.534409403800964355e-01 -3.923141211271286011e-02 -5.197074413299560547e-01 5.414802169799804688e+01
-5.328193306922912598e-01 -1.694165915250778198e-02 -8.460566401481628418e-01 -1.157159347534179688e+02 2.441966906189918518e-02 9.990733265876770020e-01 -3.538443520665168762e-02 -4.060742378234863281e+00 8.458741307258605957e-01 -3.951404988765716553e-02 -5.319134593009948730e-01 5.310586929321289062e+01
-5.431541204452514648e-01 -1.618069037795066833e-02 -8.394742012023925781e-01 -1.173212127685546875e+02 2.462494559586048126e-02 9.990751743316650391e-01 -3.518972918391227722e-02 -4.159457683563232422e+00 8.392692804336547852e-01 -3.978556767106056213e-02 -5.422549843788146973e-01 5.207913208007812500e+01
-5.516207814216613770e-01 -1.566286571323871613e-02 -8.339450359344482422e-01 -1.189345245361328125e+02 2.531310729682445526e-02 9.990467429161071777e-01 -3.550734370946884155e-02 -4.263469219207763672e+00 8.337082266807556152e-01 -4.069644585251808167e-02 -5.507001280784606934e-01 5.101794052124023438e+01
-5.569081902503967285e-01 -1.594405993819236755e-02 -8.304179906845092773e-01 -1.205688171386718750e+02 2.704037167131900787e-02 9.989356398582458496e-01 -3.731387108564376831e-02 -4.368486881256103516e+00 8.301311135292053223e-01 -4.323534294962882996e-02 -5.558859705924987793e-01 4.993175506591796875e+01
-5.660248994827270508e-01 -1.617337390780448914e-02 -8.242263793945312500e-01 -1.221304244995117188e+02 2.582271583378314972e-02 9.989670515060424805e-01 -3.733558952808380127e-02 -4.475145339965820312e+00 8.239808678627014160e-01 -4.241677373647689819e-02 -5.650241971015930176e-01 4.887150192260742188e+01
-5.776728391647338867e-01 -1.425308641046285629e-02 -8.161408305168151855e-01 -1.237132949829101562e+02 2.786755561828613281e-02 9.989182353019714355e-01 -3.717007488012313843e-02 -4.589362621307373047e+00 8.157897591590881348e-01 -4.421612992882728577e-02 -5.766524076461791992e-01 4.776385116577148438e+01
-5.959551334381103516e-01 -1.336389221251010895e-02 -8.029033541679382324e-01 -1.248519363403320312e+02 2.678775042295455933e-02 9.989720582962036133e-01 -3.651058673858642578e-02 -4.672723293304443359e+00 8.025679588317871094e-01 -4.326677694916725159e-02 -5.949862003326416016e-01 4.692110824584960938e+01
-6.188896894454956055e-01 -1.594376750290393829e-02 -7.853128910064697266e-01 -1.259579696655273438e+02 2.270536124706268311e-02 9.990108609199523926e-01 -3.817603737115859985e-02 -4.751811981201171875e+00 7.851467728614807129e-01 -4.145769402384757996e-02 -6.179172396659851074e-01 4.604853439331054688e+01
-6.327978372573852539e-01 -1.569026894867420197e-02 -7.741549015045166016e-01 -1.271867599487304688e+02 2.177360095083713531e-02 9.990365505218505859e-01 -3.804596513509750366e-02 -4.843995571136474609e+00 7.740079164505004883e-01 -4.093166440725326538e-02 -6.318483352661132812e-01 4.504999160766601562e+01
-6.436639428138732910e-01 -1.694814115762710571e-02 -7.651173472404479980e-01 -1.286935882568359375e+02 2.045547962188720703e-02 9.990143179893493652e-01 -3.933765366673469543e-02 -4.959292411804199219e+00 7.650318741798400879e-01 -4.097118601202964783e-02 -6.426846981048583984e-01 4.378950500488281250e+01
-6.555557847023010254e-01 -1.696924678981304169e-02 -7.549528479576110840e-01 -1.299106140136718750e+02 1.915474981069564819e-02 9.990498423576354980e-01 -3.908875212073326111e-02 -5.052680015563964844e+00 7.549007534980773926e-01 -4.008590057492256165e-02 -6.546097993850708008e-01 4.273686218261718750e+01
-6.686795949935913086e-01 -1.663740351796150208e-02 -7.433611750602722168e-01 -1.312953338623046875e+02 1.851091533899307251e-02 9.990649223327636719e-01 -3.901165723800659180e-02 -5.152672290802001953e+00 7.433170676231384277e-01 -3.984670713543891907e-02 -6.677483916282653809e-01 4.150136566162109375e+01
-6.777545213699340820e-01 -1.773935370147228241e-02 -7.350708842277526855e-01 -1.327190399169921875e+02 1.883878745138645172e-02 9.989594221115112305e-01 -4.147763177752494812e-02 -5.260988712310791016e+00 7.350437045097351074e-01 -4.195961356163024902e-02 -6.767171621322631836e-01 4.020390319824218750e+01
-6.886048316955566406e-01 -1.819662563502788544e-02 -7.249051332473754883e-01 -1.341042633056640625e+02 1.864354312419891357e-02 9.989079236984252930e-01 -4.278465732932090759e-02 -5.377204895019531250e+00 7.248939275741577148e-01 -4.297664016485214233e-02 -6.875157356262207031e-01 3.890041351318359375e+01
-6.998236775398254395e-01 -1.748771406710147858e-02 -7.140980958938598633e-01 -1.355088958740234375e+02 2.018191851675510406e-02 9.988146424293518066e-01 -4.423874616622924805e-02 -5.501677989959716797e+00 7.140272259712219238e-01 -4.537131637334823608e-02 -6.986434459686279297e-01 3.753574371337890625e+01
-7.117557525634765625e-01 -1.576373167335987091e-02 -7.022466063499450684e-01 -1.368856964111328125e+02 2.087101526558399200e-02 9.988296627998352051e-01 -4.357498139142990112e-02 -5.624807834625244141e+00 7.021135687828063965e-01 -4.567146673798561096e-02 -7.105960249900817871e-01 3.615448760986328125e+01
-7.193119525909423828e-01 -1.722358912229537964e-02 -6.944701075553894043e-01 -1.382314910888671875e+02 1.851299777626991272e-02 9.988598227500915527e-01 -4.394805803894996643e-02 -5.740616321563720703e+00 6.944370865821838379e-01 -4.446920007467269897e-02 -7.181752920150756836e-01 3.477066802978515625e+01
-7.293171286582946777e-01 -1.647120900452136993e-02 -6.839738488197326660e-01 -1.395410461425781250e+02 1.906371861696243286e-02 9.988303184509277344e-01 -4.438105598092079163e-02 -5.858337879180908203e+00 6.839066743850708008e-01 -4.540706053376197815e-02 -7.281524538993835449e-01 3.339340209960937500e+01
-7.369798421859741211e-01 -1.621754653751850128e-02 -6.757164001464843750e-01 -1.408652343750000000e+02 1.948622800409793854e-02 9.987843036651611328e-01 -4.522434622049331665e-02 -5.984235286712646484e+00 6.756301522254943848e-01 -4.649671167135238647e-02 -7.357704043388366699e-01 3.195742225646972656e+01
-7.685045003890991211e-01 -1.706779189407825470e-02 -6.396127939224243164e-01 -1.418300628662109375e+02 1.547812670469284058e-02 9.988531470298767090e-01 -4.525124654173851013e-02 -6.080013275146484375e+00 6.396533250808715820e-01 -4.467589780688285828e-02 -7.673615217208862305e-01 3.080505561828613281e+01
-7.967873215675354004e-01 -1.768507622182369232e-02 -6.039967536926269531e-01 -1.428418121337890625e+02 1.285133883357048035e-02 9.988469481468200684e-01 -4.619978368282318115e-02 -6.191473484039306641e+00 6.041190028190612793e-01 -4.457367584109306335e-02 -7.956439852714538574e-01 2.948985099792480469e+01
-8.256814479827880859e-01 -1.762957684695720673e-02 -5.638564229011535645e-01 -1.437222595214843750e+02 9.729666635394096375e-03 9.989151954650878906e-01 -4.547985643148422241e-02 -6.299720287322998047e+00 5.640481114387512207e-01 -4.303811490535736084e-02 -8.246170282363891602e-01 2.821174049377441406e+01
-8.494464159011840820e-01 -1.653697714209556580e-02 -5.274106264114379883e-01 -1.446000518798828125e+02 8.460268378257751465e-03 9.989507794380187988e-01 -4.494831711053848267e-02 -6.403497695922851562e+00 5.276019573211669922e-01 -4.264333099126815796e-02 -8.484181165695190430e-01 2.681430053710937500e+01
-8.733544945716857910e-01 -1.862749457359313965e-02 -4.867233037948608398e-01 -1.454031677246093750e+02 3.724387148395180702e-03 9.989811182022094727e-01 -4.491519555449485779e-02 -6.506698131561279297e+00 4.870653450489044189e-01 -4.103973880410194397e-02 -8.723981380462646484e-01 2.538585472106933594e+01
-8.950797319412231445e-01 -1.551844086498022079e-02 -4.456299543380737305e-01 -1.461453094482421875e+02 4.374448210000991821e-03 9.990377426147460938e-01 -4.357659444212913513e-02 -6.615162372589111328e+00 4.458785951137542725e-01 -4.095401614904403687e-02 -8.941534757614135742e-01 2.391449546813964844e+01
-9.147737026214599609e-01 -1.417581178247928619e-02 -4.037111699581146240e-01 -1.468159027099609375e+02 2.905965317040681839e-03 9.991244673728942871e-01 -4.166778549551963806e-02 -6.716029167175292969e+00 4.039494693279266357e-01 -3.928986564278602600e-02 -9.139345884323120117e-01 2.242885971069335938e+01
-9.309263825416564941e-01 -1.429080404341220856e-02 -3.649196326732635498e-01 -1.474728393554687500e+02 5.227880319580435753e-04 9.991779923439025879e-01 -4.046311229467391968e-02 -6.823579788208007812e+00 3.651989102363586426e-01 -3.785905241966247559e-02 -9.301568269729614258e-01 2.079516029357910156e+01
-9.439316987991333008e-01 -1.454352401196956635e-02 -3.298118412494659424e-01 -1.480678253173828125e+02 -1.357702771201729774e-03 9.991887807846069336e-01 -4.017502069473266602e-02 -6.930291652679443359e+00 3.301294445991516113e-01 -3.747479245066642761e-02 -9.431889057159423828e-01 1.911172485351562500e+01
-9.607074260711669922e-01 -1.012916583567857742e-02 -2.773679792881011963e-01 -1.485475616455078125e+02 3.155032172799110413e-04 9.992903470993041992e-01 -3.758593648672103882e-02 -7.034264087677001953e+00 2.775525748729705811e-01 -3.619670122861862183e-02 -9.600257277488708496e-01 1.748452758789062500e+01
-9.736577272415161133e-01 -1.034139003604650497e-02 -2.277674823999404907e-01 -1.489355316162109375e+02 -1.409974880516529083e-03 9.992218017578125000e-01 -3.934082388877868652e-02 -7.129955291748046875e+00 2.279976010322570801e-01 -3.798345848917961121e-02 -9.729179739952087402e-01 1.587494277954101562e+01
-9.787408709526062012e-01 -9.219722822308540344e-03 -2.048795074224472046e-01 -1.493096160888671875e+02 -1.417931984178721905e-03 9.992662072181701660e-01 -3.819425404071807861e-02 -7.232583999633789062e+00 2.050817757844924927e-01 -3.709187731146812439e-02 -9.780391454696655273e-01 1.410917663574218750e+01
-9.868234395980834961e-01 -9.737791493535041809e-03 -1.614895910024642944e-01 -1.496185760498046875e+02 -3.694035578519105911e-03 9.992797374725341797e-01 -3.768335282802581787e-02 -7.338923931121826172e+00 1.617405414581298828e-01 -3.659037128090858459e-02 -9.861521124839782715e-01 1.232999229431152344e+01
-9.923057556152343750e-01 -7.759176194667816162e-03 -1.235441416501998901e-01 -1.498353576660156250e+02 -3.190231509506702423e-03 9.993018507957458496e-01 -3.713755309581756592e-02 -7.437280654907226562e+00 1.237462162971496582e-01 -3.645777702331542969e-02 -9.916413426399230957e-01 1.065822792053222656e+01
-9.968740940093994141e-01 -9.520649909973144531e-03 -7.839260995388031006e-02 -1.500092163085937500e+02 -6.625858135521411896e-03 9.992861747741699219e-01 -3.710502386093139648e-02 -7.550109863281250000e+00 7.868992537260055542e-02 -3.646972402930259705e-02 -9.962291717529296875e-01 8.714145660400390625e+00
-9.991995692253112793e-01 -8.998893201351165771e-03 -3.889908641576766968e-02 -1.501090393066406250e+02 -7.585634011775255203e-03 9.993078112602233887e-01 -3.632873669266700745e-02 -7.664886951446533203e+00 3.919895738363265991e-02 -3.600469231605529785e-02 -9.985799193382263184e-01 6.683228492736816406e+00
-9.999555349349975586e-01 -9.096482768654823303e-03 -1.175329089164733887e-04 -1.501259765625000000e+02 -9.086421690881252289e-03 9.993082880973815918e-01 -3.596660122275352478e-02 -7.781585216522216797e+00 4.443489015102386475e-04 -3.596403822302818298e-02 -9.993503689765930176e-01 4.603344917297363281e+00
-9.997595548629760742e-01 -9.185704402625560760e-03 1.975248567759990692e-02 -1.500931549072265625e+02 -9.935379028320312500e-03 9.992175698280334473e-01 -3.819341212511062622e-02 -7.909547328948974609e+00 -1.938654668629169464e-02 -3.838059678673744202e-02 -9.990724325180053711e-01 2.181675195693969727e+00
