9.999998807907104492e-01 8.162554149748757482e-05 4.437924362719058990e-04 3.213584190234541893e-03 -8.264809002866968513e-05 9.999973177909851074e-01 2.304123016074299812e-03 -1.660552993416786194e-02 -4.436031449586153030e-04 -2.304159337654709816e-03 9.999972581863403320e-01 1.057924151420593262e+00
9.999995827674865723e-01 5.514829535968601704e-04 -6.624725065194070339e-04 7.192445918917655945e-03 -5.478410166688263416e-04 9.999847412109375000e-01 5.484439898282289505e-03 -2.629258111119270325e-02 6.654874305240809917e-04 -5.484074819833040237e-03 9.999847412109375000e-01 1.971261620521545410e+00
9.999965429306030273e-01 6.537393201142549515e-04 -2.531262813135981560e-03 7.242373656481504440e-03 -6.378252874128520489e-04 9.999800324440002441e-01 6.282417103648185730e-03 -3.426443412899971008e-02 2.535319887101650238e-03 -6.280781701207160950e-03 9.999770522117614746e-01 3.033710956573486328e+00
9.999883174896240234e-01 -1.871455460786819458e-04 -4.822701215744018555e-03 4.357611294835805893e-03 2.311837306478992105e-04 9.999582767486572266e-01 9.132077917456626892e-03 -3.898580372333526611e-02 4.820791073143482208e-03 -9.133087471127510071e-03 9.999466538429260254e-01 3.968252897262573242e+00
9.998810887336730957e-01 5.984456511214375496e-04 1.541079580783843994e-02 3.063096478581428528e-02 -7.898708572611212730e-04 9.999225735664367676e-01 1.241910364478826523e-02 -4.483795166015625000e-02 -1.540217082947492599e-02 -1.242979802191257477e-02 9.998040795326232910e-01 4.769255161285400391e+00
9.999155998229980469e-01 2.000497654080390930e-03 1.284247357398271561e-02 4.843216016888618469e-02 -2.196180867031216621e-03 9.998814463615417480e-01 1.524216216057538986e-02 -4.291312769055366516e-02 -1.281045842915773392e-02 -1.526907645165920258e-02 9.998013377189636230e-01 5.781148910522460938e+00
9.995226860046386719e-01 3.931241575628519058e-03 3.064489364624023438e-02 9.069207310676574707e-02 -4.434982780367136002e-03 9.998558759689331055e-01 1.638783141970634460e-02 -4.073810204863548279e-02 -3.057605028152465820e-02 -1.651591435074806213e-02 9.993959665298461914e-01 6.712332725524902344e+00
9.989822506904602051e-01 2.900523832067847252e-03 4.501216858625411987e-02 1.447742432355880737e-01 -3.726010909304022789e-03 9.998261928558349609e-01 1.826631091535091400e-02 -4.547660052776336670e-02 -4.495136067271232605e-02 -1.841542869806289673e-02 9.988194108009338379e-01 7.749876499176025391e+00
9.986935257911682129e-01 2.110249595716595650e-03 5.105674639344215393e-02 1.849232316017150879e-01 -2.982936333864927292e-03 9.998506307601928711e-01 1.702250540256500244e-02 -4.931483417749404907e-02 -5.101319029927253723e-02 -1.715255714952945709e-02 9.985506534576416016e-01 8.409636497497558594e+00
9.981373548507690430e-01 1.187091926112771034e-03 6.099626794457435608e-02 2.492875754833221436e-01 -2.177341608330607414e-03 9.998667836189270020e-01 1.617080159485340118e-02 -5.027259886264801025e-02 -6.096894294023513794e-02 -1.627348363399505615e-02 9.980069994926452637e-01 9.293389320373535156e+00
9.975480437278747559e-01 -2.188562881201505661e-03 6.995041668415069580e-02 3.226862549781799316e-01 9.616100578568875790e-04 9.998450875282287598e-01 1.756924577057361603e-02 -5.164777860045433044e-02 -6.997802853584289551e-02 -1.745889149606227875e-02 9.973957538604736328e-01 1.021859645843505859e+01
9.967654347419738770e-01 -4.712961148470640182e-03 8.022703230381011963e-02 4.035280942916870117e-01 3.461798885837197304e-03 9.998702406883239746e-01 1.572729833424091339e-02 -5.221079289913177490e-02 -8.029074221849441528e-02 -1.539868582040071487e-02 9.966525435447692871e-01 1.112688255310058594e+01
9.959972500801086426e-01 -4.466517362743616104e-03 8.927165716886520386e-02 4.833899736404418945e-01 3.294969908893108368e-03 9.999064803123474121e-01 1.326656993478536606e-02 -5.646021291613578796e-02 -8.932255953550338745e-02 -1.291930768638849258e-02 9.959189295768737793e-01 1.193437767028808594e+01
9.960002303123474121e-01 -7.052667438983917236e-03 8.907084912061691284e-02 5.493153929710388184e-01 5.626843310892581940e-03 9.998520612716674805e-01 1.624882221221923828e-02 -5.638256669044494629e-02 -8.917226642370223999e-02 -1.568263210356235504e-02 9.958927035331726074e-01 1.262709140777587891e+01
9.938815832138061523e-01 -9.177522733807563782e-03 1.100675687193870544e-01 6.341720819473266602e-01 7.798964623361825943e-03 9.998856186866760254e-01 1.294880732893943787e-02 -5.760728567838668823e-02 -1.101738214492797852e-01 -1.201115176081657410e-02 9.938397407531738281e-01 1.328537368774414062e+01
9.900482296943664551e-01 -1.056870538741350174e-02 1.403299719095230103e-01 7.239478826522827148e-01 8.788649924099445343e-03 9.998728632926940918e-01 1.329860184341669083e-02 -6.040921434760093689e-02 -1.404526829719543457e-01 -1.193293184041976929e-02 9.900154471397399902e-01 1.382428264617919922e+01
9.842301011085510254e-01 -1.255331281572580338e-02 1.764461100101470947e-01 8.383649587631225586e-01 1.131700258702039719e-02 9.999037384986877441e-01 8.011452853679656982e-03 -6.460780650377273560e-02 -1.765297204256057739e-01 -5.888256710022687912e-03 9.842776060104370117e-01 1.429183387756347656e+01
9.815999865531921387e-01 -1.186106167733669281e-02 1.905791759490966797e-01 9.127171039581298828e-01 1.144097652286291122e-02 9.999290108680725098e-01 3.304541576653718948e-03 -6.555996835231781006e-02 -1.906048506498336792e-01 -1.063310541212558746e-03 9.816661477088928223e-01 1.466021251678466797e+01
9.762088060379028320e-01 -1.740734651684761047e-02 2.161318212747573853e-01 1.079470157623291016e+00 1.692456752061843872e-02 9.998483061790466309e-01 4.084611777216196060e-03 -7.301268726587295532e-02 -2.161701619625091553e-01 -3.294839116279035807e-04 9.763555526733398438e-01 1.530641365051269531e+01
9.644784927368164062e-01 -2.075553312897682190e-02 2.633441984653472900e-01 1.259694695472717285e+00 2.069769054651260376e-02 9.997811913490295410e-01 2.994308713823556900e-03 -8.616712689399719238e-02 -2.633487582206726074e-01 2.562684239819645882e-03 9.646971821784973145e-01 1.581749439239501953e+01
9.575484395027160645e-01 -2.287287823855876923e-02 2.873630821704864502e-01 1.484714627265930176e+00 2.436135150492191315e-02 9.997018575668334961e-01 -1.604605233296751976e-03 -9.690525382757186890e-02 -2.872407436370849609e-01 8.537052199244499207e-03 9.578202962875366211e-01 1.655224990844726562e+01
9.531007409095764160e-01 -2.459373511373996735e-02 3.016517758369445801e-01 1.666161894798278809e+00 2.617548406124114990e-02 9.996565580368041992e-01 -1.201957231387495995e-03 -1.130745857954025269e-01 -3.015186488628387451e-01 9.041485376656055450e-03 9.534173011779785156e-01 1.710551261901855469e+01
9.506576657295227051e-01 -2.550966851413249969e-02 3.091906905174255371e-01 1.921854257583618164e+00 2.747119404375553131e-02 9.996205568313598633e-01 -1.991335302591323853e-03 -1.304199993610382080e-01 -3.090225756168365479e-01 1.038693543523550034e-02 9.509978890419006348e-01 1.788852119445800781e+01
9.446295499801635742e-01 -2.564849890768527985e-02 3.271342515945434570e-01 2.161149740219116211e+00 2.944714576005935669e-02 9.995440244674682617e-01 -6.663348525762557983e-03 -1.445922553539276123e-01 -3.268142044544219971e-01 1.592758670449256897e-02 9.449542164802551270e-01 1.856144142150878906e+01
9.316668510437011719e-01 -2.680081129074096680e-02 3.623234629631042480e-01 2.441128015518188477e+00 3.055921383202075958e-02 9.995220899581909180e-01 -4.644940607249736786e-03 -1.516043990850448608e-01 -3.620257973670959473e-01 1.539987511932849884e-02 9.320407509803771973e-01 1.922528457641601562e+01
9.257361292839050293e-01 -2.590765058994293213e-02 3.772811591625213623e-01 2.770992994308471680e+00 3.011448495090007782e-02 9.995325803756713867e-01 -5.254681687802076340e-03 -1.692673265933990479e-01 -3.769686222076416016e-01 1.622609235346317291e-02 9.260837435722351074e-01 2.000463485717773438e+01
9.156723618507385254e-01 -2.719861827790737152e-02 4.010037481784820557e-01 3.077169895172119141e+00 3.213762864470481873e-02 9.994676709175109863e-01 -5.594356916844844818e-03 -1.769765615463256836e-01 -4.006380736827850342e-01 1.800992712378501892e-02 9.160591959953308105e-01 2.067647552490234375e+01
9.078893661499023438e-01 -2.820053882896900177e-02 4.182598292827606201e-01 3.415167093276977539e+00 3.200432658195495605e-02 9.994854331016540527e-01 -2.080822829157114029e-03 -1.871287226676940918e-01 -4.179858565330505371e-01 1.527530327439308167e-02 9.083248972892761230e-01 2.137115669250488281e+01
9.014311432838439941e-01 -2.768103219568729401e-02 4.320362210273742676e-01 3.731853485107421875e+00 3.099496290087699890e-02 9.995191693305969238e-01 -6.297407671809196472e-04 -1.927059590816497803e-01 -4.318110048770904541e-01 1.395863480865955353e-02 9.018558859825134277e-01 2.201539230346679688e+01
8.933317661285400391e-01 -2.869858965277671814e-02 4.484799802303314209e-01 4.131270408630371094e+00 3.135615587234497070e-02 9.995068907737731934e-01 1.500672427937388420e-03 -2.045187801122665405e-01 -4.483018815517425537e-01 1.272202748805284500e-02 8.937914967536926270e-01 2.277449226379394531e+01
8.754432797431945801e-01 -2.818216942250728607e-02 4.824979603290557861e-01 4.520750045776367188e+00 3.069565631449222565e-02 9.995248913764953613e-01 2.687071217224001884e-03 -2.102711945772171021e-01 -4.823444783687591553e-01 1.245823130011558533e-02 8.758928179740905762e-01 2.342571830749511719e+01
8.674888014793395996e-01 -2.985175326466560364e-02 4.965596199035644531e-01 4.974243640899658203e+00 3.147025033831596375e-02 9.994913339614868164e-01 5.108168814331293106e-03 -2.216273248195648193e-01 -4.964596033096313477e-01 1.119559351354837418e-02 8.679874539375305176e-01 2.418638038635253906e+01
8.573949933052062988e-01 -3.038529492914676666e-02 5.137606263160705566e-01 5.429060935974121094e+00 3.145916014909744263e-02 9.994828104972839355e-01 6.611427757889032364e-03 -2.347640395164489746e-01 -5.136958956718444824e-01 1.049388758838176727e-02 8.579080104827880859e-01 2.492640686035156250e+01
8.416306376457214355e-01 -3.162727504968643188e-02 5.391262173652648926e-01 5.853201866149902344e+00 3.195601701736450195e-02 9.994506835937500000e-01 8.745214901864528656e-03 -2.347133159637451172e-01 -5.391067862510681152e-01 9.868102148175239563e-03 8.421794176101684570e-01 2.555660247802734375e+01
8.287773728370666504e-01 -3.046320565044879913e-02 5.587481856346130371e-01 6.341407775878906250e+00 2.918656915426254272e-02 9.995108842849731445e-01 1.120213605463504791e-02 -2.355700433254241943e-01 -5.588162541389465332e-01 7.023881655186414719e-03 8.292616009712219238e-01 2.626486015319824219e+01
8.168098330497741699e-01 -3.028804063796997070e-02 5.761109590530395508e-01 6.973603725433349609e+00 2.719361893832683563e-02 9.995319247245788574e-01 1.399363484233617783e-02 -2.474935501813888550e-01 -5.762652158737182617e-01 4.236418753862380981e-03 8.172515630722045898e-01 2.715355873107910156e+01
8.052437901496887207e-01 -2.736120857298374176e-02 5.923117995262145996e-01 7.617773056030273438e+00 2.564296312630176544e-02 9.996068477630615234e-01 1.131439022719860077e-02 -2.522109150886535645e-01 -5.923885703086853027e-01 6.077809259295463562e-03 8.056291937828063965e-01 2.801628684997558594e+01
7.945113182067871094e-01 -2.547081559896469116e-02 6.067144274711608887e-01 8.210735321044921875e+00 2.344278804957866669e-02 9.996613860130310059e-01 1.126833911985158920e-02 -2.553838789463043213e-01 -6.067960858345031738e-01 5.270279012620449066e-03 7.948397397994995117e-01 2.878090286254882812e+01
7.806931138038635254e-01 -2.307470515370368958e-02 6.244880557060241699e-01 8.819851875305175781e+00 2.150168456137180328e-02 9.997179508209228516e-01 1.005946472287178040e-02 -2.641181349754333496e-01 -6.245441436767578125e-01 5.574218928813934326e-03 7.809693217277526855e-01 2.953524208068847656e+01
7.684676051139831543e-01 -2.001829445362091064e-02 6.395751237869262695e-01 9.445352554321289062e+00 1.770035549998283386e-02 9.997927546501159668e-01 1.002545934170484543e-02 -2.762407064437866211e-01 -6.396433711051940918e-01 3.616492962464690208e-03 7.686629891395568848e-01 3.027511024475097656e+01
7.557904124259948730e-01 -2.165174856781959534e-02 6.544553041458129883e-01 1.007609844207763672e+01 1.830491423606872559e-02 9.997608661651611328e-01 1.193654350936412811e-02 -2.860291302204132080e-01 -6.545572280883789062e-01 2.958243247121572495e-03 7.560063004493713379e-01 3.099008178710937500e+01
7.443522810935974121e-01 -2.077250368893146515e-02 6.674637198448181152e-01 1.070194625854492188e+01 1.724349521100521088e-02 9.997804164886474609e-01 1.188490912318229675e-02 -2.898276150226593018e-01 -6.675640344619750977e-01 2.662871498614549637e-03 7.445472478866577148e-01 3.167021369934082031e+01
7.312994599342346191e-01 -1.911670528352260590e-02 6.817883253097534180e-01 1.153509426116943359e+01 1.509414892643690109e-02 9.998156428337097168e-01 1.184367202222347260e-02 -2.989786565303802490e-01 -6.818891167640686035e-01 1.629772596061229706e-03 7.314534187316894531e-01 3.255899810791015625e+01
7.180515527725219727e-01 -1.780040934681892395e-02 6.957620382308959961e-01 1.238078212738037109e+01 1.502657216042280197e-02 9.998360872268676758e-01 1.007195003330707550e-02 -3.049174845218658447e-01 -6.958273649215698242e-01 3.222765866667032242e-03 7.182015180587768555e-01 3.342464447021484375e+01
7.133551239967346191e-01 -1.555697899311780930e-02 7.006298303604125977e-01 1.309622669219970703e+01 1.455025188624858856e-02 9.998665452003479004e-01 7.386856246739625931e-03 -3.096672594547271729e-01 -7.006513476371765137e-01 4.924913868308067322e-03 7.134864926338195801e-01 3.414420318603515625e+01
7.050223350524902344e-01 -1.479408890008926392e-02 7.090305685997009277e-01 1.391208076477050781e+01 1.637748815119266510e-02 9.998551011085510254e-01 4.577387589961290359e-03 -3.259766697883605957e-01 -7.089956998825073242e-01 8.385002613067626953e-03 7.051626443862915039e-01 3.495468139648437500e+01
6.968761086463928223e-01 -1.333046145737171173e-02 7.170674800872802734e-01 1.461340045928955078e+01 1.706955023109912872e-02 9.998520016670227051e-01 1.998675987124443054e-03 -3.367580473423004150e-01 -7.169880867004394531e-01 1.084721367806196213e-02 6.970006227493286133e-01 3.563223266601562500e+01
6.960240006446838379e-01 -1.284280233085155487e-02 7.179035544395446777e-01 1.539182567596435547e+01 1.721117645502090454e-02 9.998508095741271973e-01 1.200095284730195999e-03 -3.541666865348815918e-01 -7.178119421005249023e-01 1.152069494128227234e-02 6.961413025856018066e-01 3.638624954223632812e+01
6.948003768920898438e-01 -1.282256934791803360e-02 7.190882563591003418e-01 1.618767166137695312e+01 1.747012883424758911e-02 9.998466372489929199e-01 9.489920921623706818e-04 -3.726881444454193115e-01 -7.189902067184448242e-01 1.190323103219270706e-02 6.949178576469421387e-01 3.715512084960937500e+01
6.935984492301940918e-01 -1.209033094346523285e-02 7.202603220939636230e-01 1.697197914123535156e+01 1.698597148060798645e-02 9.998553395271301270e-01 4.265058087185025215e-04 -3.910169005393981934e-01 -7.201612591743469238e-01 1.193852443248033524e-02 6.937035322189331055e-01 3.790774917602539062e+01
6.930177211761474609e-01 -9.332792833447456360e-03 7.208600044250488281e-01 1.777279281616210938e+01 1.815498992800712585e-02 9.998247027397155762e-01 -4.509218502789735794e-03 -4.129688441753387451e-01 -7.206915616989135742e-01 1.621220260858535767e-02 6.930657625198364258e-01 3.868121337890625000e+01
6.935526728630065918e-01 -6.666007451713085175e-03 7.203748822212219238e-01 1.855361366271972656e+01 1.948092132806777954e-02 9.997647404670715332e-01 -9.504148736596107483e-03 -4.407907128334045410e-01 -7.201420664787292480e-01 2.062522619962692261e-02 6.935194730758666992e-01 3.943373107910156250e+01
6.935365200042724609e-01 -5.183234810829162598e-03 7.204025983810424805e-01 1.934331321716308594e+01 2.031671628355979919e-02 9.997167587280273438e-01 -1.236608810722827911e-02 -4.743559956550598145e-01 -7.201345562934875488e-01 2.321258187294006348e-02 6.934455037117004395e-01 4.019579315185546875e+01
6.930292844772338867e-01 -4.455524496734142303e-03 7.208954095840454102e-01 2.012498855590820312e+01 2.025892399251461029e-02 9.997059702873229980e-01 -1.329701580107212067e-02 -5.020685195922851562e-01 -7.206243872642517090e-01 2.381982095539569855e-02 6.929158568382263184e-01 4.094771575927734375e+01
6.935147047042846680e-01 -2.096569864079356194e-03 7.204391956329345703e-01 2.090631484985351562e+01 1.969164796173572540e-02 9.996769428253173828e-01 -1.604645699262619019e-02 -5.323874354362487793e-01 -7.201730608940124512e-01 2.531512267887592316e-02 6.933319568634033203e-01 4.169991302490234375e+01
6.935358047485351562e-01 1.814958523027598858e-03 7.204196453094482422e-01 2.169099998474121094e+01 1.838093437254428864e-02 9.996263384819030762e-01 -2.021329849958419800e-02 -5.690424442291259766e-01 -7.201874256134033203e-01 2.726066485047340393e-02 6.932433247566223145e-01 4.245493698120117188e+01
6.921914815902709961e-01 8.182700257748365402e-04 7.217131853103637695e-01 2.247197151184082031e+01 1.971065811812877655e-02 9.996045231819152832e-01 -2.003765106201171875e-02 -6.111041307449340820e-01 -7.214444279670715332e-01 2.809536643326282501e-02 6.919017434120178223e-01 4.320557785034179688e+01
6.924613118171691895e-01 2.840922446921467781e-03 7.214491963386535645e-01 2.327540016174316406e+01 1.933183148503303528e-02 9.995597600936889648e-01 -2.249105647206306458e-02 -6.551129221916198730e-01 -7.211957573890686035e-01 2.952115237712860107e-02 6.921016573905944824e-01 4.397409057617187500e+01
6.935126781463623047e-01 3.020817413926124573e-03 7.204378247261047363e-01 2.407620429992675781e+01 1.985270343720912933e-02 9.995309710502624512e-01 -2.330171503126621246e-02 -7.002665996551513672e-01 -7.201706767082214355e-01 3.046270273625850677e-02 6.931275725364685059e-01 4.474528884887695312e+01
6.934356689453125000e-01 3.863106016069650650e-03 7.205079197883605957e-01 2.487671089172363281e+01 2.050648257136344910e-02 9.994743466377258301e-01 -2.509471215307712555e-02 -7.466080188751220703e-01 -7.202264666557312012e-01 3.217668086290359497e-02 6.929920911788940430e-01 4.551920318603515625e+01
6.940943002700805664e-01 6.669023074209690094e-03 7.198529243469238281e-01 2.566062164306640625e+01 1.934397034347057343e-02 9.994227886199951172e-01 -2.791076898574829102e-02 -7.912729382514953613e-01 -7.196239233016967773e-01 3.329754620790481567e-02 6.935647726058959961e-01 4.627616119384765625e+01
6.941501498222351074e-01 7.915066555142402649e-03 7.197864651679992676e-01 2.643852424621582031e+01 1.893777213990688324e-02 9.993922114372253418e-01 -2.925291284918785095e-02 -8.342582583427429199e-01 -7.195808887481689453e-01 3.393708914518356323e-02 6.935784816741943359e-01 4.702728652954101562e+01
6.941164731979370117e-01 1.091543212532997131e-02 7.197796702384948730e-01 2.722994422912597656e+01 1.744824461638927460e-02 9.993357658386230469e-01 -3.198094293475151062e-02 -8.840276598930358887e-01 -7.196509838104248047e-01 3.475742042064666748e-02 6.934650540351867676e-01 4.778944015502929688e+01
6.935613751411437988e-01 1.316050346940755844e-02 7.202770113945007324e-01 2.801666069030761719e+01 1.772741787135601044e-02 9.992181658744812012e-01 -3.532696515321731567e-02 -9.410814046859741211e-01 -7.201792001724243164e-01 3.727009892463684082e-02 6.927859187126159668e-01 4.854576110839843750e+01
6.928750872611999512e-01 1.407928764820098877e-02 7.209197878837585449e-01 2.881759452819824219e+01 1.792499795556068420e-02 9.991636872291564941e-01 -3.674088418483734131e-02 -1.002925276756286621e+00 -7.208345532417297363e-01 3.837935999035835266e-02 6.920433640480041504e-01 4.931582260131835938e+01
6.928510069847106934e-01 1.445275172591209412e-02 7.209354639053344727e-01 2.960397338867187500e+01 1.946668140590190887e-02 9.990594983100891113e-01 -3.873661532998085022e-02 -1.066313028335571289e+00 -7.208176851272583008e-01 4.087295755743980408e-02 6.919180750846862793e-01 5.007390975952148438e+01
6.919428110122680664e-01 1.569302380084991455e-02 7.217811942100524902e-01 3.039931297302246094e+01 1.918309740722179413e-02 9.990108013153076172e-01 -4.011054337024688721e-02 -1.124260783195495605e+00 -7.216970920562744141e-01 4.160024225711822510e-02 6.909573674201965332e-01 5.083268356323242188e+01
6.913039088249206543e-01 1.510521024465560913e-02 7.224056720733642578e-01 3.118125724792480469e+01 2.043096534907817841e-02 9.989728331565856934e-01 -4.043936729431152344e-02 -1.189137697219848633e+00 -7.222749590873718262e-01 4.271538183093070984e-02 6.902852058410644531e-01 5.158203887939453125e+01
6.920776963233947754e-01 1.762352697551250458e-02 7.216072678565979004e-01 3.197219276428222656e+01 2.114047855138778687e-02 9.987778663635253906e-01 -4.466802626848220825e-02 -1.250581502914428711e+00 -7.215130925178527832e-01 4.616891220211982727e-02 6.908593773841857910e-01 5.233620071411132812e+01
6.919831633567810059e-01 1.860600523650646210e-02 7.216733098030090332e-01 3.276693725585937500e+01 2.217495441436767578e-02 9.986479282379150391e-01 -4.700946807861328125e-02 -1.320690870285034180e+00 -7.215727567672729492e-01 4.853287339210510254e-02 6.906350255012512207e-01 5.309882354736328125e+01
6.921691298484802246e-01 2.024953253567218781e-02 7.214507460594177246e-01 3.354889678955078125e+01 2.169813774526119232e-02 9.985703229904174805e-01 -4.884504526853561401e-02 -1.388299107551574707e+00 -7.214089632034301758e-01 4.946320876479148865e-02 6.907401680946350098e-01 5.384637451171875000e+01
6.928457021713256836e-01 2.263855189085006714e-02 7.207300066947937012e-01 3.425123596191406250e+01 2.171665988862514496e-02 9.983981847763061523e-01 -5.223665013909339905e-02 -1.456304669380187988e+00 -7.207586765289306641e-01 5.184382200241088867e-02 6.912443041801452637e-01 5.451944351196289062e+01
6.921739578247070312e-01 2.303510904312133789e-02 7.213625907897949219e-01 3.494223785400390625e+01 2.203349582850933075e-02 9.983498454093933105e-01 -5.302194505929946899e-02 -1.517450332641601562e+00 -7.213941812515258789e-01 5.259458720684051514e-02 6.905242800712585449e-01 5.517786026000976562e+01
6.934559345245361328e-01 2.553432248532772064e-02 7.200459241867065430e-01 3.563169479370117188e+01 2.101845853030681610e-02 9.982292056083679199e-01 -5.564147233963012695e-02 -1.579622268676757812e+00 -7.201921939849853516e-01 5.371920764446258545e-02 6.916913390159606934e-01 5.584020996093750000e+01
6.937071681022644043e-01 2.772583067417144775e-02 7.197228074073791504e-01 3.642718124389648438e+01 2.110841125249862671e-02 9.980466365814208984e-01 -5.879300460219383240e-02 -1.661747813224792480e+00 -7.199475169181823730e-01 5.597738176584243774e-02 6.917669773101806641e-01 5.660852050781250000e+01
6.938069462776184082e-01 2.901117503643035889e-02 7.195758819580078125e-01 3.711544036865234375e+01 2.245737798511981964e-02 9.978303313255310059e-01 -6.188264116644859314e-02 -1.732768297195434570e+00 -7.198104858398437500e-01 5.909444391727447510e-02 6.916503310203552246e-01 5.726647567749023438e+01
6.941162347793579102e-01 3.085898421704769135e-02 7.192006707191467285e-01 3.782683563232421875e+01 2.265913411974906921e-02 9.976486563682556152e-01 -6.467518955469131470e-02 -1.813174009323120117e+00 -7.195059657096862793e-01 6.118861213326454163e-02 6.917851567268371582e-01 5.795273590087890625e+01
6.939065456390380859e-01 3.342712670564651489e-02 7.192882895469665527e-01 3.852089691162109375e+01 2.316853031516075134e-02 9.973677992820739746e-01 -6.870108097791671753e-02 -1.893339753150939941e+00 -7.196920514106750488e-01 6.433703005313873291e-02 6.913058757781982422e-01 5.862144470214843750e+01
6.944404840469360352e-01 3.485668450593948364e-02 7.187048792839050293e-01 3.922629547119140625e+01 2.417209371924400330e-02 9.971317052841186523e-01 -7.171612232923507690e-02 -1.979789614677429199e+00 -7.191438674926757812e-01 6.717522442340850830e-02 6.916063427925109863e-01 5.930096817016601562e+01
6.936333179473876953e-01 3.712118417024612427e-02 7.193706035614013672e-01 3.994016265869140625e+01 2.433526143431663513e-02 9.968931674957275391e-01 -7.490651309490203857e-02 -2.071247816085815430e+00 -7.199168801307678223e-01 6.946376711130142212e-02 6.905752420425415039e-01 5.998447799682617188e+01
6.950951814651489258e-01 3.917373344302177429e-02 7.178490757942199707e-01 4.072468948364257812e+01 2.451288886368274689e-02 9.966418743133544922e-01 -7.812354713678359985e-02 -2.174388647079467773e+00 -7.184994816780090332e-01 7.189989835023880005e-02 6.918010115623474121e-01 6.073746490478515625e+01
6.951124072074890137e-01 4.424047842621803284e-02 7.175379395484924316e-01 4.141417694091796875e+01 2.266590297222137451e-02 9.962593913078308105e-01 -8.338274806737899780e-02 -2.265198945999145508e+00 -7.185434103012084961e-01 7.422406971454620361e-02 6.915097832679748535e-01 6.140013885498046875e+01
6.945129036903381348e-01 4.692654684185981750e-02 7.179477214813232422e-01 4.211532974243164062e+01 2.230155840516090393e-02 9.959867596626281738e-01 -8.667328953742980957e-02 -2.359933853149414062e+00 -7.191342711448669434e-01 7.620710134506225586e-02 6.906793713569641113e-01 6.207080841064453125e+01
6.945098042488098145e-01 4.986792057752609253e-02 7.177523374557495117e-01 4.280270004272460938e+01 2.193988673388957977e-02 9.956628680229187012e-01 -9.040591120719909668e-02 -2.461583614349365234e+00 -7.191482782363891602e-01 7.853523641824722290e-02 6.904038190841674805e-01 6.273275756835937500e+01
6.928889155387878418e-01 5.169260874390602112e-02 7.191883921623229980e-01 4.348352813720703125e+01 2.298701368272304535e-02 9.953358173370361328e-01 -9.368741512298583984e-02 -2.561020612716674805e+00 -7.206774353981018066e-01 8.144701272249221802e-02 6.884691715240478516e-01 6.338486480712890625e+01
6.919930577278137207e-01 5.446078255772590637e-02 7.198463082313537598e-01 4.416606903076171875e+01 2.274642325937747955e-02 9.950098395347595215e-01 -9.714481234550476074e-02 -2.662412405014038086e+00 -7.215452790260314941e-01 8.359750360250473022e-02 6.873014569282531738e-01 6.403256988525390625e+01
6.907013654708862305e-01 5.373203381896018982e-02 7.211404442787170410e-01 4.484662246704101562e+01 2.280321158468723297e-02 9.951208829879760742e-01 -9.598691016435623169e-02 -2.764493942260742188e+00 -7.227800488471984863e-01 8.274264633655548096e-02 6.861065030097961426e-01 6.467436218261718750e+01
6.896775960922241211e-01 5.387308076024055481e-02 7.221090793609619141e-01 4.555231094360351562e+01 2.343318797647953033e-02 9.950453042984008789e-01 -9.661624580621719360e-02 -2.874300718307495117e+00 -7.237368822097778320e-01 8.355541527271270752e-02 6.849985718727111816e-01 6.534387207031250000e+01
6.888784170150756836e-01 5.645396560430526733e-02 7.226744890213012695e-01 4.625527191162109375e+01 2.281034365296363831e-02 9.947801232337951660e-01 -9.945391118526458740e-02 -2.982245922088623047e+00 -7.245174646377563477e-01 8.499615639448165894e-02 6.839954257011413574e-01 6.600372314453125000e+01
6.889508962631225586e-01 5.850756913423538208e-02 7.224420309066772461e-01 4.696463394165039062e+01 2.288401685655117035e-02 9.944833517074584961e-01 -1.023621782660484314e-01 -3.098312139511108398e+00 -7.244462370872497559e-01 8.705493807792663574e-02 6.838119029998779297e-01 6.667394256591796875e+01
6.895127296447753906e-01 6.152843311429023743e-02 7.216546535491943359e-01 4.766543960571289062e+01 2.362286671996116638e-02 9.939438700675964355e-01 -1.073145568370819092e-01 -3.217124462127685547e+00 -7.238878011703491211e-01 9.104235470294952393e-02 6.838840842247009277e-01 6.733826446533203125e+01
6.887745857238769531e-01 6.263224780559539795e-02 7.222642898559570312e-01 4.836899948120117188e+01 2.378558740019798279e-02 9.937720298767089844e-01 -1.088591143488883972e-01 -3.331985473632812500e+00 -7.245848178863525391e-01 9.215892851352691650e-02 6.829957365989685059e-01 6.800088500976562500e+01
6.907733082771301270e-01 6.229995936155319214e-02 7.203817367553710938e-01 4.903123092651367188e+01 2.398485690355300903e-02 9.937582612037658691e-01 -1.089410856366157532e-01 -3.444719552993774414e+00 -7.226729989051818848e-01 9.253191202878952026e-02 6.849680542945861816e-01 6.862910461425781250e+01
6.894692778587341309e-01 5.940166860818862915e-02 7.218742370605468750e-01 4.984462356567382812e+01 2.421277016401290894e-02 9.941837787628173828e-01 -1.049353182315826416e-01 -3.579088449478149414e+00 -7.239096164703369141e-01 8.982831984758377075e-02 6.840214729309082031e-01 6.940143585205078125e+01
6.881912350654602051e-01 5.922900140285491943e-02 7.231069207191467285e-01 5.064328765869140625e+01 2.434916421771049500e-02 9.942148923873901367e-01 -1.046085953712463379e-01 -3.714704513549804688e+00 -7.251201272010803223e-01 8.959782868623733521e-02 6.827683448791503906e-01 7.015432739257812500e+01
6.887841820716857910e-01 6.069509312510490417e-02 7.224204540252685547e-01 5.141714096069335938e+01 2.459162846207618713e-02 9.939591884613037109e-01 -1.069553494453430176e-01 -3.844371080398559570e+00 -7.245487570762634277e-01 9.143470972776412964e-02 6.831313371658325195e-01 7.088756561279296875e+01
6.862865686416625977e-01 6.012212112545967102e-02 7.248413562774658203e-01 5.213684082031250000e+01 2.483865432441234589e-02 9.940586090087890625e-01 -1.059698164463043213e-01 -3.961570501327514648e+00 -7.269065976142883301e-01 9.072980284690856934e-02 6.807162761688232422e-01 7.156434631347656250e+01
6.855465173721313477e-01 5.918306484818458557e-02 7.256185412406921387e-01 5.284728622436523438e+01 2.600826509296894073e-02 9.940627813339233398e-01 -1.056498885154724121e-01 -4.080841064453125000e+00 -7.275636792182922363e-01 9.130005538463592529e-02 6.799376010894775391e-01 7.223004150390625000e+01
6.840358972549438477e-01 5.989882349967956543e-02 7.269840836524963379e-01 5.350683593750000000e+01 2.525033801794052124e-02 9.940807223320007324e-01 -1.056644320487976074e-01 -4.191833019256591797e+00 -7.290106415748596191e-01 9.063492715358734131e-02 6.784750819206237793e-01 7.284704589843750000e+01
6.842579841613769531e-01 6.032797321677207947e-02 7.267395853996276855e-01 5.416170501708984375e+01 2.549911476671695709e-02 9.939829707145690918e-01 -1.065208390355110168e-01 -4.302050590515136719e+00 -7.287935614585876465e-01 9.141901880502700806e-02 6.786030530929565430e-01 7.346051788330078125e+01
6.839120388031005859e-01 6.186736375093460083e-02 7.269358038902282715e-01 5.484206008911132812e+01 2.435731887817382812e-02 9.939057826995849609e-01 -1.075040474534034729e-01 -4.411048889160156250e+00 -7.291573286056518555e-01 9.122958779335021973e-02 6.782376766204833984e-01 7.409322357177734375e+01
6.810384988784790039e-01 6.003312766551971436e-02 7.297817468643188477e-01 5.554579544067382812e+01 2.440032549202442169e-02 9.942191243171691895e-01 -1.045567169785499573e-01 -4.527535438537597656e+00 -7.318404316902160645e-01 8.901413530111312866e-02 6.756371259689331055e-01 7.474375152587890625e+01
6.769278049468994141e-01 5.948844179511070251e-02 7.336407303810119629e-01 5.632024383544921875e+01 2.447718940675258636e-02 9.943575263023376465e-01 -1.032140254974365234e-01 -4.657009601593017578e+00 -7.356418371200561523e-01 8.782597631216049194e-02 6.716526150703430176e-01 7.545273590087890625e+01
6.749136447906494141e-01 5.856313183903694153e-02 7.355683445930480957e-01 5.715130233764648438e+01 2.534286305308341980e-02 9.944174289703369141e-01 -1.024247258901596069e-01 -4.786702156066894531e+00 -7.374609112739562988e-01 8.776932954788208008e-02 6.696622371673583984e-01 7.621002197265625000e+01
6.751161813735961914e-01 5.601799115538597107e-02 7.355806827545166016e-01 5.781869125366210938e+01 2.567346207797527313e-02 9.947242140769958496e-01 -9.931604564189910889e-02 -4.889017581939697266e+00 -7.372640967369079590e-01 8.593485504388809204e-02 6.701167225837707520e-01 7.681362152099609375e+01
6.763460636138916016e-01 5.410060286521911621e-02 7.345936894416809082e-01 5.852601242065429688e+01 2.512744627892971039e-02 9.950234293937683105e-01 -9.641542285680770874e-02 -4.990951538085937500e+00 -7.361547946929931641e-01 8.366873860359191895e-02 6.716212630271911621e-01 7.745883941650390625e+01
6.750615239143371582e-01 5.452870577573776245e-02 7.357426881790161133e-01 5.913699722290039062e+01 2.611552551388740540e-02 9.948731064796447754e-01 -9.769541025161743164e-02 -5.076412677764892578e+00 -7.372986078262329102e-01 8.516480028629302979e-02 6.701770424842834473e-01 7.801362609863281250e+01
6.730974316596984863e-01 5.404842272400856018e-02 7.375753521919250488e-01 5.974211883544921875e+01 2.726605720818042755e-02 9.948337078094482422e-01 -9.778236597776412964e-02 -5.167688369750976562e+00 -7.390505671501159668e-01 8.592790365219116211e-02 6.681468486785888672e-01 7.856103515625000000e+01
6.737093925476074219e-01 5.496750771999359131e-02 7.369484305381774902e-01 6.034139633178710938e+01 2.821458689868450165e-02 9.945889711380004883e-01 -9.997777640819549561e-02 -5.253482341766357422e+00 -7.384570837020874023e-01 8.814873546361923218e-02 6.685135960578918457e-01 7.910466766357421875e+01
6.744936108589172363e-01 5.309930071234703064e-02 7.363678216934204102e-01 6.100807952880859375e+01 3.048685565590858459e-02 9.945555925369262695e-01 -9.964225441217422485e-02 -5.359828472137451172e+00 -7.376504540443420410e-01 8.965767920017242432e-02 6.692031025886535645e-01 7.971033477783203125e+01
6.737462878227233887e-01 5.563923344016075134e-02 7.368642687797546387e-01 6.175926971435546875e+01 2.981871552765369415e-02 9.943016171455383301e-01 -1.023422926664352417e-01 -5.473906517028808594e+00 -7.383603453636169434e-01 9.092517197132110596e-02 6.682484745979309082e-01 8.039143371582031250e+01
6.744177937507629395e-01 5.764453858137130737e-02 7.360954284667968750e-01 6.256056594848632812e+01 3.241287544369697571e-02 9.936745762825012207e-01 -1.075128242373466492e-01 -5.599097728729248047e+00 -7.376375794410705566e-01 9.636761993169784546e-02 6.682839989662170410e-01 8.110861968994140625e+01
6.737845540046691895e-01 5.885057151317596436e-02 7.365797162055969238e-01 6.330677413940429688e+01 3.617560118436813354e-02 9.930003881454467773e-01 -1.124293282628059387e-01 -5.730515480041503906e+00 -7.380412220954895020e-01 1.023994535207748413e-01 6.669399738311767578e-01 8.178305816650390625e+01
6.729661226272583008e-01 6.111852079629898071e-02 7.371430397033691406e-01 6.410588836669921875e+01 3.778544068336486816e-02 9.924379587173461914e-01 -1.167814433574676514e-01 -5.872213363647460938e+00 -7.387070059776306152e-01 1.064433231949806213e-01 6.655684113502502441e-01 8.249423980712890625e+01
6.734262108802795410e-01 6.355211883783340454e-02 7.365168333053588867e-01 6.491704559326171875e+01 3.826699405908584595e-02 9.919648170471191406e-01 -1.205830127000808716e-01 -6.017902851104736328e+00 -7.382628321647644043e-01 1.093881353735923767e-01 6.655837893486022949e-01 8.322502899169921875e+01
6.738470792770385742e-01 6.536946445703506470e-02 7.359726428985595703e-01 6.567227172851562500e+01 3.777027130126953125e-02 9.917281866073608398e-01 -1.226677224040031433e-01 -6.157863140106201172e+00 -7.379042506217956543e-01 1.104572638869285583e-01 6.658048033714294434e-01 8.391182708740234375e+01
6.751865148544311523e-01 6.703796237707138062e-02 7.345936894416809082e-01 6.636067962646484375e+01 3.826494142413139343e-02 9.913372993469238281e-01 -1.256383806467056274e-01 -6.285316467285156250e+00 -7.366533875465393066e-01 1.129386126995086670e-01 6.667730212211608887e-01 8.453866577148437500e+01
6.760606765747070312e-01 6.797984242439270020e-02 7.337025403976440430e-01 6.717944335937500000e+01 3.884410858154296875e-02 9.910619854927062988e-01 -1.276173144578933716e-01 -6.448338031768798828e+00 -7.358208298683166504e-01 1.147771701216697693e-01 6.673780679702758789e-01 8.528421783447265625e+01
6.770279407501220703e-01 6.989717483520507812e-02 7.326296567916870117e-01 6.798179626464843750e+01 3.837496787309646606e-02 9.907720685005187988e-01 -1.299879550933837891e-01 -6.604990959167480469e+00 -7.349555492401123047e-01 1.161202192306518555e-01 6.680987477302551270e-01 8.601519775390625000e+01
6.776008009910583496e-01 6.909427791833877563e-02 7.321760654449462891e-01 6.880831909179687500e+01 3.931653499603271484e-02 9.907491207122802734e-01 -1.298812627792358398e-01 -6.769823551177978516e+00 -7.343776226043701172e-01 1.167943850159645081e-01 6.686165332794189453e-01 8.676454162597656250e+01
6.775138378143310547e-01 7.203111797571182251e-02 7.319734096527099609e-01 6.961484527587890625e+01 3.932371363043785095e-02 9.902214407920837402e-01 -1.338423788547515869e-01 -6.937134742736816406e+00 -7.344574332237243652e-01 1.194640919566154480e-01 6.680569648742675781e-01 8.750416564941406250e+01
6.781427264213562012e-01 7.341108471155166626e-02 7.312535643577575684e-01 7.041821289062500000e+01 3.918231651186943054e-02 9.899713397026062012e-01 -1.357203722000122070e-01 -7.106813430786132812e+00 -7.338844537734985352e-01 1.206901147961616516e-01 6.684662699699401855e-01 8.823885345458984375e+01
6.784533262252807617e-01 7.544099539518356323e-02 7.307586669921875000e-01 7.117954254150390625e+01 3.857323154807090759e-02 9.896822571754455566e-01 -1.379835903644561768e-01 -7.263591289520263672e+00 -7.336295247077941895e-01 1.218032836914062500e-01 6.685441732406616211e-01 8.893431091308593750e+01
6.787100434303283691e-01 7.795485109090805054e-02 7.302562594413757324e-01 7.193721008300781250e+01 3.759172558784484863e-02 9.893585443496704102e-01 -1.405522227287292480e-01 -7.422705173492431641e+00 -7.334429621696472168e-01 1.228459253907203674e-01 6.685580611228942871e-01 8.962685394287109375e+01
6.798658370971679688e-01 8.036476373672485352e-02 7.289186120033264160e-01 7.267781066894531250e+01 3.687249496579170227e-02 9.889729022979736328e-01 -1.434273868799209595e-01 -7.587012767791748047e+00 -7.324082255363464355e-01 1.243885681033134460e-01 6.694066524505615234e-01 9.031114196777343750e+01
6.798166632652282715e-01 7.992692291736602783e-02 7.290126085281372070e-01 7.342826080322265625e+01 3.770173341035842896e-02 9.889194965362548828e-01 -1.435798704624176025e-01 -7.753107070922851562e+00 -7.324116826057434082e-01 1.250931620597839355e-01 6.692715883255004883e-01 9.100044250488281250e+01
6.797975897789001465e-01 8.014130592346191406e-02 7.290068864822387695e-01 7.402700805664062500e+01 3.783972933888435364e-02 9.888541698455810547e-01 -1.439923346042633057e-01 -7.876777172088623047e+00 -7.324222922325134277e-01 1.254712045192718506e-01 6.691892147064208984e-01 9.154840087890625000e+01
6.797738671302795410e-01 8.244892954826354980e-02 7.287715673446655273e-01 7.469258880615234375e+01 3.658978268504142761e-02 9.886105060577392578e-01 -1.459752619266510010e-01 -8.021824836730957031e+00 -7.325077652931213379e-01 1.258959025144577026e-01 6.690158247947692871e-01 9.215829467773437500e+01
6.797384619712829590e-01 8.572487533092498779e-02 7.284264564514160156e-01 7.531355285644531250e+01 3.604537248611450195e-02 9.880409836769104004e-01 -1.499136686325073242e-01 -8.156204223632812500e+00 -7.325675487518310547e-01 1.281586438417434692e-01 6.685205101966857910e-01 9.272347259521484375e+01
6.799595355987548828e-01 8.722302317619323730e-02 7.280421853065490723e-01 7.612493133544921875e+01 3.553911671042442322e-02 9.878117442131042480e-01 -1.515366137027740479e-01 -8.343712806701660156e+00 -7.323871254920959473e-01 1.289129108190536499e-01 6.685732603073120117e-01 9.346526336669921875e+01
6.793422698974609375e-01 8.919759094715118408e-02 7.283790707588195801e-01 7.696133422851562500e+01 3.591277450323104858e-02 9.873536825180053711e-01 -1.544066667556762695e-01 -8.542077064514160156e+00 -7.329415678977966309e-01 1.310532540082931519e-01 6.675487756729125977e-01 9.423040771484375000e+01
