9.999976158142089844e-01 1.055829809047281742e-03 1.912129926495254040e-03 1.160662970505654812e-03 -1.053670071996748447e-03 9.999988079071044922e-01 -1.129923854023218155e-03 -2.939711511135101318e-02 -1.913320855237543583e-03 1.127905910834670067e-03 9.999975562095642090e-01 1.402536273002624512e+00
9.999935030937194824e-01 3.265315899625420570e-04 3.581161610782146454e-03 5.606970749795436859e-03 -3.206341934856027365e-04 9.999985694885253906e-01 -1.647070748731493950e-03 -6.012917309999465942e-02 -3.581694560125470161e-03 1.645911601372063160e-03 9.999922513961791992e-01 2.817300081253051758e+00
9.999867081642150879e-01 2.231811871752142906e-03 4.648746922612190247e-03 9.251674637198448181e-03 -2.232318976894021034e-03 9.999974966049194336e-01 1.039189519360661507e-04 -9.174388647079467773e-02 -4.648502916097640991e-03 -1.142957480624318123e-04 9.999892115592956543e-01 4.274182796478271484e+00
9.999765157699584961e-01 2.325139241293072701e-03 6.452374160289764404e-03 1.375114358961582184e-02 -2.323966473340988159e-03 9.999973177909851074e-01 -1.892562431748956442e-04 -1.220988035202026367e-01 -6.452796515077352524e-03 1.742559543345123529e-04 9.999791979789733887e-01 5.680293560028076172e+00
9.999839067459106445e-01 2.915236633270978928e-03 4.871604964137077332e-03 1.907693035900592804e-02 -2.912166994065046310e-03 9.999955892562866211e-01 -6.371217314153909683e-04 -1.497018933296203613e-01 -4.873440135270357132e-03 6.229240680113434792e-04 9.999879598617553711e-01 7.074544429779052734e+00
9.999853372573852539e-01 3.498900216072797775e-03 4.122876562178134918e-03 2.630882337689399719e-02 -3.500567981973290443e-03 9.999938011169433594e-01 3.973265993408858776e-04 -1.778957992792129517e-01 -4.121460020542144775e-03 -4.117534845136106014e-04 9.999914169311523438e-01 8.461805343627929688e+00
9.999709725379943848e-01 4.807112738490104675e-03 5.893032066524028778e-03 3.465905040502548218e-02 -4.805408418178558350e-03 9.999884366989135742e-01 -3.032895037904381752e-04 -2.078248709440231323e-01 -5.894421134144067764e-03 2.749616105575114489e-04 9.999825954437255859e-01 9.861114501953125000e+00
9.999610185623168945e-01 4.861677531152963638e-03 7.357922382652759552e-03 4.266875609755516052e-02 -4.851393401622772217e-03 9.999872446060180664e-01 -1.414790167473256588e-03 -2.393758893013000488e-01 -7.364706136286258698e-03 1.379038323648273945e-03 9.999719858169555664e-01 1.129841995239257812e+01
9.999491572380065918e-01 5.864955484867095947e-03 8.188711479306221008e-03 5.240808427333831787e-02 -5.853366572409868240e-03 9.999818801879882812e-01 -1.438391860574483871e-03 -2.690807282924652100e-01 -8.196998387575149536e-03 1.390386372804641724e-03 9.999654889106750488e-01 1.270011615753173828e+01
9.999362826347351074e-01 6.777826696634292603e-03 9.013195522129535675e-03 6.481100618839263916e-02 -6.747868377715349197e-03 9.999716877937316895e-01 -3.349898383021354675e-03 -2.992117404937744141e-01 -9.035644121468067169e-03 3.288864623755216599e-03 9.999538660049438477e-01 1.412428283691406250e+01
9.999230504035949707e-01 7.734254468232393265e-03 9.690015576779842377e-03 7.853288948535919189e-02 -7.684607524424791336e-03 9.999573230743408203e-01 -5.150050856173038483e-03 -3.320269584655761719e-01 -9.729432873427867889e-03 5.075190216302871704e-03 9.999398589134216309e-01 1.554028892517089844e+01
9.999083876609802246e-01 8.909956552088260651e-03 1.017932314425706863e-02 9.219931811094284058e-02 -8.852199651300907135e-03 9.999446272850036621e-01 -5.704771727323532104e-03 -3.678085803985595703e-01 -1.022958848625421524e-02 5.614139139652252197e-03 9.999319911003112793e-01 1.683793640136718750e+01
9.999114274978637695e-01 9.123760275542736053e-03 9.674238972365856171e-03 1.061980202794075012e-01 -9.069275110960006714e-03 9.999429583549499512e-01 -5.660533905029296875e-03 -4.041737616062164307e-01 -9.725331328809261322e-03 5.572293885052204132e-03 9.999372363090515137e-01 1.825565338134765625e+01
9.998618960380554199e-01 1.041144039481878281e-02 1.294148247689008713e-02 1.178754791617393494e-01 -1.034405734390020370e-02 9.999327063560485840e-01 -5.262590944766998291e-03 -4.436075389385223389e-01 -1.299540232867002487e-02 5.127995740622282028e-03 9.999024271965026855e-01 1.966679382324218750e+01
9.998565316200256348e-01 1.186377648264169693e-02 1.207998488098382950e-02 1.349819302558898926e-01 -1.181023940443992615e-02 9.999201893806457520e-01 -4.493457265198230743e-03 -4.800328016281127930e-01 -1.213232893496751785e-02 4.350143484771251678e-03 9.999169707298278809e-01 2.108301162719726562e+01
9.998406767845153809e-01 1.141445059329271317e-02 1.371541153639554977e-02 1.513276249170303345e-01 -1.136165764182806015e-02 9.999278187751770020e-01 -3.920860122889280319e-03 -5.145298838615417480e-01 -1.375917438417673111e-02 3.764403518289327621e-03 9.998983144760131836e-01 2.250218009948730469e+01
9.997861385345458984e-01 1.228151191025972366e-02 1.663381420075893402e-02 1.690480411052703857e-01 -1.219325233250856400e-02 9.999111294746398926e-01 -5.396978929638862610e-03 -5.501946210861206055e-01 -1.669861748814582825e-02 5.193002056330442429e-03 9.998471140861511230e-01 2.390400886535644531e+01
9.997338652610778809e-01 1.347428653389215469e-02 1.872095093131065369e-02 1.940600275993347168e-01 -1.334093697369098663e-02 9.998849034309387207e-01 -7.229606155306100845e-03 -5.869623422622680664e-01 -1.881621032953262329e-02 6.977924611419439316e-03 9.997985959053039551e-01 2.531041908264160156e+01
9.997484683990478516e-01 1.219180133193731308e-02 1.882158592343330383e-02 2.194759994745254517e-01 -1.203213259577751160e-02 9.998909235000610352e-01 -8.573230355978012085e-03 -6.269476413726806641e-01 -1.892405748367309570e-02 8.344607427716255188e-03 9.997860789299011230e-01 2.672444343566894531e+01
9.996988773345947266e-01 1.410104986280202866e-02 2.008121088147163391e-02 2.440814971923828125e-01 -1.395074743777513504e-02 9.998738765716552734e-01 -7.605120539665222168e-03 -6.711715459823608398e-01 -2.018591761589050293e-02 7.322680205106735229e-03 9.997693896293640137e-01 2.816315841674804688e+01
9.996665716171264648e-01 1.421270705759525299e-02 2.155547216534614563e-02 2.702990174293518066e-01 -1.406616531312465668e-02 9.998771548271179199e-01 -6.934751756489276886e-03 -7.111018896102905273e-01 -2.165138348937034607e-02 6.629234179854393005e-03 9.997435808181762695e-01 2.957595443725585938e+01
9.996892809867858887e-01 1.511254068464040756e-02 1.981793344020843506e-02 2.989355027675628662e-01 -1.494414079934358597e-02 9.998512864112854004e-01 -8.618089370429515839e-03 -7.456082701683044434e-01 -1.994522660970687866e-02 8.319247514009475708e-03 9.997664690017700195e-01 3.097259330749511719e+01
9.996905922889709473e-01 1.532900892198085785e-02 1.958396472036838531e-02 3.261657953262329102e-01 -1.513102278113365173e-02 9.998334050178527832e-01 -1.021804846823215485e-02 -7.845848798751831055e-01 -1.973733305931091309e-02 9.918558411300182343e-03 9.997559785842895508e-01 3.238105392456054688e+01
9.996694922447204590e-01 1.566722244024276733e-02 2.037895098328590393e-02 3.543902337551116943e-01 -1.548088714480400085e-02 9.998372793197631836e-01 -9.269298054277896881e-03 -8.277989625930786133e-01 -2.052085660398006439e-02 8.950746618211269379e-03 9.997493028640747070e-01 3.380674362182617188e+01
9.996460080146789551e-01 1.600477285683155060e-02 2.125064097344875336e-02 3.812685012817382812e-01 -1.578357443213462830e-02 9.998199939727783203e-01 -1.053615286946296692e-02 -8.674049973487854004e-01 -2.141544222831726074e-02 1.019700802862644196e-02 9.997186064720153809e-01 3.519869995117187500e+01
9.996247291564941406e-01 1.645590923726558685e-02 2.189697697758674622e-02 4.120661914348602295e-01 -1.620723307132720947e-02 9.998027682304382324e-01 -1.148599572479724884e-02 -9.132545590400695801e-01 -2.208166942000389099e-02 1.112679205834865570e-02 9.996942281723022461e-01 3.662811279296875000e+01
9.995959401130676270e-01 1.647220738232135773e-02 2.316249907016754150e-02 4.410132467746734619e-01 -1.617299206554889679e-02 9.997841715812683105e-01 -1.304659154266119003e-02 -9.520814418792724609e-01 -2.337240613996982574e-02 1.266670972108840942e-02 9.996465444564819336e-01 3.791755676269531250e+01
9.995076656341552734e-01 1.673993654549121857e-02 2.653365209698677063e-02 4.697173833847045898e-01 -1.634504459798336029e-02 9.997534751892089844e-01 -1.503026299178600311e-02 -9.923435449600219727e-01 -2.677871659398078918e-02 1.458916533738374710e-02 9.995349049568176270e-01 3.919959640502929688e+01
9.994294643402099609e-01 1.755926758050918579e-02 2.884778566658496857e-02 5.050415992736816406e-01 -1.715618558228015900e-02 9.997525811195373535e-01 -1.416127197444438934e-02 -1.037247419357299805e+00 -2.908930927515029907e-02 1.365827023983001709e-02 9.994835257530212402e-01 4.049695968627929688e+01
9.994089007377624512e-01 1.750529557466506958e-02 2.958417497575283051e-02 5.399550199508666992e-01 -1.714141480624675751e-02 9.997749328613281250e-01 -1.250897906720638275e-02 -1.080113530158996582e+00 -2.979648672044277191e-02 1.199446525424718857e-02 9.994840621948242188e-01 4.177183914184570312e+01
9.994001388549804688e-01 1.788654923439025879e-02 2.965114079415798187e-02 5.768464207649230957e-01 -1.749414764344692230e-02 9.997567534446716309e-01 -1.344087533652782440e-02 -1.119238853454589844e+00 -2.988433651626110077e-02 1.291408669203519821e-02 9.994699954986572266e-01 4.303247070312500000e+01
9.993230104446411133e-01 1.845292747020721436e-02 3.182305768132209778e-02 6.104173064231872559e-01 -1.797045953571796417e-02 9.997203350067138672e-01 -1.538081467151641846e-02 -1.160249471664428711e+00 -3.209797292947769165e-02 1.479852385818958282e-02 9.993752241134643555e-01 4.425395584106445312e+01
9.992558360099792480e-01 1.868808828294277191e-02 3.373753651976585388e-02 6.464543342590332031e-01 -1.813465915620326996e-02 9.996972680091857910e-01 -1.663607731461524963e-02 -1.203102946281433105e+00 -3.403821587562561035e-02 1.601187512278556824e-02 9.992923140525817871e-01 4.546269607543945312e+01
9.992005825042724609e-01 1.916018314659595490e-02 3.508327156305313110e-02 6.867317557334899902e-01 -1.857132278382778168e-02 9.996825456619262695e-01 -1.703429035842418671e-02 -1.251336336135864258e+00 -3.539851307868957520e-02 1.636912487447261810e-02 9.992392063140869141e-01 4.676308822631835938e+01
9.990881681442260742e-01 1.930981129407882690e-02 3.807540237903594971e-02 7.288878560066223145e-01 -1.859091781079769135e-02 9.996440410614013672e-01 -1.914524845778942108e-02 -1.296472907066345215e+00 -3.843153640627861023e-02 1.841993257403373718e-02 9.990914463996887207e-01 4.798781967163085938e+01
9.989603757858276367e-01 1.926892623305320740e-02 4.131134226918220520e-02 7.765053510665893555e-01 -1.846419274806976318e-02 9.996341466903686523e-01 -1.977352984249591827e-02 -1.342104434967041016e+00 -4.167723283171653748e-02 1.899018883705139160e-02 9.989506602287292480e-01 4.921693420410156250e+01
9.988241195678710938e-01 1.817296445369720459e-02 4.494221135973930359e-02 8.240265846252441406e-01 -1.720900274813175201e-02 9.996156096458435059e-01 -2.174352854490280151e-02 -1.389048457145690918e+00 -4.532007500529289246e-02 2.094454877078533173e-02 9.987528920173645020e-01 5.038605880737304688e+01
9.986685514450073242e-01 1.928984746336936951e-02 4.784062504768371582e-02 8.762941360473632812e-01 -1.827689446508884430e-02 9.996014833450317383e-01 -2.152122370898723602e-02 -1.440448522567749023e+00 -4.823669046163558960e-02 2.061818912625312805e-02 9.986230731010437012e-01 5.160390472412109375e+01
9.985594749450683594e-01 1.971081644296646118e-02 4.990112036466598511e-02 9.354362487792968750e-01 -1.860666275024414062e-02 9.995738863945007324e-01 -2.249540761113166809e-02 -1.490773797035217285e+00 -5.032325536012649536e-02 2.153450623154640198e-02 9.985007643699645996e-01 5.282849884033203125e+01
9.976964592933654785e-01 1.883355155587196350e-02 6.516710668802261353e-02 1.006925821304321289e+00 -1.728741079568862915e-02 9.995575547218322754e-01 -2.420889399945735931e-02 -1.541908860206604004e+00 -6.559420377016067505e-02 2.302655018866062164e-02 9.975806474685668945e-01 5.404139709472656250e+01
9.962222576141357422e-01 1.774022728204727173e-02 8.500741422176361084e-02 1.101939916610717773e+00 -1.585403084754943848e-02 9.996141195297241211e-01 -2.281255275011062622e-02 -1.590009570121765137e+00 -8.537930250167846680e-02 2.137865312397480011e-02 9.961191415786743164e-01 5.514808654785156250e+01
9.944653511047363281e-01 1.558802649378776550e-02 1.039007604122161865e-01 1.214763641357421875e+00 -1.311228610575199127e-02 9.996146559715270996e-01 -2.446847781538963318e-02 -1.633867979049682617e+00 -1.042421311140060425e-01 2.297067269682884216e-02 9.942866563796997070e-01 5.621610260009765625e+01
9.920230507850646973e-01 1.491181924939155579e-02 1.251701414585113525e-01 1.344853520393371582e+00 -1.184778194874525070e-02 9.996125698089599609e-01 -2.518777363002300262e-02 -1.683276176452636719e+00 -1.254972368478775024e-01 2.350386045873165131e-02 9.918155670166015625e-01 5.729714202880859375e+01
9.897007346153259277e-01 1.489058788865804672e-02 1.423740088939666748e-01 1.494990706443786621e+00 -1.154591981321573257e-02 9.996383786201477051e-01 -2.428943477571010590e-02 -1.728444576263427734e+00 -1.426842063665390015e-01 2.239542827010154724e-02 9.895149469375610352e-01 5.832205963134765625e+01
9.868471026420593262e-01 1.433144696056842804e-02 1.610190123319625854e-01 1.669681668281555176e+00 -1.039495132863521576e-02 9.996268749237060547e-01 -2.526322565972805023e-02 -1.776141643524169922e+00 -1.613209992647171021e-01 2.325715124607086182e-02 9.866279959678649902e-01 5.939047241210937500e+01
9.836494922637939453e-01 1.463696826249361038e-02 1.794969439506530762e-01 1.853989124298095703e+00 -1.010541245341300964e-02 9.996074438095092773e-01 -2.613429166376590729e-02 -1.823792695999145508e+00 -1.798090338706970215e-01 2.389308623969554901e-02 9.834113717079162598e-01 6.042380523681640625e+01
9.804407358169555664e-01 1.409967243671417236e-02 1.963081210851669312e-01 2.070711135864257812e+00 -9.024732746183872223e-03 9.996022582054138184e-01 -2.672244980931282043e-02 -1.873363494873046875e+00 -1.966068744659423828e-01 2.442814595997333527e-02 9.801780581474304199e-01 6.150190353393554688e+01
9.765671491622924805e-01 1.366151217371225357e-02 2.147781401872634888e-01 2.299269676208496094e+00 -8.149011060595512390e-03 9.996148943901062012e-01 -2.653053775429725647e-02 -1.923601031303405762e+00 -2.150579243898391724e-01 2.415861748158931732e-02 9.763024449348449707e-01 6.253694915771484375e+01
9.694515466690063477e-01 1.380046829581260681e-02 2.448937147855758667e-01 2.565399646759033203e+00 -7.501446641981601715e-03 9.996171593666076660e-01 -2.663555182516574860e-02 -1.971830487251281738e+00 -2.451675981283187866e-01 2.398481592535972595e-02 9.691839814186096191e-01 6.357736587524414062e+01
9.610241651535034180e-01 1.558157242834568024e-02 2.760242819786071777e-01 2.835952043533325195e+00 -8.990797214210033417e-03 9.996439218521118164e-01 -2.512689121067523956e-02 -2.018401861190795898e+00 -2.763175666332244873e-01 2.166587114334106445e-02 9.608221650123596191e-01 6.448815917968750000e+01
9.504529237747192383e-01 1.419282890856266022e-02 3.105438053607940674e-01 3.131276130676269531e+00 -6.625064183026552200e-03 9.996551871299743652e-01 -2.541060745716094971e-02 -2.064366340637207031e+00 -3.107974529266357422e-01 2.209421247243881226e-02 9.502193927764892578e-01 6.538360595703125000e+01
9.393864870071411133e-01 1.600291207432746887e-02 3.424858152866363525e-01 3.477858781814575195e+00 -7.404226809740066528e-03 9.996240735054016113e-01 -2.639948017895221710e-02 -2.112807273864746094e+00 -3.427796363830566406e-01 2.226346917450428009e-02 9.391520619392395020e-01 6.634587860107421875e+01
9.261361956596374512e-01 1.504080556333065033e-02 3.768888115882873535e-01 3.818583965301513672e+00 -5.431712605059146881e-03 9.996328949928283691e-01 -2.654565498232841492e-02 -2.158388614654541016e+00 -3.771497905254364014e-01 2.253773622214794159e-02 9.258780479431152344e-01 6.716179656982421875e+01
9.157677292823791504e-01 1.461788639426231384e-02 4.014416933059692383e-01 4.049033641815185547e+00 -2.837646286934614182e-03 9.995481967926025391e-01 -2.992374077439308167e-02 -2.189081907272338867e+00 -4.016978144645690918e-01 2.626404352486133575e-02 9.153955578804016113e-01 6.766999816894531250e+01
9.030521512031555176e-01 1.227571908384561539e-02 4.293550252914428711e-01 4.352916717529296875e+00 9.724610717967152596e-04 9.995306134223937988e-01 -3.062294796109199524e-02 -2.223616361618041992e+00 -4.295294582843780518e-01 2.807165309786796570e-02 9.026163816452026367e-01 6.827692413330078125e+01
8.905305266380310059e-01 1.118616200983524323e-02 4.547854661941528320e-01 4.665740013122558594e+00 3.371980506926774979e-03 9.995079040527343750e-01 -3.118719719350337982e-02 -2.259412765502929688e+00 -4.549106061458587646e-01 2.930668555200099945e-02 8.900547027587890625e-01 6.886591339111328125e+01
8.826656341552734375e-01 1.097506657242774963e-02 4.698729217052459717e-01 5.044795513153076172e+00 3.783315885812044144e-03 9.995290637016296387e-01 -3.045350313186645508e-02 -2.298779726028442383e+00 -4.699859619140625000e-01 2.865794487297534943e-02 8.822084665298461914e-01 6.955796813964843750e+01
8.674837946891784668e-01 1.026439666748046875e-02 4.973593354225158691e-01 5.462773323059082031e+00 5.577554926276206970e-03 9.995236396789550781e-01 -3.035616688430309296e-02 -2.340552091598510742e+00 -4.974340796470642090e-01 2.910753153264522552e-02 8.670132756233215332e-01 7.027034759521484375e+01
8.504664897918701172e-01 9.612287394702434540e-03 5.259411334991455078e-01 5.842626094818115234e+00 7.701572030782699585e-03 9.994983673095703125e-01 -3.072087652981281281e-02 -2.375044107437133789e+00 -5.259727239608764648e-01 3.017765097320079803e-02 8.499658703804016113e-01 7.085833740234375000e+01
8.316450715065002441e-01 1.239326782524585724e-02 5.551688671112060547e-01 6.390626907348632812e+00 5.802035331726074219e-03 9.995024800300598145e-01 -3.100374527275562286e-02 -2.424336433410644531e+00 -5.552770495414733887e-01 2.900522388517856598e-02 8.311594128608703613e-01 7.166905975341796875e+01
8.156583309173583984e-01 1.400850899517536163e-02 5.783638954162597656e-01 6.821811676025390625e+00 5.531940143555402756e-03 9.994722604751586914e-01 -3.200972452759742737e-02 -2.460692644119262695e+00 -5.785072445869445801e-01 2.930847369134426117e-02 8.151504397392272949e-01 7.225339508056640625e+01
7.957850694656372070e-01 1.388650760054588318e-02 6.054195165634155273e-01 7.419412612915039062e+00 6.625126115977764130e-03 9.994775652885437012e-01 -3.163328766822814941e-02 -2.514233827590942383e+00 -6.055426597595214844e-01 2.918427996337413788e-02 7.952774167060852051e-01 7.303356933593750000e+01
7.714177966117858887e-01 1.416191831231117249e-02 6.361710429191589355e-01 8.057806015014648438e+00 9.031875990331172943e-03 9.994078874588012695e-01 -3.319998458027839661e-02 -2.566302776336669922e+00 -6.362646818161010742e-01 3.135687857866287231e-02 7.708331942558288574e-01 7.379924774169921875e+01
7.493826746940612793e-01 1.432626973837614059e-02 6.619817614555358887e-01 8.717762947082519531e+00 9.615378454327583313e-03 9.994249939918518066e-01 -3.251391276717185974e-02 -2.620118618011474609e+00 -6.620670557022094727e-01 3.073057159781455994e-02 7.488141655921936035e-01 7.454321289062500000e+01
7.272109389305114746e-01 1.346837077289819717e-02 6.862814426422119141e-01 9.377361297607421875e+00 1.175374165177345276e-02 9.994165301322937012e-01 -3.206839784979820251e-02 -2.671704053878784180e+00 -6.863130331039428711e-01 3.138687461614608765e-02 7.266285419464111328e-01 7.523336029052734375e+01
7.053031325340270996e-01 1.394540257751941681e-02 7.087682485580444336e-01 1.003949642181396484e+01 1.211998332291841507e-02 9.994231462478637695e-01 -3.172490373253822327e-02 -2.719140768051147461e+00 -7.088018059730529785e-01 3.096594288945198059e-02 7.047274112701416016e-01 7.587774658203125000e+01
6.831776499748229980e-01 1.700291037559509277e-02 7.300537824630737305e-01 1.054776859283447266e+01 1.002632081508636475e-02 9.994162917137145996e-01 -3.265886753797531128e-02 -2.754044055938720703e+00 -7.301828861236572266e-01 2.963156998157501221e-02 6.826085448265075684e-01 7.633359527587890625e+01
6.580811142921447754e-01 1.812869310379028320e-02 7.527282834053039551e-01 1.106984615325927734e+01 1.164161507040262222e-02 9.993456602096557617e-01 -3.424601256847381592e-02 -2.791483163833618164e+00 -7.528565526008605957e-01 3.129963576793670654e-02 6.574395895004272461e-01 7.676813507080078125e+01
6.402356028556823730e-01 1.873757690191268921e-02 7.679496407508850098e-01 1.139913558959960938e+01 1.312208734452724457e-02 9.992898702621459961e-01 -3.532195463776588440e-02 -2.814104080200195312e+00 -7.680661082267761230e-01 3.269148617982864380e-02 6.395351886749267578e-01 7.701169586181640625e+01
6.216621994972229004e-01 2.213493362069129944e-02 7.829723358154296875e-01 1.178331947326660156e+01 1.238889247179031372e-02 9.991977810859680176e-01 -3.808419406414031982e-02 -2.838709354400634766e+00 -7.831871509552001953e-01 3.337567672133445740e-02 6.208893656730651855e-01 7.728849029541015625e+01
6.055015921592712402e-01 2.565924078226089478e-02 7.954300045967102051e-01 1.217499256134033203e+01 1.283989381045103073e-02 9.990351200103759766e-01 -4.200123623013496399e-02 -2.870858669281005859e+00 -7.957401871681213379e-01 3.564506396651268005e-02 6.045879721641540527e-01 7.756909942626953125e+01
5.830379724502563477e-01 2.569783478975296021e-02 8.120380043983459473e-01 1.287835502624511719e+01 1.348990947008132935e-02 9.990557432174682617e-01 -4.130186140537261963e-02 -2.927705049514770508e+00 -8.123325705528259277e-01 3.503488749265670776e-02 5.821408629417419434e-01 7.807555389404296875e+01
5.616690516471862793e-01 2.579707652330398560e-02 8.269593715667724609e-01 1.356203842163085938e+01 1.539865043014287949e-02 9.990147948265075684e-01 -4.162307083606719971e-02 -2.979925394058227539e+00 -8.272182941436767578e-01 3.611246123909950256e-02 5.607185363769531250e-01 7.853366851806640625e+01
5.362737178802490234e-01 2.901369892060756683e-02 8.435450196266174316e-01 1.431431961059570312e+01 1.568818464875221252e-02 9.988937973976135254e-01 -4.433047771453857422e-02 -3.037566423416137695e+00 -8.438979983329772949e-01 3.700697794556617737e-02 5.352254509925842285e-01 7.900612640380859375e+01
5.064632296562194824e-01 2.873897552490234375e-02 8.617821335792541504e-01 1.514912605285644531e+01 1.859043724834918976e-02 9.988481998443603516e-01 -4.423534870147705078e-02 -3.101284265518188477e+00 -8.620607852935791016e-01 3.842450305819511414e-02 5.053457617759704590e-01 7.949330902099609375e+01
4.767176806926727295e-01 2.969777397811412811e-02 8.785542845726013184e-01 1.601376914978027344e+01 1.885415241122245789e-02 9.988539218902587891e-01 -4.399481043219566345e-02 -3.167065143585205078e+00 -8.788538575172424316e-01 3.753751888871192932e-02 4.756115376949310303e-01 7.995339965820312500e+01
4.495206177234649658e-01 3.022391349077224731e-02 8.927581310272216797e-01 1.690145683288574219e+01 1.842261478304862976e-02 9.989013075828552246e-01 -4.309345781803131104e-02 -3.231877326965332031e+00 -8.930795788764953613e-01 3.581835702061653137e-02 4.484700560569763184e-01 8.039435577392578125e+01
4.174261987209320068e-01 2.964639663696289062e-02 9.082267284393310547e-01 1.777367019653320312e+01 1.877134479582309723e-02 9.989732503890991211e-01 -4.123594611883163452e-02 -3.293200016021728516e+00 -9.085165858268737793e-01 3.426162526011466980e-02 4.164412319660186768e-01 8.079131317138671875e+01
4.055815339088439941e-01 2.896654792129993439e-02 9.135993719100952148e-01 1.856624412536621094e+01 2.109509333968162537e-02 9.989350438117980957e-01 -4.103709012269973755e-02 -3.346883535385131836e+00 -9.138150215148925781e-01 3.591637685894966125e-02 4.045387208461761475e-01 8.113647460937500000e+01
3.902374505996704102e-01 2.911030687391757965e-02 9.202535152435302734e-01 1.954753112792968750e+01 2.385636232793331146e-02 9.988449215888977051e-01 -4.171274602413177490e-02 -3.408794403076171875e+00 -9.204046726226806641e-01 3.823180869221687317e-02 3.890923857688903809e-01 8.154216003417968750e+01
3.772712051868438721e-01 3.018716908991336823e-02 9.256103038787841797e-01 2.014357757568359375e+01 2.471290342509746552e-02 9.987846612930297852e-01 -4.264637455344200134e-02 -3.447942495346069336e+00 -9.257726073265075684e-01 3.896379470825195312e-02 3.760668337345123291e-01 8.177564239501953125e+01
3.540462851524353027e-01 3.093020617961883545e-02 9.347158670425415039e-01 2.069167709350585938e+01 2.760155685245990753e-02 9.986720681190490723e-01 -4.350127652287483215e-02 -3.487174510955810547e+00 -9.348200559616088867e-01 4.120110720396041870e-02 3.527225852012634277e-01 8.196351623535156250e+01
3.255088329315185547e-01 3.195272013545036316e-02 9.449985623359680176e-01 2.160751152038574219e+01 2.629203721880912781e-02 9.987365603446960449e-01 -4.282610863447189331e-02 -3.545644044876098633e+00 -9.451729655265808105e-01 3.878624364733695984e-02 3.242576420307159424e-01 8.227821350097656250e+01
2.927225232124328613e-01 3.357569500803947449e-02 9.556073546409606934e-01 2.253748130798339844e+01 2.565745264291763306e-02 9.987477064132690430e-01 -4.295083135366439819e-02 -3.608882188796997070e+00 -9.558527469635009766e-01 3.709115833044052124e-02 2.914946377277374268e-01 8.255480957031250000e+01
2.578275799751281738e-01 3.520828485488891602e-02 9.655488133430480957e-01 2.347448730468750000e+01 2.561502531170845032e-02 9.987355470657348633e-01 -4.325829446315765381e-02 -3.670359134674072266e+00 -9.658509492874145508e-01 3.588576987385749817e-02 2.565998733043670654e-01 8.279934692382812500e+01
2.304468154907226562e-01 4.071611166000366211e-02 9.722322821617126465e-01 2.418673324584960938e+01 2.890157699584960938e-02 9.983970522880554199e-01 -4.866233095526695251e-02 -3.719515085220336914e+00 -9.726552367210388184e-01 3.931315988302230835e-02 2.289008498191833496e-01 8.295703887939453125e+01
2.158648967742919922e-01 3.954012691974639893e-02 9.756218791007995605e-01 2.487800979614257812e+01 3.146469965577125549e-02 9.983791112899780273e-01 -4.742424562573432922e-02 -3.765386581420898438e+00 -9.759157896041870117e-01 4.093491286039352417e-02 2.142710685729980469e-01 8.309714508056640625e+01
2.047979086637496948e-01 4.001688957214355469e-02 9.779855012893676758e-01 2.567642021179199219e+01 3.117641620337963104e-02 9.983901977539062500e-01 -4.738036170601844788e-02 -3.818466424942016602e+00 -9.783073067665100098e-01 4.019351303577423096e-02 2.032208442687988281e-01 8.325823211669921875e+01
1.946758627891540527e-01 3.947333618998527527e-02 9.800726175308227539e-01 2.625932312011718750e+01 3.122204728424549103e-02 9.984341263771057129e-01 -4.641459882259368896e-02 -3.860068321228027344e+00 -9.803701639175415039e-01 3.963571414351463318e-02 1.931387931108474731e-01 8.336608886718750000e+01
1.835072785615921021e-01 3.962064906954765320e-02 9.822191596031188965e-01 2.722442436218261719e+01 3.265622630715370178e-02 9.983901381492614746e-01 -4.637406021356582642e-02 -3.928134441375732422e+00 -9.824753403663635254e-01 4.058558866381645203e-02 1.819182038307189941e-01 8.353985595703125000e+01
1.711175292730331421e-01 4.022759199142456055e-02 9.844286441802978516e-01 2.800205421447753906e+01 3.434507548809051514e-02 9.983152151107788086e-01 -4.676502943038940430e-02 -3.982493400573730469e+00 -9.846513867378234863e-01 4.181262850761413574e-02 1.694478243589401245e-01 8.367074584960937500e+01
1.691508591175079346e-01 4.145075753331184387e-02 9.847177863121032715e-01 2.887429809570312500e+01 3.370963409543037415e-02 9.982872605323791504e-01 -4.781243205070495605e-02 -4.043248653411865234e+00 -9.850131273269653320e-01 4.128202423453330994e-02 1.674640625715255737e-01 8.381848907470703125e+01
1.595851927995681763e-01 4.158829897642135620e-02 9.863073825836181641e-01 2.979462814331054688e+01 3.472795709967613220e-02 9.982572197914123535e-01 -4.771114885807037354e-02 -4.104580402374267578e+00 -9.865726828575134277e-01 4.186647012829780579e-02 1.578629761934280396e-01 8.396432495117187500e+01
1.588810235261917114e-01 4.156755656003952026e-02 9.864219427108764648e-01 3.078960990905761719e+01 3.609495609998703003e-02 9.982007741928100586e-01 -4.787762463092803955e-02 -4.171460151672363281e+00 -9.866372346878051758e-01 4.321173578500747681e-02 1.570949852466583252e-01 8.412172698974609375e+01
1.565892547369003296e-01 4.151462763547897339e-02 9.867905974388122559e-01 3.178769683837890625e+01 3.644587472081184387e-02 9.981928467750549316e-01 -4.777771607041358948e-02 -4.237550258636474609e+00 -9.869906902313232422e-01 4.344595596194267273e-02 1.547934114933013916e-01 8.427774810791015625e+01
1.550495773553848267e-01 4.116225987672805786e-02 9.870483875274658203e-01 3.277968978881835938e+01 3.709267824888229370e-02 9.981845021247863770e-01 -4.745329171419143677e-02 -4.302743434906005859e+00 -9.872096180915832520e-01 4.396992176771163940e-02 1.532414257526397705e-01 8.443093872070312500e+01
1.538783162832260132e-01 4.087450355291366577e-02 9.872435927391052246e-01 3.378269195556640625e+01 3.800219669938087463e-02 9.981599450111389160e-01 -4.724969714879989624e-02 -4.367873668670654297e+00 -9.873582720756530762e-01 4.478817060589790344e-02 1.520420014858245850e-01 8.458409118652343750e+01
1.534232199192047119e-01 4.043198749423027039e-02 9.873326420783996582e-01 3.477056884765625000e+01 3.932913765311241150e-02 9.981210231781005859e-01 -4.698515310883522034e-02 -4.434565544128417969e+00 -9.873770475387573242e-01 4.603959247469902039e-02 1.515449285507202148e-01 8.473706817626953125e+01
1.522051393985748291e-01 4.204118251800537109e-02 9.874539971351623535e-01 3.579748153686523438e+01 4.027688503265380859e-02 9.980010390281677246e-01 -4.869841784238815308e-02 -4.503874778747558594e+00 -9.875273704528808594e-01 4.718375951051712036e-02 1.502077430486679077e-01 8.489582061767578125e+01
1.502541601657867432e-01 4.483802616596221924e-02 9.876297116279602051e-01 3.679503631591796875e+01 4.010192304849624634e-02 9.978724122047424316e-01 -5.140394344925880432e-02 -4.571890354156494141e+00 -9.878332018852233887e-01 4.732954502105712891e-02 1.481365263462066650e-01 8.504627990722656250e+01
1.488294601440429688e-01 4.563258588314056396e-02 9.878090023994445801e-01 3.779962158203125000e+01 3.940321132540702820e-02 9.978675842285156250e-01 -5.203393474221229553e-02 -4.641178607940673828e+00 -9.880769848823547363e-01 4.666706919670104980e-02 1.467141658067703247e-01 8.519584655761718750e+01
1.473377645015716553e-01 4.713508486747741699e-02 9.879620671272277832e-01 3.881555557250976562e+01 3.902401775121688843e-02 9.978090524673461914e-01 -5.342460051178932190e-02 -4.715772628784179688e+00 -9.883155822753906250e-01 4.642575606703758240e-02 1.451756954193115234e-01 8.534677124023437500e+01
1.466559469699859619e-01 4.729651659727096558e-02 9.880558252334594727e-01 3.979728698730468750e+01 3.902101516723632812e-02 9.978021979331970215e-01 -5.355485528707504272e-02 -4.786790847778320312e+00 -9.884170889854431152e-01 4.640911519527435303e-02 1.444882005453109741e-01 8.549013519287109375e+01
1.453897058963775635e-01 4.838125035166740417e-02 9.881904721260070801e-01 4.078292846679687500e+01 3.842064738273620605e-02 9.977741837501525879e-01 -5.450314283370971680e-02 -4.857583522796630859e+00 -9.886276721954345703e-01 4.589115083217620850e-02 1.432073861360549927e-01 8.563037872314453125e+01
1.474947929382324219e-01 4.933803901076316833e-02 9.878311753273010254e-01 4.177796936035156250e+01 3.898695483803749084e-02 9.976888298988342285e-01 -5.565156042575836182e-02 -4.929688453674316406e+00 -9.882935881614685059e-01 4.672087728977203369e-02 1.452305018901824951e-01 8.577628326416015625e+01
1.457803249359130859e-01 4.981579631567001343e-02 9.880616664886474609e-01 4.313708114624023438e+01 3.875911608338356018e-02 9.976772069931030273e-01 -5.601913854479789734e-02 -5.036418437957763672e+00 -9.885568618774414062e-01 4.646292328834533691e-02 1.435110121965408325e-01 8.597344207763671875e+01
1.456873416900634766e-01 5.050307884812355042e-02 9.880405068397521973e-01 4.447954940795898438e+01 3.824413567781448364e-02 9.976623654365539551e-01 -5.663398280739784241e-02 -5.140660285949707031e+00 -9.885905981063842773e-01 4.603764414787292480e-02 1.434154361486434937e-01 8.616825103759765625e+01
1.450322270393371582e-01 5.026058852672576904e-02 9.881492853164672852e-01 4.568617630004882812e+01 3.789087384939193726e-02 9.976943135261535645e-01 -5.630734935402870178e-02 -5.236046314239501953e+00 -9.887005090713500977e-01 4.560825228691101074e-02 1.427935361862182617e-01 8.634664916992187500e+01
1.437243372201919556e-01 5.130892619490623474e-02 9.882864952087402344e-01 4.691428375244140625e+01 3.845646232366561890e-02 9.976112246513366699e-01 -5.738563835620880127e-02 -5.332616806030273438e+00 -9.888696074485778809e-01 4.625374451279640198e-02 1.414079666137695312e-01 8.652413177490234375e+01
1.408994048833847046e-01 5.253312364220619202e-02 9.886288642883300781e-01 4.800916290283203125e+01 3.848173096776008606e-02 9.975460171699523926e-01 -5.849133431911468506e-02 -5.417523384094238281e+00 -9.892750978469848633e-01 4.628557339310646057e-02 1.385321766138076782e-01 8.667710113525390625e+01
1.395410150289535522e-01 5.255976319313049316e-02 9.888200759887695312e-01 4.924194335937500000e+01 3.884395211935043335e-02 9.975311756134033203e-01 -5.850436538457870483e-02 -5.516804695129394531e+00 -9.894534349441528320e-01 4.657346755266189575e-02 1.371550112962722778e-01 8.685287475585937500e+01
1.377083361148834229e-01 5.387460067868232727e-02 9.890062212944030762e-01 5.046229171752929688e+01 3.978304937481880188e-02 9.974130392074584961e-01 -5.987186357378959656e-02 -5.612692832946777344e+00 -9.896728396415710449e-01 4.759056493639945984e-02 1.352089196443557739e-01 8.701843261718750000e+01
1.364778131246566772e-01 5.415254831314086914e-02 9.891615509986877441e-01 5.169455718994140625e+01 4.036843404173851013e-02 9.973714947700500488e-01 -6.017172709107398987e-02 -5.711014270782470703e+00 -9.898195266723632812e-01 4.814304038882255554e-02 1.339331418275833130e-01 8.718544769287109375e+01
1.365560144186019897e-01 5.414455011487007141e-02 9.891511797904968262e-01 5.291191864013671875e+01 3.999769315123558044e-02 9.973897337913513184e-01 -6.011730059981346130e-02 -5.811260223388671875e+00 -9.898237586021423340e-01 4.777317866683006287e-02 1.340340226888656616e-01 8.735089874267578125e+01
1.403709948062896729e-01 5.404084920883178711e-02 9.886226654052734375e-01 5.408536148071289062e+01 3.931645303964614868e-02 9.974176287651062012e-01 -6.010396033525466919e-02 -5.903686523437500000e+00 -9.893172979354858398e-01 4.730601981282234192e-02 1.378839164972305298e-01 8.751167297363281250e+01
1.382139176130294800e-01 5.568430200219154358e-02 9.888353943824768066e-01 5.530994796752929688e+01 3.977444022893905640e-02 9.973007440567016602e-01 -6.172041222453117371e-02 -6.001311302185058594e+00 -9.896026849746704102e-01 4.786102473735809326e-02 1.356261372566223145e-01 8.767984008789062500e+01
1.413867473602294922e-01 5.376054346561431885e-02 9.884932041168212891e-01 5.648601150512695312e+01 4.016094282269477844e-02 9.973909258842468262e-01 -5.998872965574264526e-02 -6.097326755523681641e+00 -9.891387224197387695e-01 4.818046092987060547e-02 1.388588845729827881e-01 8.784538269042968750e+01
1.450623571872711182e-01 5.399837717413902283e-02 9.879475235939025879e-01 5.766786956787109375e+01 3.944429755210876465e-02 9.974004030227661133e-01 -6.030667573213577271e-02 -6.190927505493164062e+00 -9.886351823806762695e-01 4.771715402603149414e-02 1.425554007291793823e-01 8.801397705078125000e+01
1.482728719711303711e-01 5.542007833719253540e-02 9.873920083045959473e-01 5.883199691772460938e+01 3.888214007019996643e-02 9.973300695419311523e-01 -6.181660667061805725e-02 -6.285102844238281250e+00 -9.881810545921325684e-01 4.755767062306404114e-02 1.457222104072570801e-01 8.818675994873046875e+01
1.477892398834228516e-01 5.515664443373680115e-02 9.874792695045471191e-01 6.006204986572265625e+01 3.769678995013237000e-02 9.974042177200317383e-01 -6.135277822613716125e-02 -6.388422966003417969e+00 -9.882994294166564941e-01 4.629210755228996277e-02 1.453264355659484863e-01 8.836968231201171875e+01
1.505025625228881836e-01 5.405893549323081970e-02 9.871300458908081055e-01 6.123154449462890625e+01 3.666290640830993652e-02 9.975119829177856445e-01 -6.021722778677940369e-02 -6.484593868255615234e+00 -9.879287481307983398e-01 4.525393247604370117e-02 1.481461971998214722e-01 8.854410552978515625e+01
1.549821645021438599e-01 5.463608726859092712e-02 9.864048361778259277e-01 6.241188812255859375e+01 3.601033985614776611e-02 9.974937438964843750e-01 -6.090810894966125488e-02 -6.576988220214843750e+00 -9.872598648071289062e-01 4.496047273278236389e-02 1.526263207197189331e-01 8.872742462158203125e+01
1.568084657192230225e-01 5.388894677162170410e-02 9.861572384834289551e-01 6.357246780395507812e+01 3.585278615355491638e-02 9.975416660308837891e-01 -6.021192297339439392e-02 -6.670924186706542969e+00 -9.869771599769592285e-01 4.479825124144554138e-02 1.544909626245498657e-01 8.890888977050781250e+01
1.569135636091232300e-01 5.406105145812034607e-02 9.861311316490173340e-01 6.479103851318359375e+01 3.547574952244758606e-02 9.975479245185852051e-01 -6.033178418874740601e-02 -6.769332885742187500e+00 -9.869740605354309082e-01 4.445064440369606018e-02 1.546109914779663086e-01 8.910014343261718750e+01
1.563028991222381592e-01 5.425056815147399902e-02 9.862177371978759766e-01 6.602310180664062500e+01 3.537827357649803162e-02 9.975423812866210938e-01 -6.048046052455902100e-02 -6.868704319000244141e+00 -9.870744347572326660e-01 4.434398189187049866e-02 1.539995223283767700e-01 8.929382324218750000e+01
1.548658162355422974e-01 5.517669767141342163e-02 9.863930344581604004e-01 6.724196624755859375e+01 3.545491769909858704e-02 9.974857568740844727e-01 -6.136362999677658081e-02 -6.969988822937011719e+00 -9.872981905937194824e-01 4.447564482688903809e-02 1.525202095508575439e-01 8.948400115966796875e+01
1.525354385375976562e-01 5.684738978743553162e-02 9.866613149642944336e-01 6.846417236328125000e+01 3.461109101772308350e-02 9.974248409271240234e-01 -6.281826645135879517e-02 -7.071972846984863281e+00 -9.876908659934997559e-01 4.373146966099739075e-02 1.501751393079757690e-01 8.967130279541015625e+01
1.559920161962509155e-01 5.784934759140014648e-02 9.860624670982360840e-01 6.962435913085937500e+01 3.493892773985862732e-02 9.973358511924743652e-01 -6.403788924217224121e-02 -7.167186737060546875e+00 -9.871392250061035156e-01 4.444139823317527771e-02 1.535552740097045898e-01 8.984946441650390625e+01
1.605139076709747314e-01 5.851759389042854309e-02 9.852969646453857422e-01 7.079806518554687500e+01 3.522190451622009277e-02 9.972658157348632812e-01 -6.496633589267730713e-02 -7.264697551727294922e+00 -9.864039421081542969e-01 4.513207077980041504e-02 1.580139547586441040e-01 9.003752899169921875e+01
1.586182564496994019e-01 5.912790820002555847e-02 9.855675101280212402e-01 7.203263092041015625e+01 3.482912108302116394e-02 9.972490072250366211e-01 -6.543409079313278198e-02 -7.372381210327148438e+00 -9.867244958877563477e-01 4.470552131533622742e-02 1.561225801706314087e-01 9.023548126220703125e+01
1.561032086610794067e-01 6.147578731179237366e-02 9.858253598213195801e-01 7.325167846679687500e+01 3.438488394021987915e-02 9.971182346343994141e-01 -6.762470304965972900e-02 -7.478834152221679688e+00 -9.871411323547363281e-01 4.445394873619079590e-02 1.535395681858062744e-01 9.042459869384765625e+01
