9.997971653938293457e-01 -4.432383138919249177e-05 2.014061063528060913e-02 2.787645161151885986e-02 6.803402357036247849e-05 9.999992847442626953e-01 -1.176589168608188629e-03 -1.411958783864974976e-02 -2.014054358005523682e-02 1.177720725536346436e-03 9.997964501380920410e-01 6.200118064880371094e-01
9.996229410171508789e-01 2.145358885172754526e-04 2.745842747390270233e-02 4.519949853420257568e-02 -1.742674066917970777e-04 9.999988675117492676e-01 -1.468911999836564064e-03 -3.934802487492561340e-02 -2.745871059596538544e-02 1.463572261855006218e-03 9.996218681335449219e-01 1.237128496170043945e+00
9.995280504226684570e-01 8.265568176284432411e-04 3.071022406220436096e-02 6.749358028173446655e-02 -7.489989511668682098e-04 9.999964833259582520e-01 -2.537163440138101578e-03 -5.475256592035293579e-02 -3.071220964193344116e-02 2.512967912480235100e-03 9.995251297950744629e-01 1.843875169754028320e+00
9.994670748710632324e-01 5.981981521472334862e-04 3.263814002275466919e-02 8.391803503036499023e-02 -4.934885073453187943e-04 9.999946951866149902e-01 -3.216000739485025406e-03 -7.375874370336532593e-02 -3.263988718390464783e-02 3.198188962414860725e-03 9.994620680809020996e-01 2.472081184387207031e+00
9.999207258224487305e-01 2.672961214557290077e-03 1.230625994503498077e-02 7.408350706100463867e-02 -2.652387833222746849e-03 9.999950528144836426e-01 -1.687201089225709438e-03 -9.291240572929382324e-02 -1.231070607900619507e-02 1.654437975957989693e-03 9.999228119850158691e-01 3.245854377746582031e+00
9.991654753684997559e-01 1.966721843928098679e-03 4.079885780811309814e-02 1.162461861968040466e-01 -1.900093862786889076e-03 9.999967217445373535e-01 -1.671620761044323444e-03 -1.033924221992492676e-01 -4.080200940370559692e-02 1.592717133462429047e-03 9.991658926010131836e-01 3.772793769836425781e+00
9.983203411102294922e-01 2.869846066460013390e-03 5.786487460136413574e-02 1.535514891147613525e-01 -2.837681677192449570e-03 9.999956488609313965e-01 -6.378868129104375839e-04 -1.306910961866378784e-01 -5.786645412445068359e-02 4.726266488432884216e-04 9.983241558074951172e-01 4.008314132690429688e+00
9.983561635017395020e-01 2.438226016238331795e-03 5.726324394345283508e-02 1.834107786417007446e-01 -2.290480304509401321e-03 9.999938011169433594e-01 -2.645252738147974014e-03 -1.504695415496826172e-01 -5.726934969425201416e-02 2.509760204702615738e-03 9.983555078506469727e-01 4.568341255187988281e+00
9.974952340126037598e-01 4.065824206918478012e-03 7.061663269996643066e-02 2.432353943586349487e-01 -3.892891341820359230e-03 9.999889731407165527e-01 -2.586061600595712662e-03 -1.720398962497711182e-01 -7.062638550996780396e-02 2.304693218320608139e-03 9.975000023841857910e-01 5.354891300201416016e+00
9.970809221267700195e-01 4.757609684020280838e-03 7.620351761579513550e-02 2.955759167671203613e-01 -4.464058205485343933e-03 9.999818205833435059e-01 -4.021668806672096252e-03 -1.961733996868133545e-01 -7.622128725051879883e-02 3.669758792966604233e-03 9.970839619636535645e-01 6.051453590393066406e+00
9.967600703239440918e-01 4.911113064736127853e-03 8.028209954500198364e-02 3.649464547634124756e-01 -4.576835315674543381e-03 9.999799132347106934e-01 -4.346829839050769806e-03 -2.200768887996673584e-01 -8.030186593532562256e-02 3.965312615036964417e-03 9.967624545097351074e-01 6.967751979827880859e+00
9.972431659698486328e-01 4.950812552124261856e-03 7.403707504272460938e-02 4.451445043087005615e-01 -4.647100809961557388e-03 9.999799132347106934e-01 -4.273379687219858170e-03 -2.474659532308578491e-01 -7.405677437782287598e-02 3.917545080184936523e-03 9.972460865974426270e-01 8.128697395324707031e+00
9.993442296981811523e-01 6.749397609382867813e-03 3.557188063859939575e-02 4.885379076004028320e-01 -6.646929308772087097e-03 9.999731779098510742e-01 -2.997107105329632759e-03 -2.672518193721771240e-01 -3.559119254350662231e-02 2.758699469268321991e-03 9.993623495101928711e-01 9.384283065795898438e+00
9.999551773071289062e-01 8.742756210267543793e-03 -3.593556582927703857e-03 4.768928587436676025e-01 -8.734561502933502197e-03 9.999589920043945312e-01 2.281986642628908157e-03 -2.791581749916076660e-01 3.613326698541641235e-03 -2.250497229397296906e-03 9.999906420707702637e-01 1.063298702239990234e+01
9.991353750228881836e-01 8.626066148281097412e-03 -4.066596180200576782e-02 4.140574634075164795e-01 -8.547503501176834106e-03 9.999609589576721191e-01 2.104689832776784897e-03 -2.928103804588317871e-01 4.068250209093093872e-02 -1.755278557538986206e-03 9.991701841354370117e-01 1.188011741638183594e+01
9.977948069572448730e-01 1.043865736573934555e-02 -6.554411351680755615e-02 3.111076653003692627e-01 -1.029992662370204926e-02 9.999436140060424805e-01 2.453727880492806435e-03 -3.182985186576843262e-01 6.556601077318191528e-02 -1.773214549757540226e-03 9.978461861610412598e-01 1.363577842712402344e+01
9.951060414314270020e-01 1.131161581724882126e-02 -9.816066920757293701e-02 1.701960116624832153e-01 -1.118165720254182816e-02 9.999353885650634766e-01 1.873669680207967758e-03 -3.327280282974243164e-01 9.817549586296081543e-02 -7.668988546356558800e-04 9.951683282852172852e-01 1.507774448394775391e+01
9.927312135696411133e-01 1.477447804063558578e-02 -1.194393634796142578e-01 -1.682196557521820068e-02 -1.462455280125141144e-02 9.998904466629028320e-01 2.131439279764890671e-03 -3.544276356697082520e-01 1.194577366113662720e-01 -3.691895399242639542e-04 9.928386807441711426e-01 1.666585922241210938e+01
9.925491213798522949e-01 1.581111736595630646e-02 -1.208117380738258362e-01 -2.032409310340881348e-01 -1.575120352208614349e-02 9.998745322227478027e-01 1.450804760679602623e-03 -3.774075210094451904e-01 1.208194717764854431e-01 4.629611794371157885e-04 9.926738142967224121e-01 1.817694473266601562e+01
9.889515638351440430e-01 1.720210351049900055e-02 -1.472352296113967896e-01 -4.347057342529296875e-01 -1.707311719655990601e-02 9.998515248298645020e-01 2.139781136065721512e-03 -4.007225632667541504e-01 1.472501456737518311e-01 3.976482548750936985e-04 9.890986680984497070e-01 1.976259422302246094e+01
9.873352050781250000e-01 1.751501858234405518e-02 -1.576758325099945068e-01 -7.030898928642272949e-01 -1.708894036710262299e-02 9.998452663421630859e-01 4.057624377310276031e-03 -4.186886548995971680e-01 1.577224880456924438e-01 -1.311700209043920040e-03 9.874821305274963379e-01 2.140947914123535156e+01
9.870398044586181641e-01 1.807191595435142517e-02 -1.594520360231399536e-01 -1.001490354537963867e+00 -1.753045432269573212e-02 9.998343586921691895e-01 4.801703151315450668e-03 -4.432247281074523926e-01 1.595123857259750366e-01 -1.944170100614428520e-03 9.871935248374938965e-01 2.324133491516113281e+01
9.868230819702148438e-01 1.872658170759677887e-02 -1.607130914926528931e-01 -1.298041582107543945e+00 -1.812932454049587250e-02 9.998217821121215820e-01 5.181797780096530914e-03 -4.665080010890960693e-01 1.607814878225326538e-01 -2.199862850829958916e-03 9.869870543479919434e-01 2.506967544555664062e+01
9.869101643562316895e-01 1.784473843872547150e-02 -1.602779179811477661e-01 -1.595654964447021484e+00 -1.721087098121643066e-02 9.998371601104736328e-01 5.342109128832817078e-03 -4.907449185848236084e-01 1.603471487760543823e-01 -2.513623097911477089e-03 9.870569705963134766e-01 2.687553596496582031e+01
9.836463928222656250e-01 1.873001642525196075e-02 -1.791312694549560547e-01 -1.871428251266479492e+00 -1.791450940072536469e-02 9.998200535774230957e-01 6.169102154672145844e-03 -5.087081193923950195e-01 1.792145967483520508e-01 -2.859130268916487694e-03 9.838053584098815918e-01 2.839548301696777344e+01
9.835067987442016602e-01 1.785131357610225677e-02 -1.799855530261993408e-01 -2.155270814895629883e+00 -1.720368117094039917e-02 9.998382329940795898e-01 5.158524494618177414e-03 -5.243299007415771484e-01 1.800485551357269287e-01 -1.976989675313234329e-03 9.836552143096923828e-01 2.993424987792968750e+01
9.833919405937194824e-01 1.831260509788990021e-02 -1.805674284696578979e-01 -2.484483480453491211e+00 -1.764635927975177765e-02 9.998298883438110352e-01 5.295563023537397385e-03 -5.455761551856994629e-01 1.806336641311645508e-01 -2.021489664912223816e-03 9.835480451583862305e-01 3.172566795349121094e+01
9.832074046134948730e-01 1.772830449044704437e-02 -1.816273033618927002e-01 -2.813359975814819336e+00 -1.727838627994060516e-02 9.998420476913452148e-01 4.059333354234695435e-03 -5.647793412208557129e-01 1.816705763339996338e-01 -8.531811181455850601e-04 9.833586812019348145e-01 3.349773788452148438e+01
9.825388789176940918e-01 1.919855922460556030e-02 -1.850632876157760620e-01 -3.148848533630371094e+00 -1.870048046112060547e-02 9.998148679733276367e-01 4.436733201146125793e-03 -5.876905322074890137e-01 1.851142048835754395e-01 -8.987351320683956146e-04 9.827162027359008789e-01 3.527028656005859375e+01
9.818951487541198730e-01 1.960638538002967834e-02 -1.884068697690963745e-01 -3.491006851196289062e+00 -1.885457709431648254e-02 9.998050928115844727e-01 5.781942978501319885e-03 -6.104179620742797852e-01 1.884835362434387207e-01 -2.125171246007084846e-03 9.820736050605773926e-01 3.704415130615234375e+01
9.818707704544067383e-01 1.858594641089439392e-02 -1.886372268199920654e-01 -3.834856510162353516e+00 -1.758851669728755951e-02 9.998206496238708496e-01 6.960286758840084076e-03 -6.273010969161987305e-01 1.887327581644058228e-01 -3.516498720273375511e-03 9.820217490196228027e-01 3.881599426269531250e+01
9.818020462989807129e-01 1.716628856956958771e-02 -1.891289353370666504e-01 -4.217071533203125000e+00 -1.580749452114105225e-02 9.998368024826049805e-01 8.690698072314262390e-03 -6.492683887481689453e-01 1.892472505569458008e-01 -5.543139297515153885e-03 9.819133877754211426e-01 4.080059051513671875e+01
9.814349412918090820e-01 1.715661026537418365e-02 -1.910259276628494263e-01 -4.597807884216308594e+00 -1.556215900927782059e-02 9.998299479484558105e-01 9.843965061008930206e-03 -6.617109179496765137e-01 1.911623477935791016e-01 -6.688683759421110153e-03 9.815351963043212891e-01 4.275952911376953125e+01
9.807955622673034668e-01 1.721983030438423157e-02 -1.942765563726425171e-01 -4.987962722778320312e+00 -1.553145237267017365e-02 9.998267292976379395e-01 1.021059229969978333e-02 -6.749744415283203125e-01 1.944187432527542114e-01 -6.997355259954929352e-03 9.808932542800903320e-01 4.471512603759765625e+01
9.806397557258605957e-01 1.752465218305587769e-02 -1.950343698263168335e-01 -5.338243961334228516e+00 -1.564397104084491730e-02 9.998145699501037598e-01 1.117913704365491867e-02 -6.868292093276977539e-01 1.951941549777984619e-01 -7.911844179034233093e-03 9.807322621345520020e-01 4.646971130371093750e+01
9.801080226898193359e-01 1.834016107022762299e-02 -1.976149231195449829e-01 -5.696446418762207031e+00 -1.623496226966381073e-02 9.997923970222473145e-01 1.226811297237873077e-02 -6.994388103485107422e-01 1.977989375591278076e-01 -8.816070854663848877e-03 9.802024960517883301e-01 4.824092102050781250e+01
9.789949059486389160e-01 1.888770982623100281e-02 -2.030069977045059204e-01 -6.082003116607666016e+00 -1.670832186937332153e-02 9.997823834419250488e-01 1.244421862065792084e-02 -7.118490934371948242e-01 2.031979262828826904e-01 -8.791185915470123291e-03 9.790977239608764648e-01 5.012629699707031250e+01
9.778926372528076172e-01 1.942203566431999207e-02 -2.082025855779647827e-01 -6.472235679626464844e+00 -1.715844869613647461e-02 9.997718930244445801e-01 1.267280336469411850e-02 -7.230979204177856445e-01 2.084012925624847412e-01 -8.820477873086929321e-03 9.780031442642211914e-01 5.195320129394531250e+01
9.776343703269958496e-01 2.012048661708831787e-02 -2.093458771705627441e-01 -6.846983909606933594e+00 -1.769199781119823456e-02 9.997522830963134766e-01 1.346687600016593933e-02 -7.322552800178527832e-01 2.095650285482406616e-01 -9.462220594286918640e-03 9.777483940124511719e-01 5.368963241577148438e+01
9.775239825248718262e-01 2.155790850520133972e-02 -2.097180187702178955e-01 -7.224379062652587891e+00 -1.896740682423114777e-02 9.997165203094482422e-01 1.435612235218286514e-02 -7.383286952972412109e-01 2.099681347608566284e-01 -1.005592290312051773e-02 9.776559472084045410e-01 5.543767547607421875e+01
9.771903753280639648e-01 2.034728974103927612e-02 -2.113872170448303223e-01 -7.611592292785644531e+00 -1.776348799467086792e-02 9.997420907020568848e-01 1.411516871303319931e-02 -7.439572811126708984e-01 2.116199880838394165e-01 -1.003852859139442444e-02 9.772999286651611328e-01 5.721676635742187500e+01
9.768635034561157227e-01 2.189159020781517029e-02 -2.127391248941421509e-01 -7.961123943328857422e+00 -1.941596157848834991e-02 9.997168779373168945e-01 1.371954567730426788e-02 -7.462130784988403320e-01 2.129793018102645874e-01 -9.271875023841857910e-03 9.770121574401855469e-01 5.881500244140625000e+01
9.763502478599548340e-01 2.156800217926502228e-02 -2.151150554418563843e-01 -8.349654197692871094e+00 -1.874176040291786194e-02 9.997088313102722168e-01 1.516970153898000717e-02 -7.523043751716613770e-01 2.153796702623367310e-01 -1.077959500253200531e-02 9.764703512191772461e-01 6.057891464233398438e+01
9.757851958274841309e-01 2.129610627889633179e-02 -2.176903635263442993e-01 -8.749371528625488281e+00 -1.837013848125934601e-02 9.997113347053527832e-01 1.545626856386661530e-02 -7.572673559188842773e-01 2.179567515850067139e-01 -1.108328346163034439e-02 9.758949279785156250e-01 6.235889053344726562e+01
9.758037924766540527e-01 2.142566256225109100e-02 -2.175944447517395020e-01 -9.136201858520507812e+00 -1.839229092001914978e-02 9.997032284736633301e-01 1.595638878643512726e-02 -7.615948915481567383e-01 2.178717255592346191e-01 -1.156852114945650101e-02 9.759083986282348633e-01 6.408098602294921875e+01
9.751852154731750488e-01 2.106567472219467163e-02 -2.203847765922546387e-01 -9.526647567749023438e+00 -1.774430461227893829e-02 9.996970891952514648e-01 1.703965663909912109e-02 -7.643601894378662109e-01 2.206769436597824097e-01 -1.270652562379837036e-02 9.752637147903442383e-01 6.578841400146484375e+01
9.746087193489074707e-01 2.068453282117843628e-02 -2.229560315608978271e-01 -9.933075904846191406e+00 -1.726660504937171936e-02 9.997015595436096191e-01 1.726865209639072418e-02 -7.619731426239013672e-01 2.232466340065002441e-01 -1.298075821250677109e-02 9.746751189231872559e-01 6.756351470947265625e+01
9.738861918449401855e-01 2.098733372986316681e-02 -2.260631173849105835e-01 -1.034481143951416016e+01 -1.750406622886657715e-02 9.996951222419738770e-01 1.740195788443088531e-02 -7.625130414962768555e-01 2.263593524694442749e-01 -1.299077831208705902e-02 9.739568233489990234e-01 6.933861541748046875e+01
9.736828804016113281e-01 2.134537138044834137e-02 -2.269055992364883423e-01 -1.076068878173828125e+01 -1.782007142901420593e-02 9.996865987777709961e-01 1.757400669157505035e-02 -7.604503035545349121e-01 2.272094935178756714e-01 -1.306861266493797302e-02 9.737582206726074219e-01 7.111408996582031250e+01
9.733506441116333008e-01 2.150173112750053406e-02 -2.283119410276412964e-01 -1.117406940460205078e+01 -1.806694641709327698e-02 9.996899366378784180e-01 1.712419092655181885e-02 -7.592237591743469238e-01 2.286092489957809448e-01 -1.254351623356342316e-02 9.734374284744262695e-01 7.286964416503906250e+01
9.724898934364318848e-01 2.204334735870361328e-02 -2.319001406431198120e-01 -1.161552429199218750e+01 -1.863078027963638306e-02 9.996834397315979004e-01 1.689604669809341431e-02 -7.611513137817382812e-01 2.321990877389907837e-01 -1.211132388561964035e-02 9.725928306579589844e-01 7.471986389160156250e+01
9.690116643905639648e-01 2.100456692278385162e-02 -2.461207360029220581e-01 -1.210501766204833984e+01 -1.757336035370826721e-02 9.997152090072631836e-01 1.612975262105464935e-02 -7.626951932907104492e-01 2.463893592357635498e-01 -1.130531728267669678e-02 9.691049456596374512e-01 7.666021728515625000e+01
9.679436087608337402e-01 2.024117857217788696e-02 -2.503511905670166016e-01 -1.262850379943847656e+01 -1.599128171801567078e-02 9.996913671493530273e-01 1.899871975183486938e-02 -7.640468478202819824e-01 2.506583929061889648e-01 -1.438681781291961670e-02 9.679686427116394043e-01 7.868312835693359375e+01
9.679023623466491699e-01 2.139874175190925598e-02 -2.504143118858337402e-01 -1.317255783081054688e+01 -1.671119593083858490e-02 9.996430277824401855e-01 2.083097398281097412e-02 -7.589042186737060547e-01 2.507706284523010254e-01 -1.597819104790687561e-02 9.679145812988281250e-01 8.077371978759765625e+01
9.677407145500183105e-01 2.219657786190509796e-02 -2.509690821170806885e-01 -1.371621036529541016e+01 -1.722586341202259064e-02 9.996095895767211914e-01 2.198610827326774597e-02 -7.496515512466430664e-01 2.513590455055236816e-01 -1.695426926016807556e-02 9.677453041076660156e-01 8.286891174316406250e+01
9.676707983016967773e-01 2.221393026411533356e-02 -2.512370347976684570e-01 -1.428054428100585938e+01 -1.753482781350612640e-02 9.996286630630493164e-01 2.084811590611934662e-02 -7.387452125549316406e-01 2.516067624092102051e-01 -1.576929166913032532e-02 9.677009582519531250e-01 8.505633544921875000e+01
9.674436450004577637e-01 2.267354913055896759e-02 -2.520692348480224609e-01 -1.481067085266113281e+01 -1.727807521820068359e-02 9.995719790458679199e-01 2.359817735850811005e-02 -7.250747084617614746e-01 2.524963021278381348e-01 -1.847521588206291199e-02 9.674212932586669922e-01 8.708089447021484375e+01
9.670935273170471191e-01 2.339334785938262939e-02 -2.533439397811889648e-01 -1.534774589538574219e+01 -1.747159659862518311e-02 9.995194077491760254e-01 2.559968829154968262e-02 -7.105917930603027344e-01 2.538209557533264160e-01 -2.033154852688312531e-02 9.670373201370239258e-01 8.913478851318359375e+01
9.672056436538696289e-01 2.340359240770339966e-02 -2.529150545597076416e-01 -1.590475177764892578e+01 -1.754222996532917023e-02 9.995231628417968750e-01 2.540642954409122467e-02 -6.908491849899291992e-01 2.533889412879943848e-01 -2.013711817562580109e-02 9.671548008918762207e-01 9.125792694091796875e+01
9.674582481384277344e-01 2.392758801579475403e-02 -2.518977224826812744e-01 -1.644926261901855469e+01 -1.740407012403011322e-02 9.994536042213439941e-01 2.809469588100910187e-02 -6.690186858177185059e-01 2.524322271347045898e-01 -2.279697172343730927e-02 9.673458933830261230e-01 9.333793640136718750e+01
9.680448770523071289e-01 2.568629756569862366e-02 -2.494587004184722900e-01 -1.701074409484863281e+01 -1.913449168205261230e-02 9.994060397148132324e-01 2.865477651357650757e-02 -6.393224000930786133e-01 2.500464916229248047e-01 -2.296642586588859558e-02 9.679613113403320312e-01 9.550899505615234375e+01
9.684589505195617676e-01 2.371319755911827087e-02 -2.480429708957672119e-01 -1.750753784179687500e+01 -1.721199043095111847e-02 9.994497895240783691e-01 2.834683656692504883e-02 -6.189432740211486816e-01 2.485786080360412598e-01 -2.318402938544750214e-02 9.683341383934020996e-01 9.742563629150390625e+01
9.683040976524353027e-01 2.597901038825511932e-02 -2.484202235937118530e-01 -1.804290771484375000e+01 -1.919414475560188293e-02 9.993745684623718262e-01 2.969637699425220490e-02 -5.911673307418823242e-01 2.490362226963043213e-01 -2.398750558495521545e-02 9.681969881057739258e-01 9.950437164306640625e+01
9.683921933174133301e-01 2.492702938616275787e-02 -2.481844127178192139e-01 -1.857028961181640625e+01 -1.811642944812774658e-02 9.993949532508850098e-01 2.968890592455863953e-02 -5.618916153907775879e-01 2.487741708755493164e-01 -2.425489388406276703e-02 9.682577252388000488e-01 1.015519256591796875e+02
9.673756361007690430e-01 2.607860416173934937e-02 -2.520009577274322510e-01 -1.904756736755371094e+01 -1.856761798262596130e-02 9.993109107017517090e-01 3.213856741786003113e-02 -5.360653400421142578e-01 2.526652812957763672e-01 -2.641161158680915833e-02 9.671931862831115723e-01 1.033937072753906250e+02
9.679070711135864258e-01 2.407013252377510071e-02 -2.501535117626190186e-01 -1.960864067077636719e+01 -1.721676066517829895e-02 9.994149804115295410e-01 2.954992465674877167e-02 -4.991744756698608398e-01 2.507182657718658447e-01 -2.429536357522010803e-02 9.677551984786987305e-01 1.055649566650390625e+02
9.671229124069213867e-01 2.483465895056724548e-02 -2.530945241451263428e-01 -2.015283012390136719e+01 -1.793455332517623901e-02 9.994028210639953613e-01 2.953482791781425476e-02 -4.715962409973144531e-01 2.536766827106475830e-01 -2.402528561651706696e-02 9.669906497001647949e-01 1.076528701782226562e+02
9.674258232116699219e-01 2.560448646545410156e-02 -2.518569827079772949e-01 -2.069197273254394531e+01 -1.833487488329410553e-02 9.993458986282348633e-01 3.116966411471366882e-02 -4.389872252941131592e-01 2.524901032447814941e-01 -2.553718723356723785e-02 9.672623872756958008e-01 1.097128219604492188e+02
9.666460156440734863e-01 2.612534537911415100e-02 -2.547807097434997559e-01 -2.114938545227050781e+01 -1.866822876036167145e-02 9.993247985839843750e-01 3.164420276880264282e-02 -4.137175977230072021e-01 2.554351389408111572e-01 -2.583306096494197845e-02 9.664810299873352051e-01 1.114392547607421875e+02
9.664148092269897461e-01 2.563096024096012115e-02 -2.557061612606048584e-01 -2.163908004760742188e+01 -1.801458559930324554e-02 9.993227124214172363e-01 3.208455815911293030e-02 -3.811114728450775146e-01 2.563551068305969238e-01 -2.640119008719921112e-02 9.662219882011413574e-01 1.132745285034179688e+02
9.660782814025878906e-01 2.569250948727130890e-02 -2.569686174392700195e-01 -2.219844818115234375e+01 -1.792625524103641510e-02 9.993102550506591797e-01 3.252071514725685120e-02 -3.451294600963592529e-01 2.576266527175903320e-01 -2.681170590221881866e-02 9.658724665641784668e-01 1.153710861206054688e+02
9.646620750427246094e-01 2.417593635618686676e-02 -2.623791694641113281e-01 -2.272573089599609375e+01 -1.576576754450798035e-02 9.992935657501220703e-01 3.411244601011276245e-02 -3.136141300201416016e-01 2.630182206630706787e-01 -2.877101488411426544e-02 9.643617868423461914e-01 1.173089065551757812e+02
9.600868821144104004e-01 2.467196434736251831e-02 -2.786120474338531494e-01 -2.320182037353515625e+01 -1.575753465294837952e-02 9.992910027503967285e-01 3.419106453657150269e-02 -2.812007069587707520e-01 2.792577743530273438e-01 -2.843679487705230713e-02 9.597950577735900879e-01 1.189498367309570312e+02
9.560089707374572754e-01 2.844367548823356628e-02 -2.919553816318511963e-01 -2.376242828369140625e+01 -1.913991570472717285e-02 9.992152452468872070e-01 3.467513993382453918e-02 -2.442215085029602051e-01 2.927122414112091064e-01 -2.756237983703613281e-02 9.558032751083374023e-01 1.207920227050781250e+02
9.510529041290283203e-01 2.937364391982555389e-02 -3.076289594173431396e-01 -2.433213806152343750e+01 -1.966271549463272095e-02 9.992070198059082031e-01 3.462038934230804443e-02 -2.093872129917144775e-01 3.084016442298889160e-01 -2.687763981521129608e-02 9.508764147758483887e-01 1.225802917480468750e+02
9.506363272666931152e-01 3.365509957075119019e-02 -3.084766566753387451e-01 -2.503431701660156250e+01 -2.362971007823944092e-02 9.990658164024353027e-01 3.617961704730987549e-02 -1.636546701192855835e-01 3.094058036804199219e-01 -2.710508368909358978e-02 9.505437016487121582e-01 1.247301635742187500e+02
9.508707523345947266e-01 3.558250889182090759e-02 -3.075365126132965088e-01 -2.572798728942871094e+01 -2.534282952547073364e-02 9.989853501319885254e-01 3.722752258181571960e-02 -1.191183775663375854e-01 3.085488080978393555e-01 -2.760535851120948792e-02 9.508078694343566895e-01 1.268690414428710938e+02
9.513120055198669434e-01 3.458057716488838196e-02 -3.062836229801177979e-01 -2.645456123352050781e+01 -2.418518811464309692e-02 9.989973902702331543e-01 3.767228871583938599e-02 -7.223393023014068604e-02 3.072789907455444336e-01 -2.843123301863670349e-02 9.511947035789489746e-01 1.291071166992187500e+02
9.519712924957275391e-01 3.357695788145065308e-02 -3.043407201766967773e-01 -2.716950607299804688e+01 -2.289856038987636566e-02 9.989926815032958984e-01 3.859000653028488159e-02 -2.565872669219970703e-02 3.053295910358428955e-01 -2.976828441023826599e-02 9.517813920974731445e-01 1.313231201171875000e+02
9.513210058212280273e-01 3.484549745917320251e-02 -3.062256574630737305e-01 -2.789237213134765625e+01 -2.333401702344417572e-02 9.988794922828674316e-01 4.117379710078239441e-02 2.501151338219642639e-02 3.073169589042663574e-01 -3.202470391988754272e-02 9.510682225227355957e-01 1.335773925781250000e+02
9.514920115470886230e-01 3.560303524136543274e-02 -3.056066036224365234e-01 -2.857999801635742188e+01 -2.438405901193618774e-02 9.988839030265808105e-01 4.045139998197555542e-02 7.675405591726303101e-02 3.067054152488708496e-01 -3.103793598711490631e-02 9.512982964515686035e-01 1.357242584228515625e+02
9.510924220085144043e-01 3.403830528259277344e-02 -3.070251941680908203e-01 -2.924441909790039062e+01 -2.313292399048805237e-02 9.989677667617797852e-01 3.909056261181831360e-02 1.297437250614166260e-01 3.080385923385620117e-01 -3.007703833281993866e-02 9.508983492851257324e-01 1.377910614013671875e+02
9.504424333572387695e-01 3.427820280194282532e-02 -3.090049326419830322e-01 -2.995337295532226562e+01 -2.326978370547294617e-02 9.989585876464843750e-01 3.924237564206123352e-02 1.900119483470916748e-01 3.100280463695526123e-01 -3.010783344507217407e-02 9.502505660057067871e-01 1.399661560058593750e+02
9.509745240211486816e-01 3.446456044912338257e-02 -3.073425889015197754e-01 -3.067769241333007812e+01 -2.306732535362243652e-02 9.989073872566223145e-01 4.064072296023368835e-02 2.428053617477416992e-01 3.084071576595306396e-01 -3.155941516160964966e-02 9.507308006286621094e-01 1.421969299316406250e+02
9.501995444297790527e-01 3.328787535429000854e-02 -3.098587989807128906e-01 -3.136216354370117188e+01 -2.136124670505523682e-02 9.988972544670104980e-01 4.180578514933586121e-02 3.004596531391143799e-01 3.109084367752075195e-01 -3.310555592179298401e-02 9.498630762100219727e-01 1.442823181152343750e+02
9.502006173133850098e-01 3.448259830474853516e-02 -3.097247183322906494e-01 -3.202678298950195312e+01 -2.220520377159118652e-02 9.988247156143188477e-01 4.307968914508819580e-02 3.566911518573760986e-01 3.108459413051605225e-01 -3.405753523111343384e-02 9.498499035835266113e-01 1.463337097167968750e+02
9.493298530578613281e-01 3.361586108803749084e-02 -3.124780654907226562e-01 -3.269776535034179688e+01 -2.142413891851902008e-02 9.988721013069152832e-01 4.236953333020210266e-02 4.167418479919433594e-01 3.135496675968170166e-01 -3.352877870202064514e-02 9.489796757698059082e-01 1.483748931884765625e+02
9.489580988883972168e-01 3.324897587299346924e-02 -3.136444985866546631e-01 -3.336469650268554688e+01 -2.070018276572227478e-02 9.988493323326110840e-01 4.325696453452110291e-02 4.764491319656372070e-01 3.147216141223907471e-01 -3.455722704529762268e-02 9.485547542572021484e-01 1.503848266601562500e+02
9.492079019546508789e-01 3.299076855182647705e-02 -3.129160404205322266e-01 -3.404991149902343750e+01 -2.050979807972908020e-02 9.988602399826049805e-01 4.309582337737083435e-02 5.316513180732727051e-01 3.139809072017669678e-01 -3.448991104960441589e-02 9.488029479980468750e-01 1.524537048339843750e+02
9.490019679069519043e-01 3.179327398538589478e-02 -3.136636614799499512e-01 -3.470082855224609375e+01 -1.914275065064430237e-02 9.988771677017211914e-01 4.333090782165527344e-02 5.862981677055358887e-01 3.146888613700866699e-01 -3.511760383844375610e-02 9.485453367233276367e-01 1.544033966064453125e+02
9.484745264053344727e-01 3.290751576423645020e-02 -3.151406645774841309e-01 -3.536951065063476562e+01 -1.953525096178054810e-02 9.987730979919433594e-01 4.549935832619667053e-02 6.442084908485412598e-01 3.162510395050048828e-01 -3.699949011206626892e-02 9.479540586471557617e-01 1.563954925537109375e+02
9.478467106819152832e-01 3.138292580842971802e-02 -3.171785473823547363e-01 -3.606457901000976562e+01 -1.696445606648921967e-02 9.986972212791442871e-01 4.811986535787582397e-02 7.103784680366516113e-01 3.182752430438995361e-01 -4.023035243153572083e-02 9.471446275711059570e-01 1.584628601074218750e+02
9.464350342750549316e-01 3.087443485856056213e-02 -3.214155733585357666e-01 -3.677158737182617188e+01 -1.581328175961971283e-02 9.986553192138671875e-01 4.936574399471282959e-02 7.800107598304748535e-01 3.225072920322418213e-01 -4.163970053195953369e-02 9.456509351730346680e-01 1.605529479980468750e+02
9.451830387115478516e-01 2.850990556180477142e-02 -3.252946138381958008e-01 -3.749147415161132812e+01 -1.239622570574283600e-02 9.985956549644470215e-01 5.150220170617103577e-02 8.498951792716979980e-01 3.263058960437774658e-01 -4.464746639132499695e-02 9.442095160484313965e-01 1.626512908935546875e+02
9.432185292243957520e-01 2.695603482425212860e-02 -3.310776948928833008e-01 -3.823512268066406250e+01 -1.107246242463588715e-02 9.986991286277770996e-01 4.976906627416610718e-02 9.326483011245727539e-01 3.319883644580841064e-01 -4.327813163399696350e-02 9.422904849052429199e-01 1.647817077636718750e+02
9.427185058593750000e-01 2.742086909711360931e-02 -3.324607908725738525e-01 -3.888619232177734375e+01 -1.208549924194812775e-02 9.987688064575195312e-01 4.810814186930656433e-02 9.987776279449462891e-01 3.333704173564910889e-01 -4.133535549044609070e-02 9.418897032737731934e-01 1.666146850585937500e+02
9.410149455070495605e-01 2.701030857861042023e-02 -3.372854888439178467e-01 -3.947288131713867188e+01 -1.170088909566402435e-02 9.988099932670593262e-01 4.734161123633384705e-02 1.055252552032470703e+00 3.381626605987548828e-01 -4.060349613428115845e-02 9.402117133140563965e-01 1.682470703125000000e+02
9.392700791358947754e-01 2.781382016837596893e-02 -3.420502245426177979e-01 -4.006361389160156250e+01 -1.210363861173391342e-02 9.987747669219970703e-01 4.797932878136634827e-02 1.109553813934326172e+00 3.429654538631439209e-01 -4.092637822031974792e-02 9.384563565254211426e-01 1.698603515625000000e+02
9.340301156044006348e-01 2.860716357827186584e-02 -3.560471236705780029e-01 -4.067114257812500000e+01 -1.198133267462253571e-02 9.987357854843139648e-01 4.881448298692703247e-02 1.161794424057006836e+00 3.569932878017425537e-01 -4.132916405797004700e-02 9.331925511360168457e-01 1.714620361328125000e+02
9.316201806068420410e-01 2.857126481831073761e-02 -3.623087108135223389e-01 -4.131608200073242188e+01 -1.125831156969070435e-02 9.986951947212219238e-01 4.980748519301414490e-02 1.219035148620605469e+00 3.632588684558868408e-01 -4.232356697320938110e-02 9.307267665863037109e-01 1.731199493408203125e+02
9.261360168457031250e-01 2.774438448250293732e-02 -3.761679828166961670e-01 -4.200335311889648438e+01 -9.500635787844657898e-03 9.986903667449951172e-01 5.026835203170776367e-02 1.284266948699951172e+00 3.770698606967926025e-01 -4.298238083720207214e-02 9.251872897148132324e-01 1.748244934082031250e+02
9.260968565940856934e-01 2.925329096615314484e-02 -3.761500716209411621e-01 -4.275793457031250000e+01 -1.120751444250345230e-02 9.986823797225952148e-01 5.007490515708923340e-02 1.353841423988342285e+00 3.771191239356994629e-01 -4.215938970446586609e-02 9.252051115036010742e-01 1.766736907958984375e+02
9.259611368179321289e-01 3.041392378509044647e-02 -3.763920068740844727e-01 -4.352791976928710938e+01 -1.216709241271018982e-02 9.986364841461181641e-01 5.076189339160919189e-02 1.424496531486511230e+00 3.774224817752838135e-01 -4.242482036352157593e-02 9.250692129135131836e-01 1.785678253173828125e+02
9.258301258087158203e-01 3.040337003767490387e-02 -3.767151832580566406e-01 -4.434375381469726562e+01 -1.233095023781061172e-02 9.986582994461059570e-01 5.029319971799850464e-02 1.504133939743041992e+00 3.777386546134948730e-01 -4.191857203841209412e-02 9.249634146690368652e-01 1.805763092041015625e+02
9.253582358360290527e-01 2.936905249953269958e-02 -3.779546916484832764e-01 -4.515764617919921875e+01 -1.064209081232547760e-02 9.986140131950378418e-01 5.154214054346084595e-02 1.572509169578552246e+00 3.789444267749786377e-01 -4.367358982563018799e-02 9.243888258934020996e-01 1.825642547607421875e+02
9.247884154319763184e-01 3.053811751306056976e-02 -3.792543709278106689e-01 -4.597594070434570312e+01 -1.161031331866979599e-02 9.985744953155517578e-01 5.209562182426452637e-02 1.651352405548095703e+00 3.803044855594635010e-01 -4.377501457929611206e-02 9.238253235816955566e-01 1.845619201660156250e+02
9.250327944755554199e-01 3.027329780161380768e-02 -3.786797225475311279e-01 -4.680340194702148438e+01 -1.141029037535190582e-02 9.985839724540710449e-01 5.195831507444381714e-02 1.728899121284484863e+00 3.797162771224975586e-01 -4.374329745769500732e-02 9.240689873695373535e-01 1.865710906982421875e+02
9.253436326980590820e-01 2.977087721228599548e-02 -3.779594302177429199e-01 -4.758333587646484375e+01 -1.053665019571781158e-02 9.985464215278625488e-01 5.285651981830596924e-02 1.803927302360534668e+00 3.789834678173065186e-01 -4.492900893092155457e-02 9.243128895759582520e-01 1.884610595703125000e+02
9.254936575889587402e-01 2.803422138094902039e-02 -3.777247667312622070e-01 -4.838912963867187500e+01 -8.327248506247997284e-03 9.985219240188598633e-01 5.370579659938812256e-02 1.884836673736572266e+00 3.786719143390655518e-01 -4.655995965003967285e-02 9.243598580360412598e-01 1.904358215332031250e+02
9.242244958877563477e-01 2.710932120680809021e-02 -3.808866143226623535e-01 -4.922119140625000000e+01 -6.824731361120939255e-03 9.984899163246154785e-01 5.450662970542907715e-02 1.972227334976196289e+00 3.817889392375946045e-01 -4.777790233492851257e-02 9.230145812034606934e-01 1.924535369873046875e+02
9.245567321777343750e-01 2.864483930170536041e-02 -3.799668848514556885e-01 -5.004917526245117188e+01 -8.181196637451648712e-03 9.984326958656311035e-01 5.536272749304771423e-02 2.058411598205566406e+00 3.809570074081420898e-01 -4.807836562395095825e-02 9.233426451683044434e-01 1.944642181396484375e+02
9.239200353622436523e-01 2.764970064163208008e-02 -3.815858662128448486e-01 -5.089448547363281250e+01 -8.044457994401454926e-03 9.985684752464294434e-01 5.287857726216316223e-02 2.151684999465942383e+00 3.825014829635620117e-01 -4.578689113259315491e-02 9.228204488754272461e-01 1.965073547363281250e+02
9.237738251686096191e-01 2.900127321481704712e-02 -3.818393349647521973e-01 -5.159641265869140625e+01 -9.160971269011497498e-03 9.985163211822509766e-01 5.367600917816162109e-02 2.217568874359130859e+00 3.828292787075042725e-01 -4.608743637800216675e-02 9.226695299148559570e-01 1.981968383789062500e+02
9.225351810455322266e-01 2.966891415417194366e-02 -3.847714364528656006e-01 -5.236099243164062500e+01 -9.197107516229152679e-03 9.984474182128906250e-01 5.493709444999694824e-02 2.291525363922119141e+00 3.858037292957305908e-01 -4.714358225464820862e-02 9.213762879371643066e-01 2.000433654785156250e+02
9.216822981834411621e-01 2.923392318189144135e-02 -3.868430554866790771e-01 -5.314607620239257812e+01 -8.140903897583484650e-03 9.983945488929748535e-01 5.605294555425643921e-02 2.369999408721923828e+00 3.878604471683502197e-01 -4.851471632719039917e-02 9.204410910606384277e-01 2.019041290283203125e+02
9.194352030754089355e-01 2.885534614324569702e-02 -3.921819627285003662e-01 -5.382205200195312500e+01 -7.376732770353555679e-03 9.983941912651062012e-01 5.616427585482597351e-02 2.438676357269287109e+00 3.931726217269897461e-01 -4.874734953045845032e-02 9.181721806526184082e-01 2.034777069091796875e+02
9.127387404441833496e-01 2.955358661711215973e-02 -4.074740111827850342e-01 -5.455801773071289062e+01 -6.987935397773981094e-03 9.983634352684020996e-01 5.675723776221275330e-02 2.513404369354248047e+00 4.084843397140502930e-01 -4.895807802677154541e-02 9.114520549774169922e-01 2.051271667480468750e+02
9.068097472190856934e-01 3.194756433367729187e-02 -4.203284382820129395e-01 -5.526770782470703125e+01 -7.782477419823408127e-03 9.982226490974426270e-01 5.908141285181045532e-02 2.581965208053588867e+00 4.214687049388885498e-01 -5.030535906553268433e-02 9.054472446441650391e-01 2.066588439941406250e+02
8.979315161705017090e-01 3.293471783399581909e-02 -4.389019012451171875e-01 -5.601976394653320312e+01 -6.943303160369396210e-03 9.981320500373840332e-01 6.069381907582283020e-02 2.653769731521606445e+00 4.400808513164520264e-01 -5.145242065191268921e-02 8.964834809303283691e-01 2.082069702148437500e+02
8.926488161087036133e-01 3.314891085028648376e-02 -4.495329260826110840e-01 -5.683087539672851562e+01 -5.841590464115142822e-03 9.980589151382446289e-01 6.199795380234718323e-02 2.732399702072143555e+00 4.507154226303100586e-01 -5.271736904978752136e-02 8.911103606224060059e-01 2.098191223144531250e+02
8.839016556739807129e-01 3.554700687527656555e-02 -4.663206338882446289e-01 -5.758717346191406250e+01 -6.665666587650775909e-03 9.979631900787353516e-01 6.343887746334075928e-02 2.806096792221069336e+00 4.676258265972137451e-01 -5.296635627746582031e-02 8.823388814926147461e-01 2.112498779296875000e+02
8.742942810058593750e-01 3.784871101379394531e-02 -4.839190244674682617e-01 -5.837154388427734375e+01 -7.569985464215278625e-03 9.978969693183898926e-01 6.437185406684875488e-02 2.886505365371704102e+00 4.853376746177673340e-01 -5.261765420436859131e-02 8.727427124977111816e-01 2.126701202392578125e+02
8.635576367378234863e-01 3.873928263783454895e-02 -5.027604699134826660e-01 -5.920363616943359375e+01 -6.565270014107227325e-03 9.978234767913818359e-01 6.560882925987243652e-02 2.969249725341796875e+00 5.042077898979187012e-01 -5.335721373558044434e-02 8.619329929351806641e-01 2.141064910888671875e+02
8.556728959083557129e-01 3.862232342362403870e-02 -5.160744190216064453e-01 -6.003417205810546875e+01 -4.820866510272026062e-03 9.977625012397766113e-01 6.667811423540115356e-02 3.047451257705688477e+00 5.174949765205383301e-01 -5.456770211458206177e-02 8.539451360702514648e-01 2.154858093261718750e+02
8.447456955909729004e-01 3.965088352560997009e-02 -5.336974859237670898e-01 -6.088334655761718750e+01 -4.583030473440885544e-03 9.977505207061767578e-01 6.687354296445846558e-02 3.131446599960327148e+00 5.351485610008239746e-01 -5.404616519808769226e-02 8.430278301239013672e-01 2.168294219970703125e+02
8.342583775520324707e-01 4.183168709278106689e-02 -5.497848987579345703e-01 -6.178318405151367188e+01 -5.439652130007743835e-03 9.976933598518371582e-01 6.765766441822052002e-02 3.214249372482299805e+00 5.513470768928527832e-01 -5.345431715250015259e-02 8.325622677803039551e-01 2.181854858398437500e+02
8.227022886276245117e-01 4.266263172030448914e-02 -5.668696761131286621e-01 -6.269445037841796875e+01 -5.886299535632133484e-03 9.977653622627258301e-01 6.654908508062362671e-02 3.298437356948852539e+00 5.684422850608825684e-01 -5.141429975628852844e-02 8.211156725883483887e-01 2.195075836181640625e+02
8.102209568023681641e-01 4.403188079595565796e-02 -5.844686627388000488e-01 -6.374635314941406250e+01 -5.083434749394655228e-03 9.976641535758972168e-01 6.811376661062240601e-02 3.387971878051757812e+00 5.861028432846069336e-01 -5.221706628799438477e-02 8.085529208183288574e-01 2.209762878417968750e+02
7.953912615776062012e-01 4.568423330783843994e-02 -6.043723225593566895e-01 -6.483359527587890625e+01 -6.055344827473163605e-03 9.977039694786071777e-01 6.744686514139175415e-02 3.478401184082031250e+00 6.060662269592285156e-01 -4.998793825507164001e-02 7.938424944877624512e-01 2.224109802246093750e+02
7.765622735023498535e-01 4.424103721976280212e-02 -6.284853816032409668e-01 -6.597131347656250000e+01 -3.329857485368847847e-03 9.978052973747253418e-01 6.612429022789001465e-02 3.574920654296875000e+00 6.300317645072937012e-01 -4.925783723592758179e-02 7.750061154365539551e-01 2.238201904296875000e+02
7.720111608505249023e-01 4.473248124122619629e-02 -6.340329647064208984e-01 -6.729055786132812500e+01 -3.057349473237991333e-03 9.977696537971496582e-01 6.667232513427734375e-02 3.676285266876220703e+00 6.356016397476196289e-01 -4.953429475426673889e-02 7.704269289970397949e-01 2.254302673339843750e+02
